14.35	4.048	14.612	0	0
13.757	2.571	13.472	0	0
12.725	3.124	13.064	0	0
12.174	3.176	12.56	0	0
12.83	5.001	13.044	0	0
12.394	1.792	12.112	0	0
14.316	3.09800000000001	13.314	0	0
14.371	5.354	13.768	0	0
13.151	1.24299999999999	12.91	0	0
14.387	2.47699999999999	13.892	0	0
14.393	4.384	13.444	0	0
14.68	4.172	13.497	0	0
13.093	3.065	13.105	0	0
13.928	2.441	13.191	0	0
15.3	3.68599999999999	14.352	0	0
15.549	6.708	13.886	0	0
14.527	3.87	13.806	0	0
14.758	4.393	13.528	0	0
14.72	4.34199999999998	13.9010000000001	0	0
13.726	4.11099999999999	13.4219999999999	0	0
13.105	3.10399999999998	12.347	0	0
13.9350000000001	4.697	13.277	0	0
13.3480000000001	2.995	11.949	0	0
13.1719999999999	3.65899999999999	12.976	0	0
12.295	1.21200000000002	12.24	0	0
13.583	3.03900000000002	13.394	0	0
14.577	4.93799999999999	13.239	0	0
14.2710000000001	5.053	12.942	0	0
14.853	4.364	13.514	0	0
13.522	2.459	12.6220000000001	0	0
13.9119999999999	4.71699999999998	13.346	0	0
13.25	2.59700000000004	13.163	0	0
13.206	3.19	12.7710000000001	0	0
13.327	3.37700000000001	12.1959999999999	0	0
13.768	3.91800000000001	13.172	0	0
13.8419999999999	2.35600000000005	13.229	0	0
13.1320000000001	3.01500000000004	12.8109999999999	0	0
13.7060000000001	4.70699999999999	13.048	0	0
13.671	4.68800000000005	12.568	0	0
12.828	3.84200000000004	12.25	0	0
14.318	3.88299999999998	14.0369999999998	0	0
13.4749999999999	2.36400000000003	12.9930000000002	0	0
14.7640000000001	4.53100000000001	13.9979999999998	0	0
14.5320000000002	5.63400000000001	13.0640000000001	0	0
12.838	3.846	12.2549999999999	0	0
13.038	2.92200000000003	12.066	0	0
13.085	2.88400000000001	12.0829999999999	0	0
14.1979999999999	3.44799999999998	13.4189999999999	0	0
14.056	4.00300000000004	12.655	0	0
13.0889999999999	3.81099999999998	12.229	0	0
13.222	2.52199999999999	12.6500000000001	0	0
13.1020000000001	2.43799999999999	12.5410000000002	0	0
14.405	5.28899999999999	13.0930000000001	0	0
12.432	1.96699999999998	11.6219999999998	0	0
14.154	4.26400000000001	12.8430000000001	0	0
12.519	2.64399999999995	11.9010000000001	0	0
13.0420000000001	3.96500000000003	11.98	0	0
12.9009999999998	2.46799999999996	12.356	0	0
14.1660000000002	5.89699999999999	13.2159999999999	0	0
14.327	4.90899999999999	13.0720000000001	0	0
13.433	2.58500000000004	12.8869999999999	0	0
12.7869999999998	3.64699999999999	12.713	0	0
13.5509999999999	2.75100000000009	12.6480000000001	0	0
13.8990000000001	1.70699999999999	13.3590000000002	0	0
12.7150000000001	3.06600000000003	12.579	0	0
11.432	1.41499999999996	11.365	0	0
12.9989999999998	2.64099999999996	13.2380000000001	0	0
12.9400000000001	2.11799999999994	12.711	0	0
12.7819999999999	3.92200000000003	12.2379999999998	0	0
12.336	3.93299999999999	12.5160000000001	0	0
12.4899999999998	3.64499999999998	12.116	0	0
13.2990000000004	3.71500000000003	12.4650000000001	0	0
12.7399999999998	3.04000000000008	12.9360000000001	0	0
12.8469999999998	4.01799999999992	12.759	0	0
13.5429999999997	3.64600000000007	12.8989999999999	0	0
14.0909999999999	4.58299999999997	13.098	0	0
13.1060000000002	4.32000000000005	12.0250000000001	0	0
13.3009999999999	3.74099999999999	12.3619999999996	0	0
13.645	3.26499999999999	12.2560000000003	0	0
14.163	3.84300000000007	12.971	0	0
14.1099999999997	4.71600000000001	12.8760000000002	0	0
14.6559999999999	5.59899999999993	13.8520000000003	0	0
13.471	1.84900000000005	12.6500000000001	0	0
14.3389999999999	4.69299999999998	13.1550000000002	0	0
14.6309999999999	4.32500000000005	13.643	0	0
13.5599999999999	3.63999999999999	12.5750000000003	0	0
14.712	4.96500000000003	13.098	0	0
14.444	4.99300000000005	13.5770000000002	0	0
13.1320000000001	2.45799999999997	12.7249999999999	0	0
15.252	5.16100000000006	14.152	0	0
14.5419999999999	3.17700000000002	13.4720000000002	0	0
13.73	4.24399999999991	12.8679999999999	0	0
13.3539999999998	2.18399999999997	12.5770000000002	0	0
14	3.47400000000005	12.8450000000003	0	0
13.8519999999999	1.70799999999997	13.1100000000001	0	0
13.8849999999998	3.65599999999995	12.578	0	0
15.009	4.96399999999994	14.018	0	0
13.9250000000002	2.2829999999999	13.0599999999999	0	0
13.5599999999999	4.29700000000003	13.2270000000003	0	0
12.944	3.92899999999997	12.6770000000001	0	0
13.5050000000001	4.678	12.7829999999999	0	0
13.9189999999999	4.00700000000006	13.5370000000003	0	0
14.0900000000001	5.95099999999991	13.5889999999999	0	0
12.893	4.21600000000001	12.2460000000001	0	0
14.0929999999998	3.76400000000001	13.1270000000004	0	0
12.3140000000003	3.07799999999997	11.694	0	0
12.7080000000001	3.59500000000003	12.7369999999996	0	0
13.3870000000002	3.83100000000002	12.8310000000001	0	0
14.0419999999999	4.00700000000006	13.2579999999998	0	0
13.5300000000002	3.83400000000006	13.319	0	0
12.3759999999997	1.20499999999993	12.4080000000004	0	0
12.8539999999998	3.20800000000008	12.3760000000002	0	0
12.547	2.37	12.366	0	0
13.4479999999999	5.16600000000005	12.8560000000002	0	0
13.2160000000003	3.07299999999998	12.7199999999998	0	0
14.0610000000001	2.62400000000002	13.0040000000004	0	0
14.0799999999999	3.98800000000006	13.5259999999998	0	0
13.777	3.51600000000008	13.0709999999999	0	0
13.2599999999998	2.01900000000001	12.9749999999999	0	0
13.5680000000002	3.654	13.1749999999997	0	0
14.0219999999999	3.60199999999998	13.2860000000001	0	0
14.2840000000001	4.18499999999995	13.442	0	0
13.5969999999998	4.47500000000002	12.6090000000004	0	0
12.0219999999999	1.80700000000002	11.3890000000001	0	0
14.2980000000002	5.08199999999999	13.4780000000001	0	0
13.8469999999998	4.92399999999998	12.5120000000002	0	0
13.6659999999997	2.47600000000011	12.768	0	0
13.7940000000003	5.19299999999998	12.8049999999998	0	0
12.7819999999997	3.24900000000002	12.4579999999996	0	0
11.8540000000003	1.06100000000015	11.578	0	0
14.386	6.10500000000002	13.3050000000003	0	0
13.5230000000001	5.44800000000009	12.665	0	0
13.3609999999999	3.11299999999983	12.7510000000002	0	0
14.3130000000001	3.02400000000011	13.3090000000002	0	0
13.6970000000001	6.99399999999991	12.5830000000001	0	0
14.4650000000001	4.34699999999998	13.8329999999996	0	0
13.8110000000001	3.13799999999992	12.8440000000001	0	0
13.355	2.27600000000007	12.6860000000001	0	0
14.9009999999998	5.70100000000002	13.5249999999996	0	0
14.5079999999998	2.97600000000011	13.4629999999997	0	0
14.9850000000006	4.97299999999996	13.9160000000002	0	0
13.3009999999995	2.6840000000002	12.9169999999999	0	0
14.4579999999996	4.01200000000017	13.116	0	0
14.5730000000003	4.221	14.0389999999998	0	0
13.5949999999993	2.7969999999998	12.6199999999999	0	0
14.5309999999999	2.9860000000001	13.7249999999999	0	0
14.5339999999997	2.02999999999997	13.8939999999998	0	0
14.8559999999998	4.22000000000003	13.5680000000002	0	0
14.7539999999999	3.07500000000005	13.6109999999999	0	0
13.4209999999994	4.99699999999984	12.5409999999993	0	0
13.8019999999997	2.33200000000011	12.7860000000001	0	0
14.3070000000007	3.31700000000001	13.1849999999995	0	0
13.9750000000004	4.37699999999995	12.8519999999999	0	0
14.0919999999996	3.40099999999984	13.2449999999999	0	0
13.0009999999993	2.702	13.4849999999997	0	0
13.2559999999994	4.28899999999999	13.018	0	0
13.6510000000007	1.92599999999993	12.8289999999997	0	0
13.7250000000004	2.04999999999995	13.2129999999997	0	0
13.125	2.452	12.2139999999999	0	0
13.5280000000002	3.83500000000004	13.348	0	0
13.527	2.21000000000004	12.6979999999994	0	0
13.1729999999998	1.98700000000008	12.9380000000001	0	0
12.8580000000002	3.84199999999987	12.1070000000009	0	0
13.527	4.1099999999999	12.6950000000006	0	0
13.9070000000002	4.63900000000012	12.5920000000006	0	0
13.3320000000003	4.98900000000003	12.5280000000002	0	0
13.6199999999999	3.33999999999992	12.4769999999999	0	0
13.8180000000002	2.27700000000004	12.799	0	0
14.2979999999998	4.44299999999998	12.96	0	0
13.3209999999999	5.45100000000002	12.6559999999999	0	0
14.6870000000008	4.95900000000006	13.6010000000006	0	0
14.5959999999995	3.11400000000003	13.4009999999998	0	0
13.0510000000004	3.5150000000001	12.9889999999996	0	0
12.8130000000001	1.99000000000001	12.2399999999998	0	0
13.9380000000001	2.77599999999984	13.1679999999997	0	0
14.25	4.04099999999994	12.9730000000009	0	0
14.0880000000006	4.51700000000005	13.3529999999992	0	0
14.3819999999996	3.03800000000001	13.1770000000006	0	0
13.5340000000006	4.15200000000004	12.5350000000008	0	0
14.0929999999998	3.46299999999997	12.8250000000007	0	0
15.2030000000004	6.03499999999985	13.7129999999997	0	0
14.3069999999998	3.84899999999993	13.4630000000006	0	0
14.5	5.89800000000014	13.1379999999999	0	0
13.317	3.93499999999995	12.6930000000002	0	0
13.9290000000001	2.46299999999997	13.0070000000005	0	0
12.5590000000002	3.54499999999985	11.9940000000006	0	0
12.2740000000003	1.68500000000017	12.0900000000001	0	0
14.3389999999999	2.87799999999993	13.058	0	0
14.1869999999999	2.8130000000001	13.8220000000001	0	0
13.1580000000004	2.62599999999998	12.152	0	0
12.8069999999998	2.5630000000001	12.3729999999996	0	0
13.1689999999999	2.56700000000001	12.1940000000004	0	0
13.9960000000001	4.72599999999989	12.8380000000006	0	0
13.8249999999998	4.02199999999993	13.0209999999997	0	0
14.2740000000003	3.61899999999991	13.2889999999998	0	0
13.8090000000002	4.62999999999988	13.1210000000001	0	0
13.2009999999991	3.41799999999989	12.6559999999999	0	0
14.1459999999997	5.46400000000017	13.2789999999995	0	0
14.6129999999994	4.9849999999999	14.0240000000003	0	0
14.8069999999998	7.09500000000003	12.8469999999998	0	0
15.4629999999997	5.84500000000003	13.6840000000002	0	0
13.7160000000003	3.58799999999997	12.21	0	0
12.7049999999999	3.45700000000011	11.9570000000003	0	0
13.4369999999999	2.92799999999988	12.3029999999999	0	0
13.8680000000004	4.15300000000002	12.652	0	0
12.7880000000005	2.98000000000002	12.1390000000001	0	0
13.8290000000006	2.84199999999987	12.665	0	0
13.0029999999997	4.17399999999998	12.6680000000006	0	0
13.3299999999999	2.68500000000017	12.384	0	0
14.7479999999996	5.69200000000001	13.7560000000003	0	0
14.9369999999999	5.24099999999999	13.9709999999995	0	0
13.951	4.95000000000005	13.3950000000004	0	0
13.9560000000001	2.83399999999983	13.1289999999999	0	0
14.5990000000002	7.57400000000007	13.4560000000001	0	0
13.8509999999997	2.06500000000005	12.8539999999994	0	0
13.6219999999994	1.83600000000001	12.9949999999999	0	0
13.6539999999995	2.38499999999999	12.7799999999997	0	0
13.5879999999997	4.05299999999988	12.3669999999993	0	0
14.5519999999997	5.14200000000005	12.8939999999993	0	0
13.348	2.77500000000009	12.8720000000003	0	0
12.9849999999997	2.98900000000003	13.0459999999994	0	0
14.1889999999994	4.01199999999994	13.0680000000002	0	0
14.9849999999997	6.53700000000003	13.2800000000007	0	0
13.2340000000004	3.35500000000002	12.2349999999997	0	0
13.8539999999994	3.59000000000015	13.9859999999999	0	0
13.3609999999999	4.31799999999998	12.7640000000001	0	0
13.2870000000003	3.38299999999981	12.8189999999995	0	0
12.6599999999999	2.33100000000013	11.8940000000002	0	0
12.8509999999997	1.96399999999994	13.2510000000002	0	0
13.9049999999997	3.41600000000017	13.424	0	0
12.8190000000004	2.81899999999996	12.665	0	0
14.6419999999998	5.07600000000002	13.5510000000004	0	0
13.29	5.91000000000008	12.9430000000002	0	0
13.5630000000001	3.38999999999987	13.3699999999999	0	0
13.2660000000005	3.68900000000008	13.1930000000002	0	0
13.5130000000008	3.9079999999999	13.2510000000002	0	0
14.2869999999994	3.03600000000006	14.3599999999997	0	0
13.5129999999999	1.32999999999993	13.4789999999994	0	0
13.6099999999997	2.06100000000015	13.21	0	0
14.6490000000003	4.1389999999999	13.7370000000001	0	0
14.1190000000006	5.17200000000003	13.3369999999995	0	0
14.9219999999996	5.6400000000001	13.71	0	0
13.2660000000005	1.99699999999984	12.4430000000002	0	0
13.5519999999997	3.06399999999985	12.8950000000004	0	0
13.1570000000002	4.10100000000011	12.8450000000003	0	0
13.8500000000004	1.92000000000007	13.0149999999994	0	0
14.3470000000007	4.59100000000012	13.4279999999999	0	0
13.6300000000001	2.89799999999991	13.4719999999998	0	0
14.9110000000001	6.80199999999991	13.4089999999997	0	0
15.2109999999993	4.91300000000001	13.8989999999994	0	0
13.8810000000003	3.0029999999997	13.0329999999994	0	0
14.2880000000005	5.2510000000002	13.6369999999997	0	0
13.6559999999999	3.68600000000015	13.46	0	0
14.5520000000006	4.42000000000007	13.6360000000004	0	0
13.1959999999999	5.33099999999968	12.7999999999993	0	0
13	3.76099999999997	12.393	0	0
13.3800000000001	2.48299999999972	13.2669999999998	0	0
13.0789999999997	2.51599999999962	12.2820000000002	0	0
13.2830000000004	2.73000000000002	13.1469999999999	0	0
13.5619999999999	4.32999999999993	12.768	0	0
13.4589999999998	3.14499999999998	12.5	0	0
14.2669999999998	4.13700000000017	13.1789999999992	0	0
14.4609999999993	2.95599999999968	13.4349999999995	0	0
14.1539999999995	3.07899999999972	13.0900000000001	0	0
13.2950000000001	2.89300000000003	12.5320000000002	0	0
14.7269999999999	4.61699999999973	13.3639999999996	0	0
15.9250000000002	4.65099999999984	14.5780000000004	0	0
15.2330000000002	5.85599999999977	14.143	0	0
11.8950000000004	1.34900000000016	11.4219999999996	0	0
13.5879999999997	2.08699999999999	12.8710000000001	0	0
13.2370000000001	3.72200000000021	13.0330000000004	0	0
12.71	4.7199999999998	11.8620000000001	0	0
13.5079999999998	2.61999999999989	12.7539999999999	0	0
13.4629999999997	2.80400000000009	12.3410000000003	0	0
13.0250000000005	2.12100000000009	12.2290000000003	0	0
13.5920000000006	2.18600000000015	12.585	0	0
13.2089999999998	2.61900000000014	12.0200000000004	0	0
14.0680000000002	2.8430000000003	13.732	0	0
13.4580000000005	2.98300000000017	13.4429999999993	0	0
13.9620000000014	4.6550000000002	12.6959999999999	0	0
13.1309999999994	2.51800000000003	12.317	0	0
14.3070000000007	3.13699999999972	13.7699999999995	0	0
13.9890000000014	2.7470000000003	13.0659999999998	0	0
13.648000000001	2.904	12.9549999999999	0	0
13.2669999999998	2.30600000000004	12.5390000000007	0	0
13.4350000000013	2.21599999999989	12.4899999999998	0	0
14.9539999999997	4.57000000000016	13.8310000000001	0	0
13.8450000000012	3.89499999999998	12.9099999999999	0	0
14.2299999999996	2.25199999999995	13.7510000000002	0	0
14.8780000000006	3.54899999999998	13.4749999999995	0	0
14.1489999999994	3.67099999999982	13.2159999999994	0	0
15.0570000000007	4.8090000000002	13.4219999999996	0	0
13.7729999999992	2.52700000000004	12.8969999999999	0	0
13.6920000000009	2.04599999999982	12.9139999999998	0	0
14.7879999999986	6.44000000000005	12.9590000000007	0	0
14.8580000000002	6.0300000000002	13.1439999999984	0	0
14.9470000000001	2.89199999999983	13.6790000000001	0	0
15.125	7.61599999999999	13.4360000000015	0	0
14.2530000000006	4.36599999999999	13.0600000000013	0	0
14.639000000001	5.49900000000025	13.3649999999998	0	0
14.0409999999993	3.72499999999991	13.0410000000011	0	0
14.1640000000007	3.67500000000018	13.8999999999996	0	0
14.8919999999998	4.26099999999997	14.7170000000006	0	0
14.7989999999991	5.75200000000041	13.1460000000006	0	0
15.3500000000004	5.10200000000032	13.9920000000002	0	0
14.6800000000003	4.64000000000033	13.3299999999999	0	0
13.8430000000008	2.42999999999984	12.8459999999995	0	0
14.1979999999985	4.24199999999973	13.4130000000005	0	0
14.2249999999985	4.35000000000036	12.8630000000012	0	0
14.2939999999999	2.69700000000012	13.3709999999992	0	0
14.8209999999999	5.13799999999992	13.7420000000002	0	0
14.0609999999997	4.59099999999989	13.143	0	0
14.0609999999997	2.3090000000002	13.2860000000001	0	0
14.4030000000002	5.97900000000027	12.8199999999997	0	0
14.1639999999989	4.60699999999997	12.7199999999993	0	0
14.3109999999997	6.10300000000007	13.0020000000004	0	0
13.4790000000012	3.46599999999989	12.402	0	0
14.2340000000004	4.46499999999969	13.3379999999997	0	0
14.1409999999996	2.12599999999975	13.259	0	0
13.4200000000001	3.48199999999997	12.1370000000006	0	0
13.2100000000009	2.13900000000012	12.2129999999997	0	0
13.8170000000009	3.1880000000001	12.7999999999993	0	0
13.982	6.59700000000021	12.9029999999984	0	0
13.6769999999997	4.45600000000013	13.2000000000007	0	0
12.8649999999998	2.55099999999993	12.1990000000005	0	0
12.8630000000012	3.10100000000011	12.8189999999995	0	0
13.2090000000007	3.72200000000021	12.8539999999994	0	0
12.7070000000003	3.92099999999982	12.3109999999997	0	0
12.4589999999989	3.0029999999997	11.9849999999988	0	0
14.0200000000004	3.79500000000007	12.6499999999996	0	0
13.4449999999997	2.14900000000034	12.6869999999999	0	0
13.4849999999988	3.94300000000021	13.0840000000007	0	0
13.2870000000003	3.48199999999997	12.8149999999987	0	0
13.8369999999995	1.68200000000024	13.2489999999998	0	0
13.5689999999995	4.70199999999977	12.7980000000007	0	0
12.866	3.48900000000003	12.5289999999986	0	0
14.1219999999994	3.84100000000035	13.7350000000006	0	0
12.7150000000001	2.62300000000005	12.0169999999998	0	0
12.7690000000002	2.76500000000033	12.3150000000005	0	0
14.5499999999993	5.27599999999984	13.2549999999992	0	0
12.6449999999986	3.47700000000032	11.7059999999983	0	0
13.348	3.02699999999959	12.7289999999994	0	0
14.0070000000014	4.4989999999998	12.7109999999993	0	0
13.9249999999993	4.10899999999992	13.2299999999996	0	0
13.4789999999994	1.68499999999995	12.7649999999994	0	0
13.2950000000001	3.55499999999984	12.7179999999989	0	0
12.7739999999994	3.67999999999984	12.5429999999997	0	0
13.3000000000011	2.83399999999983	12.598	0	0
13.0020000000004	2.22400000000016	11.9090000000015	0	0
13.1180000000004	3.36400000000003	12.2029999999995	0	0
13.2169999999987	3.2489999999998	12.6179999999986	0	0
13.7440000000006	4.21900000000005	12.5349999999999	0	0
13.6310000000012	3.13600000000042	12.5579999999991	0	0
14.7919999999995	5.45299999999997	13.389000000001	0	0
13.7510000000002	5.75800000000027	13.1419999999998	0	0
12.866	2.16100000000006	12.2520000000004	0	0
13.0950000000012	3.42399999999998	12.5460000000003	0	0
14.8350000000009	6.5930000000003	13.2450000000008	0	0
13.3870000000006	3.95000000000027	12.3629999999994	0	0
13.8359999999993	1.95299999999997	12.9610000000011	0	0
13.3179999999993	2.16800000000012	12.3949999999986	0	0
13.0659999999989	3.45000000000027	12.5249999999996	0	0
14.3220000000001	4.70400000000018	13.1929999999993	0	0
13.5529999999999	5.37400000000025	12.9930000000004	0	0
13.6579999999994	4.596	12.7639999999992	0	0
14.973	5.23700000000008	13.366	0	0
14.8070000000007	5.24400000000014	13.3809999999994	0	0
15.4089999999997	4.76800000000003	14.6569999999992	0	0
13.0419999999995	2.03600000000006	12.103000000001	0	0
14.3220000000001	4.86499999999978	13.1549999999988	0	0
14.1620000000003	5.99099999999999	12.8680000000004	0	0
13.4459999999999	5.19100000000026	12.280999999999	0	0
13.7569999999996	4.5659999999998	13.2519999999986	0	0
12.9080000000013	4.23300000000017	12.3500000000004	0	0
13.2650000000012	4.05600000000004	12.3199999999997	0	0
13.7950000000001	4.03300000000036	13.1499999999996	0	0
12.8819999999996	2.61799999999994	12.8649999999998	0	0
13.6890000000003	3.23599999999988	13.2340000000004	0	0
13.6569999999992	3.79300000000012	12.3600000000006	0	0
13.7860000000001	2.19499999999971	12.8029999999999	0	0
13.6560000000009	3.10899999999992	12.9050000000007	0	0
13.5190000000002	3.28400000000011	12.4359999999997	0	0
14.9030000000002	4.9380000000001	13.7029999999995	0	0
13.5	2.59900000000016	12.7429999999986	0	0
14.0789999999997	4.27800000000025	12.9470000000001	0	0
13.7200000000012	4.89399999999978	12.6400000000012	0	0
12.3909999999996	3.39799999999968	11.6790000000001	0	0
12.5730000000003	3.13700000000017	11.3729999999996	0	0
12.0969999999998	1.23399999999992	12.098	0	0
12.7119999999995	3.12199999999984	12.9150000000009	0	0
12.4359999999997	2.92200000000003	12.6730000000007	0	0
13.4979999999996	2.32199999999966	13.1980000000003	0	0
13.2289999999994	5.44800000000032	12.9310000000005	0	0
13.3899999999994	3.76499999999987	13.1719999999987	0	0
13.0959999999995	4.15000000000009	13.103000000001	0	0
12.5450000000001	3.72800000000007	12.5169999999998	0	0
12.8289999999997	3.27500000000009	12.6939999999995	0	0
13.1280000000006	4.02800000000025	12.6569999999992	0	0
12.7369999999992	3.2199999999998	12.7380000000012	0	0
12.4189999999999	2.96000000000004	12.0959999999995	0	0
13.8719999999994	4.22700000000032	13.8540000000012	0	0
13.3310000000001	4.10699999999997	12.8829999999998	0	0
12.2250000000004	1.8739999999998	12.348	0	0
13.7000000000007	1.63400000000001	13.0139999999992	0	0
14.3870000000006	4.5	13.3889999999992	0	0
14.4320000000007	5.02399999999989	12.982	0	0
13.9310000000005	4.01400000000012	12.8950000000004	0	0
14.1890000000003	4.58599999999979	13.3169999999991	0	0
14.1669999999995	4.06899999999996	12.8460000000014	0	0
13.875	3.66300000000001	12.8430000000008	0	0
13.1350000000002	2.57400000000007	12.2279999999992	0	0
13.6129999999994	3.94200000000001	12.4470000000001	0	0
13.6779999999999	4.9640000000004	12.6310000000012	0	0
13.0319999999992	2.9050000000002	12.0439999999999	0	0
13.3979999999992	3.51500000000033	12.5790000000015	0	0
12.527	2.16199999999981	11.7420000000002	0	0
13.0969999999998	4.1869999999999	12.2639999999992	0	0
14.7469999999994	5.52499999999964	13.3639999999996	0	0
14.3919999999998	3.61900000000014	13.3119999999999	0	0
12.8850000000002	2.33100000000013	12.2890000000007	0	0
13.6460000000006	2.55199999999968	12.9239999999991	0	0
13.3170000000009	3.58899999999994	12.4520000000011	0	0
13.2729999999992	2.58100000000013	12.6170000000002	0	0
14.4879999999994	3.63599999999997	13.8050000000003	0	0
12.9899999999998	3.5	12.1080000000002	0	0
13.366	2.41300000000001	12.1759999999995	0	0
14.4889999999996	5.11700000000019	13.0019999999986	0	0
14.1299999999992	5.47600000000011	12.6849999999995	0	0
14.7389999999996	4.52499999999964	13.973	0	0
12.8859999999986	3.79400000000032	12.3850000000002	0	0
14.0740000000005	6.06899999999996	13.3410000000003	0	0
14.1749999999993	4.56200000000035	13.3330000000005	0	0
14.130000000001	5.01099999999997	12.8979999999992	0	0
13.4940000000006	2.84799999999996	12.5659999999989	0	0
13.862000000001	5.33800000000019	13.0289999999986	0	0
12.8820000000014	2.61200000000008	12.232	0	0
12.5239999999994	1.47300000000041	12.1449999999986	0	0
13.2420000000002	2.49800000000005	12.2980000000007	0	0
13.1450000000004	2.6840000000002	12.3050000000003	0	0
14.8979999999992	5.59700000000021	13.5360000000001	0	0
13.4629999999997	2.69700000000012	12.4510000000009	0	0
15.009	3.88699999999972	13.9380000000001	0	0
14.8899999999994	3.94000000000005	14.0779999999995	0	0
13.119999999999	1.96000000000004	12.4259999999995	0	0
13.4259999999995	4.75300000000016	12.6890000000003	0	0
14.0540000000001	4.02399999999989	13.5280000000002	0	0
14.5529999999999	4.19700000000012	14.2049999999999	0	0
13.6540000000005	3.09400000000005	13.259	0	0
14.1919999999991	5.04999999999973	12.744999999999	0	0
13.518	3.82099999999991	12.9029999999984	0	0
13.4740000000002	3.58899999999994	13.0789999999997	0	0
15.1370000000006	6.22299999999996	13.7810000000009	0	0
13.7649999999994	2.82000000000016	13.0580000000009	0	0
15.509	7.82400000000007	13.4139999999989	0	0
13.237000000001	3.13599999999997	12.9759999999987	0	0
13.4099999999999	4.24399999999969	12.5239999999994	0	0
12.9250000000011	3.1909999999998	11.7479999999996	0	0
13.1449999999986	2.48999999999978	12.8340000000007	0	0
12.8230000000003	3.60199999999986	12.7469999999994	0	0
13.4630000000016	3.60500000000002	13.0679999999993	0	0
12.598	3.43700000000035	12.3289999999997	0	0
13.4449999999997	2.86900000000014	13.1180000000004	0	0
14.5249999999996	4.08399999999983	13.137999999999	0	0
13.6669999999995	2.33299999999963	13.1240000000016	0	0
12.7990000000009	3.66400000000021	12.4560000000001	0	0
12.7709999999988	4.02300000000014	12.5879999999997	0	0
12.4629999999997	3.33600000000024	13.2619999999988	0	0
13.7619999999988	2.96299999999974	12.6200000000008	0	0
14.7300000000014	4.81100000000015	13.9689999999991	0	0
13.5969999999998	3.66100000000006	12.6000000000004	0	0
13.8210000000017	3.48599999999988	12.6399999999994	0	0
15.0499999999993	5.78200000000015	13.5080000000016	0	0
13.8289999999997	3.06399999999985	13.116	0	0
12.0910000000003	2.29100000000017	11.7729999999992	0	0
11.9979999999996	3.48299999999972	11.5380000000005	0	0
12.0319999999992	1.82099999999991	12.3330000000005	0	0
13.0820000000003	4.29599999999982	13.0200000000004	0	0
13.2139999999999	2.87899999999991	13.4279999999999	0	0
12.9650000000001	2.81600000000026	12.5420000000013	0	0
12.9850000000006	3.29099999999971	12.6489999999994	0	0
12.5479999999989	3.01899999999978	12.3410000000003	0	0
12.4629999999997	3.83799999999974	12.3680000000004	0	0
13.5439999999999	2.52500000000009	12.759	0	0
12.9750000000004	3.50800000000027	12.9150000000009	0	0
13.3230000000003	2.92100000000028	12.723	0	0
12.1990000000005	2.57299999999987	11.7880000000005	0	0
12.7690000000002	3.22800000000007	12.610999999999	0	0
13.6269999999986	2.05400000000009	12.7869999999984	0	0
14.7400000000016	5.63400000000001	13.1990000000005	0	0
13.6639999999989	2.81800000000021	13.0300000000007	0	0
14.1700000000001	3.06400000000031	14.0070000000014	0	0
13.607	3.30299999999988	12.4210000000003	0	0
13.0810000000001	3.01600000000008	13.4249999999993	0	0
13.2600000000002	3.64300000000003	13.1780000000017	0	0
14.5869999999995	4.47299999999996	13.8639999999996	0	0
13.353000000001	3.12099999999964	13.2900000000009	0	0
13.353000000001	2.72499999999991	13.4070000000011	0	0
14.3580000000002	4.91300000000001	13.2559999999994	0	0
14.8299999999999	5.51099999999997	13.130000000001	0	0
14.5920000000006	5.78900000000021	13.4619999999995	0	0
12.9300000000003	2.79500000000007	12.1929999999993	0	0
13.7579999999998	2.88599999999997	13.0889999999999	0	0
13.5690000000013	5.10000000000036	12.616	0	0
14.8880000000008	5.69299999999976	13.5529999999999	0	0
12.9210000000003	3.54100000000017	12.7030000000013	0	0
12.9529999999995	2.79199999999946	12.2999999999993	0	0
14.0100000000002	3.56999999999971	13.9979999999996	0	0
13.9889999999996	2.66700000000037	12.8379999999997	0	0
14.0990000000002	3.46299999999974	12.884	0	0
13.6839999999993	4.97900000000027	13.0249999999996	0	0
13.4089999999997	3.31200000000081	13.110999999999	0	0
13.2969999999987	2.05400000000009	12.4580000000005	0	0
12.8119999999999	3.40800000000036	12.3629999999994	0	0
12.8770000000004	2.73900000000049	12.3220000000001	0	0
12.9940000000006	3.46000000000004	12.4950000000008	0	0
13.741	3.13599999999951	12.9120000000003	0	0
14.0799999999999	3.97000000000025	13.2240000000002	0	0
13.4350000000013	3.83599999999933	12.380000000001	0	0
14.6539999999986	5.79500000000007	13.0519999999997	0	0
14.2039999999997	2.76800000000003	13.2639999999992	0	0
14.3820000000014	4.25399999999991	13.612000000001	0	0
14.0520000000015	5.14699999999993	12.6450000000004	0	0
13.2960000000003	5.46399999999994	12.7049999999999	0	0
14.1859999999997	4.74399999999969	13.4159999999993	0	0
13.1920000000009	3.32499999999982	13.2970000000005	0	0
12.8389999999999	2.21900000000005	12.9269999999997	0	0
13.4809999999998	2.88000000000011	13.2299999999996	0	0
13.7860000000001	4.35999999999967	12.8210000000017	0	0
14.5720000000001	3.53499999999985	14.0830000000005	0	0
14.1640000000007	5.0010000000002	13.2029999999995	0	0
14.0609999999997	4.15999999999985	13.7890000000007	0	0
14.0779999999995	5.72800000000007	12.7600000000002	0	0
13.2189999999991	4.82600000000002	12.9579999999987	0	0
13.3739999999998	3.48899999999958	13.1489999999994	0	0
12.7000000000007	3.43099999999959	12.6880000000001	0	0
12.7540000000008	2.09500000000025	12.7089999999989	0	0
13.0660000000007	2.83500000000004	12.2439999999988	0	0
14.2109999999993	5.22599999999966	13.4080000000013	0	0
13.0360000000001	3.00900000000001	13.1280000000006	0	0
13.3729999999996	2.72499999999945	13.2520000000004	0	0
14.357	4.67599999999948	13.5869999999995	0	0
13.9369999999999	2.42900000000009	13.4349999999995	0	0
12.6869999999999	2.32300000000032	12.5320000000011	0	0
13.6859999999997	2.70899999999983	13.0190000000002	0	0
14.1039999999994	4.66200000000026	12.9839999999986	0	0
14.0519999999997	4.15200000000004	13.0220000000008	0	0
14.8630000000012	4.32099999999991	13.6479999999992	0	0
14.2839999999997	5.41700000000037	12.8889999999992	0	0
13.9310000000005	3.77899999999954	13.1010000000006	0	0
12.375	2.3779999999997	12.2820000000011	0	0
14.8859999999986	3.78900000000067	13.9200000000001	0	0
14.121000000001	2.38199999999961	13.1919999999991	0	0
13.619999999999	2.34700000000066	12.6739999999991	0	0
14.0069999999996	3.99599999999919	12.9229999999989	0	0
14.8289999999997	5.02800000000025	14	0	0
14.232	4.98999999999978	13.0490000000009	0	0
14.3109999999979	4.59000000000015	13.6509999999998	0	0
12.0490000000027	1.38799999999992	11.8430000000008	0	0
13.4029999999984	2.57999999999993	12.5209999999988	0	0
13.2160000000003	2.32399999999961	13.0509999999995	0	0
13.2960000000021	2.91900000000078	12.4310000000005	0	0
15.2970000000023	5.16699999999946	14.1149999999998	0	0
13.3099999999977	3.21700000000055	12.7579999999998	0	0
12.8830000000016	3.40700000000015	12.4349999999995	0	0
13.8179999999993	3.79500000000007	13.116	0	0
13.6980000000003	3.97700000000077	13.2289999999994	0	0
13.9350000000013	3.5590000000002	13.1900000000005	0	0
13.9390000000021	4.65200000000004	12.9210000000003	0	0
13.3859999999986	3.71700000000055	13.2009999999991	0	0
12.9830000000002	3.16200000000026	12.1189999999988	0	0
13.6570000000029	2.57799999999952	12.4860000000008	0	0
14.0619999999981	2.5	12.8780000000006	0	0
14.8869999999988	6.29399999999987	13.1720000000005	0	0
13.2389999999978	3.23599999999988	12.6359999999986	0	0
14.7119999999995	4.98300000000017	13.1820000000007	0	0
13.6209999999992	3.94500000000062	13.1610000000001	0	0
13.023000000001	3.84400000000005	12.4529999999995	0	0
12.3459999999977	2.30799999999999	11.5339999999997	0	0
12.8259999999973	3.70200000000023	12.6839999999993	0	0
13.1159999999982	4.67399999999998	12.603000000001	0	0
13.9860000000008	5.02700000000004	13.2160000000003	0	0
13.6029999999992	4.4989999999998	12.8329999999987	0	0
13.3549999999996	4.57700000000023	12.4560000000001	0	0
14.107	4.46299999999974	13.5240000000013	0	0
13.3220000000001	2.75	13.4680000000008	0	0
13.5809999999983	3.00600000000031	12.8019999999997	0	0
13.768	4.74499999999989	12.3099999999995	0	0
12.7839999999997	2.54600000000028	12.6450000000004	0	0
14.9209999999985	6.28499999999985	13.3590000000004	0	0
13.7540000000008	4.71499999999924	13.130000000001	0	0
13.2750000000015	3.81899999999951	13.1090000000004	0	0
13.4010000000017	4.12700000000041	12.3090000000011	0	0
13.5600000000013	4.43900000000031	12.4679999999971	0	0
13.6699999999983	3.6279999999997	13.3580000000002	0	0
14.4759999999987	4.15400000000045	13.4130000000005	0	0
14.4660000000003	5.2480000000005	13.1100000000006	0	0
12.8459999999977	5.09200000000055	11.8549999999996	0	0
12.6790000000001	4.55400000000009	12.5720000000001	0	0
13.2779999999984	4.35800000000017	12.5099999999984	0	0
14.5	3.03099999999995	13.094000000001	0	0
13.7250000000022	2.02899999999954	13.150999999998	0	0
13.7890000000007	4.47400000000016	12.9279999999999	0	0
13.7870000000003	2.56700000000001	13.3780000000006	0	0
12.8430000000008	3.60599999999977	12.2479999999996	0	0
13.4389999999985	4.00300000000061	12.5779999999977	0	0
13.2469999999994	1.89900000000034	12.7479999999996	0	0
13.9660000000003	3.38500000000022	12.9609999999993	0	0
12.7749999999978	2.19700000000012	12.0760000000009	0	0
13.3189999999995	2.01699999999983	12.7510000000002	0	0
14.2230000000018	4.09000000000015	13.0459999999985	0	0
13.7059999999983	3.54500000000007	12.9340000000011	0	0
12.9399999999987	3.20899999999983	12.2770000000019	0	0
13.3299999999981	2.5029999999997	12.398000000001	0	0
12.7360000000008	2.19599999999991	11.9480000000003	0	0
14.375	4.09600000000046	13.1239999999998	0	0
13.3809999999976	2.52900000000045	12.8549999999996	0	0
14.3309999999983	5.31099999999969	13.2459999999992	0	0
14.3089999999975	4.47800000000007	13.1260000000002	0	0
14.2720000000008	3.70100000000002	13.4200000000019	0	0
13.6209999999992	5.65400000000045	13.3130000000019	0	0
13.5999999999985	4.48899999999958	12.9130000000005	0	0
13.3609999999971	4.16499999999996	12.6680000000015	0	0
13.8500000000022	3.61099999999988	12.6790000000001	0	0
13.487000000001	3.89199999999983	12.336000000003	0	0
15.0300000000025	4.53200000000015	13.6029999999992	0	0
14.6110000000008	5.84000000000015	13.6239999999998	0	0
13.3769999999968	2.14399999999932	12.4400000000023	0	0
14.4189999999981	4.01500000000033	13.3340000000026	0	0
14.1970000000001	5.07600000000002	13.4579999999987	0	0
14.2839999999997	2.58500000000004	13.1440000000002	0	0
12.9210000000021	2.45300000000043	12.0469999999987	0	0
14.2929999999978	2.61499999999978	13.2439999999988	0	0
14.7700000000004	6.36599999999999	12.9390000000021	0	0
13.1810000000005	3.3149999999996	13.0979999999981	0	0
13.6719999999987	3.03600000000006	12.8509999999987	0	0
14.5120000000024	5.26399999999921	13.5069999999978	0	0
14.1440000000002	4.52199999999993	13.1929999999993	0	0
13.8940000000002	2.49499999999989	12.8790000000008	0	0
14.038999999997	4.66299999999956	12.7569999999978	0	0
12.7040000000015	1.4389999999994	12.5119999999988	0	0
14.1280000000006	4.96299999999974	13.1959999999999	0	0
15.3680000000022	4.43599999999969	14.8609999999971	0	0
13.4759999999987	4.44000000000051	13.0429999999978	0	0
14.7059999999983	5.28600000000006	13.4549999999981	0	0
13.5610000000015	2.01900000000023	12.9850000000006	0	0
14.5739999999969	4.35800000000017	13.5319999999992	0	0
14.7400000000016	2.96500000000015	13.8389999999999	0	0
14.8329999999987	4.84299999999985	13.3889999999992	0	0
14.6219999999994	5.69000000000051	13.2390000000014	0	0
14.5619999999981	5.72100000000046	13.155999999999	0	0
15.1709999999985	5.60600000000068	13.8549999999996	0	0
15.0030000000006	6.35100000000057	13.4089999999997	0	0
13.6729999999989	2.25900000000001	13.1510000000017	0	0
14.0200000000004	4	13.0849999999991	0	0
15.1540000000023	6.22400000000016	13.0849999999991	0	0
13.8199999999997	2.41600000000017	13.0570000000007	0	0
15.0989999999983	4.3100000000004	13.7099999999991	0	0
13.768	3.21200000000044	12.5599999999977	0	0
13.9550000000017	2.77199999999993	13.2639999999992	0	0
14.4540000000015	4.1880000000001	13.4699999999975	0	0
12.7870000000003	3.0019999999995	12.4290000000001	0	0
13.9300000000003	4.83500000000004	12.6690000000017	0	0
15.1189999999988	5.94200000000001	13.5620000000017	0	0
14.2940000000017	4.23899999999958	12.7949999999983	0	0
13.357	3.35600000000068	12.7170000000006	0	0
13.4300000000003	3.00699999999961	12.7230000000018	0	0
13.9789999999994	3.58899999999994	12.9500000000007	0	0
14.0080000000016	5.00500000000011	12.6490000000013	0	0
13.601999999999	4.3779999999997	12.9079999999994	0	0
13.4439999999995	2.01500000000033	12.5430000000015	0	0
13.9739999999983	5.18900000000031	12.6319999999978	0	0
13.4500000000007	4.7559999999994	12.6399999999994	0	0
14.1970000000001	4.0029999999997	13.5550000000003	0	0
14.5889999999999	5.33399999999983	13.3019999999997	0	0
13.8439999999973	2.65299999999934	12.893	0	0
14.0159999999996	4.40400000000045	12.7189999999973	0	0
13.2129999999997	2.46399999999994	12.2619999999988	0	0
13.8139999999985	4.19399999999951	12.7530000000006	0	0
13.788999999997	4.27399999999943	13.0740000000005	0	0
13.5299999999988	3.89799999999923	13.0669999999991	0	0
13.6959999999999	2.39100000000053	12.8780000000006	0	0
13.9470000000001	3.84000000000015	13.2539999999972	0	0
13.4579999999987	2.66299999999956	12.4499999999971	0	0
13.9129999999968	4.57399999999961	12.8869999999988	0	0
14.1640000000007	4.57600000000002	12.9849999999969	0	0
14.4959999999992	4.08700000000044	14.0570000000007	0	0
13.893	5.16299999999956	13.2460000000028	0	0
13.0200000000004	3.18599999999969	12.5830000000024	0	0
13.4300000000003	5.04700000000048	12.7619999999988	0	0
14.0879999999997	3.14099999999962	13.4310000000005	0	0
13.8690000000024	3.12900000000081	12.6330000000016	0	0
15.0770000000011	4.75600000000031	14.0799999999981	0	0
13.3509999999987	3.00399999999991	12.8760000000002	0	0
13.6739999999991	5.39400000000023	12.5239999999976	0	0
14.2900000000009	4.68299999999999	12.3349999999991	0	0
13.8989999999976	5.8730000000005	12.9120000000003	0	0
13.3220000000001	2.71600000000035	12.2950000000019	0	0
12.4260000000031	2.10999999999967	11.6790000000001	0	0
14.1949999999997	4.89599999999973	13.4040000000023	0	0
13.8469999999979	3.77699999999913	13.2080000000024	0	0
13.242000000002	2.86300000000028	12.2950000000019	0	0
13.4950000000026	2.76900000000023	12.8940000000002	0	0
15.2700000000004	5.21500000000015	13.9989999999998	0	0
14.5429999999978	3.70200000000023	13.4860000000008	0	0
13.4530000000013	2.57600000000002	12.6190000000024	0	0
13.1690000000017	2.92099999999937	12.869999999999	0	0
14.2360000000008	2.05299999999988	13.4570000000022	0	0
13.9039999999986	4.42200000000048	13.4199999999983	0	0
13.5360000000001	1.92100000000028	12.6460000000006	0	0
13.732	4.09899999999925	13.1959999999999	0	0
15.0030000000006	4.95100000000002	13.732	0	0
12.8230000000003	3.11700000000019	11.9639999999999	0	0
13.9889999999978	4.18000000000029	13.1510000000017	0	0
13.2289999999994	2.61800000000039	12.9629999999997	0	0
13.6940000000031	2.92399999999998	12.5639999999985	0	0
13.1840000000011	4.43299999999999	12.4679999999971	0	0
14.6970000000001	5.28999999999996	13.3810000000012	0	0
14.0930000000008	6.31999999999971	12.4539999999979	0	0
13.6499999999978	2.51900000000023	12.5610000000015	0	0
14.5930000000008	4.3700000000008	13.7970000000023	0	0
15.0859999999993	6.08100000000013	13.6399999999994	0	0
13.8949999999968	5.42799999999988	12.5760000000009	0	0
13.4759999999987	2.25900000000001	12.8050000000003	0	0
15.1750000000029	6.06899999999951	13.4259999999995	0	0
14.6620000000003	5.02599999999984	13.5819999999985	0	0
14.3610000000008	4.07000000000062	13.5879999999997	0	0
13.6090000000004	4.95300000000043	12.4209999999985	0	0
13.6510000000017	4.90999999999985	12.9900000000016	0	0
12.9629999999997	3.84799999999996	12.2879999999968	0	0
14.5269999999982	3.48399999999947	13.4840000000004	0	0
13.9580000000024	4.08200000000033	12.5810000000019	0	0
13.8279999999977	4.4369999999999	13.2309999999998	0	0
13.226999999999	4.50799999999981	12.400999999998	0	0
14.3969999999972	5.78400000000056	13.0149999999994	0	0
15.8060000000005	8.3110000000006	14.0250000000015	0	0
13.9020000000019	4.08399999999983	12.7109999999993	0	0
14.5010000000002	6.20199999999932	13.114999999998	0	0
14.2210000000014	3.17200000000048	13.1450000000004	0	0
13.1709999999985	3.9970000000003	12.6029999999992	0	0
14.875	5.10500000000047	14.0720000000001	0	0
13.007999999998	3.48199999999997	12.7200000000012	0	0
12.8090000000011	2.1889999999994	12.594000000001	0	0
14.4040000000023	2.77499999999964	13.4510000000009	0	0
14.1939999999995	6.02799999999934	13.107	0	0
14.0529999999999	2.74900000000071	13.1679999999978	0	0
14.4660000000003	3.99799999999959	13.6450000000004	0	0
13.5119999999988	2.82799999999952	12.7649999999994	0	0
14.2890000000007	4.32899999999972	12.9749999999985	0	0
14.2219999999979	4.20600000000013	13.0590000000011	0	0
13.7690000000002	5.29799999999977	12.6169999999984	0	0
13.8719999999994	3.01000000000022	13.2970000000023	0	0
12.5819999999985	1.61999999999989	12.4720000000016	0	0
13.3389999999999	3.20899999999983	12.7770000000019	0	0
14.1769999999997	2.80399999999918	13.2180000000008	0	0
13.5299999999988	4.44700000000012	12.9589999999989	0	0
12.8240000000005	2.40700000000015	11.6360000000022	0	0
14.4399999999987	4.52300000000014	13.6450000000004	0	0
12.7220000000016	2.51800000000003	11.8110000000015	0	0
14.2870000000003	5.39800000000014	13.1380000000026	0	0
13.4259999999995	4.82900000000063	12.7760000000017	0	0
13.9339999999975	2.70800000000054	12.6769999999997	0	0
14.7799999999988	5.53599999999915	13.4020000000019	0	0
16.0529999999999	5.43900000000031	14.6670000000013	0	0
13.8199999999997	5.80599999999959	13.2650000000031	0	0
15.0060000000012	5.48599999999988	13.6749999999993	0	0
13.4940000000024	3.48899999999958	12.9710000000014	0	0
13.4939999999988	4.51199999999972	12.632999999998	0	0
14.1359999999986	5.69999999999982	13.122000000003	0	0
14.6049999999996	5.13900000000012	13.3789999999972	0	0
13.3830000000016	3.51700000000073	12.2510000000002	0	0
14.3209999999999	5.38100000000031	12.8549999999996	0	0
13.5199999999968	3.81800000000021	12.3859999999986	0	0
13.393	2.4340000000002	12.4089999999997	0	0
13.4480000000003	2.28699999999935	12.7000000000007	0	0
14.1260000000002	5.03999999999996	12.9919999999984	0	0
14.2100000000028	3.14199999999983	13.3709999999992	0	0
13.6219999999994	3.70200000000023	12.7229999999981	0	0
13.9069999999992	3.31700000000001	12.8240000000005	0	0
13.2089999999989	3.01199999999972	12.5609999999979	0	0
13.5360000000001	3.52300000000014	12.237000000001	0	0
13.369999999999	2.11599999999999	12.4809999999998	0	0
14.2810000000027	6.26600000000053	12.4110000000001	0	0
13.7590000000018	2.52499999999964	12.8159999999989	0	0
14.2060000000019	2.34299999999985	13.2350000000006	0	0
13.5030000000006	3.51299999999992	13.2710000000006	0	0
13.7980000000025	2.18100000000049	13.1189999999988	0	0
14.4369999999981	4.70200000000023	13.1310000000012	0	0
12.8499999999985	2.61499999999978	11.8069999999971	0	0
13.5760000000009	4.08300000000054	12.8889999999992	0	0
13.7219999999979	3.4340000000002	13.0639999999985	0	0
13.8660000000018	2.94800000000032	12.8289999999979	0	0
14.2430000000022	4.86299999999937	13.2930000000015	0	0
14.5279999999984	5.78200000000015	12.844000000001	0	0
13.260000000002	2.82699999999932	12.3580000000002	0	0
13.9510000000009	4.86099999999988	12.9099999999999	0	0
13.6690000000017	2.94900000000052	12.7619999999988	0	0
13.2750000000015	4.99099999999999	12.6549999999988	0	0
13.7030000000013	3.0619999999999	13.3019999999997	0	0
13.9499999999971	4.1239999999998	12.8009999999995	0	0
13.5830000000024	2.99099999999999	12.8729999999996	0	0
13.2489999999998	3.49299999999948	12.119999999999	0	0
13.5400000000009	3.82200000000012	12.5790000000015	0	0
12.9400000000023	2.97000000000025	12.4900000000016	0	0
13.1150000000016	2.55099999999948	12.4429999999993	0	0
14.2070000000022	5.44599999999991	12.7010000000009	0	0
14.0439999999981	3.33399999999983	13.1690000000017	0	0
13.5810000000019	2.47600000000057	12.4120000000003	0	0
13.6800000000003	5.24299999999948	12.2920000000013	0	0
13.6009999999987	3.42300000000068	12.6419999999998	0	0
13.1909999999989	1.72399999999925	12.5640000000021	0	0
13.4069999999992	4.45799999999963	12.7469999999994	0	0
13.0659999999989	4.52599999999984	12.0190000000002	0	0
12.8739999999998	2.65200000000004	12.3130000000019	0	0
12.6370000000024	2.33700000000044	11.7749999999978	0	0
13.4979999999996	4.55500000000029	12.4989999999998	0	0
13.3559999999998	3.39900000000034	11.9799999999996	0	0
13.1629999999968	1.93099999999959	12.4130000000005	0	0
13.8209999999999	3.40100000000075	12.6849999999977	0	0
14.2580000000016	5.00500000000011	12.7480000000032	0	0
13.1499999999978	2.23100000000068	12.3060000000005	0	0
14.6689999999981	4.88600000000042	13.5930000000008	0	0
13.7829999999994	3.71900000000005	12.6669999999976	0	0
14.9229999999989	5.81999999999971	12.9739999999983	0	0
13.3549999999996	2.4360000000006	12.9079999999994	0	0
14.5979999999981	5.11700000000019	13.4900000000016	0	0
14.982	2.47899999999936	13.8029999999999	0	0
14.3460000000014	4.88999999999942	13.2689999999966	0	0
13.9879999999976	2.92399999999998	12.8999999999978	0	0
14.4319999999971	6.125	12.9560000000019	0	0
13.1549999999988	3.41399999999976	12.3479999999981	0	0
13.3320000000022	2.82400000000052	12.8420000000006	0	0
13.229000000003	2.95399999999972	12.9069999999992	0	0
13.857	3.89199999999983	12.7330000000002	0	0
14.9449999999997	3.78599999999915	13.8859999999986	0	0
13.8090000000011	1.73300000000017	13.1779999999999	0	0
13.3080000000009	3.85099999999966	12.0810000000019	0	0
15.2929999999978	5.56999999999971	13.9750000000022	0	0
14.8090000000011	5.15599999999995	13.4880000000012	0	0
14.4449999999997	3.80200000000059	13.3330000000024	0	0
12.4770000000026	3.12400000000071	12.0970000000016	0	0
13.1770000000033	4.13599999999951	12.7260000000024	0	0
13.9010000000017	3.3119999999999	12.7790000000023	0	0
14.4190000000017	3.98099999999977	13.2960000000021	0	0
15.2340000000004	4.89599999999973	13.8880000000026	0	0
14.724000000002	5.90599999999995	13.3389999999999	0	0
14.5999999999985	3.66100000000006	13.8010000000031	0	0
12.3209999999999	2.36899999999969	12.1270000000004	0	0
12.6389999999992	2.4340000000002	12.2249999999985	0	0
14.7070000000022	6.43499999999949	12.9140000000007	0	0
13.9459999999999	3.39899999999943	13.2089999999989	0	0
13.3509999999987	4.07799999999952	13.0430000000015	0	0
13.2309999999998	2.97999999999956	12.8960000000006	0	0
13.5380000000005	3.15999999999985	12.6620000000003	0	0
13.0059999999976	2.82099999999991	13.0260000000017	0	0
14.2400000000016	5.33899999999994	13.4849999999969	0	0
13.9809999999998	2.18100000000049	13.2519999999968	0	0
14.5820000000022	4.85500000000047	13.525999999998	0	0
14.2100000000028	3.49099999999999	13.1959999999999	0	0
14.2900000000009	4.0639999999994	13.117000000002	0	0
15.0879999999997	6.92199999999957	12.9549999999981	0	0
13.3080000000009	1.96000000000004	12.3169999999991	0	0
14.5889999999999	5.51299999999992	13.3179999999993	0	0
14.9300000000003	4.78300000000036	13.2639999999992	0	0
14.2769999999982	3.94399999999951	13.2789999999986	0	0
13.8919999999998	5.21100000000024	12.5239999999976	0	0
14.6889999999985	3.8690000000006	13.4079999999994	0	0
14.8590000000004	6.17500000000018	13.4339999999975	0	0
13.6699999999983	2.09699999999975	12.7620000000024	0	0
14.1620000000003	5.79399999999987	13.1139999999978	0	0
13.8689999999988	3.69100000000071	12.8870000000024	0	0
14.1339999999982	4.20200000000023	13.0109999999986	0	0
13.5419999999976	2.62199999999939	12.5479999999989	0	0
14.1840000000011	3.30500000000029	13.0390000000007	0	0
14.4789999999994	4.99499999999989	13.1100000000006	0	0
14.3309999999983	5.86299999999937	12.8780000000006	0	0
13.7969999999987	3.22699999999986	12.8400000000001	0	0
13.2510000000002	2.0630000000001	12.6369999999988	0	0
14.2270000000026	5.76299999999992	13.0600000000013	0	0
13.3140000000021	3.86699999999928	12.8089999999975	0	0
14.0459999999985	3.93499999999949	13.0600000000013	0	0
14.2590000000018	4.76400000000012	13.5329999999994	0	0
13.7160000000003	2.71199999999953	12.6949999999997	0	0
14.8220000000001	4.01599999999962	14.2090000000026	0	0
13.7570000000014	2.55699999999979	13.0169999999998	0	0
15.4629999999997	5.78699999999935	13.8169999999991	0	0
15.3080000000009	5.60199999999986	13.6369999999988	0	0
13.6689999999981	2.6820000000007	13.2059999999983	0	0
15.0810000000019	5.41799999999967	13.7209999999977	0	0
16.0540000000001	4.19399999999951	14.7559999999976	0	0
14.0720000000001	3.41400000000067	13.1650000000009	0	0
13.6110000000008	2.89999999999964	12.7409999999982	0	0
13.8100000000013	2.0649999999996	12.9379999999983	0	0
14.4559999999983	4.54400000000078	13.1460000000006	0	0
14.0279999999984	2.44200000000001	14.0859999999993	0	0
13.9379999999983	2.48300000000017	13.0370000000003	0	0
13.3899999999994	2.94200000000001	12.6599999999999	0	0
14.0809999999983	3.34600000000046	13.3470000000016	0	0
13.9499999999971	3.87100000000009	12.9539999999979	0	0
14.1629999999968	3.13100000000031	13.2070000000022	0	0
13.6879999999983	2.30500000000029	12.7669999999998	0	0
14.0720000000001	3.79100000000017	12.9159999999974	0	0
13.3260000000009	3.56999999999971	12.5699999999997	0	0
14.0779999999977	3.34100000000035	13.6640000000007	0	0
14.030999999999	2.31700000000001	13.4409999999989	0	0
14.4390000000021	5.44499999999971	13.5960000000014	0	0
15.2249999999985	4.07200000000012	13.7589999999982	0	0
14.0620000000017	2.79399999999987	13.6900000000023	0	0
13.7340000000004	4.27699999999913	13.4540000000015	0	0
13.8469999999979	3.79600000000028	13.1840000000011	0	0
12.7070000000022	3.33600000000024	12.6790000000001	0	0
13.0059999999976	4.03899999999976	13.1889999999985	0	0
12.7900000000009	4.35499999999956	12.143	0	0
13.627999999997	4.20899999999983	12.7109999999993	0	0
14.4799999999996	3.66100000000006	13.1759999999995	0	0
13.9470000000001	3.47800000000007	13.1490000000013	0	0
14.2849999999999	4.61399999999958	13.1239999999998	0	0
13.0669999999991	1.65200000000004	12.3149999999987	0	0
15.3069999999971	5.14399999999932	13.9979999999996	0	0
13.3900000000031	5.28499999999985	12.5540000000001	0	0
14.1359999999986	4.60999999999967	13.0430000000015	0	0
14.4110000000001	4.57200000000012	13.3549999999996	0	0
14.9929999999986	5.53000000000065	13.3780000000006	0	0
13.7710000000006	3.48399999999947	13.0849999999991	0	0
12.9039999999986	2.65599999999995	11.8249999999971	0	0
13.9239999999991	5.62899999999991	12.5210000000006	0	0
14.1520000000019	5.28600000000006	13.2929999999978	0	0
12.9310000000005	2.72400000000016	12.1540000000023	0	0
14.1790000000001	5.54599999999937	12.4680000000008	0	0
15.0039999999972	5.38000000000011	13.4219999999987	0	0
13.9729999999981	5.41700000000037	13.0339999999997	0	0
13.5040000000008	2.40800000000036	12.7020000000011	0	0
14.226999999999	5.09999999999945	13.2160000000003	0	0
13.6739999999991	4.92100000000028	12.6310000000012	0	0
15.4929999999986	5.86000000000058	13.6539999999986	0	0
14.3839999999982	5.82899999999972	12.875	0	0
14.5840000000026	6.28800000000047	12.9679999999971	0	0
14.5900000000001	4.54100000000017	12.9929999999986	0	0
14.4579999999987	5.61999999999989	12.9629999999997	0	0
14.0380000000005	5.17500000000018	13.6369999999988	0	0
13.4360000000015	4.36399999999958	12.262999999999	0	0
14.6090000000004	5.31899999999951	13.4579999999987	0	0
13.8640000000014	5.69599999999991	12.4519999999975	0	0
13.0510000000031	2.18900000000031	12.114999999998	0	0
14.5999999999985	5.08500000000004	13.2000000000007	0	0
14.5760000000009	4.47899999999936	13.5420000000013	0	0
13.9750000000022	5.11999999999989	12.7219999999979	0	0
14.7380000000012	4.99200000000019	13.1389999999992	0	0
13.6749999999993	3.77500000000055	12.8019999999997	0	0
12.655999999999	2.58600000000024	11.7349999999969	0	0
14.3970000000008	4.8700000000008	12.8640000000014	0	0
13.4909999999982	4.27599999999984	12.4799999999996	0	0
13.7910000000011	5.59800000000087	12.9969999999994	0	0
13.8669999999984	4.88500000000022	13.387999999999	0	0
13.75	2.74600000000009	13.4629999999997	0	0
12.9449999999997	2.60699999999997	12.4229999999989	0	0
12.8529999999992	2.78899999999976	12.7940000000017	0	0
14.3379999999997	4.17799999999988	13.4160000000011	0	0
12.7669999999998	3.59599999999955	12.1369999999988	0	0
12.7020000000011	3.87899999999991	12.262999999999	0	0
13.3849999999984	2.83500000000004	13.030999999999	0	0
13.5040000000008	3.44599999999991	12.8279999999977	0	0
13.2770000000019	1.90699999999924	12.6549999999988	0	0
13.0920000000006	3.15999999999985	12.6319999999978	0	0
14.2780000000021	3.36999999999989	13.768	0	0
13.5679999999993	3.58299999999963	13.1450000000004	0	0
13.25	2.54100000000017	13.400999999998	0	0
13.6499999999978	3.14500000000044	13.0959999999977	0	0
14.0159999999996	4.17299999999977	12.9559999999983	0	0
13.9019999999982	3.5010000000002	13.1370000000024	0	0
14.9410000000025	6.24300000000039	13.4850000000006	0	0
13.6860000000015	1.98999999999978	13.3019999999997	0	0
12.5920000000006	4.03699999999935	11.9439999999995	0	0
12.2390000000014	2.13299999999981	12.3370000000032	0	0
14.1589999999997	4.51199999999972	13.393	0	0
13.5800000000017	4.78399999999965	12.8349999999991	0	0
13.3899999999994	5.47900000000027	12.8070000000007	0	0
13.7180000000008	5.43499999999949	12.893	0	0
14.0939999999973	5.09599999999955	13.6360000000022	0	0
12.7279999999992	3.34000000000015	12.1959999999999	0	0
13.5	2.90700000000106	12.6239999999998	0	0
13.9069999999992	3.88600000000042	12.7010000000009	0	0
13.1190000000024	3.45600000000013	12.2760000000017	0	0
13.6310000000012	2.23600000000079	12.8420000000006	0	0
14.2030000000013	2.80199999999968	13.5720000000001	0	0
13.8610000000008	2.65299999999843	12.780999999999	0	0
12.9759999999987	4.57999999999993	12.6809999999969	0	0
13.1209999999992	2.22899999999936	13.1239999999998	0	0
14.4860000000008	5.49099999999999	13.2299999999996	0	0
13.3539999999994	2.71199999999953	13.0910000000003	0	0
13.6490000000013	3.88800000000083	13.2400000000016	0	0
13.8019999999997	4.23999999999978	13.1820000000007	0	0
14.114999999998	4.73899999999958	13.1630000000005	0	0
13.8889999999992	4.5729999999985	13.4880000000012	0	0
12.6829999999973	3.97700000000077	12.6010000000024	0	0
14.6189999999988	2.94800000000032	13.4030000000021	0	0
14.3710000000028	5.60300000000097	13.0210000000006	0	0
13.6549999999988	4.37299999999959	12.482	0	0
13.4850000000006	2.67699999999968	12.4150000000009	0	0
14.3070000000007	4.95499999999993	12.3839999999982	0	0
13.8420000000006	4.96299999999974	12.3339999999989	0	0
