5.552	1.154	5.023	0	0
5.203	0.772	4.976	0	0
5.868	2.008	4.894	0	0
5.741	2.054	4.989	0	0
6.41199999999999	2.822	5.54099999999999	0	0
5.836	2.566	5.297	0	0
5.61500000000001	1.523	5.33500000000001	0	0
5.589	2.659	4.98100000000001	0	0
5.55099999999999	1.996	5.036	0	0
5.309	1.439	4.871	0	0
5.53700000000001	1.781	4.846	0	0
5.16499999999999	1.128	4.65600000000001	0	0
5.29900000000001	1.094	4.80500000000001	0	0
5.28299999999999	1.485	4.88900000000001	0	0
5.29400000000001	1.316	4.62299999999999	0	0
4.65100000000001	0.613999999999997	4.63999999999999	0	0
5.68700000000001	2.11	4.82599999999999	0	0
5.45800000000003	0.875	5.149	0	0
4.934	1	4.91200000000001	0	0
5.142	0.963999999999999	4.57100000000003	0	0
5.75599999999997	2.078	4.845	0	0
5.13200000000001	1.32599999999999	4.67000000000002	0	0
6.32299999999998	2.06399999999999	5.709	0	0
6.23700000000002	3.73100000000001	5.44900000000001	0	0
5.93599999999998	2.285	5.077	0	0
5.416	1.717	4.74199999999996	0	0
5.58600000000001	1.813	4.74599999999998	0	0
5.17899999999997	1.49299999999999	4.64300000000003	0	0
5.42700000000002	1.557	4.78999999999996	0	0
5.49100000000004	1.29000000000001	5.39499999999998	0	0
5.709	1.57700000000001	5.173	0	0
5.755	2.51900000000001	5.125	0	0
5.63999999999999	1.669	5.30500000000001	0	0
5.68900000000002	1.68299999999999	5.28699999999998	0	0
5.71800000000002	1.465	5.30599999999998	0	0
5.346	1.43400000000001	5.04599999999999	0	0
5.654	2.30099999999999	5.21100000000001	0	0
5.67000000000002	2.08799999999999	5.02300000000002	0	0
5.024	0.787000000000006	4.80799999999999	0	0
5.315	1.62799999999999	5.00200000000001	0	0
5.03699999999998	0.753999999999991	4.863	0	0
6.08199999999999	1.63200000000001	5.34900000000005	0	0
6.13700000000006	2.524	5.39300000000003	0	0
5.29100000000005	1.39000000000001	5.03999999999996	0	0
5.49900000000002	1.58699999999999	5.20699999999999	0	0
5.94800000000009	2.17600000000002	5.30700000000002	0	0
5.68499999999995	2.26300000000001	5.024	0	0
5.351	1.316	4.97299999999996	0	0
6.02099999999996	2.554	5.18099999999993	0	0
5.04499999999996	1.30499999999998	5.01400000000001	0	0
5.59699999999998	2.04400000000001	4.90699999999993	0	0
6.12900000000002	1.983	5.53800000000001	0	0
5.81499999999994	1.56500000000003	5.41399999999999	0	0
5.2170000000001	0.892000000000024	5.01300000000003	0	0
5.10199999999998	1.054	4.76499999999999	0	0
5.29399999999998	1.124	4.98400000000004	0	0
6.11799999999994	2.10300000000001	5.57100000000003	0	0
5.46199999999999	1.70099999999999	4.73300000000006	0	0
5.19799999999998	1.23600000000002	4.82499999999993	0	0
5.77499999999998	2.43099999999998	4.98099999999999	0	0
5.09400000000005	0.875	4.44999999999993	0	0
5.34300000000007	1.12300000000002	4.928	0	0
5.34000000000003	1.52500000000001	4.96799999999996	0	0
6.47299999999996	2.767	5.995	0	0
5.01099999999997	0.935000000000002	5.18100000000004	0	0
5.41700000000003	1.45099999999999	4.95500000000004	0	0
5.70799999999997	2.79400000000001	5.03600000000006	0	0
5.49300000000005	1.62	5.31899999999996	0	0
5.29499999999996	1.494	4.97300000000007	0	0
5.79099999999994	2.38899999999998	5.05899999999997	0	0
4.88400000000001	0.415999999999997	4.64700000000005	0	0
5.13200000000006	1.26500000000001	4.90500000000009	0	0
5.08799999999997	1.27600000000001	4.83200000000011	0	0
5.09699999999998	0.986999999999995	4.94799999999998	0	0
5.68200000000002	2.20699999999999	5.08299999999997	0	0
6.22499999999991	3.315	5.15200000000004	0	0
5.66100000000006	2.03800000000001	4.83600000000001	0	0
5.40499999999997	1.346	4.7170000000001	0	0
5.7890000000001	1.29000000000002	5.39499999999998	0	0
5.51499999999999	1.88499999999999	4.91200000000003	0	0
5.24199999999996	1.274	4.83199999999999	0	0
4.79200000000003	1.036	4.56000000000006	0	0
5.06000000000006	0.908000000000015	4.77200000000005	0	0
5.923	1.82499999999999	5.71599999999989	0	0
5.44900000000007	1.65600000000001	5.08400000000006	0	0
5.25299999999993	1.54999999999995	4.67999999999995	0	0
5.26999999999998	1.13799999999998	4.72200000000009	0	0
5.23900000000003	1.41200000000003	5.29999999999995	0	0
5.92100000000005	2.04400000000004	4.89499999999998	0	0
6.11699999999996	2.51300000000003	5.02800000000002	0	0
5.41199999999981	1.23700000000002	5.03499999999985	0	0
6.1579999999999	3.31299999999999	5.54599999999982	0	0
5.82200000000012	1.99700000000001	4.98000000000002	0	0
5.57799999999997	0.788999999999987	5.1550000000002	0	0
5.81399999999985	2.077	4.96199999999999	0	0
5.78300000000013	1.98199999999997	5.05999999999995	0	0
5.12799999999993	1.65100000000001	4.78199999999993	0	0
5.30999999999995	1.62799999999999	4.94900000000007	0	0
6.55099999999993	2.48099999999999	6.04099999999994	0	0
5.17200000000003	1.21600000000001	4.67800000000011	0	0
5.44399999999996	1.06800000000004	4.76100000000019	0	0
5.28800000000001	1.46199999999999	4.77499999999986	0	0
5.16399999999999	1.488	4.59000000000015	0	0
5.10199999999986	1.34000000000003	4.96299999999997	0	0
5.02999999999997	0.781000000000006	4.68200000000002	0	0
6.36800000000017	2.34700000000004	5.85100000000011	0	0
5.02299999999991	1.33100000000002	4.80700000000002	0	0
5.58999999999992	2.05599999999998	5.20299999999997	0	0
5.87599999999998	2.69099999999997	5.51900000000001	0	0
5.44200000000001	1.48099999999999	5.15200000000004	0	0
5.55999999999995	1.23099999999999	5.36300000000006	0	0
5.31600000000003	1.46600000000001	4.87800000000016	0	0
4.86399999999981	0.376000000000033	4.72700000000009	0	0
5.00599999999986	0.836999999999989	5.03500000000008	0	0
5.69499999999994	2.185	4.97299999999996	0	0
5.88000000000011	2.43000000000001	5.41200000000003	0	0
5.88100000000009	2.75	5.36500000000001	0	0
5.69900000000007	0.904999999999973	5.55600000000004	0	0
5.048	0.716999999999985	4.57300000000009	0	0
5.28300000000013	1.19799999999998	4.82300000000009	0	0
4.88499999999999	0.79299999999995	5.11300000000006	0	0
5.18499999999995	1.01600000000002	4.99800000000005	0	0
5.95700000000011	2.13400000000001	4.96299999999997	0	0
5.48199999999997	1.51300000000003	4.99900000000002	0	0
5.40199999999982	2.24100000000004	5.06700000000001	0	0
5.74199999999996	2.358	5.08699999999999	0	0
5.71199999999999	1.78300000000002	4.88599999999997	0	0
5.33699999999999	1.03499999999997	4.89200000000005	0	0
5.41100000000006	0.829000000000008	4.7829999999999	0	0
6.23500000000013	2.87700000000001	5.173	0	0
5.1099999999999	1.82400000000001	4.904	0	0
5.19299999999998	1.26299999999998	4.87599999999998	0	0
5.12299999999982	0.899000000000001	4.625	0	0
5.63400000000001	2.01400000000001	5.23500000000013	0	0
5.06200000000013	0.947000000000003	4.46100000000001	0	0
5.07300000000009	0.970000000000027	4.69900000000007	0	0
5.12900000000013	0.908000000000015	4.59899999999993	0	0
5.04199999999992	1.16700000000003	4.60200000000009	0	0
4.93399999999997	0.670000000000016	4.64999999999986	0	0
5.09300000000007	1.17599999999999	4.90100000000007	0	0
5.08500000000004	1.27100000000002	4.9369999999999	0	0
6.43200000000002	2.87	5.779	0	0
4.89499999999998	0.564999999999998	4.70000000000005	0	0
4.90699999999993	0.730999999999995	4.53099999999995	0	0
4.91200000000003	0.578999999999951	4.68599999999992	0	0
5.08899999999994	0.740999999999985	4.81499999999983	0	0
5.15300000000002	1.464	4.62799999999993	0	0
5.69699999999989	1.75900000000001	5.05700000000002	0	0
4.82900000000018	0.620999999999981	4.80400000000009	0	0
4.85900000000015	0.61099999999999	4.56099999999992	0	0
6.20100000000002	1.78800000000001	5.54499999999985	0	0
5.44700000000012	1.62600000000003	4.89899999999989	0	0
5.72900000000004	1.37700000000001	5.8130000000001	0	0
5.54700000000003	1.565	5.16499999999996	0	0
5.41499999999996	1.30200000000002	4.74800000000005	0	0
5.87899999999991	2.19	5.04099999999994	0	0
11.26	3.24900000000002	10.501	0	0
5.54700000000003	2.42000000000007	4.89599999999996	0	0
5.93399999999997	1.06600000000003	5.4190000000001	0	0
4.952	0.802000000000021	4.48199999999997	0	0
5.3610000000001	1.52799999999991	4.8119999999999	0	0
4.86300000000006	0.75	4.56600000000003	0	0
5.14300000000003	1.44799999999998	4.84599999999978	0	0
4.82200000000012	0.526000000000067	4.56899999999996	0	0
5.10500000000002	1.50800000000004	4.65100000000007	0	0
6.08699999999999	2.14499999999998	5.72399999999993	0	0
5.53500000000008	1.77300000000002	4.85300000000007	0	0
5.46599999999989	1.92100000000005	5.07400000000007	0	0
5.18900000000031	0.895999999999958	4.75700000000006	0	0
5.47499999999991	1.23799999999994	4.94700000000012	0	0
5.06399999999985	1.33899999999994	4.63699999999994	0	0
5.60100000000011	1.51499999999999	4.904	0	0
5.64899999999989	1.56100000000004	4.9380000000001	0	0
6.00899999999956	2.54300000000001	5.19400000000019	0	0
5.05299999999988	0.850000000000023	4.827	0	0
5.13099999999986	0.868000000000052	5.07500000000005	0	0
5.79500000000007	1.178	5.48000000000002	0	0
5.71299999999974	1.75400000000002	5.03300000000013	0	0
5.3130000000001	0.644000000000005	4.91200000000003	0	0
5.29999999999973	1.47699999999998	5.01400000000012	0	0
4.89899999999989	0.731999999999971	4.78799999999978	0	0
4.92500000000018	1.04000000000008	4.8309999999999	0	0
5.13099999999986	1.44299999999998	4.86799999999994	0	0
5.76899999999978	2.14199999999994	5.25499999999965	0	0
5.11000000000013	1.09399999999994	5.23499999999967	0	0
5.67599999999993	1.48299999999995	5.70000000000027	0	0
5.13799999999992	0.947999999999979	4.74699999999984	0	0
6.0319999999997	2.10199999999998	5.36999999999989	0	0
5.78200000000015	2.32500000000005	5.12199999999984	0	0
5.73399999999992	1.68899999999996	4.98700000000008	0	0
5.22700000000032	1.43200000000002	4.98299999999972	0	0
5.48300000000017	1.65300000000002	4.62100000000009	0	0
5.55899999999974	1.74799999999993	4.74400000000014	0	0
5.96299999999974	2.45299999999997	4.99400000000014	0	0
5.39600000000019	1.35599999999999	4.84900000000016	0	0
5.47699999999986	1.36700000000008	4.85899999999992	0	0
5.31500000000005	0.640999999999963	5.29999999999973	0	0
5.23900000000003	1.01400000000001	4.59700000000021	0	0
4.85300000000007	0.706000000000017	4.59799999999996	0	0
5.26999999999998	1.25	4.85500000000002	0	0
5.27799999999979	1.10500000000002	5.00799999999981	0	0
5.50900000000001	1.81299999999999	4.96000000000004	0	0
5.36299999999983	1.66300000000001	5.07200000000012	0	0
5.07000000000016	1.06200000000001	4.88199999999961	0	0
4.97899999999981	0.615000000000009	4.45399999999972	0	0
6.04100000000017	1.89599999999996	5.44000000000005	0	0
5.05400000000009	0.821000000000026	4.46799999999985	0	0
5.12199999999984	0.812999999999988	4.65299999999979	0	0
5.72000000000025	2.399	5.16200000000026	0	0
5.20100000000002	1.26999999999998	4.73099999999977	0	0
5.6909999999998	2.07900000000006	4.87699999999995	0	0
5.27299999999968	1.48199999999997	4.82699999999977	0	0
4.98599999999988	1.05799999999999	5.10600000000022	0	0
5.78800000000001	2.44200000000001	5.23400000000038	0	0
4.92600000000039	0.500999999999976	4.5659999999998	0	0
5.04199999999992	0.995000000000005	4.58699999999999	0	0
5.57199999999966	1.85699999999997	4.83800000000019	0	0
5.25199999999995	1.47200000000009	4.70199999999977	0	0
6.28400000000011	1.97500000000002	5.34400000000005	0	0
5.86799999999994	2.59199999999998	5.05200000000013	0	0
5.26500000000033	1.35700000000008	4.83800000000019	0	0
5.51200000000017	1.596	5.14699999999993	0	0
5.72600000000011	2.27800000000002	5.33199999999988	0	0
5.66200000000026	1.55799999999999	4.85799999999972	0	0
5.43600000000015	1.64599999999996	5.01800000000003	0	0
5.61599999999999	1.69799999999998	5.21199999999999	0	0
5.4689999999996	1.60299999999995	5.10100000000011	0	0
4.95800000000008	0.91599999999994	4.95699999999988	0	0
5.01600000000008	1.21100000000001	4.80600000000004	0	0
5.77299999999968	1.35700000000008	5.39399999999978	0	0
5.45600000000013	1.53499999999997	5.06800000000021	0	0
5.64100000000008	1.36799999999994	5.38799999999992	0	0
5.00199999999995	1.0619999999999	4.7510000000002	0	0
4.90900000000011	0.504000000000019	4.52399999999989	0	0
5.22800000000007	1.07800000000009	4.971	0	0
5.24099999999999	1.20699999999999	4.68599999999969	0	0
4.94299999999976	0.488999999999919	4.56099999999969	0	0
5.15000000000009	1.24899999999991	5.13500000000022	0	0
5.78800000000001	1.57600000000002	5.375	0	0
5.44800000000032	1.91399999999999	5.21900000000005	0	0
5.49299999999994	1.60899999999992	5.21500000000015	0	0
6.03999999999996	2.43000000000006	5.15599999999995	0	0
5.40000000000009	1.65500000000009	5.11599999999999	0	0
4.97599999999966	0.722999999999956	4.42099999999982	0	0
5.31799999999976	1.77100000000007	5.06700000000001	0	0
5.35599999999977	1.553	4.64900000000034	0	0
5.13999999999987	1.18899999999996	4.88199999999961	0	0
5.34000000000015	1.45100000000002	4.79500000000007	0	0
5.43499999999995	1.327	4.77800000000025	0	0
5.55999999999995	1.89299999999992	4.90200000000004	0	0
5.47499999999991	1.63300000000004	4.6869999999999	0	0
5.1260000000002	1.64099999999996	4.91000000000031	0	0
5.92900000000009	2.39700000000005	5.15499999999975	0	0
5.83100000000013	1.54399999999998	5.25900000000001	0	0
5.2489999999998	1.18299999999999	4.85899999999992	0	0
5.43299999999999	0.662000000000035	5.01099999999997	0	0
6	2.13299999999992	5.35699999999997	0	0
5.08500000000004	0.751999999999953	4.6840000000002	0	0
11.4120000000003	4.34800000000007	9.92599999999993	0	0
6.19900000000007	1.90800000000002	5.73300000000017	0	0
5.64399999999978	2.16300000000001	5.26400000000012	0	0
5.73900000000003	1.45299999999997	5.50700000000006	0	0
5.53399999999965	1.59899999999993	4.8119999999999	0	0
6.32999999999993	1.82800000000009	5.51100000000042	0	0
5.70400000000018	2.34899999999993	5.0920000000001	0	0
5.44000000000005	1.85399999999993	5.17399999999998	0	0
5.71500000000015	1.74899999999991	5.36200000000008	0	0
5.17299999999977	1.60900000000004	4.98799999999983	0	0
5.42799999999988	1.59399999999994	5.22699999999986	0	0
5.12599999999975	1.13999999999999	5.17999999999984	0	0
5.14300000000003	1.31799999999998	4.89499999999998	0	0
5.37100000000009	1.59299999999996	5.03800000000001	0	0
5.62599999999975	2.05799999999999	4.94500000000016	0	0
4.90499999999975	0.682000000000016	4.72299999999996	0	0
5.07499999999982	0.69500000000005	4.51899999999978	0	0
5.45900000000029	2.41300000000001	5.10000000000036	0	0
5.55999999999995	1.62099999999998	4.86099999999988	0	0
5.56800000000021	1.77500000000009	4.84299999999985	0	0
5.63299999999981	2.13199999999995	4.99299999999994	0	0
5.66599999999971	2.37	4.95599999999968	0	0
5.23800000000028	1.14300000000003	4.7489999999998	0	0
4.85500000000002	0.495999999999981	4.34699999999975	0	0
5.57000000000016	1.48599999999999	4.70600000000013	0	0
5.23000000000002	1.30200000000002	4.80699999999979	0	0
5.654	1.76900000000001	5.14899999999989	0	0
5.44500000000016	1.58899999999994	5.02999999999975	0	0
6.00900000000001	1.90100000000007	5.54599999999982	0	0
4.81799999999976	0.601999999999975	4.53699999999981	0	0
6.54500000000007	2.69400000000007	5.77999999999975	0	0
5.1880000000001	1.80999999999995	5.07999999999993	0	0
5.60500000000002	1.048	5.24099999999999	0	0
5.50499999999965	1.45000000000005	5.23799999999983	0	0
5.94399999999996	2.15600000000006	5.0029999999997	0	0
10.712	3.38799999999992	9.79199999999992	0	0
6.18499999999995	1.94399999999996	5.32000000000016	0	0
5.79899999999998	2.35300000000007	5.11599999999999	0	0
5.5319999999997	1.52900000000011	4.73199999999997	0	0
5.46900000000005	1.428	4.86200000000008	0	0
5.58399999999983	1.65200000000004	5.04899999999998	0	0
5.71300000000019	1.74400000000003	4.99099999999999	0	0
5.61999999999989	2.60500000000002	5.14600000000019	0	0
5.05700000000024	0.959999999999923	4.56899999999996	0	0
5.0659999999998	1.25	4.82899999999972	0	0
4.93100000000004	0.763000000000034	4.42900000000009	0	0
5.1569999999997	1.87699999999995	4.85199999999986	0	0
5.24199999999973	1.75999999999999	4.64199999999983	0	0
4.9079999999999	0.993000000000052	4.89599999999973	0	0
5.68299999999999	2.33900000000006	5.02599999999984	0	0
5.63400000000001	1.63400000000001	5.18499999999995	0	0
5.53200000000015	2.29500000000007	5.17999999999984	0	0
5.28200000000015	1.36699999999996	5.03899999999976	0	0
5.73500000000013	2.20800000000008	5.1840000000002	0	0
5.83600000000024	2.27500000000009	4.97200000000021	0	0
5.20399999999972	1.04200000000003	5.17599999999993	0	0
5.471	1.23800000000006	4.97599999999966	0	0
5.34500000000025	1.20100000000002	4.80499999999984	0	0
5.32700000000023	1.76400000000012	4.81799999999976	0	0
6.04899999999998	2.0630000000001	5.05199999999968	0	0
5.85900000000038	2.67899999999986	5.11000000000013	0	0
5.42500000000018	1.4860000000001	5.2470000000003	0	0
5.47400000000016	1.36899999999991	4.90700000000015	0	0
5.40200000000004	1.51900000000001	4.80600000000004	0	0
5.85800000000017	2.32000000000016	5.47399999999971	0	0
5.49199999999973	1.846	5.53900000000021	0	0
6.18100000000004	2.85199999999986	5.35199999999986	0	0
5.61200000000008	1.81999999999994	5.58199999999988	0	0
5.38900000000012	1.25599999999986	4.74099999999999	0	0
5.34400000000005	1.76999999999998	4.71399999999994	0	0
5.46499999999969	1.6550000000002	4.99200000000019	0	0
5.74800000000005	1.63499999999999	5.00799999999981	0	0
5.30100000000039	1.19900000000007	4.72299999999996	0	0
5.12100000000009	1.2059999999999	4.69300000000021	0	0
5.7180000000003	2.94900000000007	5.21799999999985	0	0
5.60500000000002	1.37400000000002	5.10699999999997	0	0
6.00700000000006	2.2940000000001	5.2829999999999	0	0
5.40900000000056	1.56600000000003	4.85399999999981	0	0
4.88100000000031	0.613000000000056	4.55999999999995	0	0
5.13400000000001	1.53400000000011	4.98900000000003	0	0
5.42900000000009	1.7829999999999	5.07600000000002	0	0
5.10400000000027	1.22800000000007	4.94799999999987	0	0
4.82700000000023	0.442000000000007	4.4060000000004	0	0
5.21600000000035	1.07999999999993	4.59299999999985	0	0
5.3130000000001	0.831000000000131	4.93100000000004	0	0
4.87700000000041	0.635999999999967	4.4970000000003	0	0
5.41300000000047	1.54200000000014	4.79199999999992	0	0
5.26800000000003	1.08199999999988	4.96399999999994	0	0
5.42200000000048	1.43599999999992	5.19300000000021	0	0
5.27300000000014	1.65100000000007	4.94700000000012	0	0
5.09400000000005	1.37899999999991	4.71799999999985	0	0
5.01200000000063	0.779999999999973	4.61400000000003	0	0
5.67900000000009	2.33300000000008	5.27099999999973	0	0
5.72199999999975	2.2349999999999	5.19599999999991	0	0
5.61599999999999	1.92499999999995	5.29600000000028	0	0
5.22900000000027	1.07799999999997	4.84099999999989	0	0
5.8730000000005	2.84699999999998	5.41199999999981	0	0
5.41199999999935	1.58899999999994	5.02199999999993	0	0
5.58600000000024	1.78999999999996	5.03800000000001	0	0
5.52300000000014	1.51099999999997	4.89599999999973	0	0
5.42100000000028	1.66399999999999	5.17600000000039	0	0
5.63199999999961	1.93100000000004	4.86400000000003	0	0
5.15499999999975	1.31500000000005	5.06500000000005	0	0
5.41600000000017	1.39500000000021	5.02500000000009	0	0
5.38500000000022	1.596	4.90499999999975	0	0
5.31900000000041	1.20499999999993	5.39100000000053	0	0
4.91799999999967	0.608999999999924	4.88500000000022	0	0
6.21100000000024	2.23099999999999	5.30100000000039	0	0
5.8739999999998	2.66700000000014	4.97299999999996	0	0
5.65499999999975	1.98199999999997	5.01500000000033	0	0
5.85699999999997	2.33799999999997	4.9399999999996	0	0
5.55199999999968	1.94899999999984	5.03999999999996	0	0
5.33200000000033	1.71399999999994	4.66799999999967	0	0
5.20299999999952	1.27199999999993	4.58200000000033	0	0
5.01699999999983	1.45000000000005	4.73000000000047	0	0
5.3739999999998	1.26900000000001	4.57200000000012	0	0
5.55199999999968	1.70299999999997	4.89099999999962	0	0
5.08600000000024	1.18899999999985	5.02499999999964	0	0
5.20499999999993	1.43100000000004	5.08899999999994	0	0
5.69399999999951	1.57500000000005	4.95799999999963	0	0
5.53000000000065	1.69200000000001	5.03499999999985	0	0
5.58500000000004	1.31700000000001	5.10100000000057	0	0
5.42400000000089	1.11400000000003	4.76800000000003	0	0
5.11999999999989	1.29700000000003	4.59199999999964	0	0
5.30199999999968	1.60800000000017	5.17999999999938	0	0
5.41499999999996	1.34300000000007	4.74399999999969	0	0
5.09400000000005	0.605000000000018	4.63900000000012	0	0
4.96200000000044	0.583000000000084	4.97400000000016	0	0
4.99000000000069	0.560000000000173	4.69599999999991	0	0
5.00900000000001	1.08799999999997	5.12900000000081	0	0
5.11399999999958	0.497000000000071	4.79100000000017	0	0
5.18199999999979	1.24699999999984	5.15999999999985	0	0
4.98700000000008	0.846000000000004	4.83700000000044	0	0
5.22399999999925	1.17499999999995	5.11100000000079	0	0
5.68499999999949	2.15200000000004	5.27300000000014	0	0
5.15899999999965	1.35500000000002	5.07200000000012	0	0
5.23800000000028	0.868000000000166	5.0639999999994	0	0
6.20899999999983	2.68200000000002	5.32999999999993	0	0
5.48000000000047	1.75199999999995	5	0	0
5.49399999999969	1.28099999999995	5.03200000000015	0	0
6.00500000000011	2.39099999999985	5.38299999999981	0	0
6.02199999999993	2.62100000000009	4.97099999999955	0	0
5.36699999999928	1.51700000000005	4.93599999999969	0	0
5.04799999999977	1.15900000000011	5.15799999999945	0	0
5.60300000000007	1.71100000000001	5.01699999999983	0	0
4.77999999999975	0.742999999999938	4.55000000000018	0	0
4.84000000000015	0.452999999999975	4.93299999999999	0	0
5.8130000000001	1.875	4.97199999999975	0	0
5.64199999999983	1.50800000000004	5.29300000000057	0	0
5.34699999999975	1.25999999999999	4.88399999999911	0	0
5.39499999999953	1.904	4.7559999999994	0	0
5.21099999999933	1.27700000000004	4.92100000000028	0	0
5.89400000000023	2.59500000000003	5.04600000000028	0	0
5.34400000000005	1.56900000000019	5.28499999999985	0	0
5.34500000000025	1.38400000000001	5.10900000000038	0	0
5.46700000000055	2.12800000000016	4.9380000000001	0	0
5.20600000000013	1.23099999999999	4.94200000000001	0	0
5.44500000000062	1.33300000000008	4.8760000000002	0	0
5.45399999999972	1.64499999999998	4.96600000000035	0	0
5.88200000000052	2.24000000000001	5.01299999999992	0	0
5.54100000000017	2.12400000000002	5.03700000000026	0	0
5.69799999999941	2.05099999999993	4.88699999999972	0	0
5.60300000000007	1.54200000000014	4.86999999999989	0	0
5.09100000000035	1.40499999999997	5.03300000000036	0	0
5.21300000000065	1.21899999999982	4.94300000000021	0	0
5.16200000000026	1.36999999999989	4.67000000000007	0	0
5.59199999999964	2.01199999999994	4.92200000000048	0	0
5.77000000000044	1.91399999999999	5.00999999999931	0	0
5.62599999999929	2.18599999999992	4.88799999999992	0	0
5.79200000000037	1.67699999999991	5.14199999999983	0	0
5.63000000000011	1.673	4.90200000000004	0	0
5.36299999999937	1.20000000000005	5.10899999999947	0	0
5.27700000000004	1.65900000000011	5.09300000000076	0	0
5.9409999999998	2.19499999999994	5.06900000000041	0	0
5.70600000000013	1.95399999999995	5.08800000000065	0	0
5.51699999999983	1.41200000000003	4.69800000000032	0	0
6.04399999999987	2.48699999999985	5.20600000000013	0	0
4.9399999999996	0.583000000000084	4.48600000000079	0	0
4.93000000000029	0.745999999999867	4.92399999999998	0	0
5.15099999999984	1.48700000000008	5.01099999999951	0	0
5.60400000000027	2.11099999999988	5.14800000000014	0	0
5.65999999999985	1.84999999999991	5.16300000000047	0	0
5.5619999999999	2.08399999999983	5.32699999999932	0	0
5.64900000000034	1.6840000000002	5.0619999999999	0	0
5.7519999999995	2.24099999999999	4.98999999999978	0	0
5.21699999999964	1.15200000000004	4.92600000000039	0	0
5.44300000000021	1.43700000000013	4.89100000000053	0	0
5.20700000000033	1.27700000000004	4.97800000000007	0	0
5.72699999999986	1.73099999999999	5.42000000000007	0	0
5.31800000000021	1.19900000000007	4.95800000000054	0	0
4.94999999999982	0.676000000000158	4.65700000000015	0	0
4.93299999999999	0.626999999999953	4.98400000000038	0	0
5.51199999999972	1.67499999999995	5.09400000000005	0	0
5.45100000000002	1.63300000000004	5.07099999999991	0	0
5.41100000000006	1.34699999999998	4.74799999999959	0	0
4.83300000000054	0.663999999999987	4.78800000000047	0	0
5.31600000000071	1.74900000000002	4.94899999999961	0	0
5.125	1.00699999999983	5.23800000000028	0	0
5.84499999999935	2.17699999999991	5.21299999999974	0	0
5.15099999999984	1.0440000000001	4.97900000000027	0	0
5.17699999999968	0.793999999999869	4.71600000000035	0	0
5.07799999999952	0.638000000000147	4.59400000000005	0	0
4.70899999999983	0.405999999999949	4.22199999999975	0	0
5.64599999999973	1.36500000000001	5.33100000000013	0	0
4.98199999999997	0.77800000000002	4.71900000000005	0	0
5.45800000000054	1.89300000000003	5.20400000000063	0	0
4.94700000000012	1.15199999999982	4.88299999999981	0	0
5.29099999999926	1.16999999999985	5.21799999999985	0	0
5.19800000000032	1.00199999999995	4.80499999999938	0	0
5.57400000000052	1.93200000000002	4.98300000000017	0	0
5.47800000000007	1.55099999999993	5.14099999999962	0	0
5.09199999999964	0.983000000000175	4.73399999999947	0	0
5.48099999999977	1.85900000000015	5.14300000000003	0	0
5.51500000000033	1.58299999999986	4.69400000000041	0	0
5.11700000000019	1.60799999999995	5.20700000000033	0	0
5.72699999999986	1.94400000000019	5.16499999999996	0	0
5.20200000000023	1.50199999999995	5.04199999999946	0	0
5.10999999999967	1.28099999999995	5.02799999999934	0	0
5.22800000000007	1.40599999999995	5.09799999999996	0	0
5.5	1.55899999999997	4.89400000000023	0	0
5.31700000000001	1.03599999999983	4.80200000000059	0	0
6.11699999999928	1.64199999999983	5.60999999999967	0	0
5.56700000000001	1.81700000000001	4.82299999999941	0	0
5.40200000000004	1.74800000000005	4.75500000000011	0	0
5.43099999999959	1.875	4.96500000000015	0	0
5.65099999999984	2.16100000000006	5.04200000000037	0	0
5.08500000000004	1.06400000000008	4.85999999999967	0	0
5.75200000000041	1.875	5.14999999999964	0	0
5.54200000000037	1.53199999999993	4.78499999999985	0	0
6.04800000000068	2.84799999999996	5.25200000000041	0	0
5.90400000000045	2.77800000000002	5.20600000000013	0	0
5.45200000000023	1.49800000000005	4.73099999999977	0	0
5.32299999999941	1.5920000000001	5.05599999999959	0	0
5.03499999999985	0.697999999999865	4.5659999999998	0	0
5.54600000000028	1.86500000000001	5.16499999999996	0	0
5.31800000000021	1.34799999999996	5.06299999999919	0	0
4.90599999999995	0.991999999999962	4.6909999999998	0	0
5.33400000000074	1.35100000000011	4.73400000000038	0	0
5.29100000000017	1.28999999999996	5.07000000000062	0	0
5.19499999999971	0.856999999999971	4.67299999999977	0	0
5.59500000000025	2.16000000000008	5.125	0	0
5.33199999999943	1.19599999999991	5.29799999999977	0	0
5.11499999999978	0.990000000000009	4.77800000000025	0	0
5.04799999999977	0.821999999999889	4.57300000000032	0	0
5.17600000000039	0.770999999999958	4.74499999999989	0	0
5.21500000000015	1.3610000000001	4.79899999999998	0	0
5.41700000000037	1.18200000000002	4.75399999999991	0	0
4.77400000000034	0.541999999999916	4.67700000000059	0	0
5.11300000000028	0.846000000000004	4.63300000000072	0	0
5	0.993999999999915	4.75500000000011	0	0
5.53399999999965	1.63999999999987	5.10499999999956	0	0
5.33300000000054	1.13400000000001	4.76000000000022	0	0
5.45700000000033	1.95000000000005	4.99600000000009	0	0
5.77300000000014	2.13800000000015	4.95600000000013	0	0
5.20899999999983	1.27199999999993	4.75799999999981	0	0
5.62899999999991	2.03400000000011	4.99399999999969	0	0
4.98900000000049	0.970000000000027	4.58100000000013	0	0
5.40999999999985	1.54899999999998	4.76900000000023	0	0
5.31099999999969	1.55100000000016	4.83100000000013	0	0
5.75699999999961	2.57199999999989	5.15700000000015	0	0
5.32499999999982	1.43600000000015	4.70899999999983	0	0
5.19500000000062	1.35599999999999	4.61699999999928	0	0
5.1889999999994	1.37100000000009	4.68299999999999	0	0
5.80100000000039	2.38700000000017	5.11399999999958	0	0
5.43199999999979	1.26900000000001	5.05500000000029	0	0
5.58699999999953	1.63000000000011	5.17900000000009	0	0
5.86200000000008	2.11000000000013	5.04500000000007	0	0
5.82800000000043	2.52600000000007	5.02999999999975	0	0
5.38400000000001	1.88200000000006	4.89999999999964	0	0
5.01900000000023	1.41200000000003	4.74799999999959	0	0
5.45700000000033	1.80600000000004	4.91399999999976	0	0
5.55000000000018	1.97500000000014	4.84199999999964	0	0
5.19599999999991	1.00099999999998	5.10800000000017	0	0
5.31800000000021	1.04200000000014	5.01299999999992	0	0
5.63000000000011	2.2360000000001	5.79299999999967	0	0
5.6869999999999	2.01700000000005	5.45200000000023	0	0
5.18000000000029	0.951999999999998	4.98900000000049	0	0
6.47099999999955	3.48699999999985	5.51299999999992	0	0
5.1899999999996	1.30700000000002	4.69899999999961	0	0
5.76099999999951	1.798	4.90499999999975	0	0
5.34100000000035	1.35799999999995	5.01800000000003	0	0
5.25200000000041	1.077	4.82399999999961	0	0
5.21099999999933	1.1880000000001	4.8130000000001	0	0
4.74499999999989	0.559999999999945	4.76099999999951	0	0
5.20499999999993	1.19100000000003	4.92000000000007	0	0
5.24600000000009	1.25999999999999	5.14400000000023	0	0
5.23399999999947	1.27399999999989	4.73799999999937	0	0
5.57600000000002	1.5630000000001	5.1840000000002	0	0
5.28899999999976	1.25999999999999	5.06700000000001	0	0
6.19399999999951	3.05899999999997	5.29100000000017	0	0
5.98500000000058	2.14400000000001	5.17199999999957	0	0
5.83399999999983	2.60100000000011	4.98499999999967	0	0
5.31600000000071	1.42099999999982	4.91200000000026	0	0
5.72500000000036	1.92200000000003	4.8760000000002	0	0
5.29399999999987	1.13999999999987	4.78400000000056	0	0
5.7470000000003	1.35400000000004	5.01899999999932	0	0
5.49099999999999	1.60200000000009	5.19300000000021	0	0
5.67299999999977	2.35599999999999	5.0619999999999	0	0
5.13799999999992	1.05400000000009	4.76400000000012	0	0
5.27300000000014	1.10100000000011	4.86800000000039	0	0
5.48099999999977	1.53699999999981	4.78099999999995	0	0
5.21000000000004	1.08500000000004	4.52300000000014	0	0
5.87800000000061	2.28099999999995	5.2559999999994	0	0
5.55599999999959	1.45399999999995	4.85300000000007	0	0
5.1909999999998	1.05200000000013	4.73199999999997	0	0
5.95200000000023	2.42899999999986	5.21700000000055	0	0
5.65500000000065	1.90200000000004	5.12800000000061	0	0
5.4320000000007	1.44999999999982	4.96399999999994	0	0
5.39599999999973	1.44399999999996	4.72500000000036	0	0
5.1889999999994	0.906999999999925	4.80400000000009	0	0
4.8809999999994	0.807000000000016	4.63300000000072	0	0
5.13400000000001	1.03600000000006	4.68900000000031	0	0
5.44900000000052	1.86400000000003	4.73199999999997	0	0
5.23099999999977	1.30399999999986	4.78800000000047	0	0
4.88200000000052	0.646999999999935	4.57300000000032	0	0
5.47900000000027	1.46500000000015	4.75799999999981	0	0
5.42299999999977	1.69100000000003	4.78499999999985	0	0
5.31800000000021	2.16700000000014	5.00699999999961	0	0
5.40300000000025	1.45299999999997	4.76900000000023	0	0
6.04899999999998	3.24699999999984	5.36800000000039	0	0
6.875	3.40599999999995	6.12599999999929	0	0
5.17399999999998	1.12900000000013	4.81299999999919	0	0
5.30500000000029	1.43200000000002	4.93700000000081	0	0
5.59299999999985	2.00900000000001	5.17699999999968	0	0
5.14999999999964	1.43899999999985	4.90500000000065	0	0
5.78800000000047	2.59299999999985	5.51599999999962	0	0
5.27400000000034	1.66100000000006	4.98000000000047	0	0
5.15899999999965	0.897999999999911	5.05500000000029	0	0
5.46399999999994	1.721	5.20300000000043	0	0
5.32300000000032	1.15499999999997	5.17500000000018	0	0
5.36400000000049	1.57099999999991	4.98999999999978	0	0
5.72700000000077	2.20899999999983	4.92900000000009	0	0
5.52199999999993	1.45799999999986	4.83299999999963	0	0
5.48899999999958	2.41800000000012	5.0059999999994	0	0
4.92100000000028	0.757000000000062	4.70100000000002	0	0
5.85500000000047	2.66200000000003	5.52299999999923	0	0
5.02499999999964	0.602000000000089	4.69499999999971	0	0
5.25300000000061	1.94100000000003	4.82399999999961	0	0
5.19599999999991	1.44000000000005	5.12100000000009	0	0
5.3159999999998	1.58600000000001	4.96799999999985	0	0
5.69800000000032	1.68100000000004	5.01699999999983	0	0
5.74399999999969	1.69399999999996	4.90800000000036	0	0
5.32099999999991	1.02199999999993	4.79899999999998	0	0
6.16200000000026	2.0139999999999	5.84900000000016	0	0
5.51099999999951	1.45900000000006	5.23099999999977	0	0
5.625	1.58799999999997	4.79200000000037	0	0
5.83100000000013	2.46800000000007	5.22299999999996	0	0
5.50900000000001	1.96599999999989	5.02499999999964	0	0
5.79299999999967	2.00499999999988	4.97000000000025	0	0
5.57900000000063	2.30899999999997	5.42299999999977	0	0
5.03400000000056	1.25199999999995	5.03700000000026	0	0
5.3119999999999	1.16200000000003	5.00799999999981	0	0
5.06400000000031	1.24600000000009	4.92100000000028	0	0
5.35699999999997	1.2829999999999	5.08399999999983	0	0
5.40899999999965	1.30700000000002	5.00700000000052	0	0
5.04500000000007	0.804000000000087	4.52599999999984	0	0
5.25900000000001	1.67900000000009	5.05000000000018	0	0
5.39399999999932	1.29999999999995	4.82699999999932	0	0
5.83899999999994	2.31200000000013	5.07999999999993	0	0
4.98100000000068	0.54099999999994	4.44499999999971	0	0
5.75600000000031	2.00700000000006	5.31400000000031	0	0
5.18399999999929	1.43900000000008	4.78499999999985	0	0
5.27599999999984	1.48900000000003	4.70299999999952	0	0
5.09199999999964	0.9849999999999	5.15799999999945	0	0
5.63299999999981	1.30199999999991	5.74600000000009	0	0
5.79899999999998	2.00299999999993	5.05199999999968	0	0
5.09799999999996	0.557000000000016	4.75900000000001	0	0
5.0659999999998	0.598999999999933	4.58500000000004	0	0
4.92699999999968	0.857000000000198	4.56999999999971	0	0
5.16499999999996	1.27199999999993	4.88299999999981	0	0
5.39300000000003	1.49099999999999	4.68199999999979	0	0
5.52300000000014	1.74900000000025	5.15599999999995	0	0
5.35900000000038	1.71900000000005	4.82800000000043	0	0
5.6880000000001	1.68100000000004	4.96199999999953	0	0
5.7489999999998	1.60799999999972	5.5619999999999	0	0
5.19000000000051	1.32699999999977	4.82699999999932	0	0
5.52500000000055	1.73500000000013	4.99799999999959	0	0
5.47499999999945	1.57999999999993	5.21500000000015	0	0
5.02700000000004	0.769999999999982	4.78399999999965	0	0
5.72800000000007	2.32000000000016	4.84699999999975	0	0
5.50900000000001	1.9340000000002	4.84799999999996	0	0
6.16499999999996	2.80999999999995	5.40999999999985	0	0
5.77799999999934	2.43600000000015	5.43299999999999	0	0
5.86800000000039	2.36599999999999	5.10199999999986	0	0
5.64699999999993	2.20999999999958	5.01900000000023	0	0
6.15000000000055	2.00900000000001	5.45100000000002	0	0
5.62899999999991	2.18100000000004	5.32699999999932	0	0
5.67299999999977	1.84299999999985	5.13100000000031	0	0
5.21000000000004	1.2170000000001	5.15200000000004	0	0
5.71399999999994	2.58599999999979	4.97100000000046	0	0
5.61699999999928	1.82899999999972	5.24199999999928	0	0
5.22699999999986	1.1869999999999	4.80499999999938	0	0
6.1929999999993	2.63299999999981	5.625	0	0
5.2510000000002	1.21599999999989	4.55500000000029	0	0
5.40999999999985	1.4699999999998	4.93299999999999	0	0
5.39199999999983	1.95400000000018	4.98499999999967	0	0
5.32900000000063	1.62699999999995	5.06999999999971	0	0
5.59299999999985	1.89200000000028	5.1840000000002	0	0
5.37700000000041	1.28499999999985	4.90200000000004	0	0
5.55799999999999	2.11799999999994	4.87100000000009	0	0
4.94999999999982	0.79300000000012	4.66100000000006	0	0
5.05299999999988	1.25799999999981	4.53499999999985	0	0
5.5630000000001	1.74800000000005	4.77199999999993	0	0
5.57600000000002	1.97499999999991	5.36799999999948	0	0
5.96700000000055	2.74400000000014	5.25200000000041	0	0
6.43900000000031	2.41900000000032	6.20499999999993	0	0
5.45699999999943	2.01899999999978	5.28200000000015	0	0
5.1880000000001	1.39600000000019	5.11100000000079	0	0
5.28099999999995	1.5619999999999	4.8769999999995	0	0
5.09199999999964	1.61200000000008	4.92399999999998	0	0
5.92500000000018	2.01299999999992	5.67100000000028	0	0
5.36899999999969	1.80099999999993	4.89900000000034	0	0
5.75700000000052	2.25500000000011	4.97100000000046	0	0
4.97800000000097	1.21399999999994	4.9340000000002	0	0
5.62900000000081	2.7810000000004	5.28499999999985	0	0
5.56500000000051	0.903999999999996	5.6220000000003	0	0
5.51200000000063	1.54700000000003	4.84199999999964	0	0
5.77999999999884	2.15900000000011	5.18900000000031	0	0
5.55600000000049	1.58400000000029	4.86899999999969	0	0
5.27599999999984	1.04800000000023	4.99099999999999	0	0
5.41899999999987	1.66899999999987	5.35199999999986	0	0
5.31400000000031	0.916999999999916	5.08399999999983	0	0
6.07300000000032	1.96300000000019	5.37100000000009	0	0
5.84100000000035	2.33199999999988	5.15699999999924	0	0
6.05799999999908	2.14699999999993	5.56099999999969	0	0
4.87799999999879	0.541999999999916	4.57899999999972	0	0
5.1260000000002	1.30299999999988	4.61800000000039	0	0
10.4650000000001	2.56100000000015	9.73299999999927	0	0
5.46200000000135	1.91300000000001	4.89400000000023	0	0
5.79099999999926	1.346	5.6279999999997	0	0
5.40099999999984	1.37599999999975	5.01900000000023	0	0
5.05999999999949	1.07799999999997	4.57700000000023	0	0
5.51000000000022	1.64900000000034	4.73500000000058	0	0
5.3739999999998	1.93299999999999	4.72100000000046	0	0
5.78099999999904	1.65200000000004	5.06700000000001	0	0
4.97800000000097	0.547999999999774	4.83900000000085	0	0
6.14800000000105	2.09500000000025	5.4950000000008	0	0
5.00200000000041	1.06399999999985	4.51700000000073	0	0
4.97999999999956	0.789999999999964	4.82199999999921	0	0
5.31700000000092	1.50900000000001	4.75	0	0
4.77499999999964	0.469000000000051	4.48499999999967	0	0
5.01900000000023	0.990999999999985	4.83399999999983	0	0
5.10000000000036	0.967999999999847	4.78499999999985	0	0
5.31600000000071	1.39400000000023	4.85999999999967	0	0
5.78199999999924	2.09700000000021	4.95399999999972	0	0
6.17199999999866	2.1869999999999	5.55499999999938	0	0
6.15899999999965	2.28200000000015	5.36700000000019	0	0
5.40400000000045	1.88999999999987	4.80899999999929	0	0
5.70099999999911	1.85699999999997	5.10699999999997	0	0
5.58799999999974	1.64399999999978	5.18100000000049	0	0
5.95099999999911	1.9380000000001	5.1820000000007	0	0
5.85699999999997	2.49099999999999	5.28399999999965	0	0
5.4380000000001	1.23700000000008	4.91899999999987	0	0
4.76799999999821	0.713000000000193	4.52700000000004	0	0
5.61000000000058	1.76300000000037	4.79100000000017	0	0
4.79199999999946	0.669000000000324	4.47800000000007	0	0
5.8130000000001	1.07700000000023	5.28500000000076	0	0
5.29799999999886	1.34900000000016	4.69999999999982	0	0
5.72999999999956	2.51600000000008	5.19799999999941	0	0
5.06999999999971	0.821000000000367	4.90599999999995	0	0
5.56100000000151	1.83500000000004	4.96699999999964	0	0
5.20199999999932	1.43299999999999	4.97899999999936	0	0
5.06500000000051	1.00700000000006	4.75099999999929	0	0
4.93500000000131	0.540000000000418	4.59000000000015	0	0
5.76400000000103	2.36999999999989	5.11800000000039	0	0
5.63799999999901	1.94999999999982	4.93000000000029	0	0
5.26699999999983	1.37899999999991	4.68299999999999	0	0
5.33999999999833	1.56799999999976	4.83399999999983	0	0
5.22400000000016	1.54200000000037	4.94400000000041	0	0
4.94999999999891	0.775000000000091	4.46100000000115	0	0
5.60900000000038	1.69999999999982	4.91300000000047	0	0
5.86499999999978	2.221	4.91100000000006	0	0
5.34799999999996	0.731999999999971	5.07599999999911	0	0
5.52599999999984	1.64600000000019	4.90200000000004	0	0
4.97400000000016	0.686000000000149	4.48799999999937	0	0
5.25099999999838	0.929000000000087	4.64600000000064	0	0
4.95600000000013	0.800999999999931	4.85199999999895	0	0
5.63999999999942	1.95000000000027	5.0580000000009	0	0
5.91900000000169	3.01899999999978	5.21800000000076	0	0
5.07799999999952	0.932999999999993	4.85599999999977	0	0
5.51199999999881	1.55600000000004	5.17699999999968	0	0
5.63600000000042	2.37699999999995	5.41300000000047	0	0
4.92900000000009	0.588000000000193	4.77899999999863	0	0
5.8739999999998	1.31399999999985	5.58099999999831	0	0
5.83200000000033	2.66300000000001	5.35100000000057	0	0
5.29600000000028	1.06399999999985	4.85800000000017	0	0
5.17699999999968	1.02300000000014	4.71500000000015	0	0
5.19800000000032	1.33399999999983	4.93399999999929	0	0
6.48500000000058	3.13500000000022	5.90300000000025	0	0
5.49799999999959	1.89100000000008	4.90699999999924	0	0
6.1190000000006	3.50599999999986	5.80599999999868	0	0
5.49199999999837	1.87899999999991	4.71899999999914	0	0
5.82600000000093	2.53500000000031	5.26100000000042	0	0
5.77300000000105	1.30700000000024	5.52599999999984	0	0
5.23899999999958	1.24499999999989	5.16100000000006	0	0
5.28300000000127	1.36200000000008	4.99800000000141	0	0
5.28600000000006	1.70899999999983	4.96899999999914	0	0
5.30199999999968	1.53600000000006	5.11499999999978	0	0
5.58300000000054	1.5	4.9320000000007	0	0
5.47999999999956	1.8159999999998	4.98099999999977	0	0
5.83299999999872	2.30999999999995	5.63699999999881	0	0
5.20899999999892	1.14200000000028	4.99200000000019	0	0
6.49199999999837	2.48399999999992	5.79599999999846	0	0
4.89300000000003	0.686000000000149	4.60399999999936	0	0
4.97099999999955	0.867999999999938	4.69599999999991	0	0
4.96500000000015	1.26500000000033	5.29000000000087	0	0
5.84699999999975	2.10400000000027	5.23300000000017	0	0
5.90500000000065	2.76099999999997	5.49399999999878	0	0
5.53899999999885	1.8760000000002	4.86299999999937	0	0
5.42299999999886	1.57200000000012	4.89899999999943	0	0
5.43900000000031	1.38699999999972	4.78099999999904	0	0
6.13899999999921	2.06700000000001	5.55999999999949	0	0
5.13699999999881	1.1260000000002	4.78600000000006	0	0
5.51800000000003	1.86200000000008	4.9989999999998	0	0
5.71500000000015	1.74099999999999	4.94399999999951	0	0
5.1239999999998	1.27399999999989	5.04399999999987	0	0
5.74299999999857	1.76299999999992	4.93000000000029	0	0
4.93299999999908	0.539000000000215	4.46800000000076	0	0
5.34299999999894	1.44399999999996	4.84100000000035	0	0
5.20100000000093	1.30600000000004	4.88900000000103	0	0
5.15500000000065	1.64699999999993	4.78099999999904	0	0
5.43599999999969	1.97899999999981	4.95299999999952	0	0
5.32800000000134	1.20999999999958	4.8760000000002	0	0
5.72500000000036	1.89099999999962	5.3130000000001	0	0
5.88100000000122	2.83399999999983	5.41100000000006	0	0
4.79099999999926	0.679999999999836	4.55499999999847	0	0
5.93900000000031	2.71099999999979	5.14199999999983	0	0
5.78999999999905	2.40899999999965	4.8739999999998	0	0
5.20699999999852	1.2189999999996	4.90999999999985	0	0
4.78600000000006	0.508000000000266	4.34499999999935	0	0
5.55600000000049	1.01700000000028	5.31499999999869	0	0
5.10800000000017	1.01699999999983	4.82599999999911	0	0
5.41700000000128	1.8430000000003	4.77599999999984	0	0
5.18000000000029	1.2510000000002	4.94800000000032	0	0
5.55399999999827	2.04700000000003	5.13799999999901	0	0
5.88500000000022	1.48699999999963	5.4419999999991	0	0
5.43500000000131	1.32699999999977	4.85000000000036	0	0
5.42100000000028	1.91800000000012	4.67000000000007	0	0
5.54000000000087	1.29600000000028	5.0580000000009	0	0
5.23300000000017	1.41499999999996	5.04900000000089	0	0
5.42900000000009	0.543999999999869	4.96199999999953	0	0
4.88000000000102	0.702000000000226	4.69900000000052	0	0
5.39699999999903	1.6220000000003	5.03000000000065	0	0
5.27700000000004	0.916000000000167	4.86499999999978	0	0
6.17100000000028	2.2170000000001	5.3849999999984	0	0
5.78700000000026	1.79500000000007	6.11599999999999	0	0
6.23800000000119	2.94399999999996	5.50699999999961	0	0
5.32700000000114	1.2829999999999	4.91400000000067	0	0
5.82899999999972	2.26499999999987	5.04299999999967	0	0
5.50199999999859	1.58500000000004	4.9380000000001	0	0
5.30099999999948	0.980000000000018	4.66299999999865	0	0
5.21200000000135	1.4060000000004	4.79099999999926	0	0
4.96099999999933	0.876999999999953	4.73199999999997	0	0
4.70299999999952	0.429000000000087	4.96400000000176	0	0
5.00900000000001	0.812000000000353	4.4330000000009	0	0
5.84900000000016	1.44200000000001	5.64500000000044	0	0
5.26600000000144	1.29100000000017	4.79700000000048	0	0
5.67699999999968	1.81700000000001	5.36399999999958	0	0
6.00500000000102	1.68399999999974	5.47899999999936	0	0
5.55900000000111	2.09400000000005	5.0059999999994	0	0
5.38100000000122	1.47699999999986	5.07200000000012	0	0
5.03399999999965	1.375	4.62099999999919	0	0
4.8690000000006	0.94399999999996	4.6820000000007	0	0
5.39600000000064	1.52799999999979	4.87199999999939	0	0
5.28499999999985	1.23200000000043	4.9320000000007	0	0
5.30899999999929	1.25	4.70899999999892	0	0
5.75200000000041	2.20500000000038	4.93500000000131	0	0
5.42299999999886	1.52799999999979	4.77399999999943	0	0
6.05199999999968	1.48300000000017	5.39600000000064	0	0
5.20799999999872	1.29599999999982	4.85499999999956	0	0
5.54999999999927	1.78500000000031	4.73700000000099	0	0
6.08799999999974	1.51499999999987	5.45499999999993	0	0
5.34199999999873	0.804999999999836	5.10699999999997	0	0
5.3690000000006	1.29100000000017	4.66199999999844	0	0
5.15000000000146	0.913000000000011	4.78399999999965	0	0
5.32099999999991	1.30299999999988	4.84000000000015	0	0
5.72099999999955	1.05400000000009	5.20200000000114	0	0
5.871000000001	2.6239999999998	5.23700000000099	0	0
4.90600000000086	1.06299999999965	4.67200000000048	0	0
5.16699999999946	0.820000000000164	4.99599999999919	0	0
5.52100000000064	2.00199999999995	5.02100000000064	0	0
5.80899999999929	1.41100000000006	5.23500000000058	0	0
5.15899999999965	1.29899999999998	5.14700000000084	0	0
5.23799999999937	1.16300000000001	4.91600000000108	0	0
4.97599999999875	1.25399999999991	4.84599999999955	0	0
5.12300000000141	0.822000000000116	4.92300000000068	0	0
6.378999999999	2.16499999999996	5.89699999999903	0	0
6.22199999999975	2.71199999999999	5.15000000000146	0	0
4.9989999999998	0.800000000000182	4.64400000000023	0	0
6.60399999999936	2.39900000000034	6.05600000000049	0	0
5.83799999999974	2.22200000000021	5.14399999999841	0	0
4.99200000000019	0.735999999999876	4.41199999999844	0	0
5.34400000000096	1.24499999999989	4.76900000000023	0	0
5.21500000000015	1.19200000000001	4.67599999999948	0	0
5.54099999999926	1.11099999999988	5.22699999999895	0	0
5.47499999999854	1.91399999999976	4.8700000000008	0	0
5.29500000000007	1.49800000000005	4.75900000000001	0	0
5.45499999999993	1.43399999999974	4.91699999999946	0	0
4.97799999999916	0.85799999999972	4.5570000000007	0	0
5.79099999999926	2.03400000000011	5.08899999999994	0	0
5.45499999999993	1.57700000000023	4.93900000000031	0	0
5.16200000000026	1.53999999999996	5.31499999999869	0	0
5.65500000000065	1.76500000000033	4.96700000000055	0	0
5.89799999999923	1.98199999999997	5.20499999999993	0	0
5.81700000000092	1.05600000000004	5.17500000000109	0	0
5.38800000000083	1.471	4.72699999999895	0	0
5.50699999999961	1.39800000000014	4.76399999999921	0	0
6.18599999999969	2.17299999999977	5.39099999999962	0	0
5.14499999999862	1.13099999999986	4.71799999999894	0	0
5.01400000000103	0.831000000000131	4.89900000000125	0	0
5.07699999999932	1.09099999999989	4.96299999999974	0	0
5.0679999999993	1.0329999999999	4.53199999999924	0	0
6.40699999999924	2.19899999999961	5.4489999999987	0	0
5.44400000000132	1.46099999999979	4.90299999999843	0	0
5.14399999999841	1.03800000000001	4.85500000000138	0	0
5.85299999999916	1.87400000000025	4.86200000000099	0	0
5.3179999999993	1.30400000000009	4.56999999999971	0	0
5.8130000000001	2.10500000000002	5.09600000000137	0	0
5.13799999999901	0.966000000000349	4.69200000000092	0	0
5.14099999999962	1.1840000000002	4.54399999999987	0	0
5.59300000000076	1.13800000000037	5.27200000000084	0	0
5.07599999999911	1.07700000000023	4.6929999999993	0	0
5.39000000000124	1.24800000000005	4.8119999999999	0	0
5.42999999999847	1.38400000000001	5.15599999999904	0	0
5.04700000000048	0.730999999999767	4.66399999999885	0	0
5.55400000000009	1.81100000000015	4.91699999999946	0	0
5.22400000000016	1.346	4.90200000000004	0	0
5.88900000000103	2.30400000000009	5.35800000000017	0	0
5.57599999999911	0.965999999999894	5.35600000000159	0	0
5.69800000000032	2.15899999999965	5.33400000000074	0	0
5.57099999999991	1.79600000000028	4.92200000000048	0	0
5.78299999999945	1.54299999999967	5.69599999999991	0	0
5.64700000000084	1.63400000000001	5.01499999999942	0	0
5.21099999999933	1.41100000000006	4.9940000000006	0	0
6.46500000000015	3.01899999999978	5.90700000000106	0	0
5.60299999999916	2.04800000000023	5.02700000000004	0	0
5.20600000000013	1.13099999999986	5.08699999999953	0	0
6.00700000000143	1.50499999999965	5.61499999999978	0	0
5.39899999999943	1.74299999999994	5.62099999999919	0	0
5.46900000000096	1.87699999999995	4.99599999999919	0	0
5.99499999999898	1.25799999999981	5.51600000000144	0	0
5.89300000000003	2.3119999999999	5.22100000000137	0	0
5.44599999999991	2.13200000000006	5.34300000000076	0	0
5.51800000000003	1.48900000000003	5.15700000000106	0	0
5.63200000000143	2.3119999999999	5.26400000000103	0	0
5.20500000000175	1.50199999999995	4.86599999999999	0	0
5.52800000000025	1.81899999999996	5.04500000000007	0	0
5.46999999999935	2.16599999999971	5.13299999999981	0	0
5.78300000000127	1.01800000000003	5.60000000000036	0	0
5.82300000000032	1.83599999999979	5.01100000000042	0	0
6.01000000000022	1.846	4.92000000000007	0	0
5.41399999999885	1.4050000000002	4.84600000000137	0	0
6.44099999999889	2.64000000000033	5.9369999999999	0	0
5.746000000001	2.08800000000019	4.88000000000102	0	0
5.39300000000003	1.07300000000032	4.76300000000083	0	0
6.03900000000067	2.06700000000001	5.84799999999996	0	0
6.20899999999892	2.70400000000018	5.36999999999898	0	0
5.24099999999999	1.09899999999971	4.5669999999991	0	0
6.28399999999965	3.59900000000016	5.61800000000039	0	0
5.23099999999977	1.19500000000016	4.875	0	0
5.76800000000003	0.958999999999833	5.28000000000065	0	0
5.66699999999946	1.59400000000005	4.98899999999958	0	0
5.48800000000119	1.76199999999972	4.99399999999878	0	0
5.14599999999882	0.662000000000262	4.63800000000083	0	0
5.23799999999937	1.15200000000004	4.67200000000048	0	0
4.89099999999962	0.632000000000062	4.73899999999958	0	0
5.73300000000017	1.67599999999993	5.31400000000031	0	0
5.78300000000127	2.06800000000021	5.21999999999935	0	0
5.12099999999919	0.96100000000024	4.7450000000008	0	0
5.67900000000009	2.09299999999985	4.84199999999873	0	0
5.65400000000045	1.92700000000013	5.27400000000125	0	0
5.17000000000007	0.980999999999767	4.70999999999913	0	0
6.21500000000015	2.89599999999973	5.4950000000008	0	0
5.4380000000001	1.2199999999998	5.06600000000071	0	0
5.4989999999998	1.64000000000033	4.92699999999968	0	0
5.59000000000015	1.76299999999992	5.10499999999956	0	0
6.10900000000038	2.28999999999996	5.84300000000076	0	0
5.21600000000035	1.23500000000013	5.09300000000076	0	0
5.83499999999913	2.53099999999995	5.20900000000074	0	0
5.70199999999932	2.16899999999987	5.14900000000125	0	0
5.01699999999983	0.509000000000015	4.92200000000048	0	0
5.59600000000137	1.90599999999995	5.17100000000028	0	0
5.42799999999988	1.25599999999986	4.86300000000119	0	0
5.55500000000029	1.57499999999982	5.11599999999999	0	0
6.34299999999894	2.1880000000001	5.6190000000006	0	0
5.82099999999991	2.73100000000022	5.36800000000039	0	0
4.9280000000017	0.665999999999713	5.04600000000028	0	0
6.36599999999999	2.41300000000001	5.621000000001	0	0
5.47299999999996	2.07200000000012	5.13500000000022	0	0
5.46599999999853	1.47899999999981	4.60299999999916	0	0
6.84900000000016	3.28700000000026	6.29500000000007	0	0
5.23100000000159	0.867999999999938	4.71199999999953	0	0
5.17499999999927	1.35199999999986	5.003999999999	0	0
5.39199999999983	1.30999999999995	4.99099999999999	0	0
5.09900000000016	0.776999999999589	4.87099999999919	0	0
5.69599999999991	2.36299999999983	4.95100000000093	0	0
5.40899999999965	1.25900000000001	4.88600000000042	0	0
5.38300000000163	1.51999999999998	5.07600000000093	0	0
5.82699999999932	2.00700000000006	5.47700000000077	0	0
5.9489999999987	2.64600000000019	5.4890000000014	0	0
5.15600000000086	1.09899999999971	4.92100000000028	0	0
5.08999999999833	1.38299999999981	5.11399999999958	0	0
6.15800000000127	1.48700000000008	5.63199999999961	0	0
5.10300000000097	0.714999999999691	4.48999999999978	0	0
5.31700000000092	0.996999999999844	4.70499999999993	0	0
6.23099999999977	2.01699999999983	5.57999999999993	0	0
5.15400000000045	0.996999999999844	5.00500000000102	0	0
5.4429999999993	2.096	4.89800000000105	0	0
5.3119999999999	1.61000000000013	4.87800000000061	0	0
5.2549999999992	1.38300000000027	5.10699999999997	0	0
5.25400000000081	1.36799999999994	4.94399999999951	0	0
5.69000000000051	2.53999999999996	5.07200000000012	0	0
5.48999999999978	1.66699999999992	5.36800000000039	0	0
5.96299999999974	2.17399999999998	5.23300000000017	0	0
11.6710000000003	4.82999999999993	10.5550000000003	0	0
5.54299999999967	1.7829999999999	5.03600000000006	0	0
5.48600000000079	1.47600000000011	5.39199999999983	0	0
5.16599999999926	0.916999999999916	4.84400000000096	0	0
4.99699999999939	0.697999999999865	4.75699999999961	0	0
5.18599999999969	1.154	4.68900000000031	0	0
5.0729999999985	0.884000000000015	4.48199999999997	0	0
4.88299999999981	1.02100000000019	4.62200000000121	0	0
5.18900000000031	1.42499999999973	4.58600000000115	0	0
5.22299999999996	1.12099999999964	4.93500000000131	0	0
5.02099999999882	1.00900000000001	4.9940000000006	0	0
5.02499999999964	0.871999999999844	4.51599999999962	0	0
5.96900000000096	2.8119999999999	5.51800000000003	0	0
5.73300000000017	1.221	5.375	0	0
5.13199999999961	1.0920000000001	4.83200000000033	0	0
5.84699999999975	1.86000000000013	5.21999999999935	0	0
5.7599999999984	2.24800000000005	5.15000000000146	0	0
5.23100000000159	1.14000000000033	4.65799999999945	0	0
5.11599999999999	0.99100000000044	4.73699999999917	0	0
5.35699999999997	1.08300000000008	4.89700000000084	0	0
5.5530000000017	2.1550000000002	5.16599999999926	0	0
5.26699999999983	1.0319999999997	4.98599999999897	0	0
5.17200000000048	1.15800000000036	4.9469999999983	0	0
6.2440000000006	1.93100000000004	5.78600000000006	0	0
5.70200000000114	2.69599999999991	4.98999999999978	0	0
5.13400000000001	0.822000000000116	4.60000000000036	0	0
5.29399999999987	1.38599999999997	4.83100000000013	0	0
5.61599999999999	2.22299999999996	5.01600000000144	0	0
