13.281	14.823	12.228	0	0
9.957	8.076	9.288	0	0
13.702	14.001	10.505	0	0
7.182	5.93599999999999	4.889	0	0
5.08499999999999	3.565	5.212	0	0
5.65100000000001	4.033	5.89700000000001	0	0
5.69900000000001	3.343	5.886	0	0
9.655	5.77200000000002	9.25	0	0
9.70600000000002	6.00899999999999	10.059	0	0
4.93599999999998	3.25099999999998	5.441	0	0
6.09100000000001	4.131	5.99099999999999	0	0
4.98599999999999	3.505	5.05099999999999	0	0
4.43800000000002	1.99299999999999	5.12	0	0
4.005	2.02500000000001	3.90300000000002	0	0
9.16500000000002	5.36700000000002	9.208	0	0
4.101	2.631	4.10500000000002	0	0
8.49899999999997	4.23599999999999	9.23500000000001	0	0
9.24900000000002	6.03399999999999	10.806	0	0
8.11799999999999	4.21600000000001	8.39100000000002	0	0
14.701	10.738	14.834	0	0
4.45799999999997	3.34199999999998	4.702	0	0
4.12700000000001	1.77999999999997	4.34899999999999	0	0
4.37099999999998	2.10399999999998	4.01100000000002	0	0
4.46899999999999	2.75900000000001	5.09100000000001	0	0
4.06099999999998	1.62	4.70699999999999	0	0
9.80600000000004	6.25999999999999	9.69999999999999	0	0
4.19200000000001	2.29500000000002	3.70299999999997	0	0
5.18599999999998	3.92500000000001	4.52699999999999	0	0
6.34499999999997	6.89099999999996	6.34100000000001	0	0
4.45100000000002	3.12799999999999	4.649	0	0
4.81	3.08199999999999	5.03100000000001	0	0
4.44999999999999	2.09599999999995	5.90700000000004	0	0
11.319	7.58599999999996	11.091	0	0
6.01400000000001	5.27000000000004	5.19099999999992	0	0
8.84699999999998	5.03500000000003	9.30400000000009	0	0
5.59900000000005	4.65499999999997	5.82799999999997	0	0
6.87599999999998	5.21100000000001	5.41499999999996	0	0
15.8589999999999	13.405	14.331	0	0
9.57799999999997	5.69	10.592	0	0
23.053	18.658	19.2410000000001	0	0
4.827	2.96100000000001	3.94099999999992	0	0
4.89099999999996	3.32899999999995	4.46499999999992	0	0
4.23399999999992	2.04200000000003	4.53999999999996	0	0
3.91100000000006	1.99700000000007	4.149	0	0
10.902	8.49299999999994	10.801	0	0
4.15899999999999	1.59199999999998	5.11400000000003	0	0
14.664	10.418	14.746	0	0
9.29399999999998	12.136	6.59500000000003	0	0
5.67899999999997	5.572	5.04200000000003	0	0
5.84300000000007	4.50800000000004	5.71500000000003	0	0
5.44500000000005	4.04300000000001	5.23400000000004	0	0
11.396	9.94500000000005	9.51800000000003	0	0
12.923	14.415	10.5459999999999	0	0
10.463	8.20000000000005	11.001	0	0
5.96299999999997	5.99199999999996	6.04399999999998	0	0
12.7660000000001	12.8299999999999	10.98	0	0
10.8259999999999	8.76900000000001	9.43899999999996	0	0
4.69700000000012	2.67200000000003	5.00599999999997	0	0
9.83100000000013	6.077	9.95899999999995	0	0
11.7659999999998	9.60399999999993	10.6719999999998	0	0
10.8000000000002	9.25699999999995	9.66499999999996	0	0
4.74000000000001	2.24700000000007	4.66699999999992	0	0
5.27099999999996	4.14099999999996	4.90200000000004	0	0
3.65699999999993	1.17399999999998	4.76099999999997	0	0
4.15199999999982	2.15800000000002	5.63900000000012	0	0
10.0339999999999	7.11000000000001	8.04700000000003	0	0
12.444	12.329	10.598	0	0
3.76199999999994	1.38199999999995	4.40200000000004	0	0
5.90899999999988	5.31400000000008	5.53700000000003	0	0
11.7539999999999	9.89999999999998	9.34399999999982	0	0
4.1690000000001	2.28499999999997	4.71200000000022	0	0
6.51299999999992	6.54399999999998	5.44799999999987	0	0
4.96599999999989	3.82299999999998	5.0440000000001	0	0
3.94200000000001	1.52999999999997	4.24299999999994	0	0
5.69900000000007	3.21699999999998	5.01800000000003	0	0
6.12699999999995	4.89599999999996	5.39100000000008	0	0
7.85699999999997	8.42399999999998	5.15099999999984	0	0
16.229	7.56899999999996	17.5730000000001	0	0
8.76199999999994	4.202	8.29499999999985	0	0
10.4859999999999	8.47800000000007	9.58600000000001	0	0
4.83399999999983	3.23200000000008	3.5010000000002	0	0
5.65200000000004	5.32099999999991	5.04899999999998	0	0
8.56099999999992	5.25300000000004	8.95700000000011	0	0
10.489	7.25900000000001	9.32600000000002	0	0
4.548	3.0469999999998	5.00800000000004	0	0
6.08899999999994	5.29099999999994	5.14499999999998	0	0
5.23700000000008	4.28500000000008	4.29499999999985	0	0
5.20699999999988	4.59500000000003	4.70899999999983	0	0
9.80999999999995	7.32799999999997	9.63699999999994	0	0
14.3499999999999	8.55400000000009	13.702	0	0
5.04500000000007	3.27999999999997	4.8119999999999	0	0
4.52499999999986	2.42999999999984	4.43599999999992	0	0
6.2510000000002	5.32099999999991	4.327	0	0
9.87400000000002	7.33899999999994	9.52400000000011	0	0
11.7180000000001	10.1870000000001	9.9340000000002	0	0
6.02500000000009	5.05600000000004	4.70000000000005	0	0
4.83300000000008	3.74099999999999	4.39999999999986	0	0
11.2719999999999	9.84199999999987	10.0590000000002	0	0
5.73000000000002	3.83600000000001	4.97700000000009	0	0
10.99	10.1950000000002	10.0629999999999	0	0
5.34500000000003	2.68599999999992	4.82199999999989	0	0
12.3200000000002	4.46399999999994	15.4750000000001	0	0
4.30099999999993	3.22800000000007	4.37199999999984	0	0
9.65899999999988	5.94600000000014	8.24199999999996	0	0
10.3420000000001	5.95399999999995	9.68399999999997	0	0
15.116	10.423	14.7370000000001	0	0
13.373	7.6880000000001	14.539	0	0
4.19000000000005	2.22499999999991	4.40199999999982	0	0
17.4730000000002	11.5360000000001	16.992	0	0
12.6379999999999	10.9739999999999	9.40599999999995	0	0
10.1799999999998	7.15499999999997	9.8610000000001	0	0
8.9369999999999	5.2170000000001	9.78300000000013	0	0
4.96499999999992	4.19100000000003	5.29399999999987	0	0
14.7759999999998	10.4929999999999	13.682	0	0
11.0289999999998	8.66100000000006	9.61000000000013	0	0
5.13800000000037	2.96199999999999	3.82999999999993	0	0
4.29199999999992	2.46599999999989	3.98000000000002	0	0
22.6909999999998	19.278	20.3820000000001	0	0
3.79899999999998	1.25099999999998	4.5359999999996	0	0
11.8809999999999	10.7700000000002	9.90299999999979	0	0
4.58999999999969	2.52700000000004	4.58699999999999	0	0
5.13000000000011	3.76199999999994	4.80999999999995	0	0
11.0320000000002	10.1079999999999	10.1000000000004	0	0
14.1420000000003	10.0649999999998	14.0910000000003	0	0
16.9840000000004	8.49099999999999	20.9450000000002	0	0
5.37800000000016	4.55300000000011	5.13299999999981	0	0
20.8130000000001	10.8409999999999	24.4769999999999	0	0
9.63899999999967	4.84300000000007	11.1569999999997	0	0
4.32200000000012	2.10899999999992	5.48700000000008	0	0
3.88700000000017	1.56400000000008	5.44700000000012	0	0
7.97899999999981	4.52500000000009	9.26900000000023	0	0
5.55400000000009	4.35400000000004	4.8779999999997	0	0
7.65300000000025	2.65300000000002	8.84500000000025	0	0
4.12199999999984	2.077	4.66899999999987	0	0
4.19399999999996	1.96800000000007	5.28300000000036	0	0
4.00500000000011	1.41100000000006	4.43100000000004	0	0
6.24499999999989	4.779	4.67100000000028	0	0
4.41399999999976	2.98000000000002	4.16199999999981	0	0
9.50500000000011	6.33400000000006	9.51699999999983	0	0
9.69399999999996	5.65100000000007	9.93499999999995	0	0
9.42099999999982	5.27500000000009	9.99800000000005	0	0
12.616	9.50799999999981	10.9780000000001	0	0
3.17200000000003	1.02399999999989	3.93499999999995	0	0
4.08500000000004	2.65900000000011	3.29299999999967	0	0
20.8589999999999	15.6980000000001	18.6400000000003	0	0
27.4960000000001	27.5119999999999	21.3719999999998	0	0
8.98799999999983	5.20500000000015	10.625	0	0
7.3090000000002	6.82999999999993	5.16000000000031	0	0
6.04499999999962	4.28699999999981	5.89399999999978	0	0
3.99499999999989	1.84999999999991	5.09299999999985	0	0
9.22800000000007	4.60100000000011	10.3679999999999	0	0
9.34900000000016	5.17200000000003	9.01000000000022	0	0
6.61500000000024	5.22599999999989	4.92700000000013	0	0
4.37400000000025	2.33199999999988	4.39100000000008	0	0
4.55399999999963	2.94800000000009	4.45800000000008	0	0
6.59299999999985	6.09900000000016	4.80799999999999	0	0
9.98399999999992	7.90999999999985	9.3760000000002	0	0
4.71199999999999	2.58500000000004	4.10300000000007	0	0
18.1899999999996	11.0780000000002	21.2199999999998	0	0
3.53099999999995	1.36300000000006	4.84799999999996	0	0
13.1010000000001	14.5359999999998	9.51600000000008	0	0
5.44500000000016	4.82200000000012	4.46900000000005	0	0
11.1199999999999	9.35200000000009	9.82200000000012	0	0
10.1990000000001	6.99800000000005	9.5619999999999	0	0
8.61499999999978	3.84099999999989	10.0239999999999	0	0
8.3159999999998	4.77999999999975	8.29300000000012	0	0
4.20699999999988	2.22400000000016	5.17699999999968	0	0
10.422	8.26099999999997	10.1379999999999	0	0
6.77199999999993	7.05799999999999	5.96099999999979	0	0
4.65099999999984	2.66300000000001	4.12599999999975	0	0
6.21399999999994	6.98199999999997	4.54100000000017	0	0
13.9720000000002	12.1700000000001	10.1779999999999	0	0
12.6279999999997	11.127	9.38700000000017	0	0
15.2110000000002	10.3820000000001	14.174	0	0
20.201	14.0129999999999	19.0709999999999	0	0
4.83800000000019	3.20499999999993	5.38599999999997	0	0
5.99600000000009	4.64699999999993	5.42299999999977	0	0
5.23500000000013	4.32500000000027	5.43100000000004	0	0
5.27100000000019	3.44000000000005	5.41399999999976	0	0
19.7910000000002	13.8989999999999	19.0110000000004	0	0
9.67300000000023	6.13199999999961	8.97800000000007	0	0
11.6859999999997	10.8879999999999	10.011	0	0
11.3420000000001	7.82900000000018	11.3759999999997	0	0
12.5210000000002	10.9850000000001	10.585	0	0
10.2369999999996	6.59400000000005	9.6579999999999	0	0
16.1680000000001	13.0739999999996	15.944	0	0
8.52599999999984	4.85200000000032	9.96100000000024	0	0
12.7289999999998	6.84700000000021	13.3789999999999	0	0
5.06700000000001	3.1609999999996	5.41999999999962	0	0
4.53800000000001	2.59900000000016	5.11499999999978	0	0
5.65300000000025	3.97499999999991	5.62100000000009	0	0
14.9639999999999	9.25699999999961	14.377	0	0
5.35899999999992	4.1560000000004	4.59500000000025	0	0
12.6440000000002	11.893	9.32499999999982	0	0
5.82200000000012	6.54999999999973	4.81700000000001	0	0
8.25	4.21000000000004	9.25799999999981	0	0
13.6469999999999	9.70699999999988	14.3319999999999	0	0
3.88799999999992	1.5619999999999	4.84700000000021	0	0
9.74499999999989	6.26800000000003	9.34700000000021	0	0
21.4969999999998	16.8289999999997	19.9470000000001	0	0
3.95600000000013	1.51899999999978	4.46300000000019	0	0
9.34999999999991	5.9670000000001	9.98000000000002	0	0
9.35899999999992	5.63200000000006	9.86699999999973	0	0
9.18600000000015	4.59099999999989	10.0790000000002	0	0
3.83699999999999	1.47800000000007	4.74600000000009	0	0
10.471	7.98799999999983	8.84400000000005	0	0
7.54100000000017	7.55799999999999	5.8739999999998	0	0
16.3219999999997	13.3899999999999	15.0100000000002	0	0
8.98099999999977	5.52300000000014	9.51999999999998	0	0
4.88700000000017	2.43499999999995	5.50199999999995	0	0
14.0559999999996	12.5160000000001	10.5429999999997	0	0
8.80999999999995	5.41000000000031	9.58100000000013	0	0
5.34699999999975	4.11700000000019	5.05299999999988	0	0
9.38300000000027	6.17800000000034	9.5630000000001	0	0
12.2180000000003	11.2439999999997	10.0299999999997	0	0
5.221	3.83899999999994	6.15599999999995	0	0
13.402	8.72699999999986	14.5070000000001	0	0
12.5210000000002	7.30400000000009	12.5360000000001	0	0
8.97199999999975	6.096	9.12100000000009	0	0
5.64000000000033	4.46300000000019	4.27300000000014	0	0
4.8100000000004	3.10699999999997	4.29299999999967	0	0
4.45300000000043	2.45199999999977	5.48500000000013	0	0
3.67900000000009	1.3159999999998	4.90400000000045	0	0
4.79399999999987	2.89499999999998	4.5590000000002	0	0
10.3050000000003	7.12100000000009	9.44999999999982	0	0
6.04500000000007	4.88099999999986	5.82999999999993	0	0
8.63299999999981	4.0359999999996	10.8860000000004	0	0
13.9520000000002	8.79899999999998	12.3540000000003	0	0
12.4129999999996	9.1840000000002	10.9979999999996	0	0
5.39200000000073	4.95199999999977	4.28499999999985	0	0
13.6909999999998	8.25	13.7750000000005	0	0
4.08500000000004	1.779	4.8110000000006	0	0
10.8440000000001	7.87199999999984	9.76199999999972	0	0
8.44499999999971	4.23999999999978	8.8769999999995	0	0
4.4399999999996	2.96100000000024	4.52300000000014	0	0
12.0510000000004	8.67299999999977	9.94599999999991	0	0
10.1390000000001	6.60099999999966	10.259	0	0
4.82899999999972	3.95199999999977	4.82600000000002	0	0
4.20399999999972	1.46299999999974	3.85499999999956	0	0
5.91899999999987	4.38599999999997	4.59500000000025	0	0
5.7529999999997	6.10799999999972	4.36800000000039	0	0
4.72499999999945	4.26399999999967	4.36999999999989	0	0
10.1219999999994	7.63900000000012	9.48899999999958	0	0
5.69000000000051	5.36599999999999	5.69499999999971	0	0
6.22299999999996	4.76200000000017	6.64400000000023	0	0
9.38599999999951	6.00199999999995	8.48099999999977	0	0
9.30799999999999	4.54800000000023	10.0019999999995	0	0
7.73300000000017	3.19899999999961	9.26900000000023	0	0
4.01199999999972	1.39399999999978	5.4340000000002	0	0
6.82899999999972	6.77700000000004	4.63300000000072	0	0
5.34199999999964	4.44700000000012	4.5679999999993	0	0
10.4219999999996	6.62100000000009	9.73499999999967	0	0
4.71299999999974	3.50700000000006	4.91800000000057	0	0
10.5420000000004	7.51800000000003	8.36999999999989	0	0
5.48300000000017	4.41300000000001	5.10000000000036	0	0
10.326	7.57600000000002	9.58799999999974	0	0
9.6860000000006	6.64399999999978	9.89499999999953	0	0
5.37100000000009	3.94100000000026	5.15300000000025	0	0
8.93599999999969	6.72499999999991	8.58399999999983	0	0
13.9459999999999	8.93599999999969	15.567	0	0
5.45199999999932	3.67000000000007	5.66299999999956	0	0
15.6030000000001	13.9700000000003	13.6350000000002	0	0
7.95899999999983	3.65999999999985	8.74799999999959	0	0
5.25	3.1850000000004	5.07499999999982	0	0
5.07400000000052	3.41100000000006	5.45100000000002	0	0
11.1130000000003	9.48199999999997	9.70700000000033	0	0
5.31400000000031	5.4079999999999	5.35699999999997	0	0
5.20399999999972	3.6560000000004	5.16200000000026	0	0
5.23999999999978	3.21599999999989	5.03799999999956	0	0
9.13699999999972	6.24800000000005	10.6220000000003	0	0
14.5749999999998	12.5509999999999	10.3239999999996	0	0
6.19700000000012	4.51499999999987	4.66100000000006	0	0
4.73600000000079	3.52799999999979	4.81099999999969	0	0
8.99099999999999	4.6260000000002	9.15599999999995	0	0
24.366	16.9340000000002	24.4809999999998	0	0
15.0039999999999	14.4790000000003	10.2920000000004	0	0
4.13799999999992	1.55200000000013	4.89300000000003	0	0
9.34099999999944	6.44899999999961	9.46100000000024	0	0
5.37899999999991	4.36500000000024	4.77999999999975	0	0
6.39500000000044	5.47899999999981	5.15100000000075	0	0
12.7359999999999	12.3160000000003	10.625	0	0
10.5520000000006	7.97000000000025	9.68199999999979	0	0
8.67199999999957	5.17200000000003	9.15200000000004	0	0
4.17000000000007	1.40300000000025	4.90899999999965	0	0
5.19400000000041	2.63900000000012	5.53299999999945	0	0
11.0830000000005	7.76699999999983	10.3729999999996	0	0
4.65200000000004	2.43599999999969	4.91499999999996	0	0
6.1230000000005	4.94500000000016	5.23599999999988	0	0
4.78799999999956	2.50099999999975	5.44999999999982	0	0
4.51600000000053	3.99800000000005	4.92100000000028	0	0
16.1859999999997	13.7719999999999	14.6139999999996	0	0
8.61300000000028	4.18200000000024	9.69500000000062	0	0
7.32700000000023	3.61699999999973	8.27300000000014	0	0
4.76099999999951	4.00399999999991	5.49000000000069	0	0
4.44300000000021	2.48700000000008	5.2510000000002	0	0
4.89600000000064	3.00500000000011	4.42300000000068	0	0
9.92200000000048	7.03800000000001	10.5749999999998	0	0
4.63100000000031	2.59199999999964	4.9389999999994	0	0
9.51599999999962	5.77399999999989	9.90400000000045	0	0
4.39400000000023	2.26600000000008	4.64700000000084	0	0
21.259	18.0649999999996	18.7579999999998	0	0
10.5909999999994	7.90800000000036	11.0199999999995	0	0
10.7759999999998	7.80600000000004	11.7180000000008	0	0
12.326	6.36900000000014	12.6030000000001	0	0
4.90499999999975	4.07600000000002	4.70199999999932	0	0
4.31899999999951	2.12400000000025	3.69899999999961	0	0
4.48900000000049	2.05999999999995	4.34599999999955	0	0
8.49499999999989	4.73399999999992	10.5379999999996	0	0
4.64400000000023	2.62899999999991	4.4340000000002	0	0
4.83699999999953	2.62800000000016	5.21000000000004	0	0
8.68399999999929	3.98500000000013	9.33200000000033	0	0
9.63599999999951	5.50799999999981	9.84300000000076	0	0
7.09600000000046	6.61000000000013	5.39300000000003	0	0
7.41499999999996	3.16000000000031	8.6880000000001	0	0
5.32999999999993	4.32600000000002	5.54299999999967	0	0
9.55599999999959	5.25999999999976	10.0320000000002	0	0
7.67599999999948	3.35099999999966	8.27900000000045	0	0
8.68099999999959	5.75500000000011	9.98700000000008	0	0
5.41300000000047	4.13200000000006	5.36000000000058	0	0
20.6379999999999	20.54	15.4290000000001	0	0
9.20199999999932	5.62400000000025	9.72500000000036	0	0
4.4380000000001	2.37800000000016	4.60800000000017	0	0
7.26199999999972	8.60300000000007	5.22599999999966	0	0
4.98900000000049	3.72800000000007	4.64699999999993	0	0
5.25799999999981	3.31399999999985	5.00399999999991	0	0
13.1880000000001	7.79199999999992	13.5439999999999	0	0
10.0250000000005	6.45400000000063	9.98700000000008	0	0
4.49200000000019	2.40499999999975	4.35199999999986	0	0
4.48199999999997	2.66799999999967	4.87100000000009	0	0
4.69000000000051	2.88500000000022	4.79700000000048	0	0
10.9569999999994	6.98400000000038	9.24600000000009	0	0
9.54399999999987	8.33700000000044	8.51400000000012	0	0
9.71800000000076	4.46100000000024	10.473	0	0
5.61700000000019	3.04699999999957	4.77099999999973	0	0
7.65099999999984	3.91799999999967	9.51000000000022	0	0
14.8450000000003	10.0529999999999	14.6759999999995	0	0
3.79899999999998	1.42000000000007	4.60199999999986	0	0
4.26600000000053	2.57999999999993	4.97899999999936	0	0
9.82400000000052	5.95299999999952	10.7600000000002	0	0
11.4930000000004	9.75200000000041	9.07200000000012	0	0
4.16899999999987	1.86899999999969	4.84200000000055	0	0
4.29399999999987	2.06899999999951	4.57600000000002	0	0
10.0639999999994	7.36499999999978	9.72999999999956	0	0
12.7530000000006	6.79100000000017	13.7240000000002	0	0
10.2349999999997	6.35500000000047	10.9960000000001	0	0
5.26399999999921	3.75400000000081	5.88500000000022	0	0
9.3139999999994	5.63799999999992	9.45199999999932	0	0
5.6260000000002	4.59799999999996	5.06400000000031	0	0
10.8989999999994	9.12299999999959	10.1959999999999	0	0
5.21100000000024	3.92600000000039	4.76400000000012	0	0
6.86700000000019	6.21399999999994	5.07700000000023	0	0
5.18299999999999	3.90299999999934	4.94999999999982	0	0
10.8590000000004	7.38699999999972	9.24099999999999	0	0
3.89499999999953	2.94599999999991	4.45899999999983	0	0
12.6449999999995	7.32300000000032	13.857	0	0
3.80400000000009	1.39599999999973	4.80099999999948	0	0
4.61699999999928	2.84400000000005	4.28199999999924	0	0
8.64300000000003	5.67099999999937	9.27799999999934	0	0
9.22199999999975	10.4559999999992	5.28799999999956	0	0
6.02500000000055	4.74399999999969	5.08799999999974	0	0
10.1179999999995	9.47299999999996	8.96000000000004	0	0
10.165	7.46700000000055	9.29699999999957	0	0
9.15400000000045	4.35600000000068	9.63900000000012	0	0
10.6219999999994	7.41199999999935	9.50500000000011	0	0
8.11100000000079	4.16300000000047	8.71100000000024	0	0
15.9980000000005	12.6329999999998	15.875	0	0
4.50500000000011	2.25799999999981	4.4989999999998	0	0
17.4359999999997	13.6589999999997	14.7510000000002	0	0
9.77800000000025	5.99499999999989	9.31800000000021	0	0
4.74200000000019	3.10300000000007	4.92499999999927	0	0
8.29800000000068	4.02000000000044	10.0610000000006	0	0
4.00600000000031	1.8779999999997	4.78099999999995	0	0
4.28799999999956	2.12899999999991	4.38100000000031	0	0
4.33500000000004	1.82199999999921	4.95100000000002	0	0
4.23900000000049	2.45700000000033	4.91200000000026	0	0
15.7060000000001	12.509	15.9260000000004	0	0
4.75399999999991	3.44900000000052	6.02700000000004	0	0
4.84600000000046	2.89699999999993	4.95799999999963	0	0
17.8900000000003	9.86599999999999	18.393	0	0
4.47600000000057	2.36099999999988	5.68599999999969	0	0
8.19499999999971	3.72099999999955	9.13100000000031	0	0
9.48199999999997	6.34500000000025	10.3609999999999	0	0
5.36700000000019	3.22700000000077	4.88799999999992	0	0
24.2890000000007	20.7000000000007	20.7419999999993	0	0
10.9180000000006	8.05200000000059	9.15200000000004	0	0
8.65800000000036	8.43000000000029	5.21799999999985	0	0
10.8710000000001	9.06899999999951	9.58100000000013	0	0
4.05699999999979	2.26800000000003	4.63200000000052	0	0
14.3180000000002	13.223	11.2860000000001	0	0
5.61800000000039	4.20399999999972	4.88400000000001	0	0
3.87700000000041	1.87700000000041	4.46999999999935	0	0
15.9300000000003	12.5159999999996	14.308	0	0
4.64000000000033	3.11899999999969	4.85400000000027	0	0
3.94499999999971	2.27399999999943	3.75900000000001	0	0
5.0630000000001	3.17500000000018	3.99200000000019	0	0
4.51499999999942	2.74799999999959	4.09699999999975	0	0
6.45299999999952	6.13900000000012	5.42799999999988	0	0
6.6869999999999	7.67900000000009	4.91399999999976	0	0
5.35199999999986	3.61399999999958	5.69999999999982	0	0
9.42900000000009	5.99299999999948	9.97600000000057	0	0
8.53999999999996	4.81500000000051	9.52400000000034	0	0
9.67500000000018	5.94200000000001	9.54500000000007	0	0
9.98300000000017	6.32799999999952	9.98999999999978	0	0
8.57200000000012	6.34400000000005	9.51699999999983	0	0
4.5659999999998	2.44800000000032	4.66900000000078	0	0
5.83700000000044	5.86800000000039	5.54399999999987	0	0
9.3690000000006	4.76699999999983	9.58699999999953	0	0
4.78900000000067	2.86200000000008	5.35599999999977	0	0
8.23400000000038	4.10500000000047	8.96700000000055	0	0
4.20200000000023	2.88299999999981	3.43000000000029	0	0
4.05499999999938	2.68299999999999	4.71000000000004	0	0
4.59000000000015	3.32299999999941	3.96900000000005	0	0
4.8739999999998	4.22299999999996	5.52900000000045	0	0
3.98100000000068	1.53399999999965	4.0019999999995	0	0
13.3249999999998	12.3979999999992	10.3009999999995	0	0
4.61400000000049	2.93499999999949	5.23899999999958	0	0
4.39000000000033	1.63100000000031	5.02400000000034	0	0
5.05299999999988	3.875	4.13499999999931	0	0
5.96399999999994	5.22500000000036	4.6880000000001	0	0
7.98100000000068	4.23099999999977	8.33600000000024	0	0
9.22199999999975	4.80200000000059	9.98300000000017	0	0
14.8199999999997	9.09099999999944	14.9009999999998	0	0
15.0590000000002	10.6750000000002	14.1499999999996	0	0
4.22199999999975	1.96500000000015	5.42100000000028	0	0
8.57999999999993	3.95499999999993	11.0240000000003	0	0
5.00399999999991	2.82899999999972	4.04099999999926	0	0
5.22199999999975	3.07100000000082	5.27100000000064	0	0
8.51899999999932	6.27899999999954	9.19200000000001	0	0
8.46899999999914	3.97600000000057	9.79300000000057	0	0
5.00200000000041	4.29600000000028	4.9369999999999	0	0
4.02599999999984	1.11599999999999	5.02899999999954	0	0
4.52999999999975	4.39400000000023	4.59500000000025	0	0
4.58300000000054	3.09400000000005	5.29399999999987	0	0
8.23999999999978	4.23400000000038	9.83399999999983	0	0
4.89999999999964	2.67500000000018	5.71799999999985	0	0
4.63700000000063	2.58899999999994	5.30500000000029	0	0
4.17800000000079	1.62400000000071	5.53099999999995	0	0
5.91200000000026	4.42000000000007	4.83200000000033	0	0
9.64899999999943	6.21399999999994	9.86400000000049	0	0
12.1240000000007	11.8599999999997	10.2079999999996	0	0
3.58399999999983	1.5600000000004	4.02199999999993	0	0
8.32999999999993	4.00799999999981	8.85000000000036	0	0
14.4089999999997	8.58699999999953	13.8879999999999	0	0
4.64199999999983	2.87800000000061	3.53400000000056	0	0
15.4790000000003	12.1289999999999	14.0969999999998	0	0
5.51699999999983	3.39999999999964	5.53900000000067	0	0
9.42900000000009	5.74499999999989	9.29199999999946	0	0
8.85999999999967	4.27199999999993	8.4950000000008	0	0
5.98199999999997	4.3799999999992	4.20299999999952	0	0
11.2980000000007	9.58700000000044	8.52099999999973	0	0
5.38500000000022	5.15500000000065	4.75399999999991	0	0
9.68299999999999	5.14999999999964	11.3110000000006	0	0
4.29899999999998	2.48400000000038	4.6909999999998	0	0
4.98300000000017	3.71699999999964	5.1260000000002	0	0
5.39099999999962	4.34700000000066	5.38699999999972	0	0
10.7790000000005	8.39300000000003	10.0600000000004	0	0
4.63600000000042	2.17199999999957	4.73999999999978	0	0
8.34300000000076	5.2489999999998	9.5019999999995	0	0
10.5069999999996	8.90200000000004	10.2380000000003	0	0
5.66500000000087	5.24699999999939	5.46299999999974	0	0
4.22999999999956	2.42600000000039	4.42499999999927	0	0
9.68199999999888	6.41399999999976	9.46500000000015	0	0
4.95800000000054	3.10899999999947	4.93199999999888	0	0
9.01900000000023	5.40099999999984	9.18900000000031	0	0
10.4980000000014	7.09100000000035	9.31400000000031	0	0
3.79899999999907	1.62700000000041	3.72500000000036	0	0
9.90500000000065	5.45400000000063	10.1859999999997	0	0
4.97700000000077	3.82600000000002	5.56500000000051	0	0
5.40899999999965	3.60700000000088	4.55299999999988	0	0
10.5169999999998	8.10999999999967	10.6509999999998	0	0
4.09199999999873	2.95899999999983	4.13600000000042	0	0
12.4169999999995	6.53999999999996	13.405999999999	0	0
8.32300000000032	3.56999999999971	10.4889999999996	0	0
10.5120000000006	7.83700000000044	9.82099999999991	0	0
6.48899999999958	6.59900000000016	5.43400000000111	0	0
9.93299999999908	8.99600000000009	9.35699999999997	0	0
13.0680000000011	6.20399999999972	14.9580000000005	0	0
4.42799999999988	2.45599999999922	4.77300000000105	0	0
10.1790000000001	6.31400000000031	10.3279999999995	0	0
15.9420000000009	12.0319999999992	15.0740000000005	0	0
5.16300000000047	2.84799999999996	5.03799999999865	0	0
9.03199999999924	4.13200000000052	10.0159999999996	0	0
8.40500000000065	5.13600000000042	8.68099999999868	0	0
3.96500000000015	1.13299999999981	4.4429999999993	0	0
8.65999999999985	4.43199999999979	9.97000000000116	0	0
8.38600000000042	3.96000000000004	8.70300000000134	0	0
8.42599999999948	4.63400000000001	9.20500000000175	0	0
6.13700000000063	6.79300000000057	4.97299999999996	0	0
12.9750000000004	7.76299999999992	14.6170000000002	0	0
11.7790000000005	5.06999999999971	12.4849999999988	0	0
8.22100000000137	3.77899999999954	9.33799999999974	0	0
7.51299999999901	6.7470000000003	5.88999999999942	0	0
9.50600000000122	6.44800000000032	9.45299999999952	0	0
15.4760000000006	11.857	15.0279999999984	0	0
7.86300000000119	9.39000000000033	6.46299999999974	0	0
10.5969999999998	6.66799999999967	11.5509999999995	0	0
14.1579999999994	7.80499999999938	16.3469999999998	0	0
4.23999999999978	1.99600000000009	4.45800000000054	0	0
4.51000000000022	2.09200000000055	5.48500000000058	0	0
14.9239999999991	10.1189999999997	14.860999999999	0	0
8.36800000000039	3.88900000000012	9.625	0	0
8.83700000000135	5.02999999999975	9.57200000000012	0	0
4.39100000000144	3.41499999999996	4.17100000000028	0	0
4.27200000000084	2.98199999999997	4.23599999999897	0	0
10.2119999999995	6.21199999999953	8.61299999999937	0	0
5.08200000000033	4.17900000000009	4.8799999999992	0	0
11.7970000000005	11.2980000000007	10.1589999999997	0	0
3.94399999999951	1.53600000000006	4.33200000000033	0	0
9.03199999999924	5.66600000000017	9.80299999999988	0	0
4.12799999999879	1.98199999999997	5.26100000000042	0	0
4.34200000000055	2.50700000000052	5.18000000000029	0	0
6.28899999999885	5.09699999999975	5.61100000000079	0	0
7.4260000000013	6.89600000000064	6.13899999999921	0	0
11.4210000000003	8.68499999999949	11.6640000000007	0	0
3.875	1.40399999999954	4.86599999999999	0	0
9.34799999999996	10.3829999999998	6.20999999999913	0	0
20.9490000000005	11.277	23.6329999999998	0	0
9.06099999999969	4.23199999999997	9.07999999999993	0	0
4.72199999999975	2.75500000000011	4.86100000000079	0	0
20.2960000000003	19.4750000000004	17.1459999999988	0	0
15.9069999999992	11.2420000000002	13.2529999999988	0	0
5.36199999999917	2.79599999999937	5.32799999999952	0	0
7.40099999999984	3.08599999999933	8.39400000000023	0	0
8.86999999999898	4.33899999999994	9.92699999999968	0	0
8.128999999999	3.41399999999976	9.09499999999935	0	0
10.393	8.2470000000003	9.78300000000127	0	0
12.6560000000009	7.0649999999996	13.402	0	0
9.46200000000135	6.6230000000005	10.3330000000005	0	0
8.04600000000028	3.22599999999966	9.29500000000007	0	0
8.46600000000035	4.53000000000065	10.3050000000003	0	0
8.80899999999929	3.8730000000005	9.33899999999994	0	0
4.18399999999929	2.32499999999982	4.69900000000052	0	0
9.81899999999951	7.01299999999992	8.94300000000112	0	0
9.49200000000019	7.16899999999987	8.56400000000031	0	0
22.4590000000007	19.2330000000002	21.7690000000002	0	0
8.85200000000077	4.92300000000068	9.66499999999905	0	0
14.9030000000002	11.1599999999999	13.8590000000004	0	0
6.76299999999901	6.41899999999987	4.98799999999937	0	0
3.84799999999996	2.13500000000022	4.39999999999964	0	0
15.3040000000001	9.96799999999985	15.0400000000009	0	0
7.89600000000064	3.38500000000022	9.14799999999923	0	0
7.66899999999987	3.65000000000055	8.7599999999984	0	0
3.6880000000001	1.22599999999966	4.63799999999901	0	0
8.41500000000087	4.36699999999928	9.98999999999978	0	0
4.65500000000065	2.90500000000065	5.81000000000131	0	0
8.94099999999889	4.59799999999996	9.87599999999838	0	0
8.68399999999929	4.45699999999943	9.79999999999927	0	0
8.85100000000057	5.52500000000055	10.1190000000006	0	0
15.7980000000007	13.473	14.3249999999989	0	0
4.13500000000022	2.65000000000055	3.8760000000002	0	0
7.5630000000001	3.04200000000037	8.07200000000012	0	0
3.88600000000042	1.27500000000055	4.96399999999994	0	0
4.59000000000015	2.19500000000062	5.0630000000001	0	0
4.83599999999933	2.8159999999998	4.78399999999965	0	0
9.88900000000103	8.46900000000005	9.64300000000003	0	0
9.34699999999975	6.57300000000032	10.2959999999985	0	0
9.16599999999926	4.95200000000023	9.67499999999927	0	0
10.7160000000003	8.73000000000047	9.4419999999991	0	0
4.82700000000114	2.64399999999932	4.76399999999921	0	0
4.54399999999987	2.17600000000039	4.82200000000012	0	0
5.65700000000106	5.3119999999999	5.18599999999969	0	0
4.19100000000071	1.67900000000009	4.88100000000122	0	0
22.7969999999987	12.5389999999998	25.3759999999984	0	0
3.90000000000146	2.07300000000032	4.06400000000031	0	0
8.04800000000068	9.69200000000001	5.1929999999993	0	0
5.59699999999975	3.22800000000007	5.92199999999866	0	0
4.24699999999939	2.74399999999969	4.55500000000029	0	0
5.88199999999961	4.46399999999994	4.88500000000022	0	0
4.47199999999975	2.16100000000006	5.07999999999993	0	0
14.9979999999996	12.5380000000005	13.6059999999998	0	0
5.45499999999993	4.27100000000064	5.58200000000033	0	0
4.60899999999856	2.1889999999994	4.76000000000022	0	0
9.34199999999873	5.51600000000053	10.7350000000006	0	0
4.18499999999949	1.59699999999975	5.2559999999994	0	0
10.1890000000003	7.63699999999972	9.9320000000007	0	0
8.78999999999905	5.81899999999951	9.19599999999991	0	0
4.00500000000102	1.45600000000013	4.22499999999854	0	0
3.85900000000038	2.21500000000015	4.43599999999969	0	0
6.86599999999999	6.65499999999975	5.14900000000125	0	0
4.79700000000048	2.70600000000013	5.39799999999923	0	0
5.75600000000122	5.30400000000009	5.92900000000009	0	0
4.33200000000033	2.94399999999951	4.92900000000009	0	0
6.62900000000081	6.58799999999974	5.32200000000012	0	0
4.50699999999961	2.29500000000007	4.81400000000031	0	0
4.86599999999999	3.13100000000031	4.78800000000047	0	0
4.27200000000084	1.82600000000002	4.36499999999978	0	0
8.75800000000163	9.96699999999964	5.95899999999892	0	0
5.46299999999974	4.78600000000006	5.15300000000025	0	0
14.8559999999998	14.6859999999997	11.4850000000006	0	0
10.9189999999999	9.57200000000012	9.8760000000002	0	0
9.68199999999888	6.60999999999967	9.96800000000076	0	0
4.96600000000035	2.93099999999959	5.93700000000172	0	0
4.09200000000055	2.83199999999943	4.29099999999926	0	0
9.67499999999927	5.9970000000003	8.89400000000023	0	0
16.1729999999989	11.29	15.0110000000004	0	0
10.2270000000008	7.72000000000025	8.61099999999897	0	0
18.223	15.5889999999999	18.4150000000009	0	0
8.79500000000007	4.98999999999978	9.34699999999975	0	0
5.69700000000012	3.39899999999943	5.20600000000013	0	0
10.5010000000002	7.17000000000007	9.83699999999953	0	0
10.0739999999987	7.09699999999975	8.57300000000032	0	0
13.8829999999998	9.56299999999919	14.1869999999999	0	0
4.59100000000035	2.82500000000073	4.92100000000028	0	0
4.79699999999866	3.29100000000017	4.87200000000121	0	0
3.91499999999905	1.18199999999979	3.95499999999993	0	0
27.1129999999994	17.6320000000005	24.2000000000007	0	0
8.96000000000095	5.66799999999967	7.26399999999921	0	0
8.60199999999895	5.02999999999975	6.88500000000022	0	0
3.9260000000013	2.16299999999956	3.85100000000057	0	0
3.85900000000038	1.9399999999996	3.85000000000036	0	0
4.10000000000036	1.82600000000002	3.95399999999972	0	0
9.99099999999999	5.74099999999999	7.45300000000134	0	0
9.68299999999908	7.46300000000065	7.14199999999983	0	0
3.59000000000015	1.63200000000052	3.43999999999869	0	0
8.73599999999897	4.82499999999982	6.57099999999991	0	0
4.59400000000096	2.5	3.63699999999881	0	0
3.39400000000023	1.64800000000014	3.42900000000009	0	0
3.83400000000074	1.32999999999993	3.57099999999991	0	0
7.98000000000138	3.58700000000044	7.08599999999933	0	0
4.03099999999904	1.63100000000031	3.47199999999975	0	0
3.59799999999996	1.35599999999977	3.65500000000065	0	0
4.53200000000106	2.73400000000038	4.32699999999932	0	0
3.89500000000044	1.78799999999956	3.66200000000026	0	0
3.40599999999904	1.78899999999976	3.41200000000026	0	0
4.16200000000026	1.87299999999959	3.70600000000013	0	0
7.67699999999968	3.13699999999972	6.82200000000012	0	0
16.3269999999993	11.0519999999997	14.5820000000003	0	0
3.64999999999964	2.26900000000023	3.26999999999862	0	0
3.96800000000076	2.73400000000038	3.76300000000083	0	0
8.77200000000084	6.3769999999995	7.20300000000134	0	0
11.4580000000005	6.54299999999967	9.88299999999981	0	0
3.95999999999913	2.05999999999949	2.9429999999993	0	0
14.5110000000004	10.5010000000002	10.7180000000008	0	0
13.8089999999993	9.31099999999969	10.7180000000008	0	0
3.50500000000102	2.35999999999967	3.30199999999968	0	0
3.38799999999901	1.35700000000088	2.9989999999998	0	0
3.78100000000086	2.03999999999996	3.46299999999974	0	0
10.1979999999985	4.20799999999963	10.0859999999993	0	0
3.89600000000064	1.53999999999996	3.47099999999955	0	0
3.36000000000058	1.25399999999991	3.58799999999974	0	0
3.91599999999926	2.16800000000057	3.28700000000026	0	0
4.02700000000004	2.09299999999985	3.21100000000115	0	0
8.50800000000163	5.0010000000002	7.50300000000061	0	0
4.23799999999937	2.89899999999943	3.93599999999969	0	0
5.09199999999873	4.72599999999966	3.67599999999948	0	0
3.88700000000063	2.89000000000033	3.31100000000151	0	0
8.27399999999943	5.1190000000006	7.99599999999919	0	0
4.97599999999875	2.84299999999985	4.08799999999974	0	0
8.72999999999956	4.86700000000019	6.71500000000015	0	0
4.82600000000093	2.6309999999994	3.91599999999926	0	0
8.47899999999936	4.65900000000056	7.63500000000022	0	0
3.5570000000007	2.03299999999945	3.01599999999962	0	0
10.7700000000004	4.67199999999957	11.5949999999993	0	0
4.3130000000001	2.42100000000028	3.79800000000068	0	0
4.20399999999972	3.48999999999978	3.71700000000055	0	0
12.0319999999992	6.77199999999993	9.78099999999904	0	0
3.51100000000042	1.80499999999938	3.56500000000051	0	0
4.21299999999974	2.90499999999975	3.40000000000146	0	0
3.89699999999903	2.39900000000034	3.61599999999999	0	0
4.4380000000001	2.9399999999996	3.4429999999993	0	0
4.77600000000166	3.80000000000018	3.43399999999929	0	0
3.75300000000061	2.2470000000003	3.16200000000026	0	0
8.0679999999993	5.32799999999952	6.52000000000044	0	0
4.23300000000017	2.31900000000041	3.18900000000031	0	0
4.6929999999993	2.64300000000003	3.1309999999994	0	0
4.37700000000041	2.2559999999994	3.15899999999965	0	0
3.51399999999921	1.5649999999996	2.90899999999965	0	0
4.98499999999876	3.12700000000041	3.98999999999978	0	0
11.3719999999994	7.44900000000052	9.01699999999983	0	0
9.03900000000067	4.99300000000039	6.30999999999949	0	0
8.01899999999841	5.24099999999999	5.47800000000097	0	0
9.0059999999994	6.23199999999997	5.85300000000097	0	0
5.23499999999876	4.92399999999998	2.98500000000058	0	0
3.53700000000026	1.9399999999996	2.92300000000068	0	0
4.23400000000038	2.18299999999999	2.55299999999988	0	0
10.5760000000009	6.31700000000001	8.44999999999891	0	0
8.02299999999923	5.04099999999926	5.84499999999935	0	0
4.41300000000047	2.95700000000033	3.00900000000001	0	0
3.58200000000033	1.58100000000013	2.88500000000022	0	0
4.1239999999998	2.39099999999962	2.91399999999885	0	0
4.51299999999901	2.52199999999993	2.72199999999975	0	0
9.90000000000146	6.88999999999942	6.00900000000001	0	0
4.08899999999994	3.02000000000044	2.83499999999913	0	0
4.21999999999935	2.16600000000017	2.90400000000045	0	0
3.78100000000086	1.78800000000047	2.97400000000016	0	0
9.57699999999932	7.02000000000044	6.31599999999889	0	0
3.42100000000028	1.51400000000012	2.77499999999964	0	0
3.64099999999962	2.09599999999955	3.03700000000026	0	0
8.79999999999927	5.40700000000015	5.63999999999942	0	0
4.32999999999993	3.10000000000036	2.84600000000137	0	0
9.1359999999986	7.75	6.62700000000041	0	0
8.42100000000028	5.38100000000031	5.97900000000118	0	0
4.28499999999985	3.09999999999945	3.44499999999971	0	0
8.42799999999988	5.93199999999979	6.00700000000143	0	0
5.20600000000013	4.13299999999981	3.04900000000089	0	0
8.11200000000099	4.70300000000043	6.23599999999897	0	0
8.71700000000055	4.16699999999946	6.09700000000157	0	0
4.38899999999921	2.08899999999994	2.68599999999969	0	0
13.3829999999998	8.42800000000079	8.43000000000029	0	0
4.3020000000015	2.5570000000007	2.58699999999953	0	0
8.70900000000074	4.79399999999987	5.2549999999992	0	0
13.7799999999988	8.70100000000002	8.27800000000025	0	0
4.27700000000004	3.15999999999985	2.85499999999956	0	0
7.875	4.85500000000047	5.69499999999971	0	0
4.48199999999997	3.63000000000011	2.87700000000041	0	0
13.4519999999993	9.6309999999994	7.95999999999913	0	0
4.40300000000025	3.1869999999999	2.90400000000045	0	0
12.2100000000009	7.65799999999945	7.99200000000019	0	0
8.17199999999866	5.10000000000036	5.38200000000143	0	0
13.2630000000008	6.95800000000054	7.58799999999974	0	0
16.9570000000003	11.101999999999	11.8490000000002	0	0
12.5489999999991	6.99300000000039	7.6260000000002	0	0
7.32899999999972	4.26300000000083	5.38400000000001	0	0
9.0059999999994	6.69399999999951	5.45299999999952	0	0
4.48099999999977	3.80600000000049	2.78399999999965	0	0
9.03299999999945	5.46199999999953	5.8080000000009	0	0
10.1399999999994	7.52199999999903	5.52600000000166	0	0
4.4380000000001	3.64500000000044	2.80400000000009	0	0
4.16500000000087	2.39100000000144	2.52200000000084	0	0
3.77700000000004	1.83100000000013	2.77300000000105	0	0
4.34599999999955	2.91799999999967	2.60300000000097	0	0
12.1630000000005	7.69399999999951	8.82599999999911	0	0
4.02200000000084	2.41299999999865	2.42499999999927	0	0
3.4989999999998	1.67299999999886	2.6760000000013	0	0
3.72299999999996	2.41899999999987	2.46899999999914	0	0
8.26299999999901	4.63199999999961	4.92200000000048	0	0
4.42799999999988	2.52499999999964	2.53299999999945	0	0
7.371000000001	3.63600000000042	5.04299999999967	0	0
3.96299999999974	1.78000000000065	2.46600000000035	0	0
3.22999999999956	1.35800000000017	2.41899999999987	0	0
3.28700000000026	1.50600000000122	2.1239999999998	0	0
3.78800000000047	1.84499999999935	2.47400000000016	0	0
3.10999999999876	1.94900000000052	2.43100000000049	0	0
8.07200000000012	4.44999999999891	5.01599999999962	0	0
4.30999999999949	2.72899999999936	2.39300000000003	0	0
7.26800000000003	4.36199999999917	4.69099999999889	0	0
3.75200000000041	2.43399999999929	2.55799999999908	0	0
4.09799999999996	2.01600000000144	2.44200000000092	0	0
4.06099999999969	2.64899999999943	2.51900000000023	0	0
3.46199999999953	1.85299999999916	2.65799999999945	0	0
7.01499999999942	3.79900000000089	4.76200000000063	0	0
3.5049999999992	1.78000000000065	2.44399999999951	0	0
4.13700000000063	2.41600000000108	2.5059999999994	0	0
3.83700000000135	1.74299999999857	2.48199999999997	0	0
4.38899999999921	2.51200000000063	2.55299999999988	0	0
3.51499999999942	1.75	2.3760000000002	0	0
7.22299999999996	4.15400000000045	4.67799999999988	0	0
3.78499999999985	2.73700000000099	2.69800000000032	0	0
8.95000000000073	5.42100000000028	5.00699999999961	0	0
4.27099999999882	2.57099999999991	2.31500000000051	0	0
12.2270000000008	9.14300000000003	7.60900000000038	0	0
4.07999999999993	3.11099999999897	2.69999999999891	0	0
3.52700000000004	2.28000000000065	2.35699999999997	0	0
3.15099999999984	1.81500000000051	2.19099999999889	0	0
3.93000000000029	2.34000000000015	2.36399999999958	0	0
3.78300000000127	2.14099999999962	2.20499999999993	0	0
3.71500000000015	1.69099999999889	2.5010000000002	0	0
4.07899999999972	1.871000000001	2.44800000000032	0	0
4.04299999999967	1.83200000000033	2.52599999999984	0	0
3.60900000000038	2.5739999999987	2.52499999999964	0	0
7.82799999999952	4.43400000000111	4.82100000000173	0	0
7.45100000000093	3.63000000000102	4.90900000000147	0	0
6.84400000000096	3.56800000000112	5.11799999999857	0	0
3.79599999999846	1.95399999999972	2.73700000000099	0	0
8.46299999999974	4.58300000000054	4.67300000000068	0	0
3.83200000000033	1.98799999999937	2.26300000000083	0	0
3.59400000000096	1.875	2.13899999999921	0	0
3.85900000000038	1.83799999999974	2.31700000000092	0	0
4.3070000000007	2.11499999999978	2.54600000000028	0	0
7.48799999999937	3.32600000000093	4.76000000000022	0	0
8.03199999999924	4.83700000000135	5.03600000000006	0	0
20.3199999999997	12.5120000000006	12.594000000001	0	0
3.95000000000073	1.81400000000031	2.4320000000007	0	0
8.93500000000131	6.5010000000002	5.05099999999948	0	0
3.7489999999998	1.94999999999891	2.28399999999965	0	0
8.08899999999994	4.21699999999873	4.8690000000006	0	0
3.88400000000001	1.78899999999885	2.58500000000095	0	0
13.0889999999999	7.84100000000035	7.15099999999984	0	0
3.94499999999971	2.42500000000109	2.37700000000041	0	0
3.8010000000013	2.3650000000016	2.27700000000004	0	0
3.56599999999889	1.54600000000028	2.28100000000086	0	0
7.69900000000052	3.53499999999985	4.67200000000048	0	0
3.74200000000019	1.76200000000063	2.51399999999921	0	0
4.52200000000084	3.39800000000105	2.60100000000057	0	0
3.63800000000083	2.35699999999997	2.46100000000115	0	0
8.66400000000067	4.93700000000172	5.01100000000042	0	0
7.94599999999991	3.61399999999958	4.77300000000105	0	0
11.905999999999	5.67300000000068	7.15699999999924	0	0
7.89700000000084	3.71599999999853	5.003999999999	0	0
4.54399999999987	2.02999999999884	3.07099999999991	0	0
7.35400000000118	4.07899999999972	5.00799999999981	0	0
3.58300000000054	2.64400000000023	2.36199999999917	0	0
7.14400000000023	4.20499999999993	5.17000000000007	0	0
3.91799999999967	1.8640000000014	2.40099999999984	0	0
4.01199999999881	1.85800000000017	2.48499999999876	0	0
3.96700000000055	1.59900000000016	2.35999999999876	0	0
3.74599999999919	1.96299999999974	2.23399999999856	0	0
8.49699999999939	4.90899999999965	5.20500000000175	0	0
4.20900000000074	2.09000000000015	2.97799999999916	0	0
3.68400000000111	1.65699999999924	2.19000000000051	0	0
4.5059999999994	2.54799999999886	2.67599999999948	0	0
8.41799999999967	3.98199999999997	5.0630000000001	0	0
4.34799999999996	3.08499999999913	2.79099999999926	0	0
3.63799999999901	1.88899999999921	2.38200000000143	0	0
3.61800000000039	1.84400000000096	2.15899999999965	0	0
7.42399999999907	3.74300000000039	4.64899999999943	0	0
8.02800000000025	4.71500000000015	4.66899999999987	0	0
3.64999999999964	1.46000000000095	2.46200000000135	0	0
3.63800000000083	1.88500000000022	2.19399999999951	0	0
8.77000000000044	6.03399999999965	5.09099999999853	0	0
7.39899999999943	3.34399999999914	4.76000000000022	0	0
8.11199999999917	4.58299999999872	4.82599999999911	0	0
3.48500000000058	2.36300000000119	2.50799999999981	0	0
4.10399999999936	2.37199999999939	2.4989999999998	0	0
3.95600000000013	2.43000000000029	2.38500000000022	0	0
7.50900000000001	3.68299999999908	4.6869999999999	0	0
3.28799999999865	2.78099999999904	2.49299999999857	0	0
10.4619999999995	6.39000000000124	7.47500000000036	0	0
3.57699999999932	1.91100000000006	2.22100000000137	0	0
15.0419999999995	6.85000000000036	9.22600000000057	0	0
7.20499999999993	4.14199999999983	5.20400000000154	0	0
6.37699999999859	2.82699999999932	4.80099999999948	0	0
8.30400000000009	4.5619999999999	5.03900000000067	0	0
11.6470000000008	5.65799999999945	7.28399999999965	0	0
4.34100000000035	2.68399999999929	2.48500000000058	0	0
3.88400000000001	2.28299999999945	2.42799999999988	0	0
10.6489999999994	5.3070000000007	6.90099999999984	0	0
11.8979999999992	6.01300000000083	7.95499999999993	0	0
3.85500000000138	1.94000000000051	2.26399999999921	0	0
10.9369999999999	5.75200000000041	7.34499999999935	0	0
3.90500000000065	1.97299999999996	2.46500000000015	0	0
6.70999999999913	3.57999999999993	4.80299999999988	0	0
7.26000000000022	4.02100000000064	4.99300000000039	0	0
8.41799999999967	4.52000000000044	4.98399999999856	0	0
4.54700000000048	2.09199999999873	3.06899999999951	0	0
7.35199999999895	4.60599999999977	5.01699999999983	0	0
4.18299999999908	2.32799999999952	2.8119999999999	0	0
3.62799999999879	1.43900000000031	2.23799999999937	0	0
5.04399999999987	3.26800000000003	2.53499999999985	0	0
3.22400000000016	1.46000000000095	2.29299999999967	0	0
11.012999999999	5.15700000000106	6.90699999999924	0	0
3.9989999999998	2.15000000000146	2.72800000000097	0	0
3.5	1.99399999999878	2.46099999999933	0	0
3.85900000000038	2.871000000001	2.44900000000052	0	0
7.09700000000157	3.53600000000006	4.94200000000092	0	0
12.0460000000003	6.62900000000081	7.31100000000151	0	0
7.73400000000038	3.73799999999937	4.60299999999916	0	0
3.99399999999878	2.55899999999929	2.38199999999961	0	0
3.66299999999865	2.32799999999952	2.60799999999836	0	0
12.3119999999999	6.95699999999852	7.26699999999983	0	0
8.58399999999892	4.59699999999975	5.20499999999993	0	0
4.29600000000028	1.98799999999937	2.53200000000106	0	0
6.52499999999964	3.61199999999917	5.08400000000074	0	0
3.96700000000055	1.7510000000002	2.26800000000003	0	0
8.57599999999911	4.87900000000081	5.07500000000073	0	0
6.91199999999844	3.18100000000049	5.08699999999953	0	0
14.8149999999987	8.41799999999967	9.61700000000019	0	0
11.2960000000003	4.91799999999967	7.13500000000022	0	0
11.9670000000006	6.47799999999916	7.01700000000164	0	0
7.59100000000035	4.53800000000047	4.81899999999951	0	0
3.02199999999903	1.89999999999964	2.25900000000001	0	0
10.0959999999995	6.1919999999991	7.35900000000038	0	0
3.64699999999903	2.0739999999987	2.61300000000119	0	0
3.49300000000039	1.87200000000121	2.41899999999987	0	0
8.99699999999939	7.02300000000105	5.00799999999981	0	0
4.36199999999917	2.39500000000044	2.41200000000026	0	0
7.96199999999953	4.53700000000026	5.08799999999974	0	0
4.15400000000045	2.57600000000093	2.4380000000001	0	0
8.40200000000004	6.27300000000105	4.97099999999955	0	0
13.523000000001	8.13900000000103	7.54899999999907	0	0
7.76999999999862	5.20199999999932	5.03499999999985	0	0
3.53600000000006	1.5520000000015	2.50300000000061	0	0
4.22400000000016	2.6880000000001	2.30999999999949	0	0
6.75	3.76200000000063	4.71599999999853	0	0
6.60100000000057	3.46500000000015	4.72300000000178	0	0
3.6880000000001	1.66100000000006	2.45299999999952	0	0
7.09799999999996	3.55699999999888	4.73799999999937	0	0
7.46000000000095	3.45800000000054	4.59699999999975	0	0
11.3469999999998	5.16299999999865	7.07499999999891	0	0
4.14500000000044	1.80899999999929	2.54899999999907	0	0
5.06900000000132	3.76499999999942	3.11499999999978	0	0
7.00300000000061	3.41700000000128	4.98700000000099	0	0
18.6309999999994	10.0229999999992	11.8199999999997	0	0
8.02299999999923	4.33200000000033	5.30799999999908	0	0
4.23300000000017	2.38400000000001	2.61199999999917	0	0
9.06099999999969	5.13600000000042	5.41299999999865	0	0
3.42900000000009	1.51900000000023	2.39300000000003	0	0
4.17500000000109	2.3179999999993	2.50799999999981	0	0
4.05099999999948	2.07300000000032	2.41600000000108	0	0
8.00699999999961	4.41400000000067	4.73700000000099	0	0
3.96600000000035	2.16499999999905	2.22799999999916	0	0
7.3119999999999	3.43900000000031	5.1880000000001	0	0
4.40999999999985	2.28899999999885	3.09200000000055	0	0
4.12299999999959	1.80000000000109	2.58599999999933	0	0
6.96899999999914	3.16699999999946	5.18099999999868	0	0
11.6649999999991	6.95799999999872	7.19499999999971	0	0
3.76100000000042	2.40000000000146	2.28900000000067	0	0
4.21399999999994	2.46500000000015	2.36099999999897	0	0
11.6219999999994	6.10699999999997	7.1260000000002	0	0
3.89099999999962	2.02099999999882	2.71099999999933	0	0
4.08299999999872	2.04099999999926	2.47099999999955	0	0
7.18399999999929	5.11099999999897	5.23500000000058	0	0
7.82700000000114	4.96799999999894	5.29299999999967	0	0
6.97400000000016	4.14899999999943	4.57999999999993	0	0
3.94499999999971	2.45700000000033	2.69399999999951	0	0
4.18899999999849	2.39600000000064	2.49300000000039	0	0
3.74300000000039	2.45900000000074	2.76599999999962	0	0
8.6309999999994	5.13400000000001	5.3859999999986	0	0
3.75799999999981	2.61299999999937	2.70799999999872	0	0
4.54600000000028	2.47199999999975	2.41299999999865	0	0
7.28800000000047	3.96099999999933	4.91100000000006	0	0
3.89499999999862	2.07400000000052	2.27100000000064	0	0
3.68499999999949	1.94700000000012	2.21100000000115	0	0
3.86700000000019	1.79500000000007	2.31999999999971	0	0
4	2.003999999999	2.40999999999985	0	0
4.66899999999987	3.02299999999923	2.98999999999978	0	0
4.19000000000051	1.88400000000001	2.52100000000064	0	0
7.92699999999968	4.39599999999882	5.20200000000114	0	0
4.25900000000001	2.63999999999942	2.37300000000141	0	0
8.47099999999955	3.98500000000058	5.13700000000063	0	0
12.3639999999996	6.84200000000055	7.48400000000038	0	0
7.08799999999974	3.16399999999885	5.0010000000002	0	0
3.49799999999959	1.66200000000026	2.20100000000093	0	0
3.61100000000079	1.95200000000114	2.3239999999987	0	0
6.28199999999924	2.69200000000092	5.03900000000067	0	0
3.73300000000017	3.18499999999949	2.64899999999943	0	0
7.63600000000042	4.71800000000076	4.7489999999998	0	0
7.95700000000033	4.0109999999986	4.79399999999987	0	0
7.72400000000016	4.09100000000035	4.90600000000086	0	0
3.30900000000111	1.75400000000081	2.60899999999856	0	0
6.7440000000006	3.84000000000015	4.97000000000116	0	0
7.58699999999953	3.73400000000038	4.59299999999894	0	0
7.14400000000023	3.40500000000065	4.85099999999875	0	0
3.91399999999885	1.58100000000013	2.60200000000077	0	0
3.84699999999975	1.69499999999971	2.28900000000067	0	0
3.86299999999937	2.27700000000004	2.50699999999961	0	0
3.87799999999879	1.90100000000166	2.29399999999987	0	0
4.01399999999921	2.61299999999937	2.30500000000029	0	0
7.54000000000087	3.6190000000006	4.60800000000017	0	0
7.41500000000087	4.15499999999884	5.17100000000028	0	0
7.79200000000128	4.06999999999971	4.63900000000103	0	0
7.78799999999865	4.15300000000025	5.06000000000131	0	0
3.66399999999885	2.25	2.53700000000026	0	0
8.08299999999872	4.25	4.76299999999901	0	0
8.15799999999945	4.22400000000016	4.63700000000063	0	0
4.7440000000006	2.94100000000071	2.96699999999873	0	0
6.69600000000173	3.26199999999881	4.81099999999969	0	0
4.62800000000061	3.26700000000164	3.28900000000067	0	0
8.97299999999996	6.62099999999919	4.80299999999988	0	0
7.53499999999985	3.46599999999853	5.03399999999965	0	0
4.2450000000008	2.04399999999987	2.64199999999983	0	0
8.08200000000033	3.65799999999945	5.03800000000047	0	0
7.52400000000125	3.61899999999878	4.67900000000009	0	0
8.78100000000086	4.78600000000006	5.04600000000028	0	0
7.59200000000055	3.68399999999929	4.57500000000073	0	0
4.29299999999967	1.85400000000118	3.00200000000041	0	0
3.66100000000006	2.78999999999905	2.5739999999987	0	0
4	2.121000000001	2.42299999999886	0	0
3.94499999999971	2.14899999999943	2.3239999999987	0	0
4.18600000000151	2.98599999999897	2.57200000000012	0	0
7.26200000000063	3.15400000000045	4.66899999999987	0	0
12.3360000000011	7.02499999999964	7.28100000000086	0	0
3.5520000000015	1.60299999999916	2.20499999999993	0	0
4.22900000000118	2.45399999999972	2.41800000000148	0	0
7.09399999999914	3.81800000000112	5.02199999999903	0	0
4.28000000000065	2.625	2.64199999999983	0	0
3.80999999999949	2	2.07200000000012	0	0
8.68299999999908	4.52000000000044	5.37900000000081	0	0
7.90999999999985	3.97799999999916	5.34900000000016	0	0
3.96300000000156	2.06099999999969	2.33899999999994	0	0
12.2139999999999	8.24299999999857	7.60599999999977	0	0
11.987000000001	6.69200000000092	7.34000000000015	0	0
3.75699999999961	2.67999999999847	2.57999999999993	0	0
9.37299999999959	5.27900000000045	5.10800000000017	0	0
3.95000000000073	1.65700000000106	2.41899999999987	0	0
12.7600000000002	7.40600000000086	7.35200000000077	0	0
8.49499999999898	4.67000000000007	4.97099999999955	0	0
3.52099999999882	1.503999999999	2.45900000000074	0	0
3.6299999999992	2.07899999999972	2.10599999999977	0	0
8.08500000000276	4.9419999999991	4.96800000000076	0	0
8.08799999999974	4.27399999999943	5.14800000000105	0	0
7.8289999999979	3.621000000001	4.76599999999962	0	0
4.31499999999869	2.87900000000081	2.77499999999964	0	0
3.91600000000108	2.04699999999866	2.46899999999914	0	0
7.53399999999965	4.98999999999978	4.77000000000044	0	0
11.887999999999	5.47799999999916	7.25699999999961	0	0
3.75900000000183	1.66700000000128	2.36700000000019	0	0
9.91600000000108	4.98799999999937	7.40999999999985	0	0
7.45900000000256	3.99299999999857	5.15899999999965	0	0
7.31800000000294	3.70399999999972	4.63400000000001	0	0
8.07300000000032	3.53299999999945	4.77399999999943	0	0
3.91699999999764	1.7440000000006	2.38799999999901	0	0
3.80400000000009	1.58699999999953	2.16399999999885	0	0
3.99500000000262	2.25300000000061	2.21800000000076	0	0
10.9639999999999	6.17900000000009	7.50200000000041	0	0
3.63000000000102	1.878999999999	2.55299999999988	0	0
11.9860000000008	5.67599999999948	6.91799999999967	0	0
4.43699999999808	2.55400000000009	2.41499999999905	0	0
7.95000000000073	3.90300000000025	4.878999999999	0	0
15.780999999999	7.76200000000063	9.90099999999984	0	0
