7.146	0.421	14.679	0	0
3.312	0.368	7.389	0	0
3.067	0.228	6.283	0	0
3.886	0.498	8.741	0	0
6.135	0.798	14.243	0	0
3.217	0.209	6.66800000000001	0	0
3.397	0.412	7.646	0	0
3.78399999999999	0.236	7.994	0	0
3.145	0.169	6.74699999999999	0	0
2.76900000000001	0.0780000000000003	5.80000000000001	0	0
3.12	0.44	7.04400000000001	0	0
3.532	0.500999999999999	8.095	0	0
3.53100000000001	0.231	7.57499999999999	0	0
6.821	0.763	15.149	0	0
3.095	0.111000000000001	6.28700000000001	0	0
3.08000000000001	0.226000000000001	6.73000000000002	0	0
3.858	0.249000000000001	8.25900000000001	0	0
3.59299999999999	0.434999999999999	8.15300000000002	0	0
3.23699999999999	0.451000000000001	7.32400000000001	0	0
7.107	0.488000000000001	15.052	0	0
6.70400000000001	0.625	14.136	0	0
3.20599999999999	0.263000000000002	7.09200000000004	0	0
7.52600000000001	0.399000000000001	15.887	0	0
3.30099999999999	0.199999999999999	7.16700000000003	0	0
3.251	0.224999999999998	7.09700000000004	0	0
2.94900000000001	0.117999999999999	6.39699999999999	0	0
3.85599999999999	0.308	8.733	0	0
3.55699999999999	0.254999999999999	7.47199999999998	0	0
3.178	0.395	7.52699999999999	0	0
3.20400000000001	0.396000000000001	7.24700000000001	0	0
3.60400000000001	0.550000000000001	8.41699999999997	0	0
4.04499999999999	0.41	8.91100000000006	0	0
3.286	0.213999999999999	7.23299999999995	0	0
3.34299999999999	0.276	7.09500000000003	0	0
3.18800000000002	0.335999999999999	7.173	0	0
4.04399999999998	0.472000000000001	9.23300000000006	0	0
3.33299999999997	0.426000000000002	7.51600000000008	0	0
3.697	0.438000000000002	8.35300000000007	0	0
3.43200000000002	0.436	7.63700000000006	0	0
3.214	0.308	7.45799999999997	0	0
3.46299999999997	0.596	7.96799999999996	0	0
3.29699999999997	0.460000000000001	7.62200000000007	0	0
3.20799999999997	0.267000000000003	7.05200000000002	0	0
3.608	0.708999999999996	8.81200000000001	0	0
4.08700000000005	0.485999999999997	9.04499999999996	0	0
3.69299999999998	0.500999999999998	8.34400000000005	0	0
3.51900000000001	0.669999999999995	8.43299999999999	0	0
3.11599999999999	0.238	6.95900000000006	0	0
3.04999999999995	0.153999999999996	6.58199999999999	0	0
3.553	0.228999999999999	7.41300000000001	0	0
3.65199999999999	0.674999999999997	8.66899999999998	0	0
2.90600000000001	0.121000000000002	6.32799999999997	0	0
3.25900000000001	0.445	7.53200000000004	0	0
3.61700000000002	0.749000000000002	8.76100000000008	0	0
4.06599999999997	0.380999999999993	8.92099999999994	0	0
3.53699999999998	0.636999999999993	8.33499999999992	0	0
3.30700000000002	0.466999999999999	7.57000000000005	0	0
6.15899999999999	0.582000000000001	13.535	0	0
3.18900000000002	0.262999999999998	6.99000000000001	0	0
3.91000000000003	0.213999999999999	8.13499999999999	0	0
5.96899999999999	0.337000000000003	12.893	0	0
3.30399999999997	0.273000000000003	7.17899999999997	0	0
3.04500000000002	0.101000000000006	6.39499999999998	0	0
4.154	0.428000000000004	9.22299999999996	0	0
5.85300000000001	0.495999999999995	13.0069999999999	0	0
3.363	0.225999999999999	7.06299999999999	0	0
3.88300000000004	0.393000000000001	8.39499999999987	0	0
3.15700000000004	0.321000000000005	7.16599999999994	0	0
3.36000000000001	0.551000000000002	7.97800000000007	0	0
3.125	0.212000000000003	6.48900000000003	0	0
3.77500000000003	0.315999999999995	8.25800000000004	0	0
2.82800000000003	0.173999999999999	5.76100000000019	0	0
3.255	0.330999999999996	7.29600000000005	0	0
3.41699999999997	0.341999999999999	7.69599999999991	0	0
3.47899999999998	0.476999999999997	7.99099999999999	0	0
3.27199999999993	0.552	7.93399999999997	0	0
3.02200000000005	0.0859999999999985	6.2940000000001	0	0
3.21100000000001	0.256999999999998	7.08199999999988	0	0
3.56200000000001	0.208999999999996	7.80499999999984	0	0
3.26800000000003	0.442999999999998	7.29500000000007	0	0
2.92899999999997	0.0859999999999985	6.07099999999991	0	0
3.31799999999998	0.231000000000002	7.08699999999999	0	0
3.44999999999993	0.0670000000000002	7.30700000000002	0	0
3.28999999999996	0.353999999999999	7.30799999999999	0	0
3.43100000000004	0.562999999999995	8.07400000000007	0	0
6.88800000000003	0.703000000000003	15.2449999999999	0	0
3.11799999999994	0.332999999999998	7.06799999999998	0	0
3.03699999999992	0.25200000000001	6.63000000000011	0	0
3.17600000000004	0.25800000000001	6.99099999999999	0	0
3.67400000000009	0.662999999999997	8.60300000000007	0	0
3.59699999999998	0.396000000000001	8.05099999999993	0	0
3.44200000000001	0.372	7.5630000000001	0	0
3.05999999999995	0.278999999999996	6.72599999999989	0	0
3.18899999999996	0.286000000000001	7.09299999999985	0	0
3.93399999999997	0.331999999999994	8.81700000000001	0	0
3.577	0.321999999999989	7.76900000000001	0	0
3.4670000000001	0.283000000000001	7.51999999999998	0	0
5.96500000000003	0.251000000000005	12.8140000000001	0	0
3.29600000000005	0.416999999999987	7.09299999999985	0	0
2.96100000000001	0.199000000000012	6.39599999999996	0	0
3.30999999999995	0.424999999999997	7.47300000000018	0	0
3.55700000000002	0.519999999999996	8.4989999999998	0	0
3.92899999999997	0.253999999999991	8.55099999999993	0	0
6.01800000000003	0.599000000000004	13.162	0	0
3.34900000000005	0.341999999999999	7.39800000000014	0	0
3.36000000000001	0.278999999999996	7.63400000000001	0	0
2.94299999999998	0.147999999999996	6.11099999999988	0	0
2.86400000000003	0.070999999999998	6.04700000000003	0	0
3.87400000000002	0.489000000000004	8.673	0	0
3.23000000000002	0.340999999999994	7.09799999999996	0	0
3.89099999999996	0.280000000000001	8.77100000000019	0	0
3.34500000000003	0.522999999999996	7.81200000000013	0	0
3.01800000000003	0.242000000000004	6.75499999999988	0	0
3.23099999999999	0.325000000000003	7.17200000000003	0	0
3.86199999999997	0.694999999999993	8.93000000000006	0	0
3.37	0.39200000000001	7.75	0	0
2.93899999999996	0.147999999999996	5.94299999999998	0	0
3.53500000000008	0.631	8.12100000000009	0	0
3.67600000000004	0.162999999999997	8.048	0	0
3.43100000000004	0.665000000000006	7.92599999999993	0	0
3.40599999999995	0.317999999999998	7.46799999999985	0	0
3.16100000000006	0.319000000000003	6.95899999999983	0	0
3.76400000000001	0.503	8.40199999999982	0	0
2.99399999999991	0.0360000000000014	6.21500000000015	0	0
3.38099999999997	0.356999999999999	7.47500000000014	0	0
3.1880000000001	0.268000000000001	6.89600000000019	0	0
3.6640000000001	0.228999999999999	7.673	0	0
3.85600000000011	0.281000000000006	8.18100000000004	0	0
6.36199999999997	0.939000000000007	14.5839999999998	0	0
3.17000000000007	0.409000000000006	7.09799999999996	0	0
3.16499999999996	0.141999999999996	6.87100000000009	0	0
3.54399999999998	0.271000000000001	7.5920000000001	0	0
3.25	0.280000000000001	6.99299999999994	0	0
3.26499999999999	0.498999999999995	7.84800000000018	0	0
3.096	0.281999999999996	6.75099999999998	0	0
3.49899999999991	0.442999999999998	8.13599999999997	0	0
3.73599999999999	0.260999999999996	8.07399999999984	0	0
3.34000000000003	0.245999999999995	7.44599999999991	0	0
3.22800000000007	0.515999999999991	7.59100000000012	0	0
3.03399999999999	0.275999999999996	6.60100000000011	0	0
4.02499999999998	0.39200000000001	8.89300000000003	0	0
3.10299999999995	0.219000000000008	6.8390000000004	0	0
3.40899999999999	0.296999999999997	7.71599999999989	0	0
3.82399999999996	0.563000000000002	8.65200000000004	0	0
3.57399999999996	0.284000000000006	7.5300000000002	0	0
3.06700000000001	0.128999999999991	5.97299999999996	0	0
3.245	0.231999999999999	7.19399999999996	0	0
3.20899999999995	0.234999999999999	7.11800000000039	0	0
2.97500000000002	0.122	6.25500000000011	0	0
3.14200000000005	0.284999999999997	6.94399999999996	0	0
3.15300000000002	0.305000000000007	7.10199999999986	0	0
3.09199999999998	0.173999999999992	6.77199999999993	0	0
4.08100000000002	0.182000000000002	8.66899999999987	0	0
3.24000000000001	0.256	6.87199999999984	0	0
3.423	0.483000000000004	8.21399999999994	0	0
3.54899999999998	0.492000000000004	8.20600000000013	0	0
7.24000000000012	0.786999999999992	15.6350000000002	0	0
3.63999999999987	0.372	8.22799999999961	0	0
3.73199999999997	0.402999999999992	8.17999999999984	0	0
3.14400000000001	0.149000000000001	6.61500000000024	0	0
3.65200000000004	0.341999999999999	8.25599999999986	0	0
3.44900000000007	0.335999999999999	7.63699999999972	0	0
3.38200000000006	0.5	7.904	0	0
3.11000000000013	0.406000000000006	7.18100000000004	0	0
3.91099999999983	0.588000000000008	9.16900000000032	0	0
6.43100000000004	0.620999999999995	13.8589999999999	0	0
3.11599999999999	0.039999999999992	6.42299999999977	0	0
3.16300000000001	0.189999999999998	6.81099999999969	0	0
3.88499999999999	0.434999999999988	8.75	0	0
3.26900000000001	0.332999999999998	7.52299999999968	0	0
3.07299999999987	0.247	6.48699999999963	0	0
3.3309999999999	0.497	7.48900000000003	0	0
3.42500000000018	0.558999999999997	8.11799999999994	0	0
3.18700000000013	0.373999999999995	7.11599999999999	0	0
3.56899999999996	0.407000000000011	8.34099999999989	0	0
3.25699999999983	0.429999999999993	7.64599999999973	0	0
3.39899999999989	0.0699999999999932	6.97899999999981	0	0
3.36799999999994	0.336000000000013	7.33199999999988	0	0
3.16699999999992	0.359000000000009	7.23500000000013	0	0
3.08600000000001	0.265999999999991	7.15099999999984	0	0
3.21600000000012	0.60899999999998	7.67299999999977	0	0
3.40100000000007	0.460000000000008	7.46599999999989	0	0
6.47800000000007	0.875	15.1480000000001	0	0
3.1099999999999	0.175999999999988	6.38799999999992	0	0
3.01099999999997	0.165999999999997	6.221	0	0
3.3449999999998	0.539999999999992	7.92200000000003	0	0
3.72000000000003	0.432000000000016	8.35699999999997	0	0
3.03100000000018	0.23599999999999	6.70699999999988	0	0
3.74199999999996	0.283000000000015	7.76300000000037	0	0
3.53199999999993	0.349000000000018	7.75	0	0
6.221	0.77000000000001	13.922	0	0
4.10400000000004	0.456999999999994	9.125	0	0
3.51200000000017	0.34699999999998	7.98400000000038	0	0
3.54700000000003	0.525000000000006	7.94299999999976	0	0
3.11799999999994	0.158999999999992	6.85399999999981	0	0
4.07500000000005	0.224999999999994	8.54399999999987	0	0
2.97800000000007	0.161000000000001	6.38400000000001	0	0
3.04600000000005	0.226999999999975	6.36299999999983	0	0
3.4849999999999	0.498000000000019	8.04199999999992	0	0
3.91999999999985	0.450000000000017	8.82900000000018	0	0
6.15699999999993	0.425999999999988	13.5789999999997	0	0
5.96800000000007	0.49199999999999	12.933	0	0
3.51600000000008	0.465000000000003	7.91699999999992	0	0
3.97699999999986	0.780000000000001	9.35100000000011	0	0
3.56000000000017	0.518000000000001	8.36000000000013	0	0
3.56499999999983	0.328000000000003	7.93600000000015	0	0
4.048	0.25	8.60199999999986	0	0
3.17599999999993	0.594000000000023	7.39800000000014	0	0
3.05899999999997	0.316000000000003	6.74099999999999	0	0
3.24600000000009	0.320000000000022	7.18399999999974	0	0
3.79500000000007	0.506	8.91000000000031	0	0
3.28400000000011	0.193000000000012	6.86900000000014	0	0
3.24799999999982	0.224999999999994	6.96500000000015	0	0
3.39600000000019	0.309999999999974	7.58400000000029	0	0
3.74000000000001	0.181000000000012	7.83800000000019	0	0
3.5329999999999	0.582999999999998	8.21199999999999	0	0
3.49400000000014	0.290999999999997	7.78400000000011	0	0
3.75800000000004	0.455000000000013	8.42000000000007	0	0
4.12000000000012	0.61099999999999	9.15599999999995	0	0
3.38799999999992	0.355000000000018	7.21000000000004	0	0
3.23300000000017	0.26400000000001	7.32600000000002	0	0
3.12000000000012	0.313999999999993	6.98500000000013	0	0
3.51800000000003	0.175999999999988	7.4350000000004	0	0
3.55899999999997	0.859000000000009	8.97299999999996	0	0
3.65000000000009	0.667000000000002	8.50400000000036	0	0
3.13799999999992	0.173999999999978	6.6569999999997	0	0
3.37199999999984	0.0919999999999845	7.17600000000039	0	0
3.08799999999997	0.219000000000023	6.38100000000031	0	0
3.33899999999994	0.495000000000005	7.65099999999984	0	0
3.58500000000004	0.764999999999986	8.78400000000011	0	0
3.56600000000003	0.0980000000000132	7.30000000000018	0	0
3.04499999999985	0.308999999999997	6.71000000000004	0	0
3.35099999999989	0.609000000000009	8.00900000000001	0	0
3.37900000000013	0.284999999999997	7.47899999999981	0	0
3.7170000000001	0.477000000000004	7.78499999999985	0	0
6.76299999999992	0.627999999999986	14.1409999999996	0	0
3.36799999999994	0.358000000000004	7.55299999999988	0	0
3.86200000000008	0.365000000000009	8.59500000000025	0	0
3.23800000000006	0.224999999999994	7.24499999999989	0	0
3.45000000000005	0.304000000000002	7.67300000000023	0	0
2.87899999999991	0.00999999999999091	5.74699999999984	0	0
3.64200000000005	0.230000000000018	7.78300000000036	0	0
3.94000000000005	0.185000000000002	8.05400000000009	0	0
7.31700000000001	0.739999999999981	16.201	0	0
3.61400000000003	0.147999999999996	7.94800000000032	0	0
6.43100000000004	0.594999999999999	14.453	0	0
3.0619999999999	0.288999999999987	6.69499999999971	0	0
3.13099999999986	0.229000000000013	6.73399999999992	0	0
6.89400000000001	0.812999999999988	15.4740000000002	0	0
3.07799999999997	0.224999999999994	6.79899999999998	0	0
3.44200000000001	0.455999999999989	7.83599999999979	0	0
3.23399999999992	0.444000000000017	7.49199999999973	0	0
3.84399999999982	0.391999999999996	8.32200000000012	0	0
3.17000000000007	0.238	6.78400000000011	0	0
3.44499999999994	0.36099999999999	7.60299999999961	0	0
3.37300000000005	0.490999999999985	7.39399999999978	0	0
3.59899999999993	0.260999999999996	7.44200000000001	0	0
3.11500000000001	0.200000000000017	6.68100000000004	0	0
3.1239999999998	0.414999999999992	7.22699999999986	0	0
3.59000000000015	0.905000000000001	9.13799999999992	0	0
3.50199999999995	0.180000000000007	7.32500000000027	0	0
3.29899999999998	0.461999999999989	7.61599999999999	0	0
3.17200000000003	0.266999999999996	6.81099999999969	0	0
3.12599999999998	0.140999999999991	6.8119999999999	0	0
3.62800000000016	0.126000000000005	7.654	0	0
3.55600000000004	0.613	8.50799999999981	0	0
3.75999999999999	0.556000000000012	8.7510000000002	0	0
3.80400000000009	0.566000000000003	8.5659999999998	0	0
3.90699999999993	0.277000000000015	8.72899999999981	0	0
3.10399999999981	0.246999999999986	6.346	0	0
3.33400000000006	0.531999999999982	7.69500000000016	0	0
3.35300000000007	0.485000000000014	7.51499999999987	0	0
7.23599999999988	0.512999999999977	15.7780000000002	0	0
3.16599999999994	0.177999999999997	6.85099999999966	0	0
3.53500000000008	0.338000000000022	7.45800000000008	0	0
3.84999999999991	0.385000000000019	8.4369999999999	0	0
3.38999999999987	0.256	7.4380000000001	0	0
3.42100000000005	0.429000000000002	7.87100000000009	0	0
3.69100000000003	0.582999999999998	8.48199999999997	0	0
3.81200000000013	0.400000000000006	8.77399999999989	0	0
2.98799999999983	0.14100000000002	6.56700000000001	0	0
3.18700000000013	0.161999999999978	6.75600000000031	0	0
3.23299999999995	0.260999999999996	6.8130000000001	0	0
4.00800000000004	0.361999999999995	8.625	0	0
3.6260000000002	0.191000000000003	7.49099999999999	0	0
3.38499999999999	0.293000000000006	7.22500000000036	0	0
3.19900000000007	0.265000000000015	7.21900000000005	0	0
6.52300000000014	0.463999999999999	14.4009999999998	0	0
3.40900000000011	0.515000000000015	7.94399999999951	0	0
3.47500000000014	0.415999999999997	7.96200000000044	0	0
7.55399999999986	1.24299999999999	17.4290000000001	0	0
3.27999999999997	0.246000000000009	7.20200000000023	0	0
3.63100000000009	0.407000000000011	8.17399999999998	0	0
3.41099999999983	0.419000000000011	7.71100000000024	0	0
3.38200000000006	0.275999999999982	7.2450000000008	0	0
3.048	0.200999999999993	6.47400000000016	0	0
3.61899999999991	0.510000000000019	7.97100000000046	0	0
3.67800000000011	0.307999999999993	7.97900000000027	0	0
3.36699999999996	0.671999999999997	8.03200000000015	0	0
3.00499999999988	0.120000000000005	6.57699999999932	0	0
3.09799999999996	0.152999999999992	6.71299999999974	0	0
3.98800000000006	0.632000000000005	9.22299999999996	0	0
3.37000000000012	0.322000000000003	7.34700000000066	0	0
3.31099999999992	0.485000000000014	7.41299999999956	0	0
3.65999999999985	0.558999999999997	8.58100000000013	0	0
3.68499999999995	0.319999999999993	7.94599999999991	0	0
3.62099999999987	0.572999999999979	8.28499999999985	0	0
3.42200000000003	0.492999999999995	8.01000000000022	0	0
2.88200000000006	0.162000000000006	6.09999999999945	0	0
3.72399999999993	0.174999999999983	7.90400000000045	0	0
3.36599999999999	0.481999999999999	7.33799999999974	0	0
3.20499999999993	0.211999999999989	6.8720000000003	0	0
4.03700000000003	0.245000000000005	8.32899999999972	0	0
3.39800000000014	0.510000000000019	7.74799999999959	0	0
2.97200000000021	0.180999999999983	6.37100000000009	0	0
3.16100000000006	0.260999999999996	6.98199999999997	0	0
3.66199999999981	0.217999999999989	7.60800000000017	0	0
4.00800000000027	0.349999999999994	8.32099999999991	0	0
3.69799999999987	0.421999999999997	8.34699999999975	0	0
2.9369999999999	0.0500000000000114	5.65799999999945	0	0
7.00999999999976	0.448999999999984	14.2049999999999	0	0
3.39699999999993	0.205000000000013	7.24600000000009	0	0
2.86900000000014	0.0320000000000107	6.10899999999947	0	0
3.01699999999983	0.0810000000000173	5.99499999999989	0	0
2.87100000000009	0.0409999999999968	5.73500000000058	0	0
3.80200000000013	0.283000000000015	7.94499999999971	0	0
3.32299999999987	0.414999999999992	7.56700000000001	0	0
3.654	0.26400000000001	7.52400000000034	0	0
3.19500000000016	0.231999999999999	6.99499999999989	0	0
3.17499999999973	0.336000000000013	6.96099999999933	0	0
3.10100000000011	0.361999999999995	7.2529999999997	0	0
2.78200000000015	0.0569999999999879	5.85100000000057	0	0
3.28200000000015	0.199999999999989	7.21799999999985	0	0
3.68199999999979	0.424000000000007	7.95399999999972	0	0
3.87800000000016	0.498000000000019	8.77300000000014	0	0
3.00599999999986	0.223000000000013	6.67000000000007	0	0
3.35899999999992	0.416000000000025	7.54199999999946	0	0
3.21199999999999	0.25	7.20300000000043	0	0
2.88099999999986	0.150000000000006	6.11299999999937	0	0
3.02199999999993	0.200999999999993	6.80500000000029	0	0
3.10100000000011	0.230999999999995	6.90899999999965	0	0
3.33899999999994	0.427999999999997	7.75700000000052	0	0
3.57000000000016	0.161000000000001	7.78599999999915	0	0
3.47899999999981	0.275999999999982	7.88100000000031	0	0
3.42900000000009	0.717000000000013	8.38799999999992	0	0
3.37100000000009	0.584000000000003	8.09100000000035	0	0
3.86900000000014	0.275000000000006	8.34000000000015	0	0
3.19900000000007	0.262	6.85899999999947	0	0
2.94299999999976	0.126999999999981	6.50900000000001	0	0
7.05200000000013	0.932000000000016	16.0699999999997	0	0
3.47699999999986	0.481999999999999	8.11099999999988	0	0
3.31700000000001	0.248999999999995	7.11899999999969	0	0
3.71399999999994	0.592999999999989	8.69899999999961	0	0
3.77500000000009	0.485000000000014	8.48100000000068	0	0
3.35400000000027	0.277999999999963	7.15800000000036	0	0
3.1840000000002	0.141999999999996	6.60200000000077	0	0
3.53099999999995	0.300000000000011	7.48300000000017	0	0
3.84299999999985	0.61099999999999	8.79200000000037	0	0
3.19000000000005	0.295999999999992	6.82499999999982	0	0
3.38599999999997	0.466000000000008	7.84000000000015	0	0
3.14300000000003	0.28000000000003	7.07600000000002	0	0
4.15099999999984	0.396999999999991	9.17300000000068	0	0
3.66600000000017	0.496000000000038	8.33499999999913	0	0
3.25099999999975	0.28000000000003	7.09899999999925	0	0
2.84999999999991	0.0339999999999918	5.86599999999999	0	0
3.57299999999987	0.322000000000003	8.22699999999986	0	0
3.02500000000009	0.211999999999989	6.74200000000019	0	0
3.17299999999977	0.268000000000029	7.11200000000008	0	0
2.97600000000011	0.228000000000009	6.22599999999966	0	0
3.779	0.47199999999998	8.55099999999948	0	0
3.36599999999999	0.509999999999991	7.6889999999994	0	0
3.31900000000041	0.470000000000027	7.65799999999945	0	0
3.34800000000041	0.478000000000009	7.65799999999945	0	0
3.37599999999975	0.370000000000005	7.59700000000066	0	0
2.99399999999969	0.208000000000027	6.54300000000057	0	0
3.1850000000004	0.493999999999971	7.32399999999961	0	0
3.86000000000013	0.371000000000038	8.125	0	0
5.88099999999986	0.341000000000008	12.6870000000008	0	0
3.51200000000017	0.531000000000006	8.04899999999998	0	0
3.94200000000001	0.323999999999955	8.90700000000015	0	0
3.0920000000001	0.225999999999999	6.5019999999995	0	0
2.97699999999986	0.035000000000025	6.04099999999926	0	0
3.27100000000019	0.439999999999998	7.30000000000018	0	0
6.77199999999993	0.80400000000003	15.4639999999999	0	0
3.62800000000016	0.511000000000024	8.11799999999948	0	0
3.56899999999996	0.343999999999994	7.90400000000045	0	0
3.48199999999997	0.33499999999998	7.63900000000012	0	0
4.05500000000029	0.550999999999988	9.11599999999999	0	0
3.50599999999986	0.379999999999995	7.76299999999992	0	0
3.82700000000023	0.392999999999972	8.69999999999982	0	0
3.79599999999982	0.36099999999999	8.58199999999943	0	0
3.02800000000025	0.201999999999998	6.25500000000011	0	0
6.1909999999998	0.407999999999959	13.6220000000003	0	0
3.58100000000013	0.137999999999977	7.80299999999988	0	0
3.0619999999999	0.112000000000023	6.49299999999948	0	0
3.4050000000002	0.247000000000014	7.32399999999961	0	0
3.69700000000012	0.222000000000037	7.88900000000012	0	0
3.33699999999999	0.271999999999991	6.97500000000036	0	0
3.17600000000039	0.278999999999996	6.7519999999995	0	0
3.30700000000024	0.378000000000043	7.46799999999985	0	0
4.17500000000018	0.238999999999976	8.97000000000025	0	0
3.11400000000003	0.135999999999967	6.31700000000001	0	0
6.3119999999999	0.98399999999998	14.6590000000006	0	0
4.17599999999993	0.373999999999967	9.12199999999939	0	0
3.5	0.331999999999994	7.96999999999935	0	0
3.42099999999982	0.40100000000001	7.59399999999914	0	0
3.34799999999996	0.262	7.09799999999996	0	0
3.55600000000004	0.183999999999969	7.78300000000036	0	0
3.61300000000028	0.364000000000033	7.80799999999999	0	0
3.04800000000023	0.321000000000026	6.86999999999989	0	0
3.31400000000031	0.492999999999995	7.56999999999971	0	0
3.62300000000005	0.454999999999984	8.31700000000001	0	0
3.14000000000033	0.451999999999998	7.17700000000059	0	0
3.10599999999977	0.312999999999988	7.1909999999998	0	0
3.43199999999979	0.464999999999975	7.85199999999986	0	0
3.74400000000014	0.336000000000013	8.28700000000026	0	0
3.42399999999998	0.173000000000002	7.11399999999958	0	0
3.33500000000004	0.508999999999958	7.97500000000036	0	0
3.30100000000039	0.29200000000003	7.33500000000004	0	0
3.81600000000026	0.523000000000025	9.03499999999985	0	0
3.2800000000002	0.350000000000023	7.28399999999965	0	0
3.14099999999962	0.0780000000000314	6.80899999999929	0	0
3.50699999999961	0.242999999999995	7.67799999999988	0	0
3.98300000000017	0.323000000000036	8.61700000000019	0	0
3.46399999999994	0.338000000000022	7.55899999999929	0	0
3.50799999999981	0.245999999999981	7.56500000000051	0	0
3.45600000000013	0.259000000000015	7.05400000000009	0	0
3.36999999999989	0.241999999999962	7.39499999999953	0	0
3.30400000000009	0.333000000000027	7.3130000000001	0	0
3.45100000000002	0.555000000000007	8.02199999999993	0	0
3.73000000000002	0.164999999999964	7.96799999999985	0	0
3.35399999999981	0.37299999999999	6.59199999999964	0	0
3.66200000000026	0.369000000000028	7.8119999999999	0	0
3.21099999999979	0.444999999999993	7.8159999999998	0	0
3.67299999999977	0.265999999999963	7.93099999999959	0	0
3.58499999999958	0.373999999999967	7.71699999999964	0	0
5.9670000000001	0.250999999999976	12.6120000000001	0	0
3.6880000000001	0.41700000000003	8.48700000000008	0	0
3.2859999999996	0.365000000000009	7.11099999999988	0	0
3.44499999999971	0.309000000000026	7.64599999999973	0	0
3.48000000000002	0.0430000000000064	7.22599999999966	0	0
3.33199999999988	0.397000000000048	7.42000000000007	0	0
3.57999999999993	0.399999999999977	7.85400000000027	0	0
2.96900000000005	0.0419999999999732	6.11700000000019	0	0
3.95899999999983	0.380999999999972	8.35999999999967	0	0
3.03099999999995	0.232000000000028	6.84799999999996	0	0
3.02499999999964	0.158999999999992	6.01699999999983	0	0
3.3119999999999	0.317999999999984	7.00600000000031	0	0
3.41699999999992	0.555000000000007	7.85499999999956	0	0
2.99500000000035	0.0509999999999877	6.03400000000056	0	0
3.00800000000027	0.0139999999999532	5.97000000000025	0	0
3.63799999999992	0.19500000000005	7.66699999999946	0	0
2.8739999999998	0.0430000000000064	5.68599999999969	0	0
3.55500000000029	0.32099999999997	7.8130000000001	0	0
4.1840000000002	0.54000000000002	9.34000000000015	0	0
3.13699999999972	0.350999999999999	7.07499999999982	0	0
3.21300000000019	0.245999999999981	7.1889999999994	0	0
3.51600000000008	0.678999999999974	8.27299999999923	0	0
3.72299999999996	0.567999999999984	8.47800000000007	0	0
3.38999999999987	0.550999999999988	7.91799999999967	0	0
3.5329999999999	0.230999999999995	7.72099999999955	0	0
4.19600000000037	0.508000000000038	9.85999999999967	0	0
3.09400000000005	0.194000000000017	6.78499999999985	0	0
3.11300000000028	0.201000000000022	6.83399999999983	0	0
3.35699999999997	0.391999999999996	7.65000000000055	0	0
3.3420000000001	0.581000000000017	8.1220000000003	0	0
3.54400000000032	0.540999999999997	7.99199999999928	0	0
2.90900000000011	0.0409999999999968	6.04299999999967	0	0
3.5630000000001	0.294999999999959	7.55599999999959	0	0
3.61400000000003	0.12700000000001	7.54399999999987	0	0
3.44999999999982	0.274000000000001	7.73700000000008	0	0
3.20299999999997	0.162999999999954	6.45600000000013	0	0
3.68899999999985	0.152999999999963	7.93000000000029	0	0
3.11200000000008	0.154999999999973	6.52599999999984	0	0
3.14899999999989	0.243999999999971	6.96500000000015	0	0
3.08300000000008	0.125	6.82900000000063	0	0
2.93600000000015	0.0769999999999982	6.02099999999973	0	0
2.97400000000016	0.0840000000000032	6.01699999999983	0	0
3.01499999999987	0.149000000000001	6.58899999999994	0	0
3.75599999999986	0.115999999999985	7.85900000000038	0	0
3.51299999999992	0.564000000000021	8.52499999999964	0	0
3.62300000000005	0.609999999999957	8.42900000000009	0	0
3.97499999999991	0.336999999999989	8.39000000000033	0	0
3.25300000000016	0.447000000000003	7.42000000000007	0	0
3.43100000000004	0.324999999999989	7.35600000000068	0	0
3.27199999999993	0.381000000000029	7.11200000000008	0	0
3.82499999999982	0.540999999999997	9.05299999999988	0	0
3.34099999999989	0.428999999999974	7.90000000000055	0	0
3.17700000000013	0.375	7.28799999999956	0	0
3.21399999999994	0.213000000000022	6.71399999999994	0	0
3.99600000000009	0.524000000000001	9.05000000000018	0	0
3.29100000000017	0.562000000000012	7.96099999999933	0	0
6.09700000000021	0.75	13.4049999999997	0	0
3.90300000000025	0.293999999999983	8.31600000000071	0	0
3.50099999999975	0.282999999999959	7.96799999999985	0	0
6.13400000000001	0.533000000000015	13.4540000000006	0	0
4.04300000000012	0.38900000000001	8.94999999999982	0	0
3.46100000000024	0.426000000000045	7.89199999999983	0	0
3.11599999999999	0.161000000000001	6.68900000000031	0	0
4.09099999999989	0.536999999999978	9.09599999999955	0	0
2.99600000000009	0.117000000000019	6.22299999999996	0	0
3.5920000000001	0.33499999999998	8.27700000000004	0	0
3.36300000000028	0.389999999999986	7.63599999999951	0	0
3.5949999999998	0.150999999999954	7.52100000000064	0	0
2.94900000000007	0.0579999999999927	5.94599999999991	0	0
2.88000000000011	0.0930000000000177	6.18900000000031	0	0
3.51200000000017	0.45599999999996	8.23399999999947	0	0
3.34099999999989	0.454999999999984	7.63900000000012	0	0
3.28700000000026	0.463000000000022	7.76199999999972	0	0
3.4050000000002	0.514999999999986	8.18199999999979	0	0
7.72399999999971	0.774000000000001	16.7880000000005	0	0
3.20000000000027	0.341000000000008	7.12199999999939	0	0
3.23799999999983	0.27600000000001	7.27899999999954	0	0
3.90000000000009	0.310999999999979	8.44800000000032	0	0
3.64100000000008	0.62299999999999	8.47600000000057	0	0
3.00700000000006	0.170999999999992	6.65500000000065	0	0
2.85599999999977	0.0550000000000068	5.65800000000036	0	0
2.98600000000033	0.0980000000000132	6.30599999999959	0	0
2.99500000000035	0.162999999999954	6.38200000000052	0	0
3.29300000000012	0.221000000000004	6.83000000000084	0	0
3.30099999999993	0.564000000000021	7.83399999999983	0	0
3.11400000000003	0.324999999999989	6.80200000000059	0	0
3.28200000000015	0.23599999999999	7.11399999999958	0	0
3.72900000000027	0.273000000000025	8.10699999999997	0	0
3.10799999999972	0.250999999999976	7.21100000000024	0	0
6.60899999999992	1.298	15.7300000000005	0	0
3.63700000000017	0.329000000000008	8.02500000000055	0	0
3.33500000000004	0.435999999999979	7.76600000000053	0	0
3.72399999999971	0.47199999999998	8.41899999999987	0	0
3.22599999999966	0.336999999999989	7.00399999999991	0	0
3.08800000000019	0.219000000000051	6.60599999999977	0	0
3.14100000000008	0.314999999999998	7.23099999999977	0	0
3.73399999999992	0.58299999999997	8.72800000000007	0	0
3.55600000000004	0.277000000000044	7.51800000000003	0	0
3.68499999999995	0.59899999999999	8.73999999999978	0	0
3.49499999999989	0.572000000000003	8.25699999999961	0	0
3.64400000000023	0.134000000000015	7.13799999999992	0	0
3.4670000000001	0.488999999999976	8.08400000000074	0	0
3.31299999999965	0.252999999999986	7.17999999999938	0	0
3.89499999999998	0.384999999999991	8.42799999999988	0	0
3.49800000000005	0.267999999999972	7.55799999999999	0	0
3.42900000000009	0.105999999999995	7.33200000000033	0	0
3.24499999999989	0.259000000000015	7.02599999999984	0	0
3.30200000000013	0.208000000000027	7.13000000000011	0	0
3.64399999999978	0.402999999999963	7.71500000000015	0	0
3.71900000000005	0.19599999999997	7.90499999999975	0	0
3.09800000000041	0.328000000000031	6.79699999999957	0	0
3.16300000000001	0.265999999999963	7.01499999999942	0	0
3.24500000000035	0.36099999999999	7.3090000000002	0	0
6.25599999999986	0.42900000000003	13.4880000000003	0	0
3.03400000000011	0.206999999999994	6.50799999999981	0	0
3.61999999999989	0.0389999999999873	7.33100000000013	0	0
3.18600000000015	0.201000000000022	7.05100000000039	0	0
3.09999999999991	0.185000000000002	7.07100000000082	0	0
3.96399999999994	0.407999999999959	9.34100000000035	0	0
3.21600000000035	0.269999999999982	6.99699999999939	0	0
3.05200000000013	0.286999999999978	6.64000000000033	0	0
3.84999999999991	0.29000000000002	8.1239999999998	0	0
2.89199999999983	0.0850000000000364	5.95100000000002	0	0
3.21199999999999	0.276999999999987	7.15999999999985	0	0
3.42200000000003	0.73399999999998	8.44200000000001	0	0
3.25900000000001	0.202999999999975	7.04099999999926	0	0
3.49099999999999	0.317000000000007	7.59799999999996	0	0
3.47900000000027	0.37299999999999	7.54799999999977	0	0
7.21199999999999	0.589999999999975	15.7420000000002	0	0
3.38100000000031	0.345000000000027	7.43099999999959	0	0
3.74900000000025	0.375	8.13600000000042	0	0
3.96599999999989	0.495000000000005	9.21900000000005	0	0
6.07900000000018	0.34899999999999	12.4759999999997	0	0
3.57099999999991	0.399999999999977	7.9910000000018	0	0
4.14100000000008	0.48399999999998	9.39099999999962	0	0
3.17200000000003	0.276999999999987	6.78499999999985	0	0
3.14300000000003	0.102999999999952	6.70299999999952	0	0
3.28699999999981	0.18199999999996	7.3690000000006	0	0
3.72600000000011	0.866999999999962	9.06500000000051	0	0
3.35599999999977	0.339999999999975	7.22400000000016	0	0
6.77599999999984	0.539999999999964	14.7139999999999	0	0
3.57799999999997	0.355999999999995	7.56700000000092	0	0
3.25800000000027	0.288000000000011	7.51100000000042	0	0
7.46199999999999	0.918000000000006	17.0290000000005	0	0
6.57900000000018	0.771000000000015	14.5049999999992	0	0
3.83199999999988	0.475999999999999	8.66499999999905	0	0
3.53200000000015	0.435000000000002	8.10399999999936	0	0
3.53500000000031	0.327999999999975	7.90699999999924	0	0
3.63599999999997	0.231999999999971	7.77199999999903	0	0
3.53999999999996	0.348000000000013	7.67400000000089	0	0
3.28200000000015	0.21999999999997	7.14500000000044	0	0
3.32799999999997	0.261000000000024	6.99799999999959	0	0
3.26999999999998	0.29000000000002	7.3760000000002	0	0
3.61200000000008	0.185999999999979	7.77900000000045	0	0
2.92799999999988	0.157000000000039	6.31800000000112	0	0
3.74800000000005	0.397999999999968	8.40900000000147	0	0
4.02399999999989	0.331999999999994	8.89700000000084	0	0
3.0590000000002	0.204999999999984	6.71800000000076	0	0
3.1260000000002	0.162999999999954	6.82099999999991	0	0
3.17000000000007	0.124000000000024	6.72199999999975	0	0
3.37300000000005	0.376999999999953	7.67799999999988	0	0
3.21599999999989	0.199000000000012	6.875	0	0
4.10400000000027	0.348000000000013	9.06999999999971	0	0
3.19500000000016	0.264999999999986	7.31099999999969	0	0
3.5949999999998	0.366000000000042	7.54000000000087	0	0
3.1880000000001	0.263000000000034	6.95100000000093	0	0
4.32600000000002	0.40500000000003	8.95299999999952	0	0
6.05500000000029	0.311999999999955	12.9860000000008	0	0
3.66899999999987	0.404999999999973	8.29399999999987	0	0
6.52500000000009	0.586999999999989	13.9770000000008	0	0
3.61999999999989	0.439000000000021	8.23999999999978	0	0
4.32400000000007	0.501000000000033	9.63500000000022	0	0
3.23999999999978	0.279999999999973	6.8130000000001	0	0
6.53400000000011	0.833000000000027	14.2910000000011	0	0
3.19999999999982	0.295999999999992	6.91399999999885	0	0
3.471	0.548000000000002	7.98499999999876	0	0
3.86599999999999	0.489000000000033	8.54699999999866	0	0
3.17900000000009	0.374000000000024	7.35299999999916	0	0
3.33199999999988	0.58099999999996	7.52499999999964	0	0
4.01099999999997	0.242999999999995	8.67100000000028	0	0
6.75400000000036	0.924000000000035	15.1910000000007	0	0
3.03699999999981	0.13900000000001	6.73899999999958	0	0
3.72699999999986	0.33499999999998	8.06899999999951	0	0
3.30600000000004	0.221000000000004	6.97299999999996	0	0
3.48700000000008	0.281999999999982	7.90899999999965	0	0
7.44499999999971	1.00799999999998	16.3429999999989	0	0
3.20299999999997	0.26400000000001	6.95800000000054	0	0
3.08400000000029	0.211000000000013	6.45799999999872	0	0
3.70399999999972	0.240999999999985	7.97400000000016	0	0
3.48399999999992	0.298000000000002	7.54199999999946	0	0
6.60900000000038	0.463999999999999	13.9220000000005	0	0
3.85499999999956	0.370000000000005	8.39199999999983	0	0
3.41000000000076	0.449999999999989	7.51399999999921	0	0
3.42299999999977	0.574999999999989	8.20399999999972	0	0
4.20200000000023	0.526999999999987	9.27700000000004	0	0
2.875	0.190999999999974	6.22000000000116	0	0
3.16200000000026	0.231999999999971	7.07599999999911	0	0
3.85599999999977	0.685000000000002	9.57499999999891	0	0
3.28700000000026	0.533000000000015	8.05299999999988	0	0
3.20700000000033	0.355000000000018	7.41300000000047	0	0
3.67399999999998	0.394999999999982	7.8799999999992	0	0
6.75399999999991	0.838999999999999	15.2669999999998	0	0
3.29500000000007	0.363	7.5580000000009	0	0
4.30399999999918	0.546999999999969	9.79300000000148	0	0
6.46800000000076	0.616999999999962	14.3619999999992	0	0
3.27099999999973	0.466999999999985	7.90899999999965	0	0
4.20200000000023	0.668999999999983	9.92200000000048	0	0
3.72000000000025	0.660000000000025	8.70100000000093	0	0
6.88799999999992	0.696000000000026	14.9710000000014	0	0
4.24399999999969	0.0860000000000127	8.56400000000031	0	0
3.84999999999945	0.521999999999991	8.66600000000108	0	0
3.48499999999967	0.241000000000042	7.86099999999897	0	0
3.65000000000055	0.128000000000043	7.74599999999919	0	0
3.36999999999989	0.603000000000009	7.96199999999953	0	0
10.6670000000004	1.40999999999997	24.1149999999998	0	0
6.6840000000002	0.682000000000016	14.9359999999997	0	0
3.17199999999957	0.198999999999955	6.88899999999921	0	0
3.55299999999988	0.12700000000001	7.39999999999964	0	0
3.10000000000036	0.232999999999947	7.08400000000074	0	0
3.08500000000004	0.0950000000000273	6.29000000000087	0	0
3.63200000000052	0.300000000000011	7.58699999999953	0	0
3.27599999999984	0.324999999999989	7.3119999999999	0	0
3.36799999999948	0.264999999999986	7.3169999999991	0	0
6.88699999999972	0.536000000000001	14.8700000000008	0	0
3.11599999999999	0.185000000000002	6.67300000000068	0	0
3.56999999999971	0.927000000000021	9.12299999999959	0	0
3.55299999999988	0.15500000000003	7.39700000000084	0	0
3.38499999999931	0.393000000000029	7.53900000000067	0	0
2.98800000000028	0.117999999999995	6.05900000000111	0	0
3.47099999999955	0.0729999999999791	6.56500000000051	0	0
2.90900000000056	0.0330000000000155	6.14400000000023	0	0
3.61000000000058	0.526999999999987	8.21600000000035	0	0
6.71999999999935	0.497000000000014	15.0770000000011	0	0
3.18299999999999	0.197000000000003	6.75200000000041	0	0
2.94499999999971	0.0769999999999982	6.1239999999998	0	0
3.20800000000054	0.224999999999966	6.97299999999996	0	0
3.15099999999984	0.19300000000004	6.88199999999961	0	0
3.34000000000015	0.229000000000042	7.0630000000001	0	0
4.01299999999992	0.516999999999996	8.94100000000071	0	0
3.25999999999931	0.346000000000004	7.40999999999985	0	0
6.76499999999942	1.04399999999998	16.0339999999997	0	0
3.76900000000023	0.295999999999992	8.28200000000106	0	0
6.04500000000007	0.85899999999998	13.9599999999991	0	0
6.08899999999994	0.0889999999999986	12.1260000000002	0	0
3.52900000000045	0.396999999999991	7.84199999999873	0	0
3.54699999999957	0.937000000000012	8.8130000000001	0	0
4.08200000000033	0.933999999999969	10.0170000000016	0	0
3.46000000000004	0.543000000000006	7.66100000000006	0	0
3.44000000000051	0.387	7.82700000000114	0	0
3.84299999999985	0.384999999999991	8.50799999999981	0	0
3.10800000000017	0.293999999999983	7.05400000000009	0	0
3.32600000000002	0.234000000000037	7.35499999999956	0	0
3.6860000000006	0.149000000000001	7.625	0	0
3.32099999999991	0.432999999999993	7.77800000000025	0	0
3.41299999999956	0.58499999999998	8.04000000000087	0	0
3.84699999999975	0.276999999999987	8.32800000000134	0	0
3.125	0.211999999999989	6.87299999999959	0	0
3.51299999999992	0.409999999999968	7.67399999999907	0	0
3.95400000000063	0.153999999999996	8.24399999999878	0	0
3.23600000000079	0.213999999999999	6.97699999999895	0	0
2.92200000000048	0.0640000000000214	6.16300000000047	0	0
3.86499999999978	0.224999999999966	8.19399999999951	0	0
3.13799999999992	0.23599999999999	6.81299999999828	0	0
3.36500000000069	0.495000000000005	7.91599999999926	0	0
4.1279999999997	0.614000000000033	9.90699999999924	0	0
3.22299999999996	0.192000000000007	6.85499999999956	0	0
3.10199999999986	0.235000000000014	6.79899999999907	0	0
4.00500000000011	0.486999999999966	9.33499999999913	0	0
3.13700000000063	0.255999999999972	6.99200000000019	0	0
3.63900000000012	0.305999999999926	7.88600000000042	0	0
3.80600000000049	0.18100000000004	8.28700000000026	0	0
3.14999999999964	0.230999999999995	6.6929999999993	0	0
3.76500000000033	0.244000000000028	7.9940000000006	0	0
3.9399999999996	0.529999999999973	8.91299999999865	0	0
3.16899999999987	0.275999999999954	6.80299999999988	0	0
3.8149999999996	0.211999999999989	8.10800000000017	0	0
4.1929999999993	0.310999999999922	9.09400000000096	0	0
2.96100000000024	0.0710000000000264	5.88700000000063	0	0
3.13799999999992	0.231999999999971	6.91599999999926	0	0
3.96299999999974	0.466000000000008	8.66100000000006	0	0
3.23199999999997	0.288000000000011	7.21900000000096	0	0
3.47199999999975	0.470000000000027	7.71399999999994	0	0
3.70599999999922	0.25	8.07899999999972	0	0
3.19400000000041	0.189999999999941	7.11799999999857	0	0
6.81099999999969	0.846000000000004	15.5799999999999	0	0
3.19700000000012	0.229000000000042	6.9429999999993	0	0
3.28099999999995	0.216999999999985	7.14600000000064	0	0
3.1880000000001	0.289999999999964	6.92900000000009	0	0
3.37100000000009	0.348999999999933	7.29700000000048	0	0
3.42500000000018	0.401000000000067	7.60899999999856	0	0
3.37299999999959	0.321000000000026	7.64100000000144	0	0
3.34000000000015	0.578000000000088	8.04700000000048	0	0
3.68499999999949	0.705000000000041	8.31500000000051	0	0
3.48400000000038	0.61099999999999	8.35000000000036	0	0
6.20799999999963	0.627000000000066	13.7039999999997	0	0
3.3769999999995	0.469000000000051	7.57600000000093	0	0
3.66699999999946	0.170999999999935	7.88299999999981	0	0
3.47500000000036	0.489000000000033	7.98199999999997	0	0
3.02599999999984	0.143000000000029	6.25900000000001	0	0
3.70300000000043	0.118999999999915	7.47500000000036	0	0
3.02099999999973	0.0600000000000591	6.0049999999992	0	0
3.27999999999975	0.528999999999996	7.4950000000008	0	0
3.80300000000079	0.19500000000005	8.02200000000084	0	0
2.98800000000028	0.115000000000009	6.15600000000086	0	0
3.09600000000046	0.125999999999976	6.57200000000012	0	0
3.89400000000023	0.38900000000001	9.01400000000103	0	0
3.19400000000041	0.45799999999997	7.54000000000087	0	0
3.39499999999953	0.293000000000006	7.06500000000051	0	0
4.19800000000032	0.341999999999985	9.60399999999936	0	0
3.26500000000033	0.303999999999974	7.22199999999975	0	0
3.73800000000028	0.487999999999943	8.42100000000028	0	0
4.41799999999967	0.780999999999949	10.2579999999998	0	0
3.64199999999983	0.212999999999965	7.3739999999998	0	0
3.68299999999999	0.191000000000031	7.72999999999956	0	0
3.73699999999917	0.253999999999905	8.17900000000009	0	0
3.23400000000038	0.124000000000024	6.79199999999946	0	0
3.16200000000026	0.365999999999985	7.23400000000038	0	0
3.88900000000012	0.242999999999938	8.1830000000009	0	0
3.35800000000017	0.557999999999993	7.7510000000002	0	0
3.74499999999989	0.423000000000002	8.61299999999937	0	0
3.70799999999963	0.279999999999973	8.23799999999937	0	0
2.90300000000025	0.0389999999999873	6.03399999999965	0	0
3.13400000000001	0.149999999999977	6.76499999999942	0	0
3.75800000000072	0.256000000000085	7.96600000000035	0	0
3.40999999999985	0.307000000000016	7.76800000000003	0	0
3.22299999999996	0.265999999999963	7.22500000000036	0	0
3.77300000000014	0.413000000000011	8.79199999999946	0	0
3.59799999999996	0.249000000000024	7.73199999999997	0	0
2.99499999999989	0.267000000000053	6.6760000000013	0	0
3.56600000000071	0.467999999999961	8.04900000000089	0	0
3.04599999999937	0.434000000000083	7.10100000000057	0	0
7.25600000000031	0.80499999999995	16.1059999999998	0	0
3.17399999999998	0.404999999999973	7.3070000000007	0	0
3.32899999999972	0.375999999999976	7.16399999999885	0	0
3.64100000000053	0.166999999999916	7.77099999999882	0	0
3.22199999999975	0.237999999999943	7.06600000000071	0	0
3.32999999999993	0.321000000000026	7.25900000000001	0	0
4.17399999999998	0.462999999999965	9.04500000000007	0	0
3.33399999999983	0.412000000000035	7.3130000000001	0	0
3.22400000000016	0.256999999999948	7.28300000000127	0	0
3.68599999999969	0.23599999999999	7.88700000000063	0	0
3.64199999999983	0.531999999999925	8.40400000000045	0	0
2.92100000000028	0.122000000000071	5.98700000000099	0	0
6.89999999999964	0.552000000000021	14.9529999999995	0	0
3.4360000000006	0.302000000000021	7.6880000000001	0	0
3.74499999999989	0.460000000000036	8.59900000000016	0	0
3.70399999999972	0.460000000000036	8.4330000000009	0	0
3.00999999999931	0.0899999999999181	6.40499999999884	0	0
2.96699999999964	0.0110000000000809	5.89099999999962	0	0
4.0059999999994	0.411999999999921	9.05400000000009	0	0
3.30500000000029	0.360000000000014	7.67300000000068	0	0
3.19300000000021	0.449999999999932	7.43599999999969	0	0
3.77099999999973	0.237999999999943	7.90699999999924	0	0
3.32299999999941	0.488000000000056	7.9380000000001	0	0
3.30699999999979	0.317999999999984	7.40600000000086	0	0
4.02099999999973	0.373000000000047	8.43000000000029	0	0
6.8159999999998	1.12299999999993	15.7299999999996	0	0
3.5010000000002	0.326999999999998	7.77599999999984	0	0
4.21600000000035	0.534000000000106	9.64899999999943	0	0
3.40099999999984	0.456999999999994	7.64400000000023	0	0
3.1869999999999	0.128000000000043	6.58200000000033	0	0
4.01800000000003	0.668000000000006	9.46900000000096	0	0
3.15800000000036	0.158000000000015	6.64399999999841	0	0
3.3769999999995	0.288999999999987	7.04399999999987	0	0
3.42399999999998	0.0370000000000346	6.93999999999869	0	0
3.11899999999969	0.397000000000048	7.13299999999981	0	0
3.53299999999945	0.521999999999935	8.22099999999955	0	0
3.57600000000002	0.138000000000034	7.6239999999998	0	0
3.15599999999995	0.437000000000012	7.54700000000048	0	0
2.89200000000073	0.18100000000004	6.26699999999983	0	0
3.61799999999948	0.159999999999968	7.61100000000079	0	0
3.27700000000004	0.324999999999932	7.51100000000042	0	0
3.35800000000017	0.352999999999952	7.10699999999997	0	0
4.06999999999971	0.214999999999918	8.78399999999965	0	0
3.13599999999951	0.206999999999994	7.05599999999868	0	0
3.37299999999959	0.562999999999988	8.22199999999975	0	0
3.58399999999983	0.177999999999997	7.79699999999866	0	0
3.41899999999987	0.20799999999997	6.90899999999965	0	0
3.23399999999947	0.307999999999993	7.30299999999988	0	0
3.37299999999959	0.120000000000005	6.70200000000114	0	0
3.57000000000062	0.568000000000097	8.21699999999873	0	0
3.17399999999998	0.245000000000005	7.03499999999985	0	0
3.85300000000007	0.374000000000024	8.55299999999988	0	0
3.32499999999982	0.232999999999947	7.10500000000138	0	0
3.27799999999934	0.352999999999952	7.54200000000128	0	0
6.52999999999975	0.668999999999983	14.7010000000009	0	0
2.89599999999973	0.197999999999979	6.35499999999956	0	0
3.66000000000076	0.350000000000023	8.31500000000051	0	0
3.17200000000048	0.55600000000004	7.59400000000096	0	0
3.05500000000029	0.13900000000001	6.47299999999996	0	0
3.08899999999994	0.295999999999935	6.8130000000001	0	0
3.23599999999988	0.262000000000057	6.71600000000035	0	0
3.22400000000016	0.541000000000054	7.7450000000008	0	0
3.76800000000003	0.370999999999981	8.45499999999993	0	0
3.44200000000001	0.525999999999954	7.94200000000092	0	0
3.34199999999964	0.549999999999955	7.9320000000007	0	0
3.70899999999983	0.30600000000004	8.14899999999943	0	0
3.00300000000061	0.158999999999992	6.38400000000001	0	0
3.4970000000003	0.422000000000025	7.96899999999914	0	0
3.56600000000071	0.103000000000065	7.63600000000042	0	0
3.15499999999975	0.322000000000003	7.07999999999993	0	0
3.23299999999927	0.27800000000002	7.12900000000081	0	0
4.01199999999972	0.512000000000057	9.31400000000031	0	0
3.50399999999991	0.563999999999965	8.29099999999926	0	0
3.30300000000079	0.605999999999995	7.67500000000109	0	0
3.63799999999992	0.361999999999966	8.16500000000087	0	0
3.14899999999943	0.226999999999975	6.89099999999962	0	0
6.44800000000032	0.773000000000025	14.4979999999996	0	0
6.48500000000058	1.05499999999995	15.3079999999991	0	0
3.55400000000009	0.293000000000006	7.52999999999884	0	0
3.90800000000036	0.29200000000003	8.38899999999921	0	0
3.51999999999953	0.386999999999944	7.92500000000109	0	0
3.31999999999971	0.533999999999992	7.80199999999968	0	0
3.17100000000028	0.311000000000035	6.98999999999978	0	0
3.18599999999969	0.226999999999975	6.93499999999949	0	0
3.46299999999974	0.524000000000001	7.96199999999953	0	0
3.74499999999989	0.291999999999916	7.79899999999907	0	0
2.9940000000006	0.216000000000008	6.5049999999992	0	0
3.53499999999985	0.406000000000063	7.86999999999898	0	0
7.14800000000014	1.03999999999996	16.3760000000002	0	0
2.93399999999929	0.164999999999964	6.40400000000045	0	0
3.15700000000015	0.198999999999955	6.73199999999997	0	0
4.16799999999967	0.596000000000004	9.49800000000141	0	0
2.88199999999961	0	6.03399999999965	0	0
3.23800000000028	0.295000000000073	7.26200000000063	0	0
7.22699999999986	0.984000000000037	16.1119999999992	0	0
3.51899999999932	0.352999999999952	7.76699999999983	0	0
4.20100000000002	0.342999999999961	9.23799999999937	0	0
3.2529999999997	0.163000000000011	7.02000000000044	0	0
3.54400000000078	0.644000000000005	8.54800000000068	0	0
3.94300000000021	0.639999999999986	9.32400000000052	0	0
3.20899999999983	0.135999999999967	6.79600000000028	0	0
2.96500000000015	0.0509999999999309	6.20899999999892	0	0
3.79600000000028	0.235000000000014	8.28499999999985	0	0
3.50799999999981	0.5	8.01000000000022	0	0
3.52200000000084	0.466000000000008	7.85499999999956	0	0
3.71700000000055	0.23599999999999	8.38199999999961	0	0
3.31800000000021	0.365000000000009	7.59500000000116	0	0
3.21600000000035	0.330000000000041	7.36100000000079	0	0
3.875	0.523000000000025	9.26599999999962	0	0
3.25500000000011	0.265999999999963	7.26200000000063	0	0
2.93199999999979	0.0229999999999109	5.86999999999898	0	0
3.56800000000021	0.16599999999994	7.56800000000112	0	0
3.30299999999988	0.350999999999999	7.48999999999978	0	0
3.31299999999919	0.354000000000042	7.3179999999993	0	0
5.69300000000021	0.344000000000051	11.4630000000016	0	0
3.32600000000002	0.337999999999965	7.46700000000055	0	0
7.01600000000053	0.687999999999988	15.7240000000002	0	0
3.86300000000028	0.370999999999981	8.29100000000108	0	0
3.32700000000023	0.442000000000007	7.7589999999982	0	0
3.19999999999982	0.260999999999967	6.75900000000001	0	0
3.47599999999966	0.58299999999997	7.97199999999975	0	0
3.85699999999997	0.534999999999968	8.75699999999961	0	0
3.28600000000006	0.400999999999954	7.55899999999929	0	0
3.28799999999956	0.276000000000067	7.35000000000036	0	0
3.77899999999954	0.353999999999928	8.26600000000144	0	0
3.26000000000022	0.363000000000056	7.43100000000049	0	0
3.2529999999997	0.396999999999935	7.40500000000065	0	0
3.75699999999961	0.59699999999998	8.76000000000022	0	0
3.22599999999966	0.413000000000011	7.18599999999969	0	0
3.25399999999991	0.253000000000043	6.79999999999927	0	0
3.42799999999988	0.353000000000065	7.50500000000102	0	0
3.33199999999943	0.287000000000035	7.371000000001	0	0
7.18299999999999	0.502999999999929	15.6640000000007	0	0
3.39900000000034	0.283999999999992	7.09799999999996	0	0
3.23099999999977	0.247000000000071	6.89800000000105	0	0
3.52799999999934	0.564999999999941	8.56900000000132	0	0
6.05600000000049	0.657000000000039	13.4040000000005	0	0
3.99200000000019	0.284999999999968	8.6309999999994	0	0
3.55500000000029	0.311000000000035	8.1869999999999	0	0
3.32700000000023	0.326999999999998	7.55299999999988	0	0
4.125	0.322999999999979	8.98999999999978	0	0
2.99499999999989	0.0849999999999227	6.05299999999988	0	0
3.10300000000007	0.162000000000035	6.76100000000042	0	0
3.73999999999978	0.225000000000023	8.19000000000051	0	0
3.17599999999948	0.313999999999965	7.13999999999942	0	0
3.42900000000009	0.319000000000074	7.59499999999935	0	0
4.03099999999995	0.296999999999912	8.74200000000019	0	0
2.98500000000058	0.039000000000101	5.95499999999993	0	0
7.83499999999913	0.553999999999974	16.6009999999987	0	0
3.54400000000078	0.309999999999945	7.64099999999962	0	0
3.44700000000012	0.580000000000041	7.89699999999903	0	0
3.75399999999991	0.262000000000057	8.27700000000004	0	0
2.92900000000009	0.0860000000000127	6.12900000000081	0	0
3.37100000000009	0.421000000000049	7.5679999999993	0	0
3.86400000000049	0.454000000000065	8.70200000000114	0	0
6.44700000000012	1.01099999999997	15.0600000000013	0	0
3.52499999999964	0.346000000000004	7.4369999999999	0	0
3.61499999999978	0.134000000000015	7.68100000000049	0	0
3.31400000000031	0.321000000000026	7.27700000000004	0	0
3.12800000000061	0.319000000000074	6.98700000000099	0	0
3.64599999999973	0.375	8.07300000000032	0	0
3.08299999999963	0.216999999999985	6.1989999999987	0	0
3.47299999999996	0.63900000000001	7.20600000000013	0	0
3.47900000000027	0.208999999999946	5.32899999999972	0	0
3.30300000000079	0.347999999999956	6.00699999999961	0	0
3.42100000000028	0.481999999999971	6.01000000000022	0	0
3.96600000000035	0.480000000000018	6.90699999999924	0	0
2.94400000000041	0.115000000000009	4.29500000000007	0	0
2.8760000000002	0.101999999999975	3.69200000000092	0	0
3.65599999999995	0.483000000000061	5.17200000000048	0	0
3.92900000000009	0.407000000000039	5.73199999999997	0	0
3.20200000000023	0.334999999999923	4.625	0	0
6.44999999999982	0.174999999999955	8.58200000000033	0	0
3.15599999999995	0.544999999999959	4.73199999999997	0	0
7.16800000000057	0.509000000000015	9.87299999999959	0	0
3.5639999999994	0.590000000000032	5.06999999999971	0	0
3.36399999999958	0.537000000000035	4.61800000000039	0	0
3.63400000000001	0.342999999999961	5.02299999999923	0	0
3.11999999999989	0.349000000000046	4.03000000000065	0	0
3.4980000000005	0.423000000000002	5.03499999999985	0	0
3.51699999999983	0.116999999999962	4.73599999999897	0	0
3.35199999999986	0.366999999999962	4.40600000000086	0	0
3.09699999999975	0.295999999999935	4.22500000000036	0	0
3.61399999999958	0.454000000000065	5.4890000000014	0	0
3.54299999999967	0.574000000000069	5.17699999999968	0	0
3.86899999999969	0.333000000000084	5.33100000000013	0	0
3.47900000000027	0.0639999999999645	4.56099999999969	0	0
3.83500000000004	0.299999999999955	5.52800000000025	0	0
3.36000000000058	0.40300000000002	4.72399999999834	0	0
9.20700000000033	0.285999999999945	11.6549999999988	0	0
6.00600000000031	0.251999999999953	8.26100000000042	0	0
4.21199999999953	0.594000000000051	5.84600000000137	0	0
3.10800000000017	0.378999999999905	4.39699999999903	0	0
3.03899999999976	0.2349999999999	4.19999999999891	0	0
4.05400000000009	0.246999999999957	5.48999999999978	0	0
3.61399999999958	0.502999999999929	5.02400000000125	0	0
4.05400000000009	0.398000000000025	5.83599999999933	0	0
3.10899999999947	0.288000000000011	4.22400000000016	0	0
3.44499999999971	0.395000000000095	4.72400000000016	0	0
4.60699999999997	0.26299999999992	5.88900000000103	0	0
2.80600000000049	0.0679999999999836	3.56000000000131	0	0
2.95200000000023	0.240999999999985	4.1239999999998	0	0
3.39999999999964	0.116999999999962	4.29699999999866	0	0
3.42399999999998	0.523000000000025	5.08199999999852	0	0
4.07400000000052	0.608000000000061	5.43499999999949	0	0
3.55299999999988	0.189999999999941	4.98500000000058	0	0
2.92300000000068	0.142999999999915	4.05199999999968	0	0
3.32999999999993	0.326000000000022	4.78299999999945	0	0
4.15900000000056	0.380999999999972	5.67300000000068	0	0
3.36999999999989	0.514999999999986	4.85899999999856	0	0
3.61799999999948	0.125999999999976	4.85100000000057	0	0
3.69100000000071	0.602999999999952	5.33100000000013	0	0
3.45499999999993	0.253000000000043	4.39700000000084	0	0
3.38699999999972	0.419999999999959	3.79800000000068	0	0
5.82700000000023	0.558999999999969	6.44499999999971	0	0
2.96500000000015	0.160000000000082	3.01199999999881	0	0
3.07600000000002	0.297000000000025	3.35000000000036	0	0
2.97200000000066	0.163999999999987	3.13699999999881	0	0
3.45399999999972	0.19500000000005	3.53800000000047	0	0
3.14599999999973	0.23700000000008	3.04199999999946	0	0
3.67699999999968	0.240000000000009	3.73300000000017	0	0
2.97499999999945	0.343999999999937	3.02800000000025	0	0
2.99300000000039	0.231999999999971	3.16200000000026	0	0
3.4429999999993	0.211999999999989	3.503999999999	0	0
3.04899999999998	0.358000000000061	3.28599999999824	0	0
3.15999999999985	0.12399999999991	3.05999999999949	0	0
3.49199999999928	0.19399999999996	3.42000000000007	0	0
3.06099999999969	0.164999999999964	3.16899999999987	0	0
3.06500000000051	0.19399999999996	3.16100000000006	0	0
3.08899999999994	0.229999999999905	3.15700000000106	0	0
3.05099999999948	0.156000000000063	3.05600000000049	0	0
3.67000000000007	0.182999999999993	3.5	0	0
3.02199999999993	0.246999999999957	2.86599999999999	0	0
