3.375	1.533	3.364	0	0
5.158	1.058	4.845	0	0
2.906	1.126	2.79	0	0
5.766	2.976	5.402	0	0
3.165	2.543	2.971	0	0
2.83900000000001	1.35	2.679	0	0
2.642	0.865000000000002	2.57300000000001	0	0
2.59399999999999	1.056	2.43299999999999	0	0
2.393	0.782	2.42099999999999	0	0
2.437	0.569999999999993	2.61799999999999	0	0
2.785	1.152	2.7	0	0
2.99900000000001	1.383	2.58199999999999	0	0
2.93299999999999	1.203	2.691	0	0
2.584	1.006	2.50800000000001	0	0
2.788	1.145	2.592	0	0
3.069	1.842	2.846	0	0
5.43499999999997	1.899	5.322	0	0
6.04599999999999	2.547	5.26499999999999	0	0
2.75299999999999	0.793999999999997	2.429	0	0
3.202	1.536	2.65700000000001	0	0
3.261	1.91199999999999	2.66	0	0
2.97900000000001	1.05200000000001	2.66900000000001	0	0
3.33599999999998	2.033	2.667	0	0
3.053	1.101	2.596	0	0
3.51300000000001	1.77000000000001	3.25	0	0
6.52000000000001	3.431	5.178	0	0
2.583	0.923000000000002	2.49000000000001	0	0
4.96000000000001	1.37700000000001	5.06399999999999	0	0
3.03899999999999	0.716999999999999	3.05800000000002	0	0
2.60500000000002	1.48500000000001	2.57499999999999	0	0
3.15000000000001	1.104	2.53799999999998	0	0
3.06600000000003	1.32300000000001	2.667	0	0
2.80700000000002	0.504999999999995	2.72400000000002	0	0
3.06299999999999	1.648	2.72399999999999	0	0
3.20500000000004	1.608	2.637	0	0
3.01299999999998	1.81800000000001	2.74600000000004	0	0
3.24200000000002	1.89100000000002	2.67500000000001	0	0
2.94900000000001	1.09900000000002	2.67899999999997	0	0
2.94	1.21000000000001	2.57299999999998	0	0
3.35200000000003	1.73500000000001	2.63599999999997	0	0
3.65500000000003	1.661	3.04300000000001	0	0
3.42399999999998	1.91000000000003	2.81100000000004	0	0
2.97399999999999	1.52099999999999	2.55500000000001	0	0
2.661	1.035	2.601	0	0
3.34699999999998	1.41999999999999	3.30599999999998	0	0
3.06599999999997	1.33399999999997	2.71099999999996	0	0
3.12900000000002	1.62800000000001	2.88400000000001	0	0
3.601	1.51300000000001	2.87199999999996	0	0
3.053	1.37200000000001	2.69999999999999	0	0
3.50600000000003	2.34100000000001	2.90700000000004	0	0
2.81599999999997	1.358	2.87900000000002	0	0
2.726	1.309	2.82099999999997	0	0
2.63200000000001	0.717000000000013	2.67700000000002	0	0
2.76499999999999	0.947000000000003	2.75999999999999	0	0
3.084	1.55099999999999	2.62099999999998	0	0
3.41899999999998	1.88800000000001	2.87200000000001	0	0
3.10200000000003	1.35899999999998	2.62099999999998	0	0
2.976	1.33199999999999	2.976	0	0
2.78800000000001	1.023	2.64400000000001	0	0
3.15000000000003	1.49100000000001	2.67200000000003	0	0
3.32399999999996	1.47999999999999	2.62299999999999	0	0
3.49299999999999	1.45099999999999	3.01400000000001	0	0
3.08800000000002	1.32400000000001	2.55900000000003	0	0
3.56299999999999	1.779	2.96500000000003	0	0
2.971	1.28899999999999	2.61599999999999	0	0
3.15699999999998	1.744	2.55099999999999	0	0
3.13899999999995	2.24299999999999	2.74900000000002	0	0
3.08299999999997	1.53899999999999	2.69900000000001	0	0
5.60500000000002	2.489	4.96000000000004	0	0
3.13499999999999	1.809	2.71100000000001	0	0
2.89799999999991	1.61399999999998	2.536	0	0
3.04699999999991	1.51999999999998	2.66000000000003	0	0
2.48099999999999	0.742000000000019	2.36700000000002	0	0
2.49799999999993	1.01100000000002	2.56999999999999	0	0
2.53700000000003	0.629999999999995	2.39699999999999	0	0
3.29000000000008	2.22800000000001	3.04099999999994	0	0
2.57100000000003	0.966000000000008	2.6690000000001	0	0
3.178	1.67000000000002	2.72299999999996	0	0
2.87099999999998	1.30900000000003	2.75700000000006	0	0
3.24599999999998	1.53100000000001	2.73099999999999	0	0
3.09800000000007	1.98699999999997	2.65300000000002	0	0
2.60300000000007	0.798000000000002	2.51900000000001	0	0
2.78499999999997	1.20699999999999	2.57000000000005	0	0
3.22000000000003	1.91000000000003	2.7879999999999	0	0
3.07800000000009	1.71899999999999	2.8660000000001	0	0
2.57600000000002	0.926999999999964	2.77099999999996	0	0
2.38	0.942999999999984	2.43700000000001	0	0
3.14700000000005	2.25799999999998	2.7399999999999	0	0
3.12300000000005	1.32400000000001	2.61500000000001	0	0
3.58600000000001	2.31999999999999	2.77300000000002	0	0
2.91800000000001	1.38300000000004	2.48299999999995	0	0
2.91500000000008	1.952	2.40600000000006	0	0
2.33800000000008	0.528999999999996	2.38300000000004	0	0
2.74000000000001	1.36000000000001	2.572	0	0
2.51099999999997	1.15500000000003	2.495	0	0
2.85000000000002	1.27300000000002	2.71799999999996	0	0
2.92200000000003	1.32300000000004	2.63200000000006	0	0
2.71199999999999	1.23199999999997	2.58100000000002	0	0
2.678	1.11700000000002	2.72199999999998	0	0
2.49900000000002	0.73399999999998	2.39099999999996	0	0
2.58799999999997	0.659999999999968	2.49800000000005	0	0
3.08199999999999	1.34300000000002	2.822	0	0
2.721	0.720000000000027	2.68499999999995	0	0
2.49599999999998	0.935000000000002	2.46199999999999	0	0
2.62900000000002	0.713999999999999	2.65999999999997	0	0
2.35900000000004	0.437000000000012	2.37200000000007	0	0
2.274	0.634000000000015	2.45000000000005	0	0
2.55000000000007	0.79400000000004	2.755	0	0
3.15899999999999	2.37099999999998	2.88900000000001	0	0
2.79300000000001	1.03899999999999	2.49399999999991	0	0
2.36299999999994	0.50200000000001	2.28500000000008	0	0
5.20500000000004	1.79399999999998	5.1110000000001	0	0
2.72199999999998	1.12300000000005	2.78399999999999	0	0
3.32900000000006	2.07900000000001	2.8889999999999	0	0
2.78800000000001	1.03100000000001	2.60400000000004	0	0
2.91599999999994	0.913999999999987	2.71699999999998	0	0
5.68799999999999	2.923	5.29600000000005	0	0
3.10899999999992	1.464	2.66100000000006	0	0
3.02500000000009	2.00799999999998	2.68000000000006	0	0
3.1640000000001	1.37299999999999	2.81999999999994	0	0
2.99499999999989	2.41900000000004	2.88999999999999	0	0
3.11299999999994	1.65199999999999	2.57600000000002	0	0
2.94100000000003	1.20799999999997	2.74199999999996	0	0
3.17599999999993	1.67200000000003	2.83199999999999	0	0
2.95500000000004	1.19	2.62600000000009	0	0
2.95100000000002	1.25900000000001	2.56000000000006	0	0
2.83299999999997	1.19900000000001	2.58100000000002	0	0
2.83500000000004	1.31700000000001	2.63300000000004	0	0
2.57599999999991	0.816000000000031	2.57100000000003	0	0
3.2410000000001	1.49699999999996	2.78499999999997	0	0
3.12099999999998	1.52799999999996	2.81400000000008	0	0
2.81799999999998	2.19600000000003	2.71699999999998	0	0
2.58699999999999	0.878000000000043	2.7109999999999	0	0
2.51800000000003	0.62700000000001	2.66100000000006	0	0
2.64200000000005	1.13200000000001	2.70000000000005	0	0
3.19299999999998	1.65699999999998	2.64300000000003	0	0
3.30600000000004	2.048	2.67200000000003	0	0
3.399	1.774	2.84199999999998	0	0
3.06899999999996	1.38600000000002	2.61400000000003	0	0
3.04099999999994	1.34500000000003	2.68399999999997	0	0
2.90100000000007	1.09100000000001	2.65999999999997	0	0
3.32100000000014	1.91300000000001	2.87099999999998	0	0
3.07999999999993	1.286	2.63999999999999	0	0
3.00999999999999	0.994000000000028	2.68100000000004	0	0
3.20799999999986	1.80000000000001	2.59400000000005	0	0
3.38800000000015	1.91800000000001	2.69500000000005	0	0
3.09699999999998	1.79700000000003	2.80100000000004	0	0
3.15499999999997	1.702	2.63300000000004	0	0
3.6110000000001	3.82799999999997	3.08799999999997	0	0
3.42599999999993	1.83299999999997	2.726	0	0
3.22299999999996	1.72400000000005	2.74299999999994	0	0
5.9559999999999	2.68599999999992	5.28800000000001	0	0
3.33200000000011	2.31599999999992	2.721	0	0
6.06500000000005	2.46600000000001	5.54099999999994	0	0
2.90499999999997	1.31400000000008	2.63299999999981	0	0
2.77199999999993	1.68099999999993	2.55999999999995	0	0
3.06899999999996	1.71799999999996	2.56100000000015	0	0
3.19699999999989	2.92099999999994	2.71000000000004	0	0
2.82899999999995	1.12	2.46499999999992	0	0
2.66300000000001	1.05500000000006	2.40499999999997	0	0
2.654	1.53800000000001	2.60000000000014	0	0
2.33799999999997	1.02300000000002	2.46000000000004	0	0
2.59999999999991	1.13999999999999	2.28400000000011	0	0
2.63200000000006	1.245	2.75299999999993	0	0
2.67900000000009	1.41100000000006	2.5329999999999	0	0
3.25099999999998	2.005	2.92100000000005	0	0
3.00599999999986	1.59999999999991	2.85400000000004	0	0
3.35100000000011	1.78800000000001	2.75299999999993	0	0
2.87199999999984	1.59899999999993	2.702	0	0
2.86199999999985	1.16600000000005	2.65099999999984	0	0
2.76900000000001	1.62699999999995	2.88999999999987	0	0
2.78100000000018	1.18099999999993	2.62099999999987	0	0
2.79899999999998	1.77499999999998	2.798	0	0
3.42900000000009	1.27200000000005	2.91400000000021	0	0
3.14200000000005	2.14699999999993	3.03399999999988	0	0
3.40000000000009	1.92999999999995	2.77999999999997	0	0
3.56000000000017	2.245	2.62699999999995	0	0
2.92500000000018	1.18200000000002	2.54599999999982	0	0
3.73800000000006	3.5089999999999	3.10200000000009	0	0
3.20799999999986	2.11800000000005	3.01700000000005	0	0
5.43200000000002	2.11400000000003	5.43399999999997	0	0
3.11899999999991	1.29399999999998	2.7059999999999	0	0
2.85699999999997	1.30899999999997	2.61200000000008	0	0
3.10400000000004	1.71599999999989	2.64499999999998	0	0
2.91399999999999	1.38200000000006	2.68100000000004	0	0
2.98800000000006	1.32799999999997	2.78300000000013	0	0
3.21399999999994	1.69600000000003	2.923	0	0
2.86999999999989	1.11800000000005	2.56899999999996	0	0
3.15300000000002	1.31299999999999	2.69399999999996	0	0
3.10100000000011	1.048	2.702	0	0
2.78900000000021	0.871999999999957	2.60200000000009	0	0
2.64699999999993	1.005	2.5	0	0
2.83299999999986	1.26499999999999	2.84099999999989	0	0
3.20799999999986	1.73000000000002	2.57500000000005	0	0
3.25	1.70500000000004	2.85599999999999	0	0
2.66199999999981	0.703999999999951	2.60300000000007	0	0
3.04500000000007	1.447	2.68299999999999	0	0
2.87599999999998	1.30100000000004	2.75199999999995	0	0
2.67899999999986	1.38300000000004	2.42699999999991	0	0
2.50800000000004	0.652000000000044	2.56999999999994	0	0
2.63000000000011	1.16100000000006	2.64599999999996	0	0
2.66599999999994	1.05799999999999	2.48900000000003	0	0
2.83299999999986	1.25900000000001	2.61400000000003	0	0
5.88299999999981	3.23400000000004	5.16200000000003	0	0
2.84000000000015	1.39400000000001	2.63999999999987	0	0
2.96299999999997	1.78600000000006	2.62900000000013	0	0
3.11699999999996	1.15599999999995	2.55200000000013	0	0
3.10699999999997	1.31999999999994	2.68399999999997	0	0
3.05999999999995	1.2120000000001	2.7360000000001	0	0
3.08599999999979	1.22200000000009	2.60599999999999	0	0
3.07999999999993	1.42099999999994	2.69800000000009	0	0
3.03999999999996	2.23900000000003	2.88600000000019	0	0
5.37200000000007	2.03099999999995	5.14799999999991	0	0
2.67000000000007	1.28800000000001	2.63299999999981	0	0
3.471	2.673	2.97600000000011	0	0
2.78500000000008	1.24099999999999	2.63000000000011	0	0
2.58199999999988	1.072	2.47199999999998	0	0
3.16899999999987	1.32400000000007	2.62999999999988	0	0
3.00799999999981	1.51299999999992	2.63300000000004	0	0
3.49199999999996	1.73199999999997	2.70900000000006	0	0
3.13900000000012	1.577	2.7349999999999	0	0
3.05999999999995	1.51099999999997	2.60299999999984	0	0
3.09699999999998	1.64499999999998	2.79200000000014	0	0
3.25199999999995	1.495	2.81400000000008	0	0
2.36699999999996	0.77900000000011	2.57799999999997	0	0
3.00399999999991	1.39300000000003	2.58200000000011	0	0
3.48399999999992	2.94199999999989	2.68399999999997	0	0
2.97300000000018	1.40599999999995	2.71800000000007	0	0
2.89099999999985	1.35199999999998	2.62400000000002	0	0
2.92799999999988	1.54300000000001	2.72299999999996	0	0
3.00700000000006	0.989000000000033	2.74099999999999	0	0
2.52600000000007	0.741999999999962	2.44999999999982	0	0
3.02499999999986	1.06499999999994	2.49299999999994	0	0
2.69399999999996	1.81100000000004	2.73000000000002	0	0
6.74900000000002	4.14999999999998	5.48300000000017	0	0
2.99299999999994	1.61300000000006	2.49199999999996	0	0
2.93799999999987	1.99099999999999	2.78500000000008	0	0
2.57500000000005	0.858000000000061	2.60699999999997	0	0
2.9079999999999	1.00900000000001	2.72600000000011	0	0
3.08600000000001	1.36599999999999	2.52500000000009	0	0
3.28999999999996	2.072	2.66500000000019	0	0
3.20800000000008	2.09199999999998	2.63799999999992	0	0
2.798	1.03300000000002	2.54700000000003	0	0
2.86699999999996	1.20600000000002	2.44900000000007	0	0
2.69200000000001	1.72900000000004	2.46200000000022	0	0
2.76900000000001	1.20900000000006	2.54099999999994	0	0
2.6690000000001	0.711999999999989	2.66200000000003	0	0
2.63700000000017	0.514999999999986	2.56099999999992	0	0
2.90100000000007	1.245	2.85699999999997	0	0
2.97900000000004	1.13700000000006	2.72199999999998	0	0
3.01600000000008	1.58500000000004	2.67700000000013	0	0
3.08199999999988	1.15499999999997	2.74700000000007	0	0
2.90199999999982	1.22299999999996	2.83100000000013	0	0
5.40200000000004	2.28899999999999	5.58299999999986	0	0
3.14200000000005	1.81499999999994	2.87999999999988	0	0
3.27800000000002	1.31700000000001	3.17100000000005	0	0
3.40499999999997	2.38999999999999	3.05899999999997	0	0
3.60200000000009	2.375	2.92200000000003	0	0
3.26700000000005	1.46500000000003	2.68299999999999	0	0
3.15100000000007	1.56399999999996	2.6400000000001	0	0
3.15699999999993	1.51099999999997	2.61500000000001	0	0
3.28600000000006	1.63700000000006	2.81500000000005	0	0
3.17200000000003	1.62699999999995	2.78300000000013	0	0
2.81899999999996	1.05000000000007	2.92699999999991	0	0
3.24000000000001	1.86000000000001	2.87699999999995	0	0
3.43799999999987	2.67900000000009	2.93599999999992	0	0
3.29199999999992	1.029	2.78899999999999	0	0
3.01600000000008	1.274	2.68099999999981	0	0
2.68399999999997	0.857999999999947	2.83899999999994	0	0
2.95299999999997	0.987999999999943	2.72500000000014	0	0
3.00300000000016	1.13	2.72399999999993	0	0
3.01800000000003	1.32100000000003	2.75700000000006	0	0
3.29700000000003	1.69399999999996	2.91399999999999	0	0
2.79099999999994	1.43599999999992	2.91800000000012	0	0
2.59300000000007	0.924999999999955	2.61299999999983	0	0
2.57200000000012	0.937999999999988	2.52300000000014	0	0
5.47900000000004	2.29199999999992	5.077	0	0
3.00900000000001	1.32100000000003	2.596	0	0
3.13400000000001	1.66800000000001	2.7059999999999	0	0
3.10799999999995	1.44399999999996	2.7829999999999	0	0
2.74900000000002	1.13900000000001	2.72000000000003	0	0
2.71600000000012	2.12200000000007	2.88499999999999	0	0
3.00999999999976	1.68000000000006	2.82300000000009	0	0
2.61599999999999	0.75	2.76999999999998	0	0
2.67800000000034	0.835000000000036	2.66000000000008	0	0
2.71000000000004	0.956999999999994	2.74199999999996	0	0
2.41300000000001	0.716999999999985	2.62900000000013	0	0
2.80400000000009	1.21799999999996	2.54300000000012	0	0
3.03400000000011	1.72000000000003	2.65599999999995	0	0
6.16200000000026	2.61299999999994	5.4079999999999	0	0
3.85899999999992	4.42499999999995	3.23000000000002	0	0
3.37199999999984	1.56299999999999	3.50099999999998	0	0
2.71599999999989	1.43200000000002	2.625	0	0
5.12199999999984	2.73199999999997	5.25599999999986	0	0
2.61900000000014	0.801999999999907	2.50499999999988	0	0
3.07499999999982	2.423	2.67399999999998	0	0
3.32799999999997	2.54700000000003	2.9380000000001	0	0
3.00500000000011	1.32600000000002	2.73199999999997	0	0
2.81100000000015	0.94600000000014	2.89499999999998	0	0
2.69600000000037	1.49800000000005	2.77999999999997	0	0
2.83800000000019	0.972999999999956	2.80299999999988	0	0
2.96500000000015	1.42100000000005	2.59500000000003	0	0
3.33800000000019	2.1869999999999	2.55199999999991	0	0
3.00900000000001	1.70600000000013	2.78599999999983	0	0
2.80400000000009	1.60899999999992	2.53400000000011	0	0
3.17499999999973	1.1400000000001	2.69900000000007	0	0
3.16599999999971	1.41499999999996	2.548	0	0
3.1239999999998	1.77099999999996	2.70900000000006	0	0
2.93000000000029	1.45900000000006	2.67100000000005	0	0
3.16000000000031	1.55400000000009	2.68499999999995	0	0
3.21100000000024	1.77100000000019	2.65000000000009	0	0
3.11400000000003	1.76199999999994	2.70600000000013	0	0
3.4050000000002	1.29200000000014	2.86999999999989	0	0
2.85400000000027	1.37099999999987	2.61000000000013	0	0
2.82799999999997	1.1400000000001	2.5920000000001	0	0
3.48299999999972	1.77800000000002	3.10199999999986	0	0
2.58599999999979	0.572999999999865	2.74399999999969	0	0
3.03099999999995	1.5139999999999	2.71100000000024	0	0
3.09400000000005	1.35199999999986	2.74599999999964	0	0
3.19900000000007	1.61000000000013	2.70399999999972	0	0
3.48000000000002	1.97400000000016	2.96300000000019	0	0
3.16900000000032	1.75600000000009	2.78800000000001	0	0
3.58300000000008	1.49800000000005	2.88900000000012	0	0
3.41600000000017	1.93200000000002	2.81799999999976	0	0
3.52500000000009	3.21500000000015	2.92999999999984	0	0
3.08300000000008	1.54600000000005	2.90199999999959	0	0
2.81500000000005	0.914999999999964	2.67399999999998	0	0
2.42000000000007	0.302000000000135	2.37699999999995	0	0
3.07400000000007	2.08299999999986	3.06700000000001	0	0
2.72499999999991	0.729000000000042	2.53899999999976	0	0
2.94200000000001	1.42200000000003	2.76000000000022	0	0
2.846	1.11999999999989	2.72800000000007	0	0
5.80600000000004	2.94899999999984	5.57200000000012	0	0
3.22199999999975	2.17100000000005	2.92399999999998	0	0
2.76200000000017	1.5619999999999	2.73500000000013	0	0
2.77500000000009	1.1909999999998	2.68799999999965	0	0
2.84500000000025	0.81899999999996	2.71000000000004	0	0
2.56899999999996	0.866999999999962	2.66499999999996	0	0
2.64799999999968	0.82100000000014	2.63500000000022	0	0
2.61200000000008	0.857000000000198	2.56200000000035	0	0
3.15100000000029	1.26999999999998	2.77800000000025	0	0
2.52599999999984	1.26299999999992	2.64199999999983	0	0
2.75	1.07300000000009	2.99099999999999	0	0
2.49699999999984	0.961999999999989	2.35699999999997	0	0
3.72199999999975	1.41099999999983	3.18599999999969	0	0
2.61700000000019	1.64799999999991	2.58000000000038	0	0
2.56100000000015	0.850000000000136	2.59400000000005	0	0
2.73500000000013	1.20700000000011	2.74199999999973	0	0
3.14500000000044	1.82799999999997	2.66400000000021	0	0
5.25	1.76800000000003	5.30299999999988	0	0
3.05699999999979	1.36700000000019	2.70800000000008	0	0
3.30099999999993	1.55899999999997	2.75900000000001	0	0
5.80200000000013	2.29899999999998	5.14499999999998	0	0
3.66699999999992	2.10699999999997	3.02799999999979	0	0
3.17499999999973	1.49599999999987	2.68499999999995	0	0
3.35099999999966	1.65300000000002	2.66400000000021	0	0
6.02600000000029	3.41700000000014	5.40000000000009	0	0
3.18299999999999	1.95900000000006	2.85899999999992	0	0
3.00599999999986	1.60000000000014	2.79099999999971	0	0
3.38700000000017	1.48799999999983	3.07900000000018	0	0
2.96399999999994	0.886999999999944	2.66100000000006	0	0
2.64199999999983	0.673000000000002	2.37899999999991	0	0
3.38500000000022	2.73800000000006	2.84099999999989	0	0
3.01400000000012	1.26699999999983	2.57500000000027	0	0
3.09699999999975	2	2.85400000000027	0	0
3.02800000000025	1.42399999999998	2.86500000000024	0	0
2.84000000000015	1.34500000000003	2.75900000000001	0	0
2.54899999999998	0.799999999999955	2.40000000000009	0	0
2.6850000000004	0.977000000000089	2.66300000000001	0	0
3.21599999999989	1.41800000000012	2.56700000000001	0	0
3.07400000000007	1.26700000000005	2.6220000000003	0	0
3.41300000000001	1.63799999999992	2.75099999999975	0	0
3.10599999999977	1.81500000000005	2.47800000000007	0	0
2.65599999999995	0.800999999999931	2.60200000000032	0	0
2.78200000000015	2.06200000000013	2.50099999999975	0	0
3.07400000000007	1.79099999999994	2.67699999999968	0	0
2.94500000000016	1.7650000000001	2.55699999999979	0	0
2.42599999999993	1.05700000000002	2.42499999999973	0	0
2.88400000000001	1.85900000000015	2.57499999999982	0	0
2.94399999999996	1.67999999999984	2.66800000000012	0	0
2.87800000000016	0.924999999999955	2.74900000000025	0	0
2.73599999999988	1.09999999999991	2.5310000000004	0	0
3.27100000000019	1.49600000000009	2.99499999999989	0	0
2.88800000000037	1.14800000000014	2.6579999999999	0	0
3.17199999999957	1.91700000000014	2.61400000000003	0	0
3.41699999999992	1.99099999999999	2.86400000000003	0	0
2.89399999999978	1.16499999999996	2.62599999999975	0	0
2.79700000000003	0.755999999999858	2.61100000000033	0	0
3.00600000000031	1.03300000000013	2.58699999999999	0	0
3.17700000000013	1.28199999999993	2.71399999999994	0	0
3.30499999999984	1.577	2.6579999999999	0	0
6.16200000000026	3.33299999999986	5.22600000000011	0	0
6.39200000000028	3.79899999999998	5.1869999999999	0	0
2.93399999999974	1.59999999999991	2.46900000000005	0	0
5.3439999999996	2.16699999999992	5.12599999999975	0	0
2.48300000000017	1.23900000000003	2.66300000000001	0	0
2.76899999999978	1.11300000000006	2.62800000000016	0	0
3.00900000000001	1.48799999999983	2.81799999999976	0	0
2.42300000000023	0.756999999999834	2.67500000000018	0	0
3.00599999999986	1.9190000000001	2.84700000000021	0	0
3.09500000000025	1.45900000000006	3.07999999999993	0	0
3.58300000000008	2.08500000000004	2.74699999999984	0	0
6.76999999999998	4.49000000000001	5.67999999999984	0	0
2.57899999999972	1.08399999999983	2.39800000000014	0	0
2.91399999999976	1.38799999999992	2.7189999999996	0	0
2.83899999999994	1.49299999999994	2.71399999999994	0	0
3.46599999999989	2.61699999999996	3.13499999999976	0	0
2.9409999999998	1.16099999999983	2.82099999999991	0	0
2.85399999999981	0.919999999999845	2.61999999999989	0	0
3.05999999999995	1.02500000000009	2.6569999999997	0	0
2.67400000000043	0.744999999999891	2.67999999999984	0	0
2.71599999999989	1.08199999999988	2.48699999999963	0	0
3.25	2.75699999999983	2.91300000000001	0	0
2.84700000000021	1.404	2.57200000000012	0	0
2.53099999999995	1.21699999999987	2.4340000000002	0	0
2.346	0.617999999999938	2.27300000000014	0	0
3.08300000000008	2.59099999999989	2.81800000000021	0	0
3.25600000000031	2.73300000000017	2.76299999999992	0	0
2.64300000000003	1.37999999999988	2.61599999999999	0	0
2.85899999999992	0.642000000000053	3.01299999999992	0	0
2.64599999999973	1.38000000000011	2.3449999999998	0	0
2.66800000000012	1.10599999999999	2.86499999999978	0	0
2.596	0.80600000000004	2.66400000000021	0	0
2.5930000000003	1.44999999999982	2.63400000000001	0	0
2.43100000000004	0.532000000000153	2.32600000000002	0	0
2.78400000000011	1.11700000000019	2.65700000000015	0	0
3.38100000000031	2.01199999999994	2.76600000000008	0	0
2.81399999999985	1.3929999999998	2.43499999999995	0	0
2.78400000000011	0.644000000000005	2.82799999999997	0	0
3.25500000000011	1.61799999999994	2.62199999999984	0	0
3.00700000000006	1.07600000000002	2.61499999999978	0	0
3.1239999999998	1.25300000000016	2.62300000000005	0	0
3.15200000000004	1.78599999999983	2.79699999999957	0	0
2.86999999999989	1.22599999999989	2.83500000000004	0	0
3.49800000000005	1.85599999999999	3.36100000000033	0	0
2.4409999999998	0.483000000000175	2.54999999999973	0	0
3.471	1.94299999999998	2.91399999999976	0	0
2.9380000000001	1.33999999999992	2.66499999999996	0	0
2.97499999999991	1.5630000000001	2.67999999999984	0	0
3.02999999999975	1.50499999999988	2.72299999999996	0	0
3.34400000000005	2.23199999999997	2.89499999999998	0	0
3.04899999999998	1.63599999999997	2.73500000000013	0	0
2.67000000000007	0.819000000000187	2.58500000000004	0	0
3.02400000000034	1.21899999999982	2.62300000000005	0	0
3.10699999999997	1.62799999999993	2.79700000000003	0	0
3.35399999999981	1.41499999999996	3.07299999999987	0	0
3.00199999999995	1.25300000000016	2.71799999999985	0	0
2.62899999999991	0.398000000000138	2.64099999999962	0	0
2.52999999999975	0.880000000000109	2.51299999999992	0	0
3.33899999999994	2.81899999999996	2.91000000000031	0	0
2.98399999999992	1.63499999999999	2.92100000000028	0	0
2.85599999999977	1.26999999999998	2.63299999999981	0	0
2.68600000000015	1.08799999999997	2.79699999999957	0	0
2.81299999999965	1.04999999999995	2.80600000000004	0	0
2.61299999999983	1.25800000000004	2.57600000000002	0	0
2.82399999999961	1.75999999999999	2.76000000000022	0	0
2.52299999999968	0.785000000000082	2.35599999999977	0	0
3.36299999999983	2.65999999999985	3.04699999999957	0	0
3.04100000000017	1.52599999999984	2.83199999999988	0	0
2.64599999999973	0.79099999999994	2.60899999999992	0	0
2.8739999999998	1.2650000000001	2.5	0	0
2.89599999999973	1.94499999999994	2.86099999999988	0	0
2.77300000000014	0.984000000000151	2.6260000000002	0	0
2.6260000000002	1.25400000000013	2.41800000000012	0	0
2.68299999999999	1.35799999999995	2.74099999999999	0	0
2.55000000000018	0.336999999999989	2.59299999999985	0	0
3.56999999999971	0.638000000000147	3.40599999999995	0	0
2.44299999999976	0.660000000000082	2.59099999999989	0	0
2.67099999999982	1.279	2.80500000000029	0	0
3.07000000000016	1.79200000000014	2.87300000000005	0	0
6.05699999999979	2.57799999999997	5.30300000000034	0	0
2.93100000000004	1.44999999999982	2.70899999999983	0	0
3.1260000000002	1.25099999999998	2.58699999999999	0	0
3.27199999999993	1.50400000000013	2.61099999999988	0	0
5.81400000000031	3.22199999999998	5.38499999999976	0	0
2.5590000000002	0.932000000000016	2.40900000000011	0	0
3.01600000000008	1.79499999999985	2.73499999999967	0	0
3.0590000000002	1.20100000000002	2.54099999999971	0	0
2.65999999999985	1.19999999999982	2.471	0	0
3.18100000000004	2.47399999999993	2.91900000000032	0	0
3.53200000000015	1.58600000000001	3.25399999999991	0	0
2.98900000000003	1.73000000000002	2.94799999999987	0	0
2.60599999999977	0.942999999999984	2.55700000000024	0	0
2.27100000000019	0.333000000000084	2.2829999999999	0	0
2.27199999999993	0.673000000000002	2.51600000000008	0	0
2.51999999999998	1.07899999999995	2.72900000000027	0	0
3.49099999999999	1.62000000000012	3.16100000000006	0	0
2.86400000000003	1.23099999999999	2.47299999999996	0	0
2.75300000000016	1.25399999999991	2.69499999999971	0	0
2.95399999999972	2.41300000000001	2.76299999999992	0	0
5.21799999999985	2.1690000000001	5.3090000000002	0	0
2.85800000000017	1.56999999999994	2.67500000000018	0	0
2.74599999999964	1.4849999999999	2.41400000000021	0	0
3.21799999999985	1.13699999999994	2.98099999999977	0	0
2.98300000000017	1.74599999999987	2.57500000000027	0	0
2.75099999999975	1.57500000000005	2.70199999999977	0	0
2.25700000000006	0.559000000000196	2.39899999999989	0	0
3.0949999999998	1.88400000000001	2.52099999999973	0	0
2.80299999999988	1.43999999999983	2.61799999999994	0	0
2.70800000000008	1.85899999999992	2.74199999999973	0	0
6.52199999999993	4.47300000000018	5.43899999999985	0	0
3.08699999999999	0.811999999999898	2.89600000000019	0	0
3.05400000000009	1.16099999999983	2.69900000000007	0	0
3.58600000000024	2.42399999999998	3.08500000000004	0	0
3.46599999999989	2.07000000000016	2.68900000000031	0	0
3.49499999999989	2.85699999999997	3.04199999999992	0	0
3.04800000000023	1.5139999999999	2.67999999999984	0	0
3.22900000000027	1.2170000000001	2.76200000000017	0	0
3.17399999999998	1.44800000000009	2.70600000000013	0	0
3.08300000000008	1.04200000000014	2.60399999999981	0	0
3.21199999999999	1.70100000000002	3.11799999999994	0	0
3.19100000000026	1.74000000000001	2.79100000000017	0	0
2.48099999999977	0.917999999999893	2.33999999999969	0	0
2.44900000000007	0.519999999999982	2.47700000000032	0	0
2.7829999999999	1.20800000000008	2.35400000000027	0	0
2.86999999999989	1.15800000000013	2.63999999999987	0	0
3.16000000000031	2.09899999999993	2.98800000000028	0	0
3.60899999999992	1.55700000000002	2.9670000000001	0	0
3.30300000000034	1.70399999999995	2.80799999999999	0	0
2.97400000000016	1.79099999999994	2.62800000000016	0	0
3.15199999999959	2.6869999999999	3.04099999999971	0	0
2.83500000000004	1.46500000000015	2.97599999999966	0	0
2.82799999999997	1.69100000000003	2.82900000000018	0	0
5.38400000000001	2.01700000000005	5.19000000000005	0	0
2.48400000000038	1.19100000000003	2.68199999999979	0	0
2.73999999999978	1.18200000000002	2.8159999999998	0	0
2.67299999999977	0.722999999999956	2.66599999999971	0	0
2.72899999999981	1.12400000000002	2.63099999999986	0	0
2.45599999999968	1.00400000000013	2.55700000000024	0	0
2.57799999999997	1.06700000000001	2.50799999999981	0	0
3.16900000000032	1.375	3.32299999999987	0	0
3.04399999999987	1.27399999999989	2.71599999999989	0	0
2.89300000000003	1.77700000000004	2.58500000000004	0	0
3.15000000000009	1.75099999999998	2.83799999999974	0	0
2.99100000000044	1.22599999999989	2.77300000000014	0	0
3.33799999999974	1.49800000000005	2.71900000000005	0	0
2.97299999999996	1.34500000000003	2.64499999999998	0	0
3.30700000000024	1.37699999999995	3.30099999999993	0	0
2.9670000000001	1.24099999999999	2.47700000000032	0	0
2.90100000000029	1.74599999999987	2.62900000000036	0	0
2.92099999999982	0.832999999999856	2.64899999999989	0	0
3.21099999999979	2.42100000000005	2.81800000000021	0	0
2.65599999999995	1.42699999999991	2.38999999999987	0	0
2.60699999999997	0.582000000000107	2.5649999999996	0	0
3.13200000000006	1.73800000000006	2.85699999999997	0	0
2.73600000000033	0.594000000000051	2.59500000000025	0	0
6.69899999999961	3.4380000000001	5.48900000000003	0	0
3.72900000000027	2.27500000000009	2.86400000000003	0	0
3.46199999999999	1.9849999999999	2.73199999999997	0	0
3.45299999999997	2.06999999999994	2.73900000000003	0	0
2.6909999999998	0.544000000000096	2.64499999999998	0	0
3.23700000000008	1.63900000000012	2.9409999999998	0	0
2.7489999999998	0.865000000000009	2.65000000000009	0	0
2.88299999999981	1.6389999999999	2.69500000000016	0	0
2.76700000000028	1.27600000000007	2.57100000000037	0	0
2.98800000000028	2.09899999999993	2.96000000000004	0	0
2.77799999999979	1.55300000000011	2.84700000000021	0	0
3.33800000000019	1.40900000000011	3.30200000000013	0	0
3.0590000000002	1.55700000000002	2.53899999999976	0	0
9.1579999999999	4.37199999999984	8.24300000000039	0	0
2.66100000000006	0.800999999999931	2.82600000000002	0	0
2.68299999999999	0.929999999999836	2.77099999999973	0	0
2.70800000000008	1.24599999999987	2.70600000000013	0	0
3.00199999999995	1.43500000000017	3.02099999999973	0	0
2.65999999999985	0.815000000000055	2.6260000000002	0	0
2.41599999999971	0.774000000000115	2.48700000000008	0	0
2.71900000000005	1.0440000000001	2.58099999999968	0	0
3.14300000000003	0.913000000000011	3.17200000000003	0	0
3.13900000000012	2.49800000000005	2.76299999999992	0	0
2.87099999999919	1.55899999999997	2.50300000000016	0	0
2.83100000000013	1.66200000000003	2.53300000000036	0	0
2.99199999999928	1.80999999999995	2.66399999999976	0	0
2.55400000000009	1.13100000000009	2.4409999999998	0	0
2.40099999999984	0.555000000000064	2.28099999999995	0	0
2.85800000000017	1.37599999999998	2.82200000000012	0	0
2.79100000000017	0.900000000000091	2.70100000000002	0	0
2.69300000000021	1.51700000000005	2.47500000000036	0	0
3.40500000000065	1.02800000000002	3.06899999999996	0	0
2.60999999999967	1.08699999999999	2.66399999999976	0	0
2.92900000000009	1.41799999999989	2.73699999999963	0	0
3.06700000000001	1.31600000000003	2.55699999999979	0	0
2.85099999999966	1.06100000000015	2.54299999999967	0	0
3.07700000000023	1.61499999999978	2.76099999999997	0	0
3.24799999999959	1.94599999999991	2.77100000000019	0	0
2.81899999999951	1.548	2.84700000000021	0	0
3.23100000000068	2.07500000000005	2.82299999999987	0	0
3.05000000000018	1.56099999999992	2.80599999999959	0	0
2.86999999999989	1.23299999999995	2.64899999999989	0	0
5.40999999999985	1.89599999999996	5.1279999999997	0	0
3.02999999999975	1.12100000000009	2.80299999999988	0	0
2.87899999999991	1.279	2.64099999999962	0	0
3.37700000000041	1.74599999999987	2.66199999999981	0	0
3.17799999999988	2.02599999999984	2.66199999999981	0	0
3.3720000000003	1.95000000000027	2.71100000000024	0	0
2.82300000000032	1.03800000000001	2.82999999999993	0	0
2.94399999999951	1.28300000000036	2.60900000000038	0	0
3.10099999999966	2.02100000000019	2.76000000000022	0	0
2.66399999999976	1.19000000000005	2.75399999999991	0	0
2.81099999999969	1.64199999999983	2.64899999999989	0	0
2.73000000000047	1.10800000000017	2.66700000000037	0	0
5.86499999999978	2.00099999999975	5.42099999999982	0	0
2.89699999999993	1.04899999999998	2.66600000000017	0	0
2.5610000000006	1.15700000000015	2.20399999999972	0	0
2.40099999999984	1.36799999999994	2.35400000000027	0	0
2.70100000000002	1.02799999999979	2.68100000000004	0	0
3.68099999999959	2.94599999999991	2.98700000000008	0	0
2.84199999999964	1.13099999999986	2.67000000000007	0	0
2.99099999999999	1.60599999999977	2.74699999999984	0	0
3.1840000000002	2.0659999999998	2.74299999999994	0	0
3.27800000000025	1.37699999999995	3.25799999999981	0	0
2.82499999999982	0.985000000000127	2.68900000000031	0	0
2.51800000000003	0.936999999999898	2.64100000000008	0	0
3.20700000000033	1.28899999999976	2.8779999999997	0	0
2.88200000000052	1.45700000000033	2.54100000000017	0	0
3.10199999999986	1.15299999999979	2.73700000000008	0	0
2.83700000000044	1.12899999999991	2.75199999999995	0	0
3.57800000000043	2.41800000000012	2.75199999999995	0	0
3.13600000000042	1.49800000000005	2.44600000000037	0	0
2.94599999999991	1.60699999999997	2.59799999999996	0	0
3.34100000000035	1.21100000000024	2.54500000000007	0	0
3.01999999999953	1.78600000000006	2.58100000000013	0	0
2.96200000000044	1.59299999999985	2.47500000000036	0	0
3.1880000000001	2.04100000000017	2.98199999999997	0	0
2.65499999999975	1.04700000000003	2.48800000000028	0	0
3.01100000000042	2.14099999999962	2.70399999999972	0	0
5.20600000000013	2.42200000000003	5.14000000000033	0	0
2.81600000000071	1.34999999999991	2.54500000000007	0	0
2.94700000000012	1.34700000000021	2.37700000000041	0	0
2.77199999999993	1.23199999999997	2.48500000000058	0	0
2.93199999999979	1.35099999999966	2.64899999999943	0	0
3.28999999999996	2.14300000000003	2.65999999999985	0	0
3.21400000000085	1.32499999999982	2.88000000000011	0	0
3.19700000000012	1.91800000000012	2.44800000000032	0	0
2.71199999999953	1.50599999999986	2.3130000000001	0	0
2.48399999999947	1.66300000000001	2.45200000000023	0	0
3.30699999999979	2.39100000000008	2.60000000000036	0	0
2.73999999999978	1.7180000000003	2.45899999999983	0	0
2.47000000000025	0.846000000000004	2.3159999999998	0	0
2.95299999999952	0.740999999999985	2.92300000000068	0	0
2.80699999999979	1.26299999999992	2.74499999999989	0	0
3.33200000000033	1.79700000000003	2.68499999999949	0	0
3.04300000000057	0.930000000000291	2.75500000000011	0	0
2.80799999999999	1.95699999999988	2.60800000000017	0	0
2.61800000000039	1.03800000000001	2.4340000000002	0	0
2.73499999999967	1.50900000000001	2.28800000000047	0	0
2.64200000000073	1.21399999999994	2.33600000000024	0	0
2.75500000000011	1.46099999999979	2.36999999999989	0	0
3.19400000000041	1.73199999999997	2.8760000000002	0	0
2.63299999999981	1.09199999999964	2.57099999999991	0	0
2.75099999999929	1.12400000000025	2.59499999999935	0	0
5.6909999999998	1.85899999999992	5.29500000000007	0	0
3.33300000000054	2.22800000000007	2.7489999999998	0	0
3.10399999999936	1.60600000000022	2.78600000000006	0	0
3.10999999999967	1.61000000000013	2.79500000000007	0	0
2.75500000000011	1.00099999999975	2.84000000000015	0	0
2.90300000000025	1.1909999999998	2.47100000000046	0	0
3.26500000000033	1.68299999999999	2.66600000000017	0	0
2.92999999999938	1.21399999999994	2.58800000000065	0	0
3.24399999999969	1.71399999999994	2.94300000000021	0	0
3.06899999999951	1.90299999999979	2.86299999999937	0	0
3.25600000000031	1.54199999999992	2.81400000000031	0	0
3	1.33899999999994	2.5639999999994	0	0
2.57600000000002	1.07799999999997	2.43599999999969	0	0
2.71200000000044	1.375	2.60399999999936	0	0
3.02300000000014	1.42599999999993	2.59299999999985	0	0
3.43299999999999	1.39300000000003	2.69600000000082	0	0
3.25899999999911	1.50900000000001	2.76099999999951	0	0
2.56400000000031	1.04899999999998	2.53100000000086	0	0
2.78400000000056	1.40700000000015	2.76599999999962	0	0
2.78299999999945	1.44700000000012	2.60099999999966	0	0
2.42100000000028	0.251999999999953	2.44999999999982	0	0
2.71900000000005	0.887000000000171	2.70200000000023	0	0
2.66700000000037	1.27399999999989	2.63199999999961	0	0
7.86400000000049	2.89899999999989	7.3760000000002	0	0
3.40700000000015	2.06399999999985	2.82699999999932	0	0
3.49599999999919	2.10199999999986	2.66299999999956	0	0
3.01199999999972	1.69800000000032	2.54699999999957	0	0
3.30199999999968	1.72199999999975	2.77500000000055	0	0
3.25800000000072	2.15300000000025	2.75699999999961	0	0
2.57399999999961	1.01400000000012	2.59900000000016	0	0
3.02599999999984	1.94999999999982	2.8130000000001	0	0
2.4989999999998	1.20599999999968	2.6239999999998	0	0
2.55999999999949	0.976000000000113	2.52599999999984	0	0
2.78200000000015	1.48000000000002	2.69899999999961	0	0
2.39099999999962	0.764999999999873	2.58100000000013	0	0
5.09799999999996	2.11699999999973	4.96100000000024	0	0
2.91700000000037	1.08899999999994	2.70400000000063	0	0
2.84999999999945	0.876999999999953	2.64499999999953	0	0
3.26299999999992	1.70800000000008	2.69300000000021	0	0
2.85100000000057	1.24800000000005	2.42699999999968	0	0
2.96800000000076	1.52500000000009	2.85300000000007	0	0
3.50700000000052	2.45299999999997	2.78099999999995	0	0
2.69400000000041	0.971000000000004	2.58199999999943	0	0
3.13599999999951	1.38999999999987	2.96700000000055	0	0
3.11300000000028	1.26600000000008	3.19100000000071	0	0
2.55500000000029	0.590000000000146	2.55499999999938	0	0
2.78900000000067	0.994000000000142	2.55500000000029	0	0
2.68799999999919	0.874000000000251	2.64800000000014	0	0
3.05500000000029	1.7800000000002	2.9380000000001	0	0
2.60900000000038	0.953999999999724	2.71399999999994	0	0
2.66899999999987	1.65999999999985	2.64099999999962	0	0
2.57399999999961	1.08400000000029	2.64099999999962	0	0
2.64499999999953	1.08399999999983	2.63799999999992	0	0
6.26400000000012	2.9989999999998	5.31899999999951	0	0
2.79100000000017	1.51300000000037	2.89900000000034	0	0
2.48700000000008	0.771999999999935	2.59799999999996	0	0
3.3760000000002	1.0930000000003	3.21299999999974	0	0
2.39800000000014	0.303000000000338	2.44400000000041	0	0
2.5630000000001	0.990999999999985	2.59699999999975	0	0
3.23800000000028	1.15300000000025	3.45100000000002	0	0
2.74600000000009	1.80199999999968	2.64099999999962	0	0
2.32000000000062	0.775000000000091	2.53200000000015	0	0
2.50200000000041	0.907999999999902	2.74099999999999	0	0
2.60099999999966	1.41400000000021	2.66900000000078	0	0
2.70399999999972	1.1840000000002	2.80699999999979	0	0
2.55799999999999	0.515000000000327	2.60800000000017	0	0
2.48300000000017	0.855999999999767	2.57499999999982	0	0
2.88699999999972	1.71399999999994	2.51000000000022	0	0
2.77500000000055	1.29800000000023	2.70100000000002	0	0
3.59599999999955	2.93199999999979	2.77999999999975	0	0
3.22499999999945	1.48599999999988	2.45700000000033	0	0
2.86999999999989	1.58100000000013	2.39300000000003	0	0
3.92099999999937	3.67900000000009	3.11800000000039	0	0
3.03499999999985	1.47899999999981	2.45399999999972	0	0
3.47299999999996	2.15900000000011	2.61099999999988	0	0
3.12899999999991	1.05099999999993	2.98499999999967	0	0
3.03200000000015	2.05600000000004	2.79300000000057	0	0
3.33200000000033	1.66999999999962	2.97999999999956	0	0
6.1880000000001	3.68900000000031	5.46500000000015	0	0
3.58399999999983	1.98599999999988	2.96699999999964	0	0
3.38000000000011	2.42899999999963	2.72499999999945	0	0
6.67399999999998	3.03500000000031	5.38000000000011	0	0
2.81099999999969	0.938999999999851	2.64500000000044	0	0
3.09199999999964	1.55099999999993	2.59599999999955	0	0
3.07999999999993	1.44599999999991	2.53700000000026	0	0
3.10400000000027	1.84699999999975	2.90500000000065	0	0
2.99200000000019	1.5329999999999	2.64999999999964	0	0
2.96600000000035	1.44799999999987	2.49299999999948	0	0
2.78300000000036	1.01700000000028	2.78799999999956	0	0
2.88400000000001	0.659000000000106	2.71600000000035	0	0
2.93499999999949	0.939000000000306	2.66900000000078	0	0
2.58500000000004	0.970000000000255	2.61999999999989	0	0
3.10199999999986	1.23299999999972	2.77299999999923	0	0
2.40400000000045	0.532999999999902	2.34299999999985	0	0
2.81099999999969	0.670000000000073	2.65799999999945	0	0
2.90200000000004	1.26299999999992	2.69499999999971	0	0
2.96199999999953	1.11200000000008	2.71000000000004	0	0
3.10199999999986	1.34799999999996	2.71600000000035	0	0
2.98999999999978	1.46499999999969	2.61800000000039	0	0
3.47399999999925	1.99200000000019	2.88100000000031	0	0
3.32499999999982	1.74200000000019	2.77400000000034	0	0
3.42200000000048	1.69999999999982	2.81400000000031	0	0
2.90700000000015	1.69999999999982	2.78299999999945	0	0
2.89699999999993	1.1220000000003	2.70600000000013	0	0
3.40800000000036	1.63300000000027	2.94900000000052	0	0
2.89000000000033	1.37100000000009	2.54999999999927	0	0
3.32799999999952	1.68199999999979	2.81700000000001	0	0
3.5630000000001	1.75300000000016	2.76599999999962	0	0
2.7519999999995	1.0329999999999	2.68599999999969	0	0
2.57799999999952	0.40099999999984	2.60600000000068	0	0
2.78200000000015	0.752999999999702	2.63500000000022	0	0
2.95600000000013	0.963999999999942	2.69900000000052	0	0
3.27400000000034	1.72399999999971	2.64500000000044	0	0
3.23099999999977	1.4069999999997	2.89399999999932	0	0
2.66200000000026	0.862999999999829	2.57699999999932	0	0
2.89399999999932	1.00799999999981	2.5059999999994	0	0
2.97600000000057	1.35199999999986	2.65100000000075	0	0
2.6269999999995	1.02999999999975	2.6929999999993	0	0
2.91299999999956	1.48700000000008	2.63299999999981	0	0
3.1840000000002	1.61999999999989	2.72900000000027	0	0
2.71800000000076	1.21399999999994	2.69900000000052	0	0
3.0679999999993	1.60300000000007	2.65299999999934	0	0
3.11499999999978	1.34999999999991	2.76299999999992	0	0
2.98499999999967	1.03499999999985	2.60199999999986	0	0
2.97599999999966	1.69399999999996	2.65799999999945	0	0
3.1220000000003	1.52399999999989	2.97199999999975	0	0
2.79200000000037	1.06700000000001	2.5659999999998	0	0
3.00200000000041	1.41399999999976	2.60799999999927	0	0
2.82600000000002	1.02700000000004	2.58899999999994	0	0
2.81800000000021	1.50099999999975	2.57300000000032	0	0
2.49299999999948	0.702999999999975	2.37700000000041	0	0
2.84799999999996	1.36000000000013	2.54199999999946	0	0
2.58899999999994	1.21100000000024	2.7549999999992	0	0
3.34500000000025	1.59099999999989	2.77599999999984	0	0
3.04799999999977	1.43100000000004	2.62700000000041	0	0
2.89699999999993	0.782999999999902	2.99399999999969	0	0
2.99600000000009	1.11199999999963	2.69300000000021	0	0
3.31800000000021	1.33699999999999	2.65499999999975	0	0
6.4360000000006	3.63700000000017	5.33300000000054	0	0
2.38100000000031	0.704999999999927	2.39899999999943	0	0
2.74099999999999	0.79300000000012	2.41199999999935	0	0
2.5659999999998	0.73299999999972	2.63100000000031	0	0
2.55400000000009	1.01700000000028	2.71099999999933	0	0
3.08599999999933	1.1909999999998	2.69000000000051	0	0
2.56700000000001	1.41800000000012	2.58500000000004	0	0
3.15200000000004	1.74000000000024	2.81700000000001	0	0
2.91999999999916	1.27499999999964	2.91299999999956	0	0
2.87100000000009	1.71399999999994	2.6309999999994	0	0
2.89899999999943	1.18200000000024	2.78099999999995	0	0
2.92399999999998	1.34699999999975	2.64599999999973	0	0
3.02300000000014	1.4409999999998	2.83200000000033	0	0
3.21000000000004	1.60500000000002	2.63200000000052	0	0
2.95400000000063	1.74499999999989	2.66199999999935	0	0
2.6239999999998	0.789999999999964	2.44800000000032	0	0
3.08600000000024	1.38700000000017	2.76500000000033	0	0
3.14500000000044	1.08800000000019	2.65999999999985	0	0
3.55099999999948	2.38900000000012	2.72600000000057	0	0
3.15300000000025	1.85099999999966	2.79399999999987	0	0
2.60100000000057	0.760999999999967	2.35499999999956	0	0
2.54200000000037	0.773999999999887	2.53700000000026	0	0
3.34199999999964	2.10899999999992	2.88900000000012	0	0
3.17799999999988	1.75500000000011	2.80099999999948	0	0
2.53699999999935	0.719000000000051	2.44599999999991	0	0
2.78800000000047	1.07300000000032	2.69399999999951	0	0
3.29500000000007	1.80699999999979	2.66399999999976	0	0
2.97800000000007	1.69799999999987	2.83899999999994	0	0
5.13500000000022	1.68900000000031	4.81099999999969	0	0
2.44999999999982	0.791000000000167	2.56400000000031	0	0
2.72500000000036	1.27799999999979	2.47000000000025	0	0
2.97900000000027	1.72700000000032	2.82800000000043	0	0
5.51699999999983	2.5	5.24600000000009	0	0
2.78499999999985	0.808999999999742	2.5679999999993	0	0
3.37400000000071	1.70800000000008	2.74300000000039	0	0
2.86899999999969	1.81399999999985	2.78099999999995	0	0
3.10999999999967	1.43900000000031	2.51199999999972	0	0
3.28400000000056	2.16499999999996	2.92000000000007	0	0
2.73100000000068	1.08600000000024	2.75600000000031	0	0
3.32199999999921	2.0619999999999	2.73599999999988	0	0
3.27900000000045	2.04599999999982	2.70499999999993	0	0
2.89300000000003	1.10899999999992	2.67899999999918	0	0
2.91200000000026	1.66800000000012	2.53300000000036	0	0
3.09899999999925	1.72499999999991	2.71200000000044	0	0
6.72900000000027	3.42599999999993	5.60099999999966	0	0
3.3769999999995	1.78900000000021	2.83200000000033	0	0
2.89099999999962	1.20100000000002	2.58299999999963	0	0
3.37800000000061	2.38400000000001	2.90899999999965	0	0
2.98999999999978	1.46599999999989	2.95499999999993	0	0
3.33599999999933	2.25600000000031	2.84699999999975	0	0
3.14000000000033	1.8090000000002	2.68099999999959	0	0
2.92299999999977	1.13000000000011	2.65799999999945	0	0
3.08000000000084	1.80099999999993	2.95100000000002	0	0
3.02300000000014	1.42299999999977	2.69700000000012	0	0
2.89499999999953	1.28499999999985	2.68299999999999	0	0
3.24399999999969	1.47599999999966	2.81999999999971	0	0
3.03700000000026	0.933999999999742	2.90899999999965	0	0
2.91499999999996	1.11000000000013	2.64100000000053	0	0
2.99600000000009	1.17499999999973	2.66699999999946	0	0
2.92799999999988	1.10899999999992	2.76300000000083	0	0
3.17500000000018	1.42299999999977	2.61899999999969	0	0
2.93100000000049	1.47800000000007	2.5010000000002	0	0
3.31999999999971	2.58500000000004	2.87700000000041	0	0
3.78000000000065	4.67000000000007	3.56400000000031	0	0
3.67900000000009	1.58199999999988	3.23800000000028	0	0
3.52400000000034	1.84400000000005	2.82299999999941	0	0
3.34799999999996	1.77800000000025	2.73800000000028	0	0
3.15200000000004	1.62300000000005	2.92100000000028	0	0
2.65200000000004	0.840999999999894	2.65499999999975	0	0
2.69999999999982	0.791999999999916	2.73099999999977	0	0
2.89400000000023	1.02700000000004	2.76500000000033	0	0
3.47500000000036	1.59000000000015	2.78999999999996	0	0
2.78700000000026	1.30300000000034	2.60600000000068	0	0
3.4989999999998	2.5930000000003	2.75900000000001	0	0
3.0590000000002	1.77100000000019	2.81400000000031	0	0
2.88199999999961	1.71199999999999	2.74200000000019	0	0
3.11499999999978	1.75900000000001	2.79200000000037	0	0
2.87700000000041	1.54800000000023	2.73399999999947	0	0
3.03799999999956	1.88699999999972	2.77000000000044	0	0
3.43099999999959	1.66899999999987	3.22100000000046	0	0
5.83799999999974	2.71199999999999	5.31700000000001	0	0
2.61699999999928	0.990999999999985	2.52300000000014	0	0
2.72600000000057	1.08500000000004	2.65399999999954	0	0
3.19300000000021	1.85399999999981	2.83500000000004	0	0
3.31999999999971	1.93199999999979	2.73600000000079	0	0
2.87700000000041	1.41899999999987	2.90200000000004	0	0
2.44599999999991	0.327000000000226	2.53499999999985	0	0
2.6840000000002	0.731999999999971	2.74199999999928	0	0
2.79600000000028	1.17999999999984	2.57099999999991	0	0
3.02500000000055	1.97800000000007	2.84400000000005	0	0
2.55000000000018	0.490000000000236	2.60599999999977	0	0
3.11799999999948	2.17900000000009	2.79500000000007	0	0
2.57499999999982	0.864000000000033	2.60699999999997	0	0
3.39599999999973	1.28400000000011	3.34199999999964	0	0
2.76299999999992	1.36599999999999	2.52899999999954	0	0
2.6230000000005	0.83600000000024	2.53700000000026	0	0
5.36399999999958	1.58899999999994	5.23000000000047	0	0
3.0029999999997	1.29600000000028	2.68199999999979	0	0
3.34799999999996	1.67399999999998	2.76899999999932	0	0
2.69999999999982	0.876999999999953	2.63000000000011	0	0
2.86300000000028	1.07799999999997	2.63500000000022	0	0
3.22900000000027	1.89100000000008	2.69200000000001	0	0
6.16600000000017	2.92799999999988	5.69200000000001	0	0
3.3779999999997	1.69000000000005	2.84400000000005	0	0
3.17699999999968	1.4989999999998	2.93199999999979	0	0
2.61499999999978	0.675999999999931	2.59299999999985	0	0
3.04999999999927	2.31500000000005	2.67999999999938	0	0
3.01999999999953	0.884000000000015	3.00200000000041	0	0
2.64100000000053	1.91199999999981	2.67500000000018	0	0
2.79899999999998	1.36499999999978	2.63700000000063	0	0
3.01400000000012	2.66100000000006	3.0659999999998	0	0
3.38100000000031	1.81200000000035	2.80899999999929	0	0
3.06999999999971	2.01099999999997	2.70200000000023	0	0
2.87100000000009	1.10199999999986	2.67100000000028	0	0
2.61400000000049	0.656999999999698	2.78600000000006	0	0
3.15300000000025	1.57400000000007	2.72499999999945	0	0
3.55299999999988	1.20199999999977	3.18000000000029	0	0
2.98499999999967	1.31700000000001	2.69499999999971	0	0
2.78300000000036	1.55099999999993	2.77900000000045	0	0
3.17299999999977	1.26499999999987	3.55199999999968	0	0
5.58600000000024	2.02399999999989	5.40700000000015	0	0
2.96000000000004	0.773000000000138	2.73900000000049	0	0
3.18799999999919	1.74199999999973	2.86199999999917	0	0
3.60699999999997	2.14800000000014	3.09999999999945	0	0
3.6269999999995	2.05999999999995	2.95300000000043	0	0
3.11200000000008	1.46799999999985	2.66499999999996	0	0
3.16399999999976	1.78499999999985	2.69200000000001	0	0
2.81999999999971	0.885999999999967	2.50399999999991	0	0
2.7489999999998	0.871000000000095	2.60800000000017	0	0
3.06899999999951	1.59900000000016	2.85099999999966	0	0
3.14699999999993	2.17299999999977	2.86899999999969	0	0
2.95499999999993	0.929999999999836	2.54599999999937	0	0
2.72800000000007	1.27199999999993	2.64699999999993	0	0
3.09400000000005	1.73399999999992	2.86499999999978	0	0
3.15799999999945	1.51600000000008	2.63999999999942	0	0
3.19300000000021	2.44200000000001	2.73199999999997	0	0
2.96799999999985	1.5590000000002	2.69500000000062	0	0
3.19899999999961	1.73399999999992	2.81400000000031	0	0
3.34700000000066	2.32999999999993	2.97600000000057	0	0
3.05799999999999	2.36299999999983	2.82800000000043	0	0
6.28300000000036	4.1850000000004	5.48900000000049	0	0
2.95800000000054	0.992999999999938	2.89800000000014	0	0
2.59099999999944	0.646000000000186	2.64699999999993	0	0
3.03799999999956	1.35900000000038	2.60300000000007	0	0
3.12299999999959	1.45800000000008	2.36700000000019	0	0
3.33700000000044	1.6260000000002	2.52599999999984	0	0
3.25500000000011	1.5630000000001	2.42699999999968	0	0
3.21799999999985	1.54300000000012	2.33799999999974	0	0
2.68100000000049	1.14199999999983	2.43000000000029	0	0
2.99799999999959	1.2510000000002	2.33200000000033	0	0
4.5570000000007	4.59099999999989	3.20900000000074	0	0
2.88699999999972	1.98599999999988	2.5590000000002	0	0
6.67000000000007	3.16200000000026	5.36599999999999	0	0
2.69300000000021	1.16300000000001	2.20399999999972	0	0
2.38500000000022	0.854000000000269	1.94499999999971	0	0
3.00399999999991	1.60400000000027	1.96999999999935	0	0
2.95200000000023	1.49299999999994	1.94399999999951	0	0
2.85699999999997	1.41699999999992	1.93100000000049	0	0
5.35999999999967	3.01999999999998	3.83200000000033	0	0
2.53399999999965	0.84900000000016	2.00799999999981	0	0
2.78499999999985	1.36599999999999	2.44700000000012	0	0
5.77399999999943	2.18199999999979	4.96200000000044	0	0
2.99799999999959	1.24499999999989	2.80199999999968	0	0
3.55199999999968	0.714999999999691	3.24200000000019	0	0
6.15200000000004	1.48499999999967	5.59500000000025	0	0
2.85699999999997	0.712999999999738	2.75600000000031	0	0
3.07000000000062	0.701000000000022	2.80599999999959	0	0
2.97400000000016	0.577999999999975	2.74600000000009	0	0
3.35699999999997	0.803999999999633	3.21399999999994	0	0
5.91399999999976	2.00599999999986	5.77399999999943	0	0
2.94000000000051	0.740999999999985	2.74300000000039	0	0
2.95799999999963	0.597000000000207	2.74200000000019	0	0
5.9399999999996	1.34799999999996	5.60000000000036	0	0
2.95800000000054	0.608999999999924	2.74499999999989	0	0
2.98300000000017	0.577000000000226	2.76099999999951	0	0
2.91499999999996	0.633000000000266	2.7489999999998	0	0
2.89599999999973	0.567999999999756	2.67299999999977	0	0
2.87299999999959	0.664999999999964	2.73900000000049	0	0
2.96699999999964	0.721999999999753	2.8139999999994	0	0
2.95700000000033	0.596000000000004	2.78300000000036	0	0
2.9950000000008	0.664999999999964	2.80500000000029	0	0
2.99300000000039	0.592999999999847	2.77500000000055	0	0
2.98199999999997	0.550000000000182	2.73599999999988	0	0
2.9320000000007	0.605000000000018	2.72899999999936	0	0
2.9989999999998	0.631999999999607	2.78499999999985	0	0
3.04299999999967	0.796000000000276	2.83600000000024	0	0
3.01400000000012	0.764000000000124	2.79899999999998	0	0
2.98500000000058	0.570999999999913	2.77599999999984	0	0
2.9980000000005	0.724999999999909	2.85500000000047	0	0
2.99499999999989	0.822000000000116	2.8779999999997	0	0
5.91400000000067	1.19700000000012	5.4980000000005	0	0
2.9380000000001	0.615000000000236	2.7529999999997	0	0
3.02999999999975	0.628000000000156	2.81900000000041	0	0
2.89299999999912	0.755999999999858	2.8149999999996	0	0
2.95300000000043	0.58199999999988	2.74399999999969	0	0
3.04399999999987	0.566000000000258	2.78499999999985	0	0
2.92299999999977	0.658999999999651	2.7510000000002	0	0
2.89800000000014	0.667000000000371	2.73599999999988	0	0
2.95600000000013	0.577000000000226	2.69499999999971	0	0
3.02999999999975	0.567000000000007	2.80200000000059	0	0
3.0630000000001	0.524999999999636	2.82699999999932	0	0
2.99299999999948	0.5949999999998	2.82400000000052	0	0
3.02400000000034	0.706000000000131	2.84000000000015	0	0
3.09100000000035	0.70699999999988	2.88000000000011	0	0
2.99699999999939	0.574999999999818	2.79600000000028	0	0
3.41700000000037	0.695999999999913	3.20100000000002	0	0
3.05500000000029	0.645999999999731	2.79199999999946	0	0
2.98600000000079	0.760999999999967	2.85699999999997	0	0
3.1889999999994	1.30699999999979	3.02999999999975	0	0
2.98300000000017	0.533999999999651	2.78800000000047	0	0
2.98400000000038	0.653999999999996	2.79399999999987	0	0
3.01399999999921	0.614000000000033	2.78700000000026	0	0
