7.723	5.073	8.661	0	0
7.042	4.322	7.367	0	0
11.947	17.978	11.439	0	0
10.521	12.106	9.755	0	0
7.26000000000001	2.45	7.17100000000001	0	0
7.33699999999999	4.111	7.42699999999999	0	0
9.31599999999997	13.13	8.88999999999999	0	0
8.191	9.72499999999999	8.43299999999999	0	0
10.672	14.134	10.021	0	0
8.49200000000002	8.79000000000002	7.94499999999999	0	0
9.40700000000001	12.989	9.75899999999999	0	0
8.01500000000001	9.63	8.78700000000001	0	0
8.88800000000001	9.59900000000002	9.18000000000004	0	0
6.82099999999997	2.90500000000003	7.03299999999996	0	0
7.36099999999999	3.529	7.40100000000001	0	0
7.59099999999995	5.25100000000003	8.137	0	0
6.59800000000001	1.95100000000002	6.625	0	0
7.58499999999998	4.74699999999996	7.53899999999999	0	0
7.197	3.46300000000002	7.762	0	0
8.17199999999997	3.815	7.47399999999999	0	0
7.91800000000001	7.18000000000001	8.34399999999999	0	0
7.887	6.85899999999998	7.61700000000002	0	0
7.01299999999998	3.161	7.04699999999997	0	0
9.46699999999998	11.988	9.91800000000001	0	0
8.82600000000002	9.07500000000005	9.24000000000001	0	0
6.762	4.37899999999996	7.22499999999997	0	0
7.25900000000001	5.05399999999997	7.54599999999999	0	0
8.15800000000007	4.96899999999999	8.20599999999996	0	0
14.37	15.16	14.713	0	0
8.322	7.84199999999998	7.80900000000008	0	0
11.144	13.709	9.721	0	0
7.96499999999992	6.58000000000004	7.94500000000005	0	0
8.84900000000005	8.12700000000007	9.38499999999999	0	0
11.687	18.736	10.55	0	0
6.577	2.91800000000001	7.12900000000002	0	0
6.95299999999997	2.06299999999999	6.798	0	0
8.79200000000003	6.25	9.00900000000001	0	0
10.2380000000001	17.296	9.97000000000003	0	0
7.77499999999998	6.55399999999997	7.60300000000007	0	0
7.83600000000001	6.37	8.03899999999999	0	0
7.83199999999999	7.01800000000003	7.76300000000003	0	0
7.22699999999998	4.149	6.48799999999994	0	0
9.12900000000002	11.5359999999999	9.41100000000006	0	0
9.49600000000009	12.034	9.27199999999993	0	0
8.351	9.09000000000003	9.35699999999997	0	0
7.61500000000001	7.60300000000007	7.87100000000009	0	0
8.572	8.53800000000001	8.89599999999996	0	0
7.19200000000001	4.221	7.351	0	0
10.265	11.058	9.16399999999999	0	0
6.76200000000006	2.84399999999994	7.23900000000003	0	0
11.726	4.87400000000002	12.509	0	0
7.23900000000003	4.78699999999992	7.21400000000006	0	0
11.7529999999999	5.39400000000001	11.095	0	0
7.20700000000011	5.25599999999997	7.11199999999997	0	0
6.36699999999996	2.904	6.61900000000014	0	0
8.67600000000016	9.89699999999993	8.346	0	0
7.99800000000005	7.07399999999996	7.75299999999993	0	0
11.615	7.76999999999998	12.3310000000001	0	0
8.154	9.39600000000007	8.69299999999998	0	0
8.25700000000006	6.37199999999996	8.23399999999992	0	0
8.33100000000013	8.86799999999994	8.40099999999984	0	0
8.6550000000002	7.62299999999982	8.48500000000013	0	0
13.412	21.6909999999998	11.9180000000001	0	0
10.2640000000001	13.6110000000001	8.55499999999984	0	0
9.85200000000009	14.7139999999999	9.98900000000003	0	0
8.47299999999996	8.55500000000006	7.70900000000006	0	0
8.31600000000003	9.40599999999995	8.92100000000005	0	0
6.6400000000001	4.08999999999992	6.91699999999992	0	0
6.84999999999991	3.202	7.28499999999985	0	0
11.8019999999999	18.3900000000001	10.6400000000001	0	0
10.3429999999998	12.144	7.90100000000007	0	0
12.99	10.7840000000001	12.829	0	0
6.20600000000013	1.18100000000004	6.20699999999988	0	0
7.173	3.27800000000002	7.54199999999992	0	0
12.2059999999999	18.607	11.2370000000001	0	0
9.64100000000008	10.8900000000001	8.71800000000007	0	0
7	4.18000000000006	7.47900000000004	0	0
10.143	13.5319999999999	10.8109999999999	0	0
7.2650000000001	5.26600000000008	7.70900000000006	0	0
7.05799999999999	5.47900000000004	7.53800000000001	0	0
8.42399999999998	7.68299999999999	8.02999999999997	0	0
9.87099999999987	13.6890000000001	10.02	0	0
7.78199999999993	7.28099999999995	8.19500000000016	0	0
8.702	9.63200000000006	8.40100000000007	0	0
7.51800000000003	3.73399999999992	7.69900000000007	0	0
5.80400000000009	1.68799999999987	5.82399999999984	0	0
8.35099999999989	7.58899999999994	8.01999999999998	0	0
8.34800000000018	8.0630000000001	8.74600000000009	0	0
9.34199999999987	13.5159999999998	8.99900000000002	0	0
6.46600000000012	2.07799999999997	6.76100000000019	0	0
6.76300000000015	2.97399999999993	6.94700000000012	0	0
8.30700000000002	5.44300000000021	8.49700000000007	0	0
7.38700000000017	6.42200000000003	7.77300000000014	0	0
6.49199999999996	0.852000000000089	6.30599999999981	0	0
7.54199999999992	2.93899999999985	7.66100000000006	0	0
6.21299999999997	1.60500000000002	6.31799999999998	0	0
7.47299999999996	6.14899999999989	8.64099999999985	0	0
8.42599999999993	8.89600000000019	7.91499999999996	0	0
9.38300000000004	11.3489999999999	9.46499999999992	0	0
8.34099999999989	8.05400000000009	8.87699999999995	0	0
11.9270000000001	16.6219999999998	9.44800000000009	0	0
7.04700000000003	2.87900000000013	7.20399999999995	0	0
6.4079999999999	2.02800000000002	6.32300000000009	0	0
10.0360000000001	14.7639999999999	10.5159999999998	0	0
7.74199999999996	7.096	8.45800000000008	0	0
6.11199999999985	2.16499999999996	6.31500000000005	0	0
14.953	15.7940000000001	15.0160000000001	0	0
6.82400000000007	4.72000000000003	7.33799999999997	0	0
6.88300000000027	3.27800000000002	7.63900000000012	0	0
6.54700000000003	2.59900000000016	6.57200000000012	0	0
7.12699999999995	2.55099999999993	7.09700000000021	0	0
6.74000000000024	2.11899999999991	6.67900000000009	0	0
6.81100000000015	3.50800000000004	6.35899999999992	0	0
6.86200000000008	4.08899999999994	6.85199999999986	0	0
14.4110000000001	24.115	12.3699999999999	0	0
10.4279999999999	12.7279999999998	9.60599999999977	0	0
11.578	16.259	10.5810000000001	0	0
7.75	5.30699999999979	8.44300000000021	0	0
7.71499999999969	7.02200000000016	7.721	0	0
8.64400000000023	8.76599999999985	9.29799999999977	0	0
6.97399999999971	3.01999999999998	6.4989999999998	0	0
7.23199999999997	4.24700000000007	7.73100000000022	0	0
6.96900000000005	3.38499999999999	6.92399999999998	0	0
7.82900000000018	6.65700000000015	8.47800000000007	0	0
7.60399999999981	3.73399999999992	7.53899999999976	0	0
5.81399999999985	2.452	6.19700000000012	0	0
11.643	17.4349999999997	11.7170000000001	0	0
7.36400000000003	5.65000000000009	8.06299999999965	0	0
6.64900000000034	1.7199999999998	6.80400000000009	0	0
7.53999999999996	7.26000000000022	7.89199999999983	0	0
7.17999999999984	5.12800000000016	7.49099999999999	0	0
7.96199999999999	5.57400000000007	7.93199999999979	0	0
9.05500000000029	11.2660000000001	9.00399999999991	0	0
9.51799999999957	13.4140000000002	9.16100000000006	0	0
9.50500000000011	8.89300000000003	7.8449999999998	0	0
9.70599999999968	10.6350000000002	9.23000000000002	0	0
7.09900000000016	4.57499999999982	7.31600000000026	0	0
9.55799999999999	10.0819999999999	8.17000000000007	0	0
7.66900000000032	3.57300000000032	8.09900000000016	0	0
7.92200000000003	5.68600000000015	7.70700000000033	0	0
6.79899999999998	1.92200000000003	6.83400000000029	0	0
6.9699999999998	4.35700000000043	7.0029999999997	0	0
6.69500000000016	3.61200000000008	6.49000000000024	0	0
8.13499999999976	9.40200000000004	8.30999999999995	0	0
8.64199999999983	4.37300000000005	8.06600000000026	0	0
6.81099999999969	2.30700000000024	6.95799999999963	0	0
14.6980000000003	17.3820000000001	14.9749999999999	0	0
6.44500000000016	1.78600000000006	6.34000000000015	0	0
7.89499999999998	2.03600000000006	7.44000000000005	0	0
11.694	4.99599999999964	11.9259999999999	0	0
5.78899999999976	0.494999999999891	5.53999999999996	0	0
6.74800000000005	0.797999999999774	6.42700000000013	0	0
6.28800000000001	1.6260000000002	5.99399999999969	0	0
6.32999999999993	0.364000000000033	6.09000000000015	0	0
10.5340000000001	16.7730000000001	10.0039999999999	0	0
8.0300000000002	6.45299999999997	7.13800000000037	0	0
8.12800000000016	6.75500000000011	8.69800000000032	0	0
8.94599999999991	10.8610000000003	8.80799999999999	0	0
10.3590000000004	14.0520000000001	9.34099999999989	0	0
7.80099999999993	7.21799999999985	7.89199999999983	0	0
10.2149999999997	13.0940000000001	9.12199999999984	0	0
8.38700000000017	8.28400000000011	7.98000000000002	0	0
7.9409999999998	7.23599999999988	8.03600000000006	0	0
10.319	16.6900000000001	10.1100000000001	0	0
9.34500000000025	13.3150000000001	9.34099999999989	0	0
6.94599999999991	3.21500000000015	6.89600000000019	0	0
8.904	10.6199999999999	9.05899999999974	0	0
6.9369999999999	1.68899999999985	6.76800000000003	0	0
12.9259999999999	20.2780000000002	10.7560000000003	0	0
10.1849999999999	13.0630000000001	9.86499999999978	0	0
11.5	6.4369999999999	11.5589999999997	0	0
6.57900000000018	2.33199999999988	6.56700000000001	0	0
8.11199999999963	8.26400000000012	8.01500000000033	0	0
6.85300000000007	1.42399999999998	6.75900000000001	0	0
12.2600000000002	8.2829999999999	12.846	0	0
8.03399999999965	6.52700000000004	7.57799999999997	0	0
9.16100000000006	11.0159999999996	9.4699999999998	0	0
8.17599999999993	5.46199999999999	8.6239999999998	0	0
8.18599999999969	6.43600000000015	8.41300000000001	0	0
8.84099999999989	8.56500000000005	8.4409999999998	0	0
7.67900000000009	4.86799999999994	7.79500000000007	0	0
15.9880000000003	18.0189999999998	15.0260000000003	0	0
9.95600000000013	13.9580000000001	10.1570000000002	0	0
15.2649999999999	25.0320000000002	11.473	0	0
6.98000000000002	2.78500000000031	7.02500000000009	0	0
7.53700000000026	3.88500000000022	7.41100000000006	0	0
9.89000000000033	13.5160000000001	10.3719999999998	0	0
6.35399999999981	2.16799999999967	6.51699999999983	0	0
6.83800000000019	2.87099999999964	6.87100000000009	0	0
8.88999999999987	11.1880000000001	9.2199999999998	0	0
7.49099999999999	4.90100000000029	7.12199999999984	0	0
6.42699999999968	2.18700000000035	6.57499999999982	0	0
8.94200000000001	9.28899999999976	9.32799999999997	0	0
7.69399999999996	4.13700000000017	7.06899999999996	0	0
13.7049999999999	20.2639999999997	11.4859999999999	0	0
16.4870000000001	21.4850000000001	15.777	0	0
7.20299999999997	3.51900000000023	7.17900000000009	0	0
12.4360000000001	9.74099999999999	14.1119999999996	0	0
7.30200000000013	5.32200000000012	7.24200000000019	0	0
6.85199999999986	5.11099999999988	7.24099999999999	0	0
7.16799999999967	2.56200000000035	7.30299999999988	0	0
9.37699999999995	10.8519999999999	9.05999999999995	0	0
7.37099999999964	5.65099999999984	7.70100000000002	0	0
7.55300000000034	6.83699999999999	7.92399999999998	0	0
7.70400000000018	5.07200000000012	7.8779999999997	0	0
10.558	14.7330000000002	10.0119999999997	0	0
6.95199999999977	4.77700000000004	7.19599999999991	0	0
7.08699999999999	4.21599999999989	7.3090000000002	0	0
6.76699999999983	4.33100000000013	7.45299999999997	0	0
8.61999999999989	5.46100000000024	7.33799999999974	0	0
11.578	15.7529999999997	10.5789999999997	0	0
7.29599999999982	3.42700000000013	7.03499999999985	0	0
10.4659999999999	11.134	10.5350000000003	0	0
9.10899999999992	10.8850000000002	9.73099999999977	0	0
9.05499999999984	10.4840000000004	8.54700000000003	0	0
9.22399999999971	10.98	9.52799999999979	0	0
14.3849999999998	12.835	14.2159999999999	0	0
7.09800000000041	3.67399999999998	6.51899999999978	0	0
9.95299999999952	13.085	8.44999999999982	0	0
7.63199999999961	4.15000000000009	7.97800000000007	0	0
6.93199999999979	2.50199999999995	6.99200000000019	0	0
7.71600000000035	6.42000000000007	7.02300000000014	0	0
7.1840000000002	4.78600000000006	7.40200000000004	0	0
5.81900000000041	2.02499999999964	6.26500000000033	0	0
6.88200000000052	3.57900000000018	6.85800000000017	0	0
7.9970000000003	3.6880000000001	7.4360000000006	0	0
6.97800000000007	5.14100000000008	7.68099999999959	0	0
10.1709999999994	14.0879999999997	9.26400000000012	0	0
7.63199999999961	6.32999999999993	8.27999999999975	0	0
8.1260000000002	11.4340000000002	8.26899999999932	0	0
10.1059999999998	13.7600000000002	8.59000000000015	0	0
6.91600000000017	4.30699999999979	7.75300000000061	0	0
10.317	14.759	10.5900000000001	0	0
9.4340000000002	10.7359999999999	9.83199999999943	0	0
9.37299999999959	11.9809999999998	8.54199999999946	0	0
11.991	8.6220000000003	12.2049999999999	0	0
9.47899999999936	9.10199999999986	9.27899999999954	0	0
7.15499999999975	2.92499999999973	7.12800000000061	0	0
20.1179999999995	32.3339999999998	17.5789999999997	0	0
9.21300000000065	8.12199999999984	7.61099999999988	0	0
7.32700000000023	2.67200000000003	6.81099999999969	0	0
6.23499999999967	1.30999999999995	6.35399999999936	0	0
9.84799999999996	11.4169999999999	7.8179999999993	0	0
10.8049999999994	16.402	9.32799999999952	0	0
10.29	14.261	10.4349999999995	0	0
7.22500000000036	3.31700000000001	7.15300000000025	0	0
8.15999999999985	6.51099999999997	8.88400000000001	0	0
8.33799999999974	7.596	8.44400000000041	0	0
6.94900000000052	3.00599999999986	7.00700000000052	0	0
10.9540000000006	13.1410000000001	9.36099999999988	0	0
9.70700000000033	9.78300000000036	10.1269999999995	0	0
16.768	21.2420000000002	16.076	0	0
9.89099999999962	14.0969999999998	10.0129999999999	0	0
9.00799999999981	11.5560000000005	9.12700000000041	0	0
7.63000000000011	5.77400000000034	7.98300000000017	0	0
6.76499999999942	2.69999999999982	6.6909999999998	0	0
8.03999999999996	6.66200000000026	7.22900000000027	0	0
9.63400000000001	12.5200000000004	9.69200000000001	0	0
7.40200000000004	5.60500000000047	8.13599999999951	0	0
9.17199999999957	8.66899999999987	8.17699999999968	0	0
8.47299999999996	7.32600000000002	7.76100000000042	0	0
7.77899999999954	6.50300000000061	7.91399999999976	0	0
12.2040000000006	17.6570000000002	10.9559999999992	0	0
6.86999999999989	5.31099999999969	7.57700000000023	0	0
6.95499999999993	3.5639999999994	7.15599999999995	0	0
8.8139999999994	7.84000000000015	9.10599999999977	0	0
6.8739999999998	1.84499999999935	7.00399999999991	0	0
6.03200000000015	2.39599999999973	6.16299999999956	0	0
7.64499999999953	3.47500000000036	7.90100000000075	0	0
9.73800000000028	12.5749999999998	10.7340000000004	0	0
14.1120000000001	9.65799999999945	13.5360000000001	0	0
10.7910000000002	21.1309999999994	10.8209999999999	0	0
7.03700000000026	5.20399999999972	7.20299999999952	0	0
12.7290000000003	10.9539999999997	12.3829999999998	0	0
7.83199999999943	5.83100000000013	7.09900000000016	0	0
7.19000000000051	4.14200000000073	7.59799999999996	0	0
6.28200000000015	0.96100000000024	6.37299999999959	0	0
6.51499999999942	1.22699999999986	6.57600000000002	0	0
7.97000000000025	6.74299999999948	8.85499999999956	0	0
8.21400000000085	6.98599999999988	8.36200000000008	0	0
7.64399999999932	5.29600000000028	7.92699999999968	0	0
9.25900000000001	10.5749999999998	8.85499999999956	0	0
10.0789999999997	12.3119999999999	8.69399999999951	0	0
7.8730000000005	7.25699999999961	8.25	0	0
9.90999999999985	9.8119999999999	9.21099999999933	0	0
9.39699999999993	12.7079999999996	9.63599999999951	0	0
9.35500000000047	12.7389999999996	8.63500000000022	0	0
8.16300000000047	7.29199999999946	8.54399999999987	0	0
9.27900000000045	11.415	9.35699999999997	0	0
6.83700000000044	2.25500000000011	7.46199999999953	0	0
7	2.76499999999942	6.46500000000015	0	0
6.94599999999991	5.01400000000012	6.6909999999998	0	0
8.63400000000001	10.741	8.66300000000047	0	0
11.0660000000007	16.0460000000003	10.0900000000001	0	0
8.92100000000028	11.0129999999999	9.6230000000005	0	0
8.25399999999991	6.34600000000046	8.54600000000028	0	0
8.85699999999997	8.71800000000076	9.19399999999951	0	0
6.61700000000019	3.13500000000022	7.56700000000001	0	0
7.3090000000002	4.68199999999979	7.75699999999961	0	0
9.76699999999983	11.1540000000005	9.61399999999958	0	0
9.4369999999999	9.38000000000011	9.03099999999995	0	0
6.95699999999943	6.36200000000008	6.87299999999959	0	0
13.1319999999996	10.6409999999996	12.5160000000005	0	0
9.16200000000026	8.56999999999971	8.51900000000023	0	0
8.77599999999984	8.92699999999968	9.30099999999948	0	0
6.56600000000071	2.19200000000001	6.94200000000001	0	0
7.35900000000038	3.58599999999933	6.75	0	0
7.26900000000023	3.93599999999969	7.78400000000056	0	0
8.88499999999931	8.63600000000042	9.27000000000044	0	0
8.15000000000055	5.31800000000021	7.94200000000001	0	0
8.85800000000017	8.56899999999951	8.76100000000042	0	0
7.15599999999995	4.79500000000007	7.91100000000006	0	0
8.95499999999993	10.5149999999994	9.33500000000004	0	0
11.2549999999992	17.0630000000001	10.3940000000002	0	0
7.37299999999959	5.1220000000003	7.31900000000041	0	0
7.9399999999996	5.15400000000045	7.43199999999979	0	0
6.83300000000054	1.57300000000032	6.66199999999935	0	0
7.32200000000012	6.66099999999915	6.92100000000028	0	0
8.51000000000022	6.75099999999929	8.14400000000023	0	0
9.57200000000012	12.3289999999997	9.61599999999999	0	0
8.13299999999981	8.0029999999997	7.28199999999924	0	0
9.94900000000052	11.2750000000005	10.0150000000003	0	0
8.86899999999969	8.96000000000004	8.84700000000066	0	0
9.39800000000014	11.3270000000002	8.95700000000033	0	0
7.05799999999999	4.66100000000006	7.14199999999983	0	0
9.01299999999992	11.174	9.05699999999979	0	0
8.44700000000012	8.82700000000023	9.10099999999966	0	0
7.91599999999926	6.82200000000012	8.00700000000052	0	0
8.65400000000045	9.39199999999983	9.15099999999984	0	0
9.75399999999991	11.1059999999998	9.20400000000063	0	0
7.64000000000033	5.3739999999998	6.66100000000006	0	0
8.23000000000047	3.53300000000036	6.74000000000069	0	0
11.2709999999997	16.3450000000003	10.7160000000003	0	0
7.02800000000025	2.65599999999995	7.14999999999964	0	0
7.68299999999999	4.82899999999972	7.91100000000006	0	0
7.91200000000026	6.89399999999932	8.09800000000087	0	0
7.71399999999994	5.15400000000045	7.52900000000045	0	0
7.15399999999954	3.9340000000002	7.42599999999948	0	0
6.90900000000056	5.54299999999967	7.4399999999996	0	0
11.1379999999999	17.3810000000003	9.90799999999945	0	0
8.66699999999946	6.80199999999968	8.59400000000005	0	0
7.59099999999944	4.76099999999951	6.68900000000031	0	0
13.2370000000001	21.7200000000003	10.866	0	0
7.21000000000004	4.40599999999995	6.78600000000006	0	0
6.54500000000007	2.1869999999999	6.72800000000007	0	0
6.75	3.30600000000049	6.86899999999969	0	0
8.13400000000001	7.48900000000049	8.22500000000036	0	0
6.09699999999975	1.90200000000004	6.65099999999984	0	0
7.63799999999992	2.36500000000069	7.60300000000007	0	0
7.40800000000036	1.60699999999997	6.91899999999987	0	0
11.9449999999997	6.06700000000001	11.1869999999999	0	0
9.28600000000006	11.2780000000002	9.60500000000047	0	0
6.52300000000014	1.46199999999953	7.03999999999996	0	0
6.68700000000081	2.72400000000016	6.88799999999992	0	0
8.9399999999996	9.54399999999987	8.51400000000012	0	0
8.64999999999964	8.31999999999971	8.80299999999988	0	0
6.77000000000044	2.4940000000006	6.50900000000001	0	0
7.39400000000023	6.62400000000071	7.33500000000004	0	0
6.27800000000025	1.29799999999977	6.4369999999999	0	0
6.40599999999995	0.537000000000262	6.4409999999998	0	0
6.89300000000003	2.71200000000044	7.20799999999963	0	0
6.40599999999995	1.73300000000017	6.50300000000061	0	0
8.19400000000041	7.78099999999995	8.32499999999982	0	0
7.46000000000004	5.61700000000019	7.4369999999999	0	0
8.57499999999982	8.15799999999945	7.97299999999996	0	0
13.4369999999999	11.0919999999996	14.4699999999993	0	0
6.89599999999973	3.35899999999947	7.26000000000022	0	0
8.38200000000052	7.04899999999998	7.85699999999997	0	0
12.4659999999994	18.848	10.8429999999998	0	0
9.23300000000017	8.8769999999995	8.14400000000023	0	0
10.049	12.5290000000005	9.63599999999951	0	0
7.21700000000055	2.52700000000004	7.20200000000023	0	0
7.91200000000026	7.07200000000012	7.82399999999961	0	0
8.24600000000009	9.58699999999953	7.48500000000058	0	0
8.01499999999942	4.17699999999968	8.20200000000023	0	0
9.52199999999993	11.5079999999998	8.63900000000012	0	0
8.42299999999977	8.6260000000002	6.875	0	0
9.11099999999988	9.68100000000049	8.73700000000008	0	0
6.65500000000065	3.21299999999974	6.82800000000043	0	0
7.10800000000017	2.69899999999961	6.96699999999964	0	0
7.58900000000085	5.52000000000044	7.79200000000037	0	0
10.5940000000001	13.3090000000002	9.30100000000039	0	0
6.94999999999982	5.3720000000003	6.34500000000025	0	0
8.57200000000012	11.0429999999997	8.54899999999998	0	0
13.848	20.1080000000002	9.8779999999997	0	0
9.04499999999916	8.99200000000019	8.39400000000023	0	0
7.8769999999995	5.87299999999959	7.73199999999997	0	0
13.2749999999996	11.9359999999997	14.0430000000006	0	0
8.46399999999994	8.52599999999984	9.04500000000007	0	0
10.1610000000001	10.5369999999994	9.91499999999996	0	0
9.83100000000013	10.6760000000004	9.64900000000034	0	0
15.5079999999998	26.616	12.6009999999997	0	0
11.5420000000004	16.4340000000002	9.26599999999962	0	0
7.54099999999926	5.7489999999998	7.48399999999947	0	0
7.69800000000032	6.13200000000052	8.2470000000003	0	0
6.89500000000044	1.64800000000014	7.08600000000024	0	0
6.61099999999988	1.48700000000008	6.57499999999982	0	0
12.1940000000004	17.1329999999998	12.7079999999996	0	0
8.12700000000041	8.77800000000025	8.88599999999951	0	0
6.6220000000003	2.86700000000019	6.66799999999967	0	0
10.2969999999996	12.5119999999997	9.04500000000007	0	0
6.92799999999988	3.15200000000004	6.54100000000017	0	0
8.0639999999994	6.96199999999953	7.65499999999975	0	0
9.18299999999999	10.5300000000007	8.44800000000032	0	0
7.60899999999947	6.16399999999976	8.02700000000004	0	0
7.23000000000047	2.24199999999928	7.58399999999983	0	0
7.35599999999977	4.00099999999929	7.03800000000047	0	0
7.30599999999959	3.63400000000001	7.69899999999961	0	0
7.71600000000035	5.08699999999953	7.14399999999932	0	0
8.84799999999996	11.241	9.51499999999942	0	0
8.9340000000002	11.0450000000001	9.00899999999911	0	0
10.1940000000004	12.3879999999999	9.4970000000003	0	0
12.8249999999998	19.4279999999999	9.65499999999975	0	0
7.17799999999988	5.96399999999994	7.89000000000033	0	0
7.83500000000004	1.80600000000049	8.1260000000002	0	0
6.63700000000063	2.875	6.69399999999951	0	0
7.76900000000023	4.0059999999994	8.09999999999945	0	0
7.35000000000036	5.29699999999957	7.22900000000027	0	0
12.0479999999998	18.1559999999999	9.56999999999971	0	0
9.06099999999969	9.32300000000032	9.39499999999953	0	0
7.03799999999956	2.3090000000002	6.55400000000009	0	0
7.11700000000019	4.79399999999987	6.59299999999985	0	0
6.57299999999941	0.805000000000291	6.1260000000002	0	0
8.40300000000025	6.26599999999962	8.01400000000012	0	0
12.4189999999999	5.40899999999965	12.3729999999996	0	0
6.42000000000007	3.45600000000013	6.59299999999985	0	0
8.27199999999993	8.58899999999994	8.64199999999983	0	0
7.46799999999985	6.60699999999997	7.77199999999993	0	0
6.36899999999969	1.83999999999924	6.63199999999961	0	0
9.73199999999997	13.1170000000002	9.6260000000002	0	0
13.75	20.0210000000006	12.1690000000008	0	0
13.1289999999999	13.1779999999999	13.9890000000005	0	0
7.82399999999961	5.01200000000063	7.32499999999982	0	0
6.20299999999952	3.24300000000039	6.46200000000044	0	0
8.59100000000035	7.6909999999998	8.46200000000044	0	0
7.3739999999998	6.19200000000001	7.27099999999973	0	0
8.47700000000077	13.549	8.25300000000061	0	0
11.8289999999997	17.152	10.4830000000002	0	0
6.59699999999975	3.40800000000036	6.55500000000029	0	0
9.65700000000106	14.3819999999996	9.34400000000096	0	0
6.35900000000038	2.11899999999969	6.41700000000128	0	0
6.86599999999999	4.04899999999998	7.4419999999991	0	0
6.96799999999894	1.64999999999964	6.47299999999996	0	0
7.23800000000119	3.29100000000017	7.53199999999924	0	0
6.26300000000083	2.11800000000039	6.17000000000007	0	0
6.57099999999991	2.48100000000068	7.17799999999988	0	0
7.51599999999962	1.88900000000012	7.12799999999879	0	0
7.86000000000058	5.71600000000035	7.72999999999956	0	0
6.64099999999962	1.52300000000014	6.6359999999986	0	0
6.64700000000084	2.09000000000015	6.60300000000097	0	0
7.27100000000064	4.71100000000024	6.8119999999999	0	0
6.85699999999997	2.98799999999937	6.7559999999994	0	0
7.66899999999987	6.43099999999959	8.63000000000102	0	0
8.28799999999865	8.77499999999964	8.65699999999924	0	0
12.8450000000012	8.98399999999947	11.9290000000001	0	0
6.94100000000071	5.77300000000014	7.24200000000019	0	0
7.72299999999996	5.09000000000015	7.83899999999994	0	0
6.76100000000042	2.10599999999977	7.10500000000138	0	0
10.7960000000003	15.1840000000002	9.10100000000057	0	0
13.6819999999989	21.4540000000006	11.8209999999999	0	0
7.45999999999913	6.70100000000002	8.54599999999846	0	0
7.36999999999898	6.67000000000007	7.10900000000038	0	0
6.73300000000017	2.10099999999966	6.88699999999881	0	0
11.2649999999994	15.1759999999995	10.5150000000012	0	0
6.86599999999999	2.75699999999961	7.09400000000096	0	0
7.72100000000137	5.87299999999959	8.34499999999935	0	0
6.93899999999849	5.71799999999985	7.23400000000038	0	0
7.91699999999946	7.30999999999949	7.64999999999964	0	0
6.52599999999984	4.13500000000022	6.80900000000111	0	0
6.6880000000001	2.92900000000009	7.35100000000057	0	0
7.72099999999955	4.89599999999973	7.82300000000032	0	0
9.7440000000006	9.82600000000002	9.09399999999914	0	0
12.2080000000005	16.598	9.32600000000093	0	0
6.39399999999841	1.24099999999999	6.21599999999853	0	0
7.25799999999981	5.75699999999961	7.60699999999997	0	0
6.92100000000028	5.8090000000002	7.2559999999994	0	0
9.26000000000022	11.1180000000004	8.3169999999991	0	0
10.4879999999994	12.6089999999995	11.0499999999993	0	0
9.06899999999951	11.6400000000003	8.29800000000068	0	0
7.53800000000047	8.13199999999961	8.2489999999998	0	0
7.30199999999968	4.15800000000036	7.33600000000115	0	0
10.2160000000003	15.0259999999998	10.0849999999991	0	0
10.7620000000006	15.4459999999999	9.95399999999972	0	0
10.4929999999986	13.6230000000005	9.85599999999977	0	0
7.63999999999942	5.20200000000023	6.75300000000061	0	0
6.80699999999888	3.07600000000002	6.84499999999935	0	0
7.65300000000025	5.45799999999963	7.6780000000017	0	0
10.3310000000001	13.692	9.14399999999841	0	0
8.82200000000012	11.8510000000006	9.60299999999916	0	0
8.57899999999972	8.59899999999925	8.12299999999959	0	0
7.71999999999935	4.58600000000024	7.08000000000175	0	0
14.8230000000003	15.3740000000007	14.3599999999988	0	0
8.81400000000031	7.71799999999985	8.31700000000092	0	0
7.36599999999999	4.10999999999967	7.62800000000061	0	0
7.70799999999872	3.54399999999987	8.1190000000006	0	0
12.2999999999993	19.4210000000003	10.2029999999995	0	0
10.5660000000007	12.4969999999994	10.5419999999995	0	0
8.76100000000042	7.78999999999996	7.71800000000076	0	0
13.0020000000004	18.3609999999999	9.98400000000038	0	0
6.39899999999943	4.19800000000032	7.35399999999936	0	0
9.35999999999876	8.42900000000009	8.82600000000093	0	0
6.99699999999939	5.03600000000006	7.40399999999863	0	0
8.05500000000029	7.49200000000019	7.78099999999904	0	0
9.77299999999923	11.7300000000005	8.40999999999985	0	0
7.26000000000022	7.10999999999876	7.54600000000028	0	0
8.4469999999983	9.00799999999981	7.63699999999881	0	0
7.27499999999964	3.94700000000012	8	0	0
7.47800000000097	4.63899999999921	7.32700000000114	0	0
8.8130000000001	9.55000000000109	9.02900000000045	0	0
6.59799999999996	2.78399999999965	7.02800000000025	0	0
8.02700000000004	8.67400000000089	8.9419999999991	0	0
9.60900000000038	12.6410000000014	9.87099999999919	0	0
7.1309999999994	5.47899999999936	7.46999999999935	0	0
8.32999999999993	8.00300000000061	8.76200000000063	0	0
7.19800000000032	5.6140000000014	6.43599999999969	0	0
9.15600000000086	8.6929999999993	9.42499999999927	0	0
8.56600000000071	9.99800000000141	8.72999999999956	0	0
7.83200000000033	7.14700000000084	7.871000000001	0	0
8.91700000000128	10.3060000000005	9.621000000001	0	0
7.07800000000134	2.20199999999932	6.91400000000067	0	0
8.59499999999935	7.06900000000132	8.01900000000023	0	0
20.5879999999997	25.4359999999997	17.1989999999987	0	0
10.5750000000007	15.3099999999995	9.52900000000045	0	0
7.17699999999968	4.55600000000049	7.64999999999964	0	0
7.9380000000001	6.70400000000154	8.25799999999981	0	0
7.89699999999903	6.996000000001	7.53000000000065	0	0
8.94499999999971	8.57899999999972	8.39500000000044	0	0
6.53000000000065	3.87699999999859	7.31900000000132	0	0
9.04600000000028	9.89000000000124	8.77700000000004	0	0
10.1329999999998	12.2929999999997	9.67100000000028	0	0
6.2559999999994	1.96500000000015	6.5580000000009	0	0
6.76699999999983	1.86200000000099	6.50300000000061	0	0
7.14799999999923	5.97099999999955	6.56099999999969	0	0
8.76599999999962	7.7559999999994	8.59000000000015	0	0
8.25799999999981	8.08299999999872	8.64500000000044	0	0
10.7849999999999	13.8449999999993	8.54000000000087	0	0
7.41399999999885	5.8739999999998	7.65899999999965	0	0
7.02599999999984	6.13900000000103	7.45699999999852	0	0
6.90399999999863	3.42599999999948	7.17300000000068	0	0
9.57899999999972	12.3899999999994	8.82799999999952	0	0
10.3099999999995	15.6569999999992	10.4490000000005	0	0
7.07699999999932	2.67299999999886	6.79700000000048	0	0
8.76800000000003	11.6940000000013	9.44999999999891	0	0
8.02100000000064	7.95700000000033	8.00200000000041	0	0
7.96899999999914	5.91299999999865	7.55199999999968	0	0
8.03000000000065	6.43600000000151	8.35399999999936	0	0
10.8809999999994	16.0869999999995	9.78800000000047	0	0
7.29000000000087	6.26200000000063	7.43499999999949	0	0
10.5720000000001	13.5859999999993	9.35000000000036	0	0
10.0919999999987	14.119999999999	10.4000000000015	0	0
8.31599999999889	7.44999999999891	8.36899999999878	0	0
7.39899999999943	3.81999999999971	7.51900000000023	0	0
6.89400000000023	3.98599999999897	7.34099999999853	0	0
6.60200000000077	2.77599999999984	7.01699999999983	0	0
10.9260000000013	16.5619999999999	10.7700000000004	0	0
8.30699999999888	9.42699999999968	8.82099999999991	0	0
10.5280000000002	13.4850000000006	10.8880000000008	0	0
7.34399999999914	3.73600000000079	7.88800000000083	0	0
8.0580000000009	7.19599999999991	8.20299999999952	0	0
9.05400000000009	11.0630000000001	9.41799999999967	0	0
7.50699999999961	4.62900000000081	7.52800000000025	0	0
8.9950000000008	11.6049999999996	9.36799999999857	0	0
7.875	6.11599999999999	7.95399999999972	0	0
8.01900000000023	4.71200000000135	7.88500000000022	0	0
10.1909999999989	13.259	10.116	0	0
14.4890000000014	14.8689999999988	13.5810000000001	0	0
7.98599999999897	5.40300000000025	7.2450000000008	0	0
7.57099999999991	1.90200000000004	6.41100000000006	0	0
7.78899999999885	10.3179999999993	8.08699999999953	0	0
9.56099999999969	11.5599999999995	9.52300000000105	0	0
7.48999999999978	6.18100000000049	7.33699999999953	0	0
7.50200000000041	4.63800000000083	7.61899999999878	0	0
9.98700000000099	10.3719999999994	9.05400000000009	0	0
8.43599999999969	6.44100000000071	8.01499999999942	0	0
6.69100000000071	3.40699999999924	7.02700000000004	0	0
6.84599999999955	4.1820000000007	7.58799999999974	0	0
6.59799999999996	2.4260000000013	6.02900000000045	0	0
7.98999999999978	5.19900000000052	8.14700000000084	0	0
10.1090000000004	13.5920000000006	9.8859999999986	0	0
9.19700000000012	13.5799999999999	9.00799999999981	0	0
9.65400000000045	12.3369999999995	9.44400000000132	0	0
6.98999999999978	3.42400000000089	7.10100000000057	0	0
7.64400000000023	4.65700000000106	6.80999999999949	0	0
6.61599999999999	2.88299999999981	6.76900000000023	0	0
9.15900000000147	10.4119999999984	8.47400000000016	0	0
7.15799999999945	5.53800000000047	7.51100000000042	0	0
7.53200000000106	6.61000000000058	8.58699999999953	0	0
8.27100000000064	7.05400000000009	7.7410000000018	0	0
10.2029999999995	12.6260000000002	7.71100000000115	0	0
12.1649999999991	18.7199999999993	10.6260000000002	0	0
7.56500000000051	7.88600000000042	8.48199999999997	0	0
6.51900000000023	3.53200000000106	7.40499999999884	0	0
11.6460000000006	17.7049999999999	9.51900000000023	0	0
8.53600000000006	9.43499999999949	8.4380000000001	0	0
7.85000000000036	4.75	6.55500000000029	0	0
9.02700000000004	9.39800000000105	9.17100000000028	0	0
7.39099999999962	1.48399999999856	7.37700000000041	0	0
13.3499999999985	10.7609999999986	12.3080000000009	0	0
8.65300000000025	8.39100000000144	7.61399999999958	0	0
8.01900000000023	6.41699999999946	8.01100000000042	0	0
6.68400000000111	1.63600000000042	6.76100000000042	0	0
7.90600000000086	6.01200000000063	7.73700000000099	0	0
9.5010000000002	11.2100000000009	9.78800000000047	0	0
7.41499999999905	2.65299999999843	8.24300000000039	0	0
6.96099999999933	1.21099999999933	7.08499999999913	0	0
6.38100000000122	1.85100000000057	6.86499999999978	0	0
7.31999999999971	2.83899999999994	6.45000000000073	0	0
11.8359999999993	16.6110000000008	11.4369999999999	0	0
7.3739999999998	2.70200000000114	7.55299999999988	0	0
7.86399999999958	3.86399999999958	7.34099999999853	0	0
8.62699999999859	8.49900000000162	8.17400000000089	0	0
7.54999999999927	2.61499999999978	7.15999999999985	0	0
7.97899999999936	6.03000000000065	7.82700000000114	0	0
9.63799999999901	11.634	9.45700000000033	0	0
9.35500000000138	10.7109999999993	8.54299999999967	0	0
9.97899999999936	14.9580000000005	8.6309999999994	0	0
15.1399999999994	23.3910000000014	12.1890000000003	0	0
7.43000000000029	5.14999999999964	7.95600000000013	0	0
6.83300000000054	3.65600000000086	7.26000000000022	0	0
7.9489999999987	6.89999999999964	7.71999999999935	0	0
7.83100000000013	7.99399999999878	8.47299999999996	0	0
15.2139999999999	23.8870000000006	11.1179999999986	0	0
12.1610000000001	21.3449999999993	11.4850000000006	0	0
12.4149999999991	19.6990000000005	10.9629999999997	0	0
11.9279999999999	18.2600000000002	10.4570000000003	0	0
7.12799999999879	3.24200000000019	7.07799999999952	0	0
6.57700000000114	2.69599999999991	7.09000000000015	0	0
11.741	4.35399999999936	11.2939999999999	0	0
8.34999999999854	8.27400000000125	8.61099999999897	0	0
6.64499999999862	1.96299999999974	6.44000000000051	0	0
6.54299999999967	1.11499999999978	6.39500000000044	0	0
6.99399999999878	4.23400000000038	7.39300000000003	0	0
7.17999999999847	5.36200000000099	7.29700000000048	0	0
8.02300000000105	4.77000000000044	7.79900000000089	0	0
8.41100000000006	11.6270000000004	8.41600000000108	0	0
8.46800000000076	10.1779999999999	8.15500000000065	0	0
7.33500000000095	4.74099999999999	7.39400000000023	0	0
6.92400000000089	4.74799999999959	7.41400000000067	0	0
9.0619999999999	10.7070000000003	8.82200000000012	0	0
12.8549999999996	23.021999999999	11.3130000000001	0	0
8.79700000000048	10.4380000000001	8.63000000000102	0	0
9.34599999999955	12.9149999999991	9.73599999999897	0	0
8.07200000000012	8.65699999999924	8.90799999999945	0	0
10.5920000000006	14.7200000000012	9.94900000000052	0	0
8.9330000000009	9.76800000000003	7.99200000000019	0	0
6.42599999999948	2.44100000000071	6.47199999999975	0	0
14.4200000000001	13.6679999999997	14.2669999999998	0	0
9.11700000000019	8.52400000000125	9.32099999999991	0	0
8.77399999999943	10.3909999999996	9.50799999999981	0	0
10.3429999999989	12.6959999999999	9.65400000000045	0	0
8.82799999999952	8.72800000000097	8.64400000000023	0	0
9.65999999999985	9.88400000000001	8.15899999999965	0	0
7.13400000000001	4.17300000000068	7.21800000000076	0	0
6.12800000000061	4.88199999999961	6.61499999999978	0	0
9.55299999999988	12.9030000000002	8.85800000000017	0	0
6.97500000000036	3.93000000000029	7.92799999999988	0	0
10.3430000000008	12.094000000001	9.83799999999974	0	0
10.0389999999989	13.094000000001	10.264000000001	0	0
12.0900000000001	19.0810000000001	9.60200000000077	0	0
10.4539999999997	15.5659999999989	9.97899999999936	0	0
8.3809999999994	8.9320000000007	8.27799999999843	0	0
6.92399999999907	4.9890000000014	7.62300000000141	0	0
6.49599999999919	2.97099999999955	7.08199999999852	0	0
8.37199999999939	6.09900000000016	7.18000000000029	0	0
6.62700000000041	4.13100000000122	7.33699999999953	0	0
7.69499999999971	7.30900000000111	9.01000000000022	0	0
7.48099999999977	3.97500000000036	7.42399999999907	0	0
8.71300000000156	7.40600000000086	8.2549999999992	0	0
7.54899999999907	6.49200000000019	6.50200000000041	0	0
7.91100000000006	4.84900000000016	8.54199999999946	0	0
9.17799999999988	10.4120000000003	9.81200000000172	0	0
11.5060000000012	3.39699999999903	11.3310000000001	0	0
7.66699999999946	6.44999999999891	7.97600000000057	0	0
6.65599999999904	2.45600000000013	6.41299999999865	0	0
8.88900000000103	11.8310000000001	7.81700000000092	0	0
7.78299999999945	8.32899999999972	8.12900000000081	0	0
11.1280000000006	12.6459999999988	9.89199999999983	0	0
6.96299999999974	3.02900000000045	7.02700000000004	0	0
6.85800000000017	2.8640000000014	6.95199999999932	0	0
7.13299999999981	5.4419999999991	7.20600000000013	0	0
17.6649999999991	26.5709999999999	16.5720000000001	0	0
11.1260000000002	16.0339999999997	10.2209999999995	0	0
9.84100000000035	13.1540000000005	9.94999999999891	0	0
7.32200000000012	7.63199999999961	7.06100000000151	0	0
6.87299999999959	0.418999999999869	6.4320000000007	0	0
6.81999999999971	3.05600000000049	7.42900000000009	0	0
7.67599999999948	3.34199999999873	8.11899999999878	0	0
7.90500000000065	4.6309999999994	7.30199999999968	0	0
7.5059999999994	3.41899999999987	7.96999999999935	0	0
12.2700000000004	5.47100000000137	12.4279999999999	0	0
6.38699999999881	1.57500000000073	6.50799999999981	0	0
9.36999999999898	13.6049999999996	9.72399999999834	0	0
7.13000000000102	3.53199999999924	7.27800000000025	0	0
10.7070000000003	14.8339999999989	10.737000000001	0	0
7.35300000000097	2.39799999999923	7.76400000000103	0	0
6.78700000000026	3.77599999999984	7.6309999999994	0	0
9.34100000000035	11.3110000000015	8.94800000000032	0	0
9.80900000000111	9.93900000000031	9.45699999999852	0	0
11.5319999999992	19.2030000000013	11.0720000000001	0	0
9.53900000000067	11.0680000000011	8.26800000000003	0	0
8.32999999999993	9.92599999999948	9.18900000000031	0	0
7.68000000000029	3.90299999999843	8.44399999999951	0	0
7.8169999999991	6.20700000000033	7.93499999999949	0	0
7.90599999999904	8.80600000000049	8.50900000000001	0	0
7.36200000000099	2.43199999999888	7.71099999999933	0	0
6.7450000000008	2.29500000000007	6.82200000000012	0	0
10.1739999999991	12.2979999999989	9.69999999999891	0	0
7.27200000000084	5.55899999999929	6.80699999999888	0	0
6.5010000000002	2.00300000000061	6.39999999999964	0	0
6.54500000000007	2.99299999999857	6.79699999999866	0	0
7.55799999999908	6.60399999999936	7.63799999999901	0	0
10.878999999999	16.1850000000013	9.47700000000077	0	0
7.59100000000035	4.66500000000087	7.60399999999936	0	0
6.95099999999911	2.98099999999977	7.35400000000118	0	0
7.03499999999985	5.02700000000004	8.09799999999996	0	0
10.4259999999995	14.0040000000008	10.5170000000016	0	0
7.54999999999927	5.58599999999933	7.72800000000097	0	0
6.5619999999999	2.80199999999968	6.57200000000012	0	0
6.85399999999936	2.35599999999977	6.72099999999955	0	0
8.86200000000099	11.6530000000002	9.05199999999968	0	0
8.94900000000052	7.65499999999884	8.26000000000022	0	0
9.85200000000077	10.9299999999985	8.62800000000061	0	0
8.30400000000009	8.62799999999879	8.76899999999841	0	0
8.17100000000028	6.22699999999895	8.29800000000068	0	0
9.81600000000071	12.0669999999991	10.8639999999996	0	0
6.61000000000058	3.76800000000003	7.04600000000028	0	0
9.15500000000065	11.9429999999993	9.27900000000045	0	0
7.36200000000099	4.11399999999958	7.04399999999987	0	0
7.32500000000073	6.49300000000039	7.38400000000001	0	0
7.22799999999916	4.5630000000001	7.625	0	0
9.59600000000137	11.8349999999991	10.112000000001	0	0
12.6999999999989	19.1580000000013	10.7890000000007	0	0
15.228000000001	24.9009999999998	12.7279999999992	0	0
8.3650000000016	6.07799999999952	8.08200000000033	0	0
15.4610000000011	16.3420000000006	14.4830000000002	0	0
7.02299999999923	1.92300000000068	6.58400000000074	0	0
8.67599999999948	8.53600000000006	7.97299999999996	0	0
7.87200000000121	4.80400000000009	8.33399999999892	0	0
8.3690000000006	8.7489999999998	8.6869999999999	0	0
6.95700000000033	4.51900000000023	7.62700000000041	0	0
8.46899999999914	3.64699999999903	8.76100000000042	0	0
6.1760000000013	1.57200000000012	6.14700000000084	0	0
7.46800000000076	3.12299999999959	6.80999999999949	0	0
10.9169999999995	16.3760000000002	9.79999999999927	0	0
7.62199999999939	7.82400000000052	7.01800000000003	0	0
9.72700000000077	9.73999999999978	9.63500000000022	0	0
8.20000000000073	8.98300000000017	9.07300000000032	0	0
11.8329999999987	3.87199999999939	11.6050000000014	0	0
6.70600000000013	1.05900000000111	6.82400000000052	0	0
7.73000000000138	5.80600000000049	7.1299999999992	0	0
8.26599999999962	7.36199999999917	8.20499999999993	0	0
7.12799999999879	4.76000000000022	7.871000000001	0	0
7.44999999999891	4.03299999999945	6.85800000000017	0	0
7.41700000000128	8.26900000000023	8.48500000000058	0	0
7.62199999999939	4.72000000000116	8.07799999999952	0	0
6.26000000000022	1.91100000000006	6.6929999999993	0	0
7.15600000000086	3.36800000000039	7.40399999999863	0	0
8.89300000000003	7.89199999999983	6.95400000000154	0	0
11.7110000000011	17.1630000000005	10.7080000000005	0	0
10.2860000000001	13.1509999999998	10.3359999999993	0	0
10.9830000000002	4.03700000000026	11.5349999999999	0	0
7.47199999999975	7.56999999999971	7.48400000000038	0	0
9.21399999999994	9.15400000000045	8.77100000000064	0	0
6.75	2.89000000000124	6.61999999999898	0	0
6.9429999999993	3.07300000000032	7.07899999999972	0	0
7.27199999999903	3.53299999999945	7.36399999999958	0	0
7.09999999999854	4.05899999999929	6.92300000000068	0	0
17.3670000000002	22.6239999999998	15.5460000000003	0	0
7.73899999999958	6.53700000000026	7.23499999999876	0	0
6.46100000000115	2.45399999999972	6.40499999999884	0	0
8.05599999999868	6.58499999999913	7.92000000000007	0	0
9.99200000000019	11.8240000000005	9.628999999999	0	0
7.02700000000004	3.33200000000033	7.08399999999892	0	0
6.98199999999997	2.29199999999946	7.04200000000128	0	0
7.13900000000103	3.02800000000025	7.60000000000036	0	0
6.71299999999974	2.1349999999984	6.59500000000116	0	0
7.51899999999841	6.16300000000047	7.35999999999876	0	0
8.71200000000135	8.52499999999964	8.70700000000033	0	0
8.0669999999991	4.90899999999965	8.61300000000119	0	0
8.70800000000054	9.11800000000039	8.49499999999898	0	0
8.71500000000015	3.69499999999971	9.03700000000026	0	0
7.04500000000007	7.71500000000015	7.76400000000103	0	0
9.06099999999969	11.875	8.82300000000032	0	0
7.41200000000026	6.25	7.27999999999884	0	0
9.38400000000001	9.81599999999889	9.42900000000009	0	0
7.81899999999951	3.20600000000013	8.27700000000004	0	0
6.73300000000017	3.13600000000042	7.625	0	0
6.83899999999994	1.45599999999831	7.04800000000068	0	0
10.6329999999998	14.4200000000001	9.24099999999999	0	0
9.14500000000044	10.4359999999997	9.6239999999998	0	0
7.31400000000031	4.15899999999965	7.21999999999935	0	0
9.64600000000064	10.8559999999998	8.99699999999939	0	0
8.09799999999996	9.36199999999917	8.81899999999951	0	0
8.70199999999932	9.45299999999952	9.58700000000135	0	0
8.12199999999939	7.28499999999985	8.8179999999993	0	0
8.73300000000017	11.8460000000014	9.16899999999987	0	0
7.96399999999994	5.91599999999926	7.23699999999917	0	0
13.7350000000006	12.2600000000002	13.8559999999998	0	0
8.30299999999988	6.74799999999959	8.86299999999937	0	0
6.70299999999952	3.11999999999898	6.61199999999917	0	0
6.90899999999965	4.35800000000017	6.28899999999885	0	0
8.83200000000033	11.1859999999997	9.39800000000105	0	0
8.93900000000031	12.119999999999	9.01299999999901	0	0
9.02800000000025	8.88799999999901	7.43899999999849	0	0
10.6620000000003	12.4499999999989	9.40099999999984	0	0
8.58899999999994	9.54399999999987	9.23700000000099	0	0
6.45100000000093	3.16400000000067	6.15299999999843	0	0
7.99499999999898	6.59400000000096	8.09799999999996	0	0
8.63999999999942	8.92799999999988	8.14499999999862	0	0
6.80400000000009	2.28600000000006	6.92500000000109	0	0
8.79700000000048	9.17000000000007	9.26199999999881	0	0
10.6419999999998	14.8439999999991	9.51599999999962	0	0
9.73899999999958	13.1270000000004	9.67000000000007	0	0
9.48300000000017	11.518	9.67699999999968	0	0
9.96100000000115	11.732	9.1200000000008	0	0
6.96800000000076	1.21799999999894	6.84399999999914	0	0
7.12200000000121	2.50200000000041	6.80600000000049	0	0
7.02800000000025	3.62799999999879	7.65000000000146	0	0
12.482	19.0770000000011	11.5949999999993	0	0
6.67300000000068	3.36200000000099	6.21100000000115	0	0
9.61800000000039	10.2470000000012	8.56500000000051	0	0
8.61599999999999	9.76500000000124	8.69100000000071	0	0
7.80899999999929	6.57200000000012	7.96600000000035	0	0
9.0619999999999	8.36899999999878	8.96700000000055	0	0
11.646999999999	15.0010000000002	10.6139999999996	0	0
8.14700000000084	6.40699999999924	7.70600000000013	0	0
13.3439999999991	20.8720000000012	11.2649999999994	0	0
7.95399999999972	8.39900000000125	8.12800000000061	0	0
13.3209999999999	7.65300000000025	14.5519999999997	0	0
7.54600000000028	5.47999999999956	7.59699999999975	0	0
12.7340000000004	19.7250000000004	9.09100000000035	0	0
8.39500000000044	7.06999999999971	8.11300000000119	0	0
9.05500000000029	8.89600000000064	9.54600000000028	0	0
14.8289999999997	16.8649999999998	15.0130000000008	0	0
13.3760000000002	7.92100000000028	13.969000000001	0	0
12.4290000000001	17.357	11.5019999999986	0	0
9.15099999999984	7.78499999999985	8.56900000000132	0	0
9.36700000000019	9.77099999999882	9.25900000000001	0	0
6.73099999999977	1.35899999999856	6.82899999999972	0	0
6.77399999999943	1.1299999999992	6.14100000000144	0	0
11.6690000000017	15.4809999999998	9.98500000000058	0	0
7.20000000000073	3.02499999999964	7.16700000000128	0	0
7.94999999999891	6.26400000000103	7.53099999999904	0	0
7.53600000000006	5.3080000000009	8.70800000000054	0	0
9.20600000000013	10.6359999999986	8.70499999999993	0	0
7.38700000000063	6.07999999999993	7.5520000000015	0	0
10.1650000000009	12.1610000000001	9.66699999999946	0	0
6.61700000000019	1.50699999999961	6.53200000000106	0	0
7.16199999999844	3.16699999999946	7.34400000000096	0	0
10.4609999999993	13.387999999999	9.75699999999961	0	0
10.7120000000014	17.0439999999999	10.530999999999	0	0
7.59100000000035	4.7510000000002	8.23300000000017	0	0
8.83899999999994	8.93599999999969	8.82600000000093	0	0
7.96900000000096	6.35499999999956	8.52200000000084	0	0
6.94599999999991	3.36599999999999	7.30400000000009	0	0
7.36499999999978	5.35299999999916	7.25799999999981	0	0
9.53899999999885	10.9230000000007	8.91400000000067	0	0
6.91699999999946	3.97400000000016	7.48099999999977	0	0
9.66300000000047	11.1230000000014	8.98999999999978	0	0
11.3990000000013	17.6219999999994	10.866	0	0
10.6509999999998	12.8999999999996	11.5070000000014	0	0
8.45699999999852	9.10099999999875	8.08899999999994	0	0
6.01699999999983	3.63500000000022	6.07099999999991	0	0
7.47599999999875	3.84500000000116	7.29799999999886	0	0
7.01599999999962	3.61800000000039	7.1260000000002	0	0
7.1140000000014	3.87299999999959	6.45300000000134	0	0
7.96900000000096	5.98600000000079	8.0570000000007	0	0
8.29199999999946	7.64199999999983	8.30400000000009	0	0
13.4150000000009	12.3019999999997	13.2159999999985	0	0
15.1579999999994	16.509	14.6459999999988	0	0
12.0829999999987	6.628999999999	12.3230000000003	0	0
9.14600000000064	12.9479999999985	8.54999999999927	0	0
8.28199999999924	7.77300000000105	8.12099999999919	0	0
6.81500000000233	1.67900000000009	6.7510000000002	0	0
6.64199999999983	3.55899999999929	7.08399999999892	0	0
7.09700000000157	4.41400000000067	7.05199999999968	0	0
9.76800000000003	8.89100000000144	9.55999999999949	0	0
8.51900000000023	8.20800000000054	8.67200000000048	0	0
7.44900000000052	7.1979999999985	7.62099999999919	0	0
6.36200000000099	1.16799999999967	6.26999999999862	0	0
7.11499999999796	2.5679999999993	7.42499999999927	0	0
6.37099999999919	2.55900000000111	6.42700000000332	0	0
9.9529999999977	9.58699999999953	9.22100000000137	0	0
8.93400000000111	10.2360000000008	9.47799999999916	0	0
7.83299999999872	5.56999999999971	8.1359999999986	0	0
13.5319999999992	20.2360000000008	10.8889999999992	0	0
11.8069999999971	20.5	10.0689999999995	0	0
13.6719999999987	23.2860000000001	11.6419999999998	0	0
10.1630000000005	13.9079999999994	9.69800000000032	0	0
8.04999999999927	5.86300000000119	8.74699999999939	0	0
7.54899999999907	5.09699999999975	7.74099999999817	0	0
7.5010000000002	2.34599999999955	7.88199999999779	0	0
6.59599999999773	1.71700000000055	6.45100000000093	0	0
6.3859999999986	0.9950000000008	6.40100000000166	0	0
15.0859999999993	18.2009999999991	14.6340000000018	0	0
8.05000000000291	6.04300000000148	8.64900000000125	0	0
7.44399999999951	3.21600000000035	7.45100000000093	0	0
7.14700000000084	2.33899999999994	6.82900000000154	0	0
7.90999999999985	3.19100000000071	7.40599999999904	0	0
7.20099999999729	4.09799999999996	7.71500000000015	0	0
8.04200000000128	6.17900000000009	8.72599999999875	0	0
9.59300000000076	12.8550000000014	9.21900000000096	0	0
21.5119999999988	33.6399999999994	18.1710000000021	0	0
10.4509999999973	13.5120000000006	8.40699999999924	0	0
7.39800000000105	3.91200000000026	7.46399999999994	0	0
6.90499999999884	0.305999999998676	6.48800000000119	0	0
11.4200000000019	15.7430000000004	10.1450000000004	0	0
10.5090000000018	16.9529999999995	10.1970000000001	0	0
13.619999999999	22.7829999999994	11.2530000000006	0	0
8.5109999999986	9.15100000000166	8.52400000000125	0	0
8.8080000000009	8.17799999999988	8.375	0	0
7.74099999999817	5.80299999999988	8.74399999999878	0	0
7.79399999999805	1.9950000000008	7.70899999999892	0	0
7.05099999999948	0.833000000000538	6.77400000000125	0	0
7.35699999999997	2.96600000000035	6.79100000000108	0	0
8.68899999999849	8.80500000000029	8.47799999999916	0	0
11.2830000000031	6.20600000000013	12.1709999999985	0	0
7.7029999999977	4.01500000000124	7.78999999999724	0	0
8.41900000000169	8.94499999999971	8.1160000000018	0	0
7.69000000000233	4.51400000000103	6.93099999999686	0	0
9.44499999999971	10.2129999999997	9.49400000000242	0	0
7.69700000000012	5.42300000000068	7.73300000000017	0	0
10.9579999999987	11.5299999999988	10.1219999999994	0	0
10.0479999999989	15.6829999999991	9.43999999999869	0	0
9.28199999999924	10.6790000000001	7.89400000000023	0	0
6.80600000000049	1.72199999999975	7.0580000000009	0	0
6.04000000000087	2.27100000000064	6.38600000000224	0	0
7.38899999999921	4.58300000000054	7.56299999999828	0	0
6.44399999999951	2.05400000000009	6.6830000000009	0	0
6.53700000000026	1.64799999999923	6.89600000000064	0	0
7.57599999999729	3.30400000000009	7.99300000000221	0	0
6.42799999999988	1.53900000000067	6.67500000000291	0	0
6.63999999999942	3.51100000000042	6.59899999999834	0	0
9.91600000000108	12.0320000000011	9.06300000000192	0	0
12.8469999999979	12.3459999999995	13.099000000002	0	0
6.85299999999916	2.89799999999923	6.9910000000018	0	0
7.69899999999689	7.55099999999948	8.14600000000064	0	0
8.3080000000009	7.05999999999949	8.07700000000114	0	0
8.46199999999953	7.87099999999919	7.82099999999991	0	0
9.5580000000009	8.39399999999841	9.26900000000023	0	0
9.93700000000172	10.3230000000003	10.0679999999993	0	0
7.62900000000081	5.35800000000017	8.07999999999811	0	0
12.2940000000017	19.9009999999998	12.1419999999998	0	0
7.13999999999942	2.41899999999987	7.32200000000012	0	0
8.8179999999993	9.29500000000007	9.40500000000247	0	0
7.26299999999901	4.82400000000052	7.06600000000253	0	0
6.81499999999869	1.04300000000148	6.54599999999846	0	0
6.77100000000064	2.80900000000111	6.8179999999993	0	0
6.35499999999956	0.936999999999898	6.28499999999985	0	0
7.91600000000108	4.74699999999939	7.32300000000032	0	0
8.58499999999913	8.60499999999956	8.19399999999951	0	0
6.39199999999983	1.41300000000047	6.61000000000058	0	0
11.1759999999995	4.45499999999993	11.6730000000025	0	0
8.08599999999933	5.54299999999967	7.40599999999904	0	0
6.26199999999881	1.67100000000028	6.44499999999971	0	0
6.68100000000049	4.02700000000004	6.51499999999942	0	0
8.59799999999814	8.01400000000103	8.8849999999984	0	0
7.46199999999953	2.28200000000106	7.32200000000012	0	0
7.64099999999962	5.52700000000004	7.77999999999884	0	0
8.06299999999828	7.17100000000028	8.44800000000032	0	0
6.70200000000114	3.20399999999972	6.72100000000137	0	0
14.9629999999997	18.1759999999995	13.5689999999995	0	0
8.90699999999924	10.1819999999989	9.02500000000146	0	0
11.2840000000033	16.3810000000012	10.6650000000009	0	0
6.65199999999822	1.73999999999978	6.31299999999828	0	0
6.69600000000355	4.54900000000089	6.74400000000242	0	0
8.05899999999747	5.77199999999903	8.09100000000035	0	0
7.28800000000047	1.73300000000017	7.40399999999863	0	0
6.74699999999939	2.29299999999967	6.84100000000035	0	0
8.41599999999744	6.59499999999935	7.99499999999898	0	0
9.15000000000146	11.3370000000014	9.09500000000116	0	0
6.72699999999895	1.44599999999991	6.44800000000032	0	0
6.94099999999889	3.86499999999978	7.15399999999863	0	0
12.1489999999976	15.1450000000004	10.6360000000022	0	0
15.5460000000021	24.866	11.7229999999981	0	0
7.62700000000041	5.8010000000013	7.13500000000204	0	0
10.6589999999997	11.8539999999994	10.3029999999999	0	0
7.06399999999849	4.65899999999965	7.35599999999977	0	0
8.37299999999959	7.46700000000055	7.90799999999945	0	0
6.05400000000009	2.87800000000061	6.08099999999831	0	0
7.73499999999694	6.56400000000031	8.06400000000212	0	0
9.57000000000335	8.80999999999949	8.31999999999971	0	0
7.90100000000166	6.66600000000108	7.06300000000192	0	0
6.57200000000012	0.968999999999141	6.47500000000218	0	0
10.4439999999995	10.4390000000003	9.17799999999988	0	0
8.95999999999913	9.01100000000042	8.57600000000093	0	0
7.32600000000093	6.1260000000002	7.26900000000023	0	0
8.23400000000038	8.92799999999988	7.39099999999962	0	0
7.53700000000026	7.60000000000036	7.84599999999773	0	0
7.91500000000087	4.68499999999949	8.04300000000148	0	0
7.0580000000009	5.98199999999997	7.61299999999756	0	0
8.60599999999977	9.32600000000093	7.89500000000044	0	0
7.61700000000201	2.84199999999873	6.5089999999982	0	0
11.1650000000009	16.5460000000003	9.37199999999939	0	0
6.67399999999907	2.11100000000079	6.9539999999979	0	0
8.60299999999916	9.32799999999952	8.17699999999968	0	0
8.85900000000038	9.66399999999885	8.21700000000055	0	0
9.75799999999799	8.95399999999972	8.49400000000242	0	0
7.8650000000016	7.25300000000061	7.09399999999732	0	0
11.242000000002	16.2479999999996	8.74799999999959	0	0
