11.102	3.692	10.738	0	0
10.324	1.761	9.618	0	0
10.373	3.192	9.944	0	0
9.80200000000001	2.612	9.074	0	0
10.947	5.185	9.574	0	0
10.089	3.413	9.569	0	0
11.048	3.864	10.421	0	0
10.381	3.405	9.46799999999999	0	0
10.527	3.871	9.459	0	0
10.387	3.68900000000001	9.37700000000001	0	0
10.547	2.629	9.75199999999998	0	0
9.601	2.014	9.39999999999998	0	0
10.185	2.14999999999999	9.77099999999999	0	0
10.531	1.958	10.023	0	0
11.096	3.583	10.38	0	0
11.413	2.837	10.873	0	0
12.076	4.92099999999999	10.94	0	0
10.29	2.818	9.71600000000001	0	0
10.878	2.828	10.3819999999999	0	0
11.267	4.27699999999999	10	0	0
10.505	2.53699999999998	9.69400000000002	0	0
10.134	2.56799999999998	10.09	0	0
11.201	4.97399999999999	10.634	0	0
11.786	4.46000000000001	10.544	0	0
10.649	2.97800000000001	9.84500000000003	0	0
10.3279999999999	2.488	9.35200000000003	0	0
11.735	5.95599999999999	10.13	0	0
11.9	6.53399999999999	10.485	0	0
11.526	4.87	10.629	0	0
11.486	5.55199999999999	10.0069999999999	0	0
10.591	3.81699999999998	9.37599999999998	0	0
10.04	2.45599999999999	9.39400000000001	0	0
10.739	3.203	9.80700000000002	0	0
11.712	4.512	10.351	0	0
11.446	4.755	10.353	0	0
10.803	4.41	9.87400000000002	0	0
11.073	4.61099999999999	10.024	0	0
10.85	4.09500000000003	9.85299999999995	0	0
11.378	5.83799999999997	9.83500000000004	0	0
10.876	4.61800000000005	10.145	0	0
12.301	3.92600000000004	11.1	0	0
10.1550000000001	2.30499999999995	9.61800000000005	0	0
10.1750000000001	3.60899999999998	9.26400000000001	0	0
10.549	2.96100000000001	9.5390000000001	0	0
10.926	4.22300000000001	10.357	0	0
12.087	4.39599999999996	10.893	0	0
10.393	2.37200000000001	9.84700000000009	0	0
10.6030000000001	2.99399999999997	9.87099999999998	0	0
10.7410000000001	4.834	9.64100000000008	0	0
10.293	4.04400000000004	9.35799999999995	0	0
10.8800000000001	4.13099999999997	9.84500000000003	0	0
10.6670000000001	3.89800000000002	10.0459999999999	0	0
11.2570000000001	4.17699999999996	10.0870000000001	0	0
10.3440000000001	2.68099999999998	9.86000000000001	0	0
10.433	2.642	10.03	0	0
10.3190000000002	1.73599999999999	9.55500000000006	0	0
10.1109999999999	2.89600000000002	9.60599999999999	0	0
9.73800000000006	2.017	9.154	0	0
11.6559999999999	3.69900000000001	10.684	0	0
10.3480000000002	3.54000000000002	9.66399999999999	0	0
10.7809999999999	4.005	9.62799999999993	0	0
10.2909999999999	3.18099999999998	9.33999999999992	0	0
11.088	4.798	9.57999999999993	0	0
11.309	4.589	9.94100000000003	0	0
11.1379999999999	4.83300000000003	9.96800000000007	0	0
11.115	2.79500000000002	10.2139999999999	0	0
10.8529999999998	3.07600000000002	9.87400000000002	0	0
10.8009999999999	4.34800000000001	9.71600000000012	0	0
11.1130000000001	3.99000000000001	10.2469999999998	0	0
10.338	2.452	9.86300000000006	0	0
11.818	5.988	10.424	0	0
10.1690000000001	4.33000000000004	9.577	0	0
10.7160000000001	2.07600000000002	10.1800000000001	0	0
11.0909999999999	2.98399999999992	10.0060000000001	0	0
10.3530000000001	2.80600000000004	10.0210000000002	0	0
10.7450000000001	3.34000000000003	10.2620000000002	0	0
10.153	1.48400000000004	10.001	0	0
10.6699999999998	4.50099999999998	9.89900000000011	0	0
10.502	4.524	9.56400000000008	0	0
9.98399999999992	1.98200000000008	9.54300000000012	0	0
10.0219999999999	2.23700000000008	10.029	0	0
10.0940000000001	2.88199999999995	10.2940000000001	0	0
10.173	2.32299999999998	10.0150000000001	0	0
11.193	6.61099999999999	10.5329999999999	0	0
10.9269999999999	3.57399999999996	10.4770000000001	0	0
11.644	2.90100000000007	10.3969999999999	0	0
11.127	4.18499999999995	10.3129999999999	0	0
10.5519999999999	4.04300000000001	9.68000000000006	0	0
10.8150000000001	4.66600000000005	9.86499999999978	0	0
10.0420000000001	2.45299999999997	9.49000000000001	0	0
10.634	2.38699999999994	9.85900000000015	0	0
11.425	5.38700000000006	10.2270000000001	0	0
10.779	3.75599999999997	10.2560000000001	0	0
9.52199999999993	2.89700000000005	8.93999999999983	0	0
10.893	4.92399999999998	9.77600000000007	0	0
10.3779999999999	2.64400000000001	9.68000000000006	0	0
11.048	4.26999999999998	10.5150000000001	0	0
11.0990000000002	4.52299999999991	10.1679999999999	0	0
10.124	1.96799999999996	9.798	0	0
11.231	2.50199999999995	10.6309999999999	0	0
11.2370000000001	5.06299999999999	10.6390000000001	0	0
10.2910000000002	1.78700000000003	10.0349999999999	0	0
10.5480000000002	2.47799999999995	9.98800000000006	0	0
10.4520000000002	2.99900000000002	10.4010000000001	0	0
10.5770000000002	3.63099999999997	10.404	0	0
11.0860000000002	4.83399999999995	9.98399999999992	0	0
10.7139999999999	4.68799999999999	9.76599999999985	0	0
10.277	1.56200000000001	9.96800000000007	0	0
10.0250000000001	2.04099999999994	9.3929999999998	0	0
10.2130000000002	2.96899999999994	9.9409999999998	0	0
9.94299999999976	2.43799999999999	9.63499999999976	0	0
9.83500000000004	2.62799999999993	9.375	0	0
9.34900000000016	2.02100000000007	9.47199999999975	0	0
10.5320000000002	4.17100000000005	9.50300000000016	0	0
10.4749999999999	2.90900000000011	9.64699999999993	0	0
10.0100000000002	2.13200000000006	9.50700000000006	0	0
11.6279999999997	4.77800000000002	10.8870000000002	0	0
11.2049999999999	3.95800000000008	10.2570000000001	0	0
10.3829999999998	2.36899999999991	9.95199999999977	0	0
10.0479999999998	3.721	9.51899999999978	0	0
9.6880000000001	1.62199999999996	9.14300000000003	0	0
10.7280000000001	3.35399999999993	9.92799999999988	0	0
10.9790000000003	4.54999999999995	10.2570000000001	0	0
11.4669999999996	5.38100000000009	10.3309999999997	0	0
10.5460000000003	2.61299999999994	9.98900000000003	0	0
11.1320000000001	4.49400000000003	9.91699999999992	0	0
10.2080000000001	4.38	10.0929999999998	0	0
10.5129999999999	2.77800000000002	9.76099999999997	0	0
10.6419999999998	3.94899999999996	9.8449999999998	0	0
10.6379999999999	2.99000000000001	9.92399999999998	0	0
11.2579999999998	3.46999999999991	10.3290000000002	0	0
10.7020000000002	3.09299999999996	10.0730000000003	0	0
14.6500000000001	2.33100000000002	14.3499999999999	0	0
9.64200000000028	2.91599999999994	9.35699999999997	0	0
11.2080000000001	3.85199999999998	10.9690000000001	0	0
10.8160000000003	3.6160000000001	10.3500000000004	0	0
10.0599999999999	4.38400000000001	10.0900000000001	0	0
11.1100000000001	2.89300000000003	10.3789999999999	0	0
10.1019999999999	1.79100000000005	9.78500000000031	0	0
11.3890000000001	4.38800000000003	10.7660000000001	0	0
10.4769999999999	2.88800000000003	9.60699999999997	0	0
9.86200000000008	2.26599999999996	9.09000000000015	0	0
10.7240000000002	3.6049999999999	9.79799999999977	0	0
11.5030000000002	4.26499999999999	10.3970000000004	0	0
10.7329999999997	2.30400000000009	10.056	0	0
10.855	2.36800000000005	9.81700000000001	0	0
11.297	3.32800000000009	10.4080000000004	0	0
11.029	3.43299999999999	10.7600000000002	0	0
10.4479999999999	3.149	9.8130000000001	0	0
10.047	3.46899999999994	9.44599999999991	0	0
10.7370000000001	4.18799999999999	10.3759999999997	0	0
10.25	2.14599999999996	9.50399999999991	0	0
10.6710000000003	2.32399999999984	9.91800000000012	0	0
10.873	3.40300000000002	10.7650000000003	0	0
10.145	2.45499999999993	10.1640000000002	0	0
10.02	2.24900000000002	9.5300000000002	0	0
10.0940000000001	3.37300000000005	10.348	0	0
10.348	3.72199999999998	9.49200000000019	0	0
10.125	2.327	9.94399999999996	0	0
9.88000000000011	3.76699999999983	9.78900000000021	0	0
10.1079999999997	2.91999999999985	9.26800000000003	0	0
10.4259999999999	4.3130000000001	9.51299999999992	0	0
9.73199999999997	1.95299999999997	9.68099999999959	0	0
10.3000000000002	3.18200000000002	10.5569999999998	0	0
11.0659999999998	3.62700000000018	10.627	0	0
10.3970000000004	1.82799999999997	10.1680000000001	0	0
9.64599999999973	2.6099999999999	9.39699999999993	0	0
10.268	3.471	9.73300000000017	0	0
10.6280000000002	2.66399999999999	9.64899999999989	0	0
10.4589999999998	2.63300000000004	9.55200000000013	0	0
10.1120000000001	1.87400000000002	9.37199999999984	0	0
10.8160000000003	3.50599999999986	9.53699999999981	0	0
9.88700000000017	3.27399999999989	8.98500000000013	0	0
10.3150000000001	2.82999999999993	9.59899999999971	0	0
10.826	4.64400000000001	9.72200000000021	0	0
10.875	2.46900000000005	10.3290000000002	0	0
11.0710000000004	4.81499999999983	9.96500000000015	0	0
10.7730000000001	2.95100000000002	10.0589999999997	0	0
10.1599999999999	1.88200000000006	9.5920000000001	0	0
9.72299999999996	2.048	9.77600000000029	0	0
10.1639999999998	3.16500000000019	9.60399999999981	0	0
10.4319999999998	2.85000000000014	9.99200000000019	0	0
10.683	2.76400000000012	9.81800000000021	0	0
10.518	3.7650000000001	9.74500000000035	0	0
10.183	3.56600000000003	9.28899999999976	0	0
10.6410000000001	2.971	9.77999999999975	0	0
11.1770000000001	4.56500000000005	10.4169999999999	0	0
10.962	3.75099999999998	10.0079999999998	0	0
10.288	1.92799999999988	9.75300000000016	0	0
10.223	3.33399999999983	9.60799999999972	0	0
10.3589999999999	2.53399999999988	9.65599999999995	0	0
10.5889999999999	3.45900000000006	9.73900000000003	0	0
10.6209999999996	3.24900000000002	10.105	0	0
10.2650000000003	4.18299999999999	9.10599999999977	0	0
10.7470000000003	2.71600000000012	10.7240000000002	0	0
10.5129999999999	3.82600000000002	9.40000000000009	0	0
9.73600000000033	2.529	9.0029999999997	0	0
9.93499999999995	2.26700000000005	8.85800000000017	0	0
10.0989999999997	3.37000000000012	9.71399999999994	0	0
10.2579999999998	3.11599999999999	10.0219999999999	0	0
10.375	3.96399999999994	9.32299999999987	0	0
10.6690000000003	3.10099999999989	9.89600000000019	0	0
10.538	3.15100000000007	10.027	0	0
11.5519999999997	3.8889999999999	10.4989999999998	0	0
10.6700000000001	2.97199999999998	9.95499999999993	0	0
11.5519999999997	4.75900000000001	10.1609999999996	0	0
10.951	3.06500000000005	9.97200000000021	0	0
11.4080000000004	5.79999999999995	10.0009999999997	0	0
10.0590000000002	2.59699999999998	9.40000000000009	0	0
11.2830000000004	5.04700000000003	9.85600000000022	0	0
11.3810000000003	5.07400000000007	10.261	0	0
10.1300000000001	2.46900000000005	9.12099999999964	0	0
10.3609999999999	2.44900000000007	9.44399999999996	0	0
10.0050000000001	1.96699999999987	9.404	0	0
10.7780000000002	3.82099999999991	10.165	0	0
10.1599999999999	3.30599999999981	9.70100000000002	0	0
10.8229999999994	2.56500000000005	10.2370000000001	0	0
10.5199999999995	4.19599999999991	9.67399999999952	0	0
10.6579999999994	2.57600000000002	9.76400000000012	0	0
11.3819999999996	3.28099999999995	10.1289999999999	0	0
10.6210000000001	2.81099999999992	9.7559999999994	0	0
10.0020000000004	3.22299999999996	9.05099999999948	0	0
10.5630000000001	3.77400000000011	10.3440000000001	0	0
10.5199999999995	5.12599999999998	10.4949999999999	0	0
10.9800000000005	4.86200000000008	10.2060000000001	0	0
10.335	3.68000000000006	9.80299999999988	0	0
10.1309999999994	1.3889999999999	9.99399999999969	0	0
10.509	3.80200000000013	9.88100000000031	0	0
11.0999999999995	3.75299999999993	10.201	0	0
10.5029999999997	4.15900000000011	9.61899999999969	0	0
11.625	2.91500000000019	10.6220000000003	0	0
10.692	3.16200000000003	9.8739999999998	0	0
10.8869999999997	2.42700000000013	9.9369999999999	0	0
10.1229999999996	3.65599999999995	9.26200000000063	0	0
10.7469999999994	4.74800000000005	10.3329999999996	0	0
9.74499999999989	2.02600000000007	9.07200000000012	0	0
10.183	1.42200000000003	9.9429999999993	0	0
10.8780000000006	3.46800000000007	10.0470000000005	0	0
10.7389999999996	2.48599999999988	9.86899999999969	0	0
11.54	4.60800000000017	10.2820000000002	0	0
12.3430000000008	5.90300000000002	10.5500000000002	0	0
10.741	2.98700000000008	10.3540000000003	0	0
10.9049999999997	3.50299999999993	10.5640000000003	0	0
11.0510000000004	5.16300000000001	10	0	0
11.1480000000001	2.61300000000006	10.393	0	0
10.8179999999993	2.97300000000018	9.94000000000051	0	0
10.9319999999998	2.346	10.1869999999999	0	0
11.1610000000001	4.298	10.143	0	0
10.7429999999995	2.17499999999995	10.348	0	0
10.5129999999999	3.97899999999981	9.5659999999998	0	0
10.585	3.64599999999996	10.2660000000005	0	0
9.47100000000046	1.79099999999994	9.31999999999971	0	0
10.4059999999999	3.09500000000003	10.3119999999999	0	0
9.4989999999998	2.17000000000007	9.41499999999996	0	0
10.7560000000003	2.40999999999985	10.9200000000001	0	0
10.6120000000001	4.72399999999993	10.1559999999999	0	0
9.82399999999961	2.97699999999986	9.91200000000026	0	0
10.1770000000006	3.85400000000004	9.67199999999957	0	0
10.8420000000006	3.88300000000004	10.1749999999993	0	0
10.1980000000003	3.86700000000019	9.50200000000041	0	0
10.3919999999998	3.84799999999996	9.83500000000004	0	0
10.2450000000008	2.57000000000016	9.8149999999996	0	0
10.384	2.61900000000014	9.69899999999961	0	0
10.2739999999994	4.12300000000005	9.90800000000036	0	0
11.491	4.13699999999994	10.7489999999998	0	0
10.2280000000001	2.99800000000005	10.0129999999999	0	0
10.625	3.35599999999999	10.5939999999991	0	0
10.2040000000006	2.04899999999998	9.59699999999975	0	0
10.0500000000002	3.22000000000003	10.0069999999996	0	0
9.44200000000001	2.70800000000008	9.73999999999978	0	0
10.5889999999999	3.72700000000009	10.7249999999995	0	0
9.81299999999919	2.61500000000001	9.52300000000014	0	0
10.5020000000004	1.827	10.3119999999999	0	0
10.5039999999999	3.34800000000018	9.75699999999961	0	0
10.6400000000003	4.12599999999998	10.2379999999994	0	0
10.1680000000006	3.78800000000001	9.68099999999959	0	0
10.6519999999991	2.23199999999997	10.2649999999994	0	0
10.5010000000002	2.54300000000012	9.84199999999964	0	0
11.0969999999998	2.79199999999992	10.4540000000006	0	0
10.1930000000002	4.12999999999988	10.1140000000005	0	0
11.1449999999995	2.78100000000018	10.357	0	0
10.3440000000001	2.57500000000005	9.32799999999952	0	0
11.9139999999998	5.38199999999983	10.509	0	0
10.0380000000005	1.99900000000002	9.41799999999967	0	0
10.8209999999999	3.71699999999987	10.2640000000001	0	0
11.384	4.32199999999989	10.3069999999998	0	0
11.5	4.45800000000008	10.7169999999996	0	0
10.6570000000002	3.90300000000002	10.2640000000001	0	0
10.6270000000004	2.80600000000004	10.7489999999998	0	0
10.5870000000004	2.46000000000004	10.5720000000001	0	0
11.2750000000005	4.48000000000002	10.4949999999999	0	0
10.0780000000004	3.17699999999991	10	0	0
10.3760000000002	2.98099999999999	10.0560000000005	0	0
10.7050000000008	3.82300000000009	9.73400000000038	0	0
11.5059999999994	4.72299999999996	10.2880000000005	0	0
10.3599999999997	2.71499999999992	9.44000000000051	0	0
11.6930000000002	3.63300000000004	10.576	0	0
10.75	2.93799999999987	10.1559999999999	0	0
11.0869999999995	3.59500000000003	10.4769999999999	0	0
10.5639999999994	2.74000000000001	10.3329999999996	0	0
9.96600000000035	1.83799999999997	10.1110000000008	0	0
10.1409999999996	3.20299999999997	10.1549999999997	0	0
10.7399999999998	3.88300000000004	10.2210000000005	0	0
9.78900000000067	2.28500000000008	9.48700000000008	0	0
10.8220000000001	5.25	10.3360000000002	0	0
10.1880000000001	3.73899999999981	9.79200000000037	0	0
9.99299999999948	1.97199999999998	9.77400000000034	0	0
10.4570000000003	2.33699999999999	10.2430000000004	0	0
11.183	3.35500000000002	11.0940000000001	0	0
17.5109999999995	4.25999999999999	16.9259999999995	0	0
10.415	3.10400000000004	9.76300000000083	0	0
10.7150000000001	3.625	10.058	0	0
11.3189999999995	6.13099999999986	10.2150000000001	0	0
10.1489999999994	2.48900000000003	9.91200000000026	0	0
10.3010000000004	3.35799999999972	9.60699999999997	0	0
9.75600000000031	2.529	9.17399999999998	0	0
10.1480000000001	3.01400000000012	9.3149999999996	0	0
10.2170000000006	3.37899999999991	9.85599999999977	0	0
10.5519999999997	2.63699999999972	10.1009999999997	0	0
10.0729999999994	2.13599999999997	9.53800000000047	0	0
10.7550000000001	3.00700000000006	10.0789999999997	0	0
10.9809999999998	2.77799999999979	10.366	0	0
10.8379999999997	4.45299999999997	9.76499999999942	0	0
11.3389999999999	4.46199999999999	10.2330000000002	0	0
10.4549999999999	4.49099999999999	9.74799999999959	0	0
11.7510000000002	4.63999999999987	10.4840000000004	0	0
10.4040000000005	2.22299999999996	9.46800000000076	0	0
10.9100000000008	4.33300000000008	9.90800000000036	0	0
11.5250000000005	4.97299999999996	11.0219999999999	0	0
9.41399999999976	2.69299999999976	8.95799999999963	0	0
10.3329999999996	2.1260000000002	9.63599999999951	0	0
10.6049999999996	4.48399999999992	9.44800000000032	0	0
10.6449999999995	2.41200000000026	10.058	0	0
10.7789999999995	4.19700000000012	9.79300000000057	0	0
10.7459999999992	3.44200000000001	9.78699999999935	0	0
10.2699999999995	2.21500000000015	9.39199999999983	0	0
10.5470000000005	1.90999999999985	9.92799999999988	0	0
10.0879999999997	2.37899999999991	9.59500000000025	0	0
10.4139999999998	3.02399999999989	9.89199999999983	0	0
10.1050000000005	5.2170000000001	9.72199999999975	0	0
10.335	2.76400000000012	9.85099999999966	0	0
10.1940000000004	3.28499999999985	10.0520000000006	0	0
10.683	2.1880000000001	10.71	0	0
9.3730000000005	2.11999999999989	8.83500000000004	0	0
10.732	4.3739999999998	9.65800000000036	0	0
10.7880000000005	5.53200000000015	10.049	0	0
10.7520000000004	3.78399999999965	10.0870000000004	0	0
9.95299999999952	3.42800000000034	9.28700000000026	0	0
11.2310000000007	3.48400000000038	9.9389999999994	0	0
10.7920000000004	4.03999999999996	9.75500000000011	0	0
10.3890000000001	3.07500000000027	10.0389999999998	0	0
10.0970000000007	3.13400000000001	9.30299999999988	0	0
10.1890000000003	1.73800000000028	9.72499999999945	0	0
10.4110000000001	2.77600000000029	9.45399999999972	0	0
9.71500000000015	2.28200000000015	9.24200000000019	0	0
9.64699999999993	2.0949999999998	9.36499999999978	0	0
11.0060000000003	4.17500000000018	10.2399999999998	0	0
9.82200000000012	3.38099999999986	9.66699999999946	0	0
10.6709999999994	3.33800000000019	10.8230000000003	0	0
10.0799999999999	3.34000000000015	9.71300000000065	0	0
10.3890000000001	3.14499999999998	9.87700000000041	0	0
10.0570000000007	2.62100000000009	10.1229999999996	0	0
10.6480000000001	2.94200000000001	10.1369999999997	0	0
9.77300000000014	1.65000000000009	9.50900000000001	0	0
10.2809999999999	2.30199999999968	9.89899999999943	0	0
10.1630000000005	3.79700000000003	9.53799999999956	0	0
10.7209999999995	3.66499999999996	10.058	0	0
10.2160000000003	4.55000000000018	9.55799999999999	0	0
10.759	4.5329999999999	10.0190000000002	0	0
9.54100000000017	2.80899999999974	8.77000000000044	0	0
10.9120000000003	3.80000000000018	10.1990000000005	0	0
9.8130000000001	2.10899999999992	9.26099999999951	0	0
10.7199999999993	3.37899999999991	10.4450000000006	0	0
10.0349999999999	2.02400000000034	9.47299999999996	0	0
10.5970000000007	2.14699999999993	9.86099999999988	0	0
9.60099999999966	2.64900000000034	9.43299999999999	0	0
9.80899999999929	1.68399999999974	9.48700000000008	0	0
10.0680000000002	2.74299999999994	9.02000000000044	0	0
10.5330000000004	3.26200000000017	9.75900000000001	0	0
10.3130000000001	3.24499999999989	9.86499999999978	0	0
10.1200000000008	2.40300000000025	9.91799999999967	0	0
10.1300000000001	2.56700000000001	9.49099999999999	0	0
10.1079999999993	2.32799999999997	9.43900000000031	0	0
10.1190000000006	2.6840000000002	9.67100000000028	0	0
11.0219999999999	4.91499999999996	9.875	0	0
9.69200000000001	2.971	9.34400000000005	0	0
10.8100000000004	4.32299999999987	10.1599999999999	0	0
9.76199999999972	2.73799999999983	9.15699999999924	0	0
10.8109999999997	3.66800000000012	9.98400000000038	0	0
10.8190000000004	3.13700000000017	9.78300000000036	0	0
11.4440000000004	5.17500000000018	10.1199999999999	0	0
10.2910000000002	2.72399999999971	9.82299999999941	0	0
11.0839999999998	4.60499999999956	10.2469999999994	0	0
10.3239999999996	2.30600000000004	9.4970000000003	0	0
11.1199999999999	3.2800000000002	10.0869999999995	0	0
10.4140000000007	3.4060000000004	9.63900000000012	0	0
11.3019999999997	3.77999999999975	10.3049999999994	0	0
10.9949999999999	3.15900000000011	10.1850000000004	0	0
11.241	3.16199999999981	10.4969999999994	0	0
11.0820000000003	3.971	10.2380000000003	0	0
11.3190000000004	5.21300000000019	10.5190000000002	0	0
10.4399999999996	3.8720000000003	9.57099999999991	0	0
11.0309999999999	4.03400000000011	10.1970000000001	0	0
9.55799999999999	1.74200000000019	8.80199999999968	0	0
10.7960000000003	2.32999999999993	10.2119999999995	0	0
10.7049999999999	3.96199999999999	9.79700000000048	0	0
10.6549999999997	2.53999999999996	9.69499999999971	0	0
10.2029999999995	2.35800000000017	9.25300000000061	0	0
11.2839999999997	3.96399999999994	10.0680000000002	0	0
11.2239999999983	4.29400000000032	10.3779999999997	0	0
11.7049999999999	4.73599999999988	10.4360000000006	0	0
11.1410000000014	5.01900000000023	9.73300000000017	0	0
10.4510000000009	2.83100000000013	9.88400000000001	0	0
11.2649999999994	4.23999999999978	9.8779999999997	0	0
10.3140000000003	2.61299999999983	9.74200000000019	0	0
10.3359999999993	2.76200000000017	9.26100000000042	0	0
10.4150000000009	3.3090000000002	9.59500000000025	0	0
12.1409999999996	4.83800000000019	11.0500000000002	0	0
9.90000000000146	1.90200000000004	9.32099999999991	0	0
10.7489999999998	3.51900000000023	9.88200000000052	0	0
10.1729999999989	2.78500000000031	9.65200000000004	0	0
9.88400000000001	3.39800000000014	9.69500000000062	0	0
10.9030000000002	4.38200000000006	10.116	0	0
10.7529999999988	3.91300000000001	10.1239999999998	0	0
10.6409999999996	4.70299999999997	9.19599999999991	0	0
9.94700000000012	1.85099999999966	9.69200000000001	0	0
9.8739999999998	3.77400000000034	9.38400000000001	0	0
10.0169999999998	3.10300000000007	9.48899999999958	0	0
9.98399999999856	2.23699999999963	9.00699999999961	0	0
10.232	2.40199999999959	9.70499999999993	0	0
10.1470000000008	3.43600000000015	9.42800000000079	0	0
9.73000000000138	2.02599999999984	9.83700000000044	0	0
9.3700000000008	1.54399999999987	9.32999999999993	0	0
10.603000000001	3.55099999999993	10.7040000000006	0	0
9.04500000000007	1.83599999999979	9.51199999999972	0	0
10.5319999999992	2.79400000000032	9.84199999999964	0	0
9.67000000000007	2.46300000000019	8.84799999999905	0	0
11.2209999999995	6.35400000000027	9.72799999999916	0	0
9.93900000000031	2.85899999999992	9.16599999999926	0	0
18.2129999999997	6.67699999999968	16.6920000000009	0	0
9.84799999999996	2.1579999999999	9.71299999999974	0	0
10.9290000000001	4.33299999999963	10.3240000000005	0	0
9.94499999999971	2.98700000000008	9.72700000000077	0	0
11.014000000001	4.78099999999995	10.7540000000008	0	0
10.241	4.6880000000001	10.0109999999986	0	0
11.098	3.86500000000024	10.8529999999992	0	0
10.3539999999994	3.60599999999977	9.28000000000065	0	0
10.1939999999995	2.75	9.90400000000045	0	0
9.6239999999998	2.74299999999994	9.43000000000029	0	0
10.7909999999993	4.80899999999974	9.88199999999961	0	0
9.39300000000003	2.37599999999975	9.37299999999959	0	0
10.6260000000002	4.13000000000011	10.155999999999	0	0
9.79399999999987	3.19799999999987	9.59399999999914	0	0
10.646999999999	2.87300000000005	9.59100000000035	0	0
10.4830000000002	4.00300000000016	9.22400000000016	0	0
9.82400000000052	3.22200000000021	9.41400000000067	0	0
10.3320000000003	3.62100000000009	9.93799999999828	0	0
9.9429999999993	3.01999999999998	9.71000000000095	0	0
10.6560000000009	4.01900000000023	9.96800000000076	0	0
10.2929999999997	1.82699999999977	9.97299999999996	0	0
10.9060000000009	2.82900000000018	10.389000000001	0	0
10.2070000000003	2.77999999999975	9.93499999999949	0	0
10.8709999999992	4.01800000000003	10.277	0	0
10.2270000000008	2.15099999999984	9.34400000000096	0	0
10.4160000000011	2.65099999999984	9.87200000000121	0	0
10.4919999999984	2.49800000000005	9.42900000000009	0	0
10.7519999999986	3.45199999999977	10.2659999999996	0	0
10.5720000000001	2.77700000000004	9.72199999999975	0	0
10.1629999999986	2.32700000000023	9.42000000000007	0	0
11.3259999999991	4.69399999999996	9.93100000000049	0	0
10.259	2.55400000000009	9.93400000000111	0	0
10.3490000000002	4.76800000000003	9.46100000000115	0	0
10.8510000000006	2.94300000000021	10.6689999999999	0	0
10.0949999999993	2.78099999999995	9.70399999999972	0	0
10.2219999999998	3.48900000000003	10.0820000000003	0	0
10.2620000000006	2.17499999999973	9.64399999999841	0	0
10.732	3.74900000000025	9.78799999999865	0	0
10.0759999999991	2.34299999999985	9.79500000000007	0	0
10.8690000000006	3.35100000000011	10.7739999999994	0	0
10.4930000000004	5.09299999999985	9.73400000000038	0	0
10.6880000000001	2.4350000000004	10.121000000001	0	0
10.268	4.86200000000008	9.9330000000009	0	0
10.5209999999988	2.60500000000002	9.90400000000045	0	0
10.0740000000005	2.38999999999987	9.8690000000006	0	0
10.3349999999991	2.64100000000008	9.99300000000039	0	0
10.7520000000004	3.22800000000007	10.2080000000005	0	0
10.4400000000005	2.33100000000013	9.7510000000002	0	0
10.8649999999998	4.0329999999999	10.0159999999996	0	0
10.3040000000001	2.76000000000022	9.70399999999972	0	0
10.6710000000003	2.49499999999989	9.91100000000006	0	0
12.1049999999996	5.03200000000015	11.0169999999998	0	0
10.0200000000004	2.64100000000008	9.60599999999977	0	0
10.8599999999988	3.95700000000033	10.3990000000013	0	0
10.2519999999986	3.7800000000002	9.43299999999908	0	0
10.7690000000002	3.20400000000018	9.8080000000009	0	0
11.1290000000008	2.63699999999972	10.3959999999988	0	0
11.7299999999996	3.25	10.8320000000003	0	0
11.0730000000003	4.28899999999976	10.4429999999993	0	0
10.7980000000007	2.98199999999997	10.2800000000007	0	0
9.61100000000079	3.10100000000011	9.39899999999943	0	0
10.8000000000011	4.07299999999987	9.82799999999952	0	0
9.9989999999998	2.00300000000016	9.85599999999977	0	0
9.6260000000002	3.01499999999987	9.50799999999981	0	0
10.887999999999	3.45999999999958	10.8739999999998	0	0
10.0870000000014	3.30999999999995	9.83399999999892	0	0
10.5759999999991	4.03600000000006	10.7560000000012	0	0
9.39300000000003	1.78700000000026	9.60399999999936	0	0
10.1940000000013	2.05799999999999	10.1499999999996	0	0
10.1630000000005	3.61999999999989	9.5010000000002	0	0
9.8799999999992	2.2510000000002	9.94200000000092	0	0
10.3089999999993	3.77100000000019	10.4740000000002	0	0
9.44200000000092	2.05799999999999	9.63299999999981	0	0
9.48300000000017	1.98100000000022	9.89700000000084	0	0
9.28499999999985	2.78999999999996	9.32099999999991	0	0
10.4750000000004	2.75599999999986	9.79899999999907	0	0
10.3589999999986	3.49699999999984	10.1170000000002	0	0
10.1040000000012	2.59199999999964	10.0650000000005	0	0
10.1100000000006	3.0930000000003	9.22100000000137	0	0
10.5950000000012	2.82899999999972	9.69300000000112	0	0
10.8040000000001	4.84999999999991	9.71099999999933	0	0
10.905999999999	3.19999999999982	9.84199999999873	0	0
9.97600000000057	2.11599999999999	9.34099999999853	0	0
10.7100000000009	3.31099999999969	9.93999999999869	0	0
10.2049999999999	3.07900000000018	9.82800000000134	0	0
10.6589999999997	4.14199999999983	9.88799999999901	0	0
10.9779999999992	4.64699999999993	9.6260000000002	0	0
10.768	2.64699999999993	10	0	0
9.91699999999946	3.07499999999982	8.96700000000055	0	0
10.9740000000002	3.97499999999991	9.97000000000116	0	0
11.1600000000017	3.20399999999972	10.3739999999998	0	0
11.5720000000001	4.05400000000009	10.4169999999995	0	0
10.5429999999997	3.84799999999996	9.86599999999999	0	0
10.0150000000012	2.23500000000013	9.20499999999993	0	0
9.80799999999908	2.26000000000022	9.56000000000131	0	0
9.74900000000162	1.73600000000033	9.55400000000009	0	0
9.76700000000164	2.21499999999969	9.19900000000052	0	0
10.4099999999999	3.70199999999977	9.8700000000008	0	0
10.384	2.75500000000011	9.31500000000051	0	0
9.93899999999849	2.6579999999999	9.88600000000042	0	0
9.29899999999907	1.82099999999991	9.27700000000004	0	0
10.2939999999999	3.63999999999987	10.0360000000001	0	0
10.491	3.44200000000001	9.69599999999991	0	0
10.3179999999993	3.72299999999996	9.71799999999894	0	0
9.93900000000031	2.91799999999967	9.31599999999889	0	0
10.1650000000009	3.13899999999967	10.2880000000005	0	0
10.6689999999999	3.16699999999992	10.2399999999998	0	0
9.85100000000057	2.14599999999973	9.55500000000029	0	0
10.393	2.67699999999968	9.91500000000087	0	0
10.1760000000013	4.24699999999984	9.8119999999999	0	0
10.6750000000011	3.85199999999986	10.2789999999986	0	0
10.3580000000002	4.92399999999998	9.6880000000001	0	0
10.9220000000005	4.03799999999956	10.4439999999995	0	0
9.54099999999926	1.9680000000003	8.90599999999904	0	0
10.5390000000007	3.09700000000021	10.0320000000011	0	0
9.46900000000096	3.35999999999967	9.60699999999997	0	0
9.31700000000092	2.11300000000028	9.6869999999999	0	0
10.6260000000002	3.24600000000009	10.3790000000008	0	0
10.1659999999993	3.2470000000003	9.52499999999964	0	0
10.4930000000004	3.05300000000034	10.3240000000005	0	0
10.8950000000004	2.83300000000008	10.1859999999997	0	0
11.1749999999993	4.98799999999983	10.0370000000003	0	0
9.73899999999958	2.58800000000019	8.86100000000079	0	0
10.3790000000008	3.42000000000007	9.69200000000092	0	0
10.3629999999994	4.1239999999998	10.607	0	0
10.4310000000005	2.70899999999983	9.69900000000052	0	0
10.4040000000005	5.2800000000002	9.72199999999975	0	0
10.2540000000008	3.40700000000015	10.0939999999991	0	0
9.56999999999971	3.24499999999989	9.54899999999907	0	0
9.36599999999999	1.71799999999985	9.27400000000125	0	0
10.5709999999999	1.81299999999965	10.5069999999996	0	0
10.7649999999994	3.13400000000001	10.518	0	0
11.3330000000005	4.78699999999981	10.5550000000003	0	0
11.143	4.72699999999986	10.0390000000007	0	0
11.0149999999994	4.25500000000011	10.143	0	0
10.2559999999994	3.51499999999987	9.43399999999929	0	0
12.0799999999999	5.78400000000011	10.5950000000012	0	0
11.0480000000007	3.67399999999998	9.95199999999932	0	0
10.3119999999999	3.54199999999992	9.42699999999968	0	0
10.9959999999992	3.92700000000013	10.2249999999985	0	0
10.969000000001	4.22499999999991	9.60900000000038	0	0
10.3690000000006	3.79199999999992	9.64500000000044	0	0
10.8070000000007	4.75500000000011	10.1189999999988	0	0
10.3000000000011	2.36999999999989	10.6149999999998	0	0
9.90400000000045	2.72400000000016	9.51500000000124	0	0
10.7459999999992	3.07000000000016	10.6610000000001	0	0
9.78800000000047	2.18799999999965	9.5570000000007	0	0
11.262999999999	3.30299999999988	10.6299999999992	0	0
10.0589999999993	3.33100000000013	9.19900000000052	0	0
10.232	2.71300000000019	10.2119999999995	0	0
9.48400000000038	1.7510000000002	9.59499999999935	0	0
9.97199999999975	1.75399999999991	9.51599999999962	0	0
10.9369999999999	2.5329999999999	10.1750000000011	0	0
10.7060000000001	3.79100000000017	9.88999999999942	0	0
11.5409999999993	4.60299999999961	10.5149999999994	0	0
10.5969999999998	3.50599999999986	9.85999999999876	0	0
10.5439999999999	4.45900000000029	9.6309999999994	0	0
10.4850000000006	3.92999999999984	9.9489999999987	0	0
10.4489999999987	3.61099999999988	9.94900000000052	0	0
10.8529999999992	3.779	10.2150000000001	0	0
10.8889999999992	3.24400000000014	10.0630000000001	0	0
10.5419999999995	3.61000000000013	10.1299999999992	0	0
11.4470000000001	4.98900000000003	10.1959999999999	0	0
10.8760000000002	4.34899999999971	9.51600000000144	0	0
10.9149999999991	3.51900000000023	10.3109999999997	0	0
10.503999999999	2.73000000000002	10.3209999999999	0	0
10.4530000000013	4.1550000000002	9.77499999999964	0	0
10.8219999999983	3.78499999999985	9.66699999999946	0	0
11.521999999999	4.78900000000021	10.4120000000003	0	0
11.4490000000005	4.3430000000003	10.0859999999993	0	0
10.1540000000005	3.57200000000012	9.28299999999945	0	0
10.366	2.971	9.80799999999908	0	0
10.9689999999991	2.6239999999998	9.96799999999894	0	0
11.3459999999995	4.07699999999977	10.6290000000008	0	0
11.1450000000004	3.09799999999996	9.90300000000025	0	0
10.5429999999997	2.34400000000005	9.80400000000009	0	0
11.3919999999998	6.84999999999991	10.5280000000002	0	0
11.4680000000008	4.47600000000011	10.2009999999991	0	0
10.6290000000008	2.92000000000007	9.90899999999965	0	0
9.85300000000097	2.82200000000012	9.628999999999	0	0
10.5759999999991	3.95200000000023	9.96899999999914	0	0
10.4320000000007	3.02299999999968	9.54000000000087	0	0
11.2600000000002	4.32600000000002	10.2939999999999	0	0
10.4120000000003	3.92599999999993	9.50300000000061	0	0
10.5200000000004	4.26600000000008	9.69200000000092	0	0
10.8449999999993	4.05899999999974	10.1350000000002	0	0
9.74200000000019	2.37199999999984	9.66699999999946	0	0
10.3019999999997	1.779	10.2520000000004	0	0
9.8700000000008	3.40899999999965	9.65800000000127	0	0
10.4140000000007	2.77600000000029	9.72900000000118	0	0
10.6119999999992	3.02999999999975	10.107	0	0
9.92499999999927	2.21300000000019	9.90700000000106	0	0
10.6149999999998	2.58200000000033	10.4449999999997	0	0
9.83099999999831	2.59900000000016	9.54200000000128	0	0
11.1460000000006	3.48900000000003	10.4959999999992	0	0
10.4759999999987	3.08600000000024	9.90500000000065	0	0
10.1900000000005	2.08399999999983	10.0959999999995	0	0
11.5149999999994	4.29500000000007	10.1989999999987	0	0
10.8220000000001	4.17199999999957	9.8119999999999	0	0
10.6010000000006	2.01600000000053	10.009	0	0
10.634	4.25900000000001	9.94800000000032	0	0
10.3770000000004	3.86499999999978	9.78800000000047	0	0
10.8090000000011	2.10900000000038	10.0960000000014	0	0
11.3770000000004	4.94200000000001	10.2870000000003	0	0
11.0859999999993	4.13400000000001	9.94099999999889	0	0
10.8989999999994	5.28999999999996	9.60299999999916	0	0
12.2019999999993	6.44300000000021	10.246000000001	0	0
10.6170000000002	4.9389999999994	9.6200000000008	0	0
10.3289999999997	3.61999999999989	9.87199999999939	0	0
9.85900000000038	3.16100000000006	9.07799999999952	0	0
10.7110000000011	3.35599999999977	10.0789999999997	0	0
9.78100000000086	3.64900000000034	9.27100000000064	0	0
11.2579999999998	3.26000000000022	10.527	0	0
9.70399999999972	1.96300000000065	9.0679999999993	0	0
9.96800000000076	2.77499999999964	9.47100000000137	0	0
11.4559999999983	4.95200000000023	10.4369999999999	0	0
10.4549999999999	4.51299999999992	9.95300000000134	0	0
10.9639999999999	3.97299999999996	9.75200000000041	0	0
10.5550000000003	4.79399999999987	9.53799999999865	0	0
10.3330000000005	2.94499999999971	10.2240000000002	0	0
9.95100000000093	3.84400000000005	9.54999999999927	0	0
10.9220000000005	3.78099999999995	10.5680000000011	0	0
9.78700000000026	2.73599999999988	8.97099999999955	0	0
10.1309999999994	3.86099999999988	9.48300000000017	0	0
10.6869999999999	3.04299999999967	10.4380000000001	0	0
10.3170000000009	3.39699999999993	9.67799999999988	0	0
10.3719999999994	3.91199999999935	9.8700000000008	0	0
10.6610000000001	4.44200000000001	10.0669999999991	0	0
10.5549999999985	1.95100000000002	9.97099999999955	0	0
11.4549999999999	4.2480000000005	10.737000000001	0	0
11.0020000000004	4.07499999999982	10.2199999999993	0	0
11.4070000000011	3.76499999999942	10.4500000000007	0	0
10.6310000000012	2.12299999999959	10.0239999999994	0	0
10.4009999999998	4.40200000000004	9.8070000000007	0	0
10.2600000000002	3.14699999999993	10.0689999999995	0	0
10.4030000000002	4.32099999999991	9.36999999999898	0	0
10.2870000000003	2.29300000000057	10.2340000000004	0	0
9.56400000000031	2.19700000000012	9.01399999999921	0	0
10.5779999999995	4.20000000000073	9.58100000000013	0	0
11.607	5.38599999999951	10.1280000000006	0	0
11.4830000000002	5.31800000000021	10.3670000000002	0	0
10.5330000000013	3.17000000000007	9.88799999999901	0	0
10.9269999999997	2.92700000000059	10.155999999999	0	0
10.4879999999994	1.52999999999975	9.99799999999959	0	0
10.1679999999997	2.32699999999932	10.2129999999997	0	0
9.93500000000131	1.73300000000017	9.43400000000111	0	0
9.50900000000001	2.38800000000083	8.8739999999998	0	0
11.2239999999983	4.22400000000016	10.0939999999991	0	0
10.1020000000008	2.28499999999985	9.23599999999897	0	0
11.5990000000002	4.73400000000038	10.4679999999989	0	0
10.0059999999994	2.66499999999996	9.08399999999892	0	0
10.6010000000006	2.76699999999983	9.84000000000015	0	0
10.6689999999999	3.17699999999968	9.87900000000081	0	0
10.4200000000001	2.78900000000067	9.70799999999872	0	0
10.389000000001	3.18900000000031	10.0100000000002	0	0
10.0169999999998	3.25699999999961	9.72700000000077	0	0
10.6200000000008	2.75800000000072	10.0310000000009	0	0
10.7000000000007	3.51800000000003	10.1539999999986	0	0
10.1880000000001	2.74200000000019	9.53600000000006	0	0
10.6679999999997	3.38700000000063	10.3209999999999	0	0
10.6119999999992	2.48700000000008	10.1560000000009	0	0
10.8179999999993	2.83500000000004	9.96700000000055	0	0
11.0529999999999	4.33299999999963	10.0189999999984	0	0
10.6920000000009	3.49499999999989	10.0770000000011	0	0
10.9269999999997	2.85899999999947	10.3559999999998	0	0
10.603000000001	3.16200000000026	9.9380000000001	0	0
9.94399999999951	3.50200000000041	9.46399999999994	0	0
10.6119999999992	2.77600000000075	9.88999999999942	0	0
10.4719999999998	2.51100000000042	9.98500000000058	0	0
10.862000000001	3.9409999999998	10.1799999999985	0	0
10.1880000000001	3.52000000000044	9.67000000000007	0	0
10.360999999999	3.11200000000008	10.0060000000012	0	0
10.5490000000009	4.04299999999967	9.98499999999876	0	0
10.7420000000002	2.46500000000015	10.2940000000017	0	0
11.5439999999999	5.13199999999961	10.4260000000013	0	0
11.1880000000001	4.3690000000006	10.0200000000004	0	0
10.6290000000008	2.04399999999987	10.1770000000015	0	0
10.1680000000015	2.66299999999956	9.68100000000049	0	0
10.4920000000002	2.08100000000013	9.75900000000001	0	0
10.4310000000005	2.04699999999957	9.89199999999983	0	0
10.5630000000001	2.85400000000027	10.0699999999997	0	0
11.7070000000003	4.93100000000049	10.5699999999997	0	0
11.2270000000008	3.63000000000011	10.2099999999991	0	0
10.0109999999986	3.60699999999997	9.4369999999999	0	0
10.3600000000006	2.93900000000031	9.75900000000001	0	0
10.1769999999997	2.78600000000006	9.58100000000013	0	0
11.3270000000011	5.01800000000003	10.4519999999993	0	0
10.6130000000012	3.5049999999992	9.75600000000122	0	0
11.2959999999985	4.26699999999983	10.2540000000008	0	0
11.2160000000003	3.60599999999977	10.2789999999986	0	0
10.3339999999989	3.29799999999977	9.71199999999953	0	0
10.0930000000008	1.91899999999987	10.0159999999996	0	0
9.81599999999889	3.13600000000042	10.1540000000005	0	0
9.05000000000109	0.936000000000604	8.92500000000109	0	0
9.80299999999988	2.1869999999999	9.53499999999985	0	0
10.9380000000001	3.95599999999922	10.3959999999988	0	0
11.0920000000006	5.00200000000041	10.3430000000008	0	0
10.1399999999994	2.96399999999994	10.1749999999993	0	0
10.3029999999999	3.03600000000006	10.0450000000001	0	0
10.1910000000007	1.65099999999984	9.90200000000004	0	0
10.4359999999997	2.09599999999955	9.76399999999921	0	0
10.9700000000012	4.22900000000027	10.6099999999988	0	0
10.0420000000013	2.41299999999956	9.77599999999984	0	0
9.54199999999946	1.82000000000062	8.93499999999949	0	0
11.0670000000009	4.06400000000031	10.7690000000002	0	0
9.54800000000068	2.38000000000011	9.22400000000016	0	0
10.4760000000006	3.07900000000063	10.0210000000006	0	0
11.1830000000009	3.94800000000032	10.5439999999999	0	0
10.2540000000008	4.58599999999933	9.3849999999984	0	0
10.7480000000014	3.76300000000083	10.2450000000008	0	0
10.4400000000005	3.3779999999997	10.2579999999998	0	0
10.1410000000014	2.32899999999972	10.0190000000002	0	0
11.2690000000002	3.1860000000006	10.2019999999993	0	0
10.3760000000002	2.42500000000018	9.68999999999869	0	0
10.1239999999998	2.17100000000028	9.39500000000044	0	0
10.4899999999998	2.26000000000022	10.3009999999995	0	0
9.27500000000146	1.72199999999975	8.83799999999974	0	0
10.3429999999989	2.98600000000079	10.0679999999993	0	0
10.030999999999	1.34900000000016	9.72700000000077	0	0
10.1010000000006	3.28800000000047	9.71100000000115	0	0
10.8359999999993	4.05500000000029	9.9940000000006	0	0
10.2600000000002	2.20300000000043	9.48599999999897	0	0
9.99900000000162	2.21099999999933	9.31000000000131	0	0
10.9080000000013	3.63600000000042	10.4380000000001	0	0
10.5200000000004	3.45200000000023	9.87199999999939	0	0
10.8939999999984	4.08199999999943	10.1659999999993	0	0
10.3809999999994	3.85300000000007	10.0740000000005	0	0
10.369999999999	4.10699999999997	9.60100000000057	0	0
11.5920000000006	4.86299999999937	10.8589999999986	0	0
10.8119999999999	2.26600000000053	10.3250000000007	0	0
10.0220000000008	2.23400000000038	9.70099999999911	0	0
10.0190000000002	3.66100000000006	9.43599999999969	0	0
10.6090000000004	3.80999999999949	10.1749999999993	0	0
9.96600000000035	2.79899999999998	9.41699999999946	0	0
9.28100000000086	3.27300000000014	9.01800000000003	0	0
11.1329999999998	4.38000000000011	11.1290000000008	0	0
10.384	2.98799999999937	9.4900000000016	0	0
10.9160000000011	4.1309999999994	9.9429999999993	0	0
10.1509999999998	1.94499999999971	9.84200000000055	0	0
10.3830000000016	2.6880000000001	10.4300000000003	0	0
9.76200000000063	3.36700000000019	9.31099999999969	0	0
11.3729999999996	4.21700000000055	10.6560000000009	0	0
11.2350000000006	2.23599999999988	10.3590000000004	0	0
10.5400000000009	2.50900000000001	9.67299999999886	0	0
11.3600000000006	3.46699999999964	10.3400000000001	0	0
10.857	4.30199999999968	9.38100000000122	0	0
11.2510000000002	4.39900000000034	9.95499999999993	0	0
10.8539999999994	2.04999999999927	9.93100000000049	0	0
10.3400000000001	3.40499999999975	9.58300000000054	0	0
10.8029999999999	4.6850000000004	10.0200000000004	0	0
10.2240000000002	3.32900000000063	10.0210000000006	0	0
10.610999999999	2.34999999999945	9.64499999999862	0	0
10.2939999999999	1.61999999999989	10.0210000000006	0	0
10.1290000000008	3.0610000000006	9.97400000000016	0	0
10.9609999999993	3.66100000000006	10.2810000000009	0	0
11.3189999999995	4.06800000000021	10.741	0	0
12.1380000000008	5.65500000000065	10.7240000000002	0	0
10.7139999999999	4.71500000000015	9.60199999999895	0	0
11.6650000000009	4.20399999999972	10.8019999999997	0	0
10.8670000000002	4.03700000000026	10.1329999999998	0	0
10.5319999999992	2.80299999999988	9.64999999999964	0	0
10.0490000000009	2.25300000000061	9.61499999999978	0	0
9.90399999999863	1.91299999999956	9.83899999999994	0	0
9.48499999999876	1.9399999999996	9.08300000000054	0	0
9.86499999999978	1.85300000000007	9.52199999999903	0	0
10.2880000000005	2.39099999999962	10.2430000000004	0	0
10.2759999999998	3.42100000000028	9.93899999999849	0	0
10.4350000000013	2.14100000000053	10.128999999999	0	0
10.2399999999998	2.09199999999964	9.1770000000015	0	0
10.7160000000003	2.90900000000056	9.99099999999999	0	0
10.4509999999991	2.09999999999945	9.72799999999916	0	0
10.887999999999	2.97800000000007	10.1180000000004	0	0
10.4380000000001	2.27900000000045	9.99199999999837	0	0
9.87900000000081	1.43199999999979	9.58599999999933	0	0
10.9180000000015	2.77199999999993	10.2330000000002	0	0
11.0029999999988	4.30099999999948	10.4339999999993	0	0
10.9219999999987	2.97800000000007	10.3869999999988	0	0
9.88800000000083	1.84900000000016	10.0799999999999	0	0
16.7600000000002	4.25	15.6299999999992	0	0
10.6150000000016	3.12800000000061	10.4150000000009	0	0
9.96699999999873	2.71500000000015	10.5510000000013	0	0
10.3109999999997	2.07800000000043	9.73300000000017	0	0
10.2249999999985	2.80699999999979	9.99800000000141	0	0
10.8300000000017	2.8070000000007	9.91799999999967	0	0
10.268	2.46299999999974	9.90999999999985	0	0
10.5420000000013	3.42600000000039	10.0240000000013	0	0
10.2029999999977	3.34100000000035	9.85399999999936	0	0
10.6860000000015	4.34900000000016	10.2939999999999	0	0
10.7250000000022	3.83500000000004	10.1980000000003	0	0
10.5159999999996	3.52299999999923	9.52300000000105	0	0
11.525999999998	5.39500000000044	10.3959999999988	0	0
10.7720000000008	3.13599999999951	9.59799999999996	0	0
10.6519999999982	2.92599999999948	9.70800000000054	0	0
11.9300000000003	3.46999999999935	10.8949999999986	0	0
10.4979999999996	2.69800000000032	9.58599999999933	0	0
9.63799999999901	2.11400000000049	8.94000000000051	0	0
11.2750000000015	4.47600000000057	10.4740000000002	0	0
10.6209999999992	3.86099999999988	9.6820000000007	0	0
11.4500000000007	5.44499999999971	10.1859999999997	0	0
10.5999999999985	3.15499999999975	9.48500000000058	0	0
10.7539999999972	3.4980000000005	9.7549999999992	0	0
10.1189999999988	3.24699999999939	9.20799999999872	0	0
10.4650000000001	2.65599999999995	10.1959999999999	0	0
10.4830000000002	3.60200000000077	9.37099999999919	0	0
11.0900000000001	4.28099999999995	10.1010000000006	0	0
11.020999999997	2.61400000000049	10.1990000000005	0	0
10.3050000000003	2.59099999999944	9.44800000000032	0	0
10.6330000000016	3.30799999999999	9.51499999999942	0	0
9.85000000000218	3.90800000000036	9.25500000000102	0	0
9.63100000000122	2.18000000000029	8.90200000000004	0	0
10.987000000001	4.88000000000011	9.98599999999897	0	0
10.7330000000002	4.61099999999988	9.7549999999992	0	0
9.83099999999831	2.77800000000025	9.55900000000111	0	0
9.98500000000058	2.09600000000046	9.84400000000096	0	0
11.1539999999986	3.26099999999951	10.7119999999995	0	0
10.0489999999991	2.45200000000023	9.41699999999946	0	0
10.5660000000025	2.6239999999998	9.78999999999905	0	0
10.4889999999978	2.41199999999935	10.0329999999994	0	0
10.1080000000002	3.24799999999959	9.88500000000022	0	0
10.232	3.68100000000049	10.0799999999999	0	0
9.86899999999878	2.44300000000021	9.68599999999969	0	0
9.28000000000247	1.93799999999919	8.76699999999983	0	0
10.6099999999969	4.29299999999967	10.3909999999996	0	0
10.4500000000007	3.29199999999946	9.67699999999968	0	0
10.6520000000019	3.18299999999999	9.78600000000006	0	0
10.4360000000015	2.82999999999993	10.491	0	0
10.5119999999988	3.71100000000024	10.1410000000014	0	0
9.15999999999985	1.6840000000002	9.12700000000041	0	0
10.4709999999977	2.56900000000041	10.0329999999994	0	0
10.3339999999989	3.08400000000074	9.99499999999898	0	0
9.72899999999936	2.60400000000027	9.10399999999936	0	0
10.0589999999975	3.50200000000041	9.78900000000067	0	0
10.2760000000017	4.04699999999957	10.1179999999986	0	0
10.3839999999982	3.07200000000012	10.1389999999992	0	0
10.2829999999994	1.99499999999989	10.3050000000003	0	0
9.88799999999901	1.67699999999968	9.96299999999974	0	0
10.0060000000012	2.40200000000004	9.69099999999889	0	0
10.0339999999997	2.24299999999948	9.28099999999904	0	0
11.0110000000022	4.40399999999954	10.0110000000022	0	0
10.3529999999992	3.12100000000009	9.85900000000038	0	0
10.864999999998	2.14099999999962	10.1260000000002	0	0
10.6349999999984	4.21100000000024	10.0169999999998	0	0
10.780999999999	3.84199999999964	9.84399999999732	0	0
10.1910000000025	3.76200000000063	9.48500000000058	0	0
10.8950000000004	3.77099999999973	10.1749999999993	0	0
10.780999999999	4.20100000000002	9.85699999999997	0	0
9.8849999999984	2.22000000000025	9.15199999999822	0	0
10.3630000000012	2.125	9.62099999999919	0	0
10.3070000000007	3.90499999999975	9.75500000000102	0	0
10.607	3.23100000000068	9.73499999999694	0	0
10.7180000000008	3.59199999999964	9.71099999999933	0	0
10.3439999999973	3.82600000000002	9.36899999999878	0	0
10.8179999999993	4.25500000000011	9.51900000000023	0	0
11.1049999999996	4.49600000000009	9.93600000000151	0	0
10.0099999999984	2.51400000000012	9.14799999999741	0	0
10.4350000000013	2.70499999999993	9.4419999999991	0	0
10.9110000000001	3.57300000000032	10.1959999999999	0	0
10.357	2.23299999999927	9.59700000000157	0	0
9.70400000000154	2.65900000000056	8.71299999999974	0	0
10.5010000000002	3.27700000000004	10.2910000000011	0	0
10.6899999999987	3.96100000000024	9.70000000000073	0	0
10.2369999999974	2.37900000000081	9.37099999999919	0	0
9.80099999999948	2.11700000000019	9.53099999999904	0	0
10.9860000000008	1.97000000000025	10.1790000000001	0	0
10.0439999999981	1.67800000000079	9.62900000000081	0	0
11.893	4.98899999999958	10.6619999999966	0	0
11.1919999999991	2.30000000000018	10.4180000000015	0	0
10.9709999999977	3.51400000000012	9.97000000000116	0	0
10.9089999999997	3.16799999999967	10.3700000000026	0	0
10.7429999999986	3.52599999999984	10.1630000000005	0	0
10.2569999999978	3.88900000000012	9.72200000000157	0	0
10.7700000000004	2.90899999999965	10.130000000001	0	0
11.6660000000011	5.30199999999968	10.7599999999984	0	0
10.0560000000005	3.27099999999973	9.96600000000035	0	0
10.4989999999998	2.13100000000031	9.60499999999956	0	0
11.1920000000027	3.84499999999935	10.2430000000022	0	0
10.117000000002	3.33500000000004	9.64700000000084	0	0
10.5879999999997	2.72100000000046	9.84100000000035	0	0
11.4539999999979	4.60000000000036	10.2860000000001	0	0
10.6610000000001	3.78300000000036	9.59700000000157	0	0
10.7779999999984	4.0630000000001	9.94700000000012	0	0
11.773000000001	4.44300000000021	10.8819999999978	0	0
10.5449999999983	2.31899999999951	10.0849999999991	0	0
10.4369999999981	2.27400000000034	9.65300000000207	0	0
11.3499999999985	4.53999999999996	10.382999999998	0	0
9.8660000000018	2.10099999999966	9.85599999999977	0	0
18.9140000000007	7.33899999999994	17.9150000000009	0	0
11.2930000000015	6.88700000000063	10.4660000000003	0	0
10.148000000001	3.41300000000047	9.91300000000047	0	0
10.9430000000029	3.88199999999961	10.377999999997	0	0
10.9959999999992	5.22900000000027	9.79899999999907	0	0
10.518	3.125	10.1550000000025	0	0
10.9719999999979	3.91300000000047	10.3220000000001	0	0
11.7000000000007	4.6869999999999	10.5989999999983	0	0
10.1090000000004	2.33500000000004	9.51400000000285	0	0
11.0070000000014	3.31500000000051	10.2539999999972	0	0
10.8479999999981	2.39300000000003	10.2010000000009	0	0
10.4010000000017	3.25700000000052	9.56899999999951	0	0
10.1739999999991	4.05200000000059	9.72799999999916	0	0
10.5529999999999	3.26100000000042	9.97399999999834	0	0
11.2439999999988	2.95299999999952	10.9609999999993	0	0
11.4170000000013	5.67499999999927	9.92699999999968	0	0
11.5370000000003	5.8720000000003	10.3029999999999	0	0
11.005000000001	3.63900000000012	10.2440000000024	0	0
11.0420000000013	3.93000000000029	10.369999999999	0	0
10.362000000001	2.60799999999927	9.70999999999913	0	0
10.3450000000012	2.67600000000039	10.4000000000015	0	0
10.4959999999992	4.3690000000006	9.81400000000212	0	0
10.2590000000018	3.75700000000052	10.3439999999973	0	0
10.9450000000033	3.1850000000004	10.7890000000007	0	0
10.3780000000006	3.34299999999985	9.76800000000003	0	0
10.6460000000006	3.8690000000006	10.0400000000009	0	0
10.4039999999986	3.5619999999999	9.91700000000128	0	0
10.0989999999983	2.3149999999996	9.20700000000215	0	0
9.47799999999916	1.83199999999943	9.36700000000201	0	0
11.0459999999985	3.42099999999937	9.94900000000052	0	0
10.3499999999985	3.91900000000078	9.73700000000099	0	0
10.7649999999994	3.24399999999969	10.393	0	0
11.1189999999988	3.82700000000023	10.1710000000021	0	0
10.5810000000019	1.98299999999927	9.94999999999709	0	0
9.7510000000002	2.75799999999981	9.73399999999674	0	0
9.78700000000026	3.55599999999959	9.89199999999983	0	0
11.0360000000001	3.67600000000039	10.385000000002	0	0
10.8549999999996	3.0659999999998	10.5190000000002	0	0
10.137999999999	2.98499999999967	10.0010000000002	0	0
9.99799999999959	3.02500000000055	9.89500000000044	0	0
10.2899999999972	2.61099999999988	10.4400000000023	0	0
10.7089999999989	2.33500000000004	10.3470000000016	0	0
10.1139999999978	2.64199999999983	9.92199999999866	0	0
10.2170000000006	2.60900000000038	10.1049999999996	0	0
9.94799999999668	2.8720000000003	10.0760000000009	0	0
9.96600000000035	2.89400000000023	9.94499999999971	0	0
9.75799999999799	1.93599999999969	9.35699999999997	0	0
10.2479999999996	3.35499999999956	9.65700000000288	0	0
10.8100000000013	4.04099999999926	9.94700000000012	0	0
10.0509999999995	2.40200000000004	9.6260000000002	0	0
10.4439999999995	3.4369999999999	10.0110000000022	0	0
10.2309999999998	2.72999999999956	9.27100000000064	0	0
9.80099999999948	2.46900000000005	9.64600000000064	0	0
10.5630000000019	3.88999999999942	10.2969999999987	0	0
10.844000000001	1.78199999999924	10.380000000001	0	0
10.3400000000001	3.25699999999961	9.99699999999939	0	0
12.1739999999991	5.77599999999984	10.7900000000009	0	0
11.2360000000008	3.4340000000002	10.632999999998	0	0
10.6100000000006	2.91200000000026	10.3019999999997	0	0
10.2510000000002	2.95700000000033	10.0780000000013	0	0
11.8420000000006	3.49600000000009	10.5639999999985	0	0
12.012999999999	6.85300000000007	11.125	0	0
10.9590000000026	3.46799999999985	10.2790000000023	0	0
11.2549999999974	5.07600000000002	9.89899999999761	0	0
11.0910000000003	4.11800000000039	10.1589999999997	0	0
11.9480000000003	5.29100000000017	10.6720000000023	0	0
11.3289999999979	4.71799999999985	10.2170000000006	0	0
11.1110000000008	4.08699999999953	10.2540000000008	0	0
11.25	4.10500000000047	10.8229999999967	0	0
10.9809999999998	2.38700000000063	10.2659999999996	0	0
10.510000000002	2.70700000000033	9.60599999999977	0	0
9.85199999999895	3.56800000000021	9.59000000000015	0	0
18.3689999999988	5.96999999999935	17.5730000000003	0	0
10.7819999999992	3.57999999999993	9.81999999999971	0	0
10.4490000000005	2.54600000000028	9.32500000000073	0	0
