5.099	0.725	5.657	0	0
4.29	0.424	4.871	0	0
4.456	0.819999999999999	4.968	0	0
4.245	0.324	4.58	0	0
4.38500000000001	0.675	4.93600000000001	0	0
4.58800000000001	1.157	5.599	0	0
5.223	0.765000000000001	5.83999999999999	0	0
4.49900000000001	0.936	5.38799999999999	0	0
4.61399999999999	1.149	5.44500000000001	0	0
4.691	1.376	5.71000000000001	0	0
4.26899999999999	0.508000000000003	4.65400000000002	0	0
4.179	0.280000000000001	4.49700000000001	0	0
4.37899999999999	0.395000000000003	4.732	0	0
4.21899999999999	0.165000000000003	4.41	0	0
4.30799999999999	0.285	4.60499999999999	0	0
6.017	1.753	6.833	0	0
4.404	1.07	5.21100000000001	0	0
4.392	0.481999999999999	4.995	0	0
4.12899999999999	0.294	4.42399999999998	0	0
5.34999999999999	1.096	6.31299999999999	0	0
4.14099999999999	0.289000000000001	4.43000000000001	0	0
4.143	0.302999999999997	4.447	0	0
4.13100000000003	0.289999999999999	4.42000000000002	0	0
4.10700000000003	0.286000000000001	4.39300000000003	0	0
4.185	0.273999999999994	4.45999999999998	0	0
4.14400000000001	0.298000000000002	4.44299999999998	0	0
4.13400000000001	0.280000000000001	4.41500000000002	0	0
4.12	0.322000000000003	4.44199999999995	0	0
4.14299999999997	0.367000000000004	4.51099999999997	0	0
4.19200000000001	0.350000000000001	4.54200000000003	0	0
8.17499999999995	0.621000000000002	8.79599999999999	0	0
4.87799999999999	0.298999999999999	5.17700000000002	0	0
4.13899999999995	0.294999999999995	4.435	0	0
4.99399999999997	0.355000000000004	5.34800000000001	0	0
4.13400000000001	0.289999999999999	4.70300000000003	0	0
4.32499999999999	0.516000000000005	4.87799999999999	0	0
4.24199999999996	0.412999999999997	4.613	0	0
4.202	0.323	4.52600000000001	0	0
4.34800000000001	0.368000000000002	4.71499999999997	0	0
4.40000000000003	0.306000000000004	4.99599999999998	0	0
4.45299999999997	0.290999999999997	4.80200000000002	0	0
4.654	0.815999999999995	5.57200000000006	0	0
4.35599999999999	0.335999999999999	4.8420000000001	0	0
4.37200000000001	0.302999999999997	4.84999999999991	0	0
4.38299999999998	0.331000000000003	4.94000000000005	0	0
4.399	0.286999999999999	4.92699999999991	0	0
5.04499999999996	1.237	6.03399999999999	0	0
5.26099999999997	0.372999999999998	5.54399999999998	0	0
4.47199999999998	0.337999999999994	4.84300000000007	0	0
5.56099999999992	1.053	6.34400000000005	0	0
4.59499999999991	0.391999999999996	5.06299999999999	0	0
4.53700000000003	0.366999999999997	4.96299999999997	0	0
4.11699999999996	0.347000000000001	4.46699999999998	0	0
4.96899999999994	1.39099999999999	6.19299999999998	0	0
5.45400000000006	1.72099999999999	6.38100000000009	0	0
4.548	1.11999999999999	5.44299999999998	0	0
4.45799999999997	0.894000000000005	5.279	0	0
4.34100000000001	0.715000000000003	5.15200000000004	0	0
4.08499999999992	0.281999999999996	4.59299999999996	0	0
4.1400000000001	0.471999999999994	4.6049999999999	0	0
4.44100000000003	0.310000000000002	4.85800000000006	0	0
4.49699999999996	0.372	5.26200000000006	0	0
4.30999999999995	0.353999999999999	5.14999999999998	0	0
4.39099999999996	1.17700000000001	5.32400000000007	0	0
4.37900000000002	0.821999999999989	4.82899999999995	0	0
4.471	1.154	5.39800000000002	0	0
5.02699999999993	0.72699999999999	5.60599999999999	0	0
4.36900000000003	0.743000000000009	4.87900000000002	0	0
5.16399999999999	1.113	6.07100000000003	0	0
4.08299999999997	0.287999999999997	4.37199999999996	0	0
4.12	0.344000000000008	4.46399999999994	0	0
4.08100000000002	0.291000000000011	4.37200000000007	0	0
4.23599999999999	0.680999999999997	4.82100000000003	0	0
4.03899999999999	0.319999999999993	4.35900000000004	0	0
4.45600000000002	0.275000000000006	5.06299999999999	0	0
4.86299999999994	1.31999999999999	5.97799999999995	0	0
4.63200000000006	0.903999999999996	5.44999999999993	0	0
4.904	1.348	6.14599999999996	0	0
4.81899999999996	1.17100000000001	5.86599999999999	0	0
4.81000000000006	1.33200000000001	5.94099999999992	0	0
4.61399999999992	0.716999999999999	5.31499999999994	0	0
4.77499999999998	1.205	5.86000000000001	0	0
4.83600000000001	1.15700000000001	6.01700000000017	0	0
4.577	0.882000000000005	5.47599999999989	0	0
4.72500000000002	0.921999999999997	5.52199999999993	0	0
5.39400000000001	0.345000000000013	5.86300000000006	0	0
4.43500000000006	0.337000000000003	4.91599999999994	0	0
4.63700000000006	0.742000000000004	5.529	0	0
4.38400000000001	0.382999999999996	4.82899999999995	0	0
4.46800000000007	0.376000000000005	4.81700000000001	0	0
4.42499999999995	0.38300000000001	4.81000000000017	0	0
4.42400000000009	0.312000000000012	4.7639999999999	0	0
4.4129999999999	0.357999999999976	4.76999999999998	0	0
4.3610000000001	0.325000000000017	4.798	0	0
4.54499999999985	0.278999999999996	4.82400000000007	0	0
4.53399999999988	0.405000000000001	4.94000000000005	0	0
4.38699999999994	0.367000000000019	4.72500000000014	0	0
4.54999999999995	0.474000000000018	4.92200000000003	0	0
4.42599999999993	0.317000000000007	4.86000000000013	0	0
4.42100000000005	0.326000000000022	4.75800000000004	0	0
4.43000000000006	0.302999999999997	4.74600000000009	0	0
4.44299999999998	0.328000000000003	4.78099999999995	0	0
4.4380000000001	0.328000000000003	4.79099999999994	0	0
4.49500000000012	0.347000000000008	4.89300000000003	0	0
4.62199999999984	0.829000000000008	5.35899999999992	0	0
4.47900000000004	0.395999999999987	4.95800000000008	0	0
4.45499999999993	0.315000000000026	4.77099999999996	0	0
4.42599999999993	0.346000000000004	4.81299999999987	0	0
4.43399999999997	0.34699999999998	4.79199999999992	0	0
4.51700000000005	0.338999999999999	4.85699999999997	0	0
4.46900000000005	0.350999999999999	4.82200000000012	0	0
4.31499999999983	0.351999999999975	4.66699999999992	0	0
4.51300000000015	0.625	5.12999999999988	0	0
4.39499999999998	0.314999999999998	4.75	0	0
4.35400000000004	0.352000000000004	4.61699999999996	0	0
8.702	0.694999999999993	9.48400000000015	0	0
4.86399999999981	1.06899999999999	5.67699999999991	0	0
4.34399999999982	0.335000000000008	4.67899999999986	0	0
4.375	0.424999999999983	4.7829999999999	0	0
4.34500000000003	0.316000000000003	4.68999999999983	0	0
4.38100000000009	0.301000000000016	4.78099999999995	0	0
4.32999999999993	0.340000000000003	4.70800000000008	0	0
4.35200000000009	0.313999999999993	4.68299999999999	0	0
4.31799999999998	0.330999999999989	4.64999999999986	0	0
4.42399999999998	0.299000000000007	4.72400000000016	0	0
4.47900000000004	0.321000000000026	4.79399999999987	0	0
4.38900000000012	0.319999999999993	4.70900000000006	0	0
4.3900000000001	0.318999999999988	4.71100000000001	0	0
4.39599999999996	0.322000000000003	4.74799999999982	0	0
4.44300000000021	0.343000000000018	4.8599999999999	0	0
4.38599999999997	0.330999999999989	4.71699999999987	0	0
4.42700000000013	0.338999999999999	4.76699999999983	0	0
4.48599999999988	0.311000000000007	4.7940000000001	0	0
4.36899999999991	0.350999999999999	4.7199999999998	0	0
4.43900000000008	0.367999999999995	4.80600000000004	0	0
4.47299999999996	0.312000000000012	4.92399999999998	0	0
4.38499999999999	0.323000000000008	4.73799999999983	0	0
4.42699999999991	0.406000000000006	4.83500000000004	0	0
4.40499999999997	0.303000000000026	4.70900000000006	0	0
4.46899999999982	0.384999999999991	4.94100000000003	0	0
4.31299999999987	0.326000000000022	4.79099999999994	0	0
4.43100000000004	0.311000000000007	4.76099999999997	0	0
4.35699999999997	0.302999999999997	4.66000000000008	0	0
4.41600000000017	0.260999999999996	4.82500000000005	0	0
4.85500000000002	1.09399999999999	5.74399999999991	0	0
5.06899999999996	1.46199999999999	6.29500000000007	0	0
4.80299999999988	1.21800000000002	5.98300000000017	0	0
4.78800000000001	1.06799999999998	5.86799999999994	0	0
5.39599999999996	1.643	6.51900000000001	0	0
4.75700000000006	1.084	5.93000000000006	0	0
4.52999999999997	1.15200000000002	5.41100000000006	0	0
4.25	0.513999999999982	4.65900000000011	0	0
4.59900000000016	1.12800000000001	5.38100000000009	0	0
4.51099999999997	1.25299999999999	5.41699999999992	0	0
4.10200000000009	0.280999999999977	4.43100000000004	0	0
4.06400000000008	0.311999999999983	4.37599999999998	0	0
4.09400000000005	0.287000000000006	4.38200000000006	0	0
4.14499999999998	0.219999999999999	4.36500000000001	0	0
4.94499999999994	1.30699999999999	5.59300000000007	0	0
4.26700000000005	0.593999999999994	4.92000000000007	0	0
4.10900000000015	0.347000000000008	4.45600000000013	0	0
4.11899999999991	0.355999999999995	4.47599999999989	0	0
4.09300000000007	0.300000000000011	4.471	0	0
4.76699999999983	0.972000000000008	5.81400000000008	0	0
4.7639999999999	0.955999999999989	5.53899999999999	0	0
4.71500000000015	1.03200000000001	5.79899999999998	0	0
10.079	1.97200000000001	11.569	0	0
4.77300000000014	1.28800000000001	5.80799999999999	0	0
4.73099999999999	1.13899999999998	5.71300000000019	0	0
4.64900000000011	0.828000000000003	5.3420000000001	0	0
4.55600000000004	0.888999999999982	5.09900000000016	0	0
4.67499999999995	1.17699999999999	5.56400000000031	0	0
4.65300000000002	1.11399999999998	5.57500000000027	0	0
4.69399999999996	1.26400000000001	5.76199999999972	0	0
4.6719999999998	1.19799999999998	5.67399999999998	0	0
4.49199999999996	0.399000000000001	4.94200000000001	0	0
4.34899999999993	0.330999999999989	4.68100000000004	0	0
4.42400000000021	0.28400000000002	4.82900000000018	0	0
4.35900000000015	0.310000000000002	4.67000000000007	0	0
4.40000000000009	0.347000000000008	5.24499999999989	0	0
4.34699999999998	0.461000000000013	4.85300000000007	0	0
4.41999999999985	0.282999999999987	4.73900000000003	0	0
4.33600000000001	0.296999999999997	4.65200000000004	0	0
4.34000000000015	0.343000000000018	4.69599999999991	0	0
4.33700000000022	0.387	4.72499999999991	0	0
4.41599999999971	0.36699999999999	4.78400000000011	0	0
4.36799999999994	0.296999999999997	4.66599999999971	0	0
9.39400000000023	0.670000000000016	10.0650000000001	0	0
4.31999999999971	0.327000000000027	4.65700000000015	0	0
5.09099999999989	0.476999999999975	5.46900000000005	0	0
4.30199999999968	0.283000000000015	4.5659999999998	0	0
4.27299999999968	0.323000000000008	4.596	0	0
4.30400000000009	0.331999999999994	4.63599999999997	0	0
4.37800000000016	0.308000000000021	4.68700000000035	0	0
4.30099999999993	0.32699999999997	4.62800000000016	0	0
4.39499999999998	0.301999999999964	4.69900000000007	0	0
4.28899999999976	0.348000000000013	4.63799999999992	0	0
4.40700000000015	0.302999999999997	4.71099999999979	0	0
4.33699999999999	0.333000000000027	4.67099999999982	0	0
4.29899999999998	0.387	4.68600000000015	0	0
4.29700000000003	0.310999999999979	4.60899999999992	0	0
4.29700000000003	0.294999999999959	4.59100000000035	0	0
4.30399999999963	0.307999999999993	4.68499999999995	0	0
4.56700000000001	0.887999999999977	5.30400000000009	0	0
4.279	0.347999999999956	4.68399999999974	0	0
4.35399999999981	0.315999999999974	4.71900000000005	0	0
4.34099999999989	0.319000000000017	4.74600000000009	0	0
4.82699999999977	1.255	5.77399999999989	0	0
4.96399999999994	1.53799999999995	6.35600000000022	0	0
5.02599999999984	1.221	5.73899999999958	0	0
4.80699999999979	1.327	5.89400000000023	0	0
4.404	0.319999999999993	4.72499999999991	0	0
4.32400000000007	0.331000000000017	4.654	0	0
4.36000000000013	0.43100000000004	4.79199999999992	0	0
4.30300000000034	0.364000000000033	4.66599999999971	0	0
4.39600000000019	0.336999999999989	4.73199999999997	0	0
4.32400000000007	0.340000000000032	4.66300000000001	0	0
4.38799999999992	0.338999999999999	4.72800000000007	0	0
4.37699999999995	0.33099999999996	4.71199999999999	0	0
4.30099999999993	0.418999999999983	4.69200000000001	0	0
4.42599999999993	0.390999999999963	4.81800000000021	0	0
4.38999999999987	0.379999999999995	4.76999999999998	0	0
4.41499999999996	0.310999999999979	4.72600000000011	0	0
4.31399999999985	0.336000000000013	4.64899999999989	0	0
4.47299999999996	0.335999999999956	4.8090000000002	0	0
4.3449999999998	0.278999999999996	4.62300000000005	0	0
4.40200000000004	0.314999999999998	4.71699999999964	0	0
4.37800000000016	0.40300000000002	4.76399999999967	0	0
4.30699999999979	0.370000000000005	4.71500000000015	0	0
4.32400000000007	0.366999999999962	4.69200000000001	0	0
4.82500000000027	1.29200000000003	5.83600000000024	0	0
4.29399999999987	0.314999999999998	4.60899999999992	0	0
4.36400000000003	0.305999999999983	4.67100000000028	0	0
4.30399999999963	0.298999999999978	4.60299999999961	0	0
4.33899999999994	0.395000000000039	4.73499999999967	0	0
4.30499999999984	0.329999999999984	4.88100000000031	0	0
4.33399999999983	0.367000000000019	4.70100000000002	0	0
4.36400000000003	0.400000000000034	4.76399999999967	0	0
4.35400000000027	0.370999999999981	4.78699999999981	0	0
4.4409999999998	0.473000000000013	5.05400000000009	0	0
4.38099999999986	0.324999999999989	4.70499999999993	0	0
4.23000000000002	0.314999999999998	4.86200000000008	0	0
4.19799999999987	0.267000000000053	4.46500000000015	0	0
4.46300000000019	0.629000000000019	5.08899999999994	0	0
4.346	0.322000000000003	4.76400000000012	0	0
4.33299999999963	0.290999999999997	4.79099999999971	0	0
8.78999999999996	0.624000000000024	9.45399999999972	0	0
4.4340000000002	0.342000000000041	4.88999999999987	0	0
4.32900000000018	0.334000000000003	4.69500000000016	0	0
4.63200000000006	0.873999999999967	5.40899999999965	0	0
4.34000000000015	0.315999999999974	4.69499999999971	0	0
4.3779999999997	0.327999999999975	4.68499999999995	0	0
4.53999999999996	0.572999999999979	5.1550000000002	0	0
4.41300000000001	0.336999999999989	4.73199999999997	0	0
4.55499999999984	0.352000000000032	5.05799999999999	0	0
4.46399999999994	0.531999999999982	5.11200000000008	0	0
4.45199999999977	0.336000000000013	4.82299999999987	0	0
4.36499999999978	0.307000000000016	4.67200000000003	0	0
4.36999999999989	0.370999999999981	4.74199999999973	0	0
4.48500000000013	0.371000000000038	4.87400000000025	0	0
4.63099999999986	0.559000000000026	5.10300000000007	0	0
4.49499999999989	0.327999999999975	4.83300000000008	0	0
4.44000000000005	0.328999999999951	4.76900000000023	0	0
5.35699999999997	1.65800000000002	6.25500000000011	0	0
4.74499999999989	1.06900000000002	5.625	0	0
4.55599999999959	0.31899999999996	4.92399999999998	0	0
4.41600000000017	0.27600000000001	4.81500000000005	0	0
4.93499999999995	1.46199999999999	6.10400000000027	0	0
4.42300000000023	0.300000000000011	4.83800000000019	0	0
4.38599999999997	0.257999999999981	5.07499999999982	0	0
4.28099999999995	0.382000000000005	4.97700000000032	0	0
4.40499999999975	0.394000000000005	5.36899999999969	0	0
4.55300000000034	1.11799999999999	5.53800000000001	0	0
4.46699999999964	0.79200000000003	5.11000000000013	0	0
4.45600000000013	0.744000000000028	5.08100000000013	0	0
4.13099999999986	0.314999999999998	4.44700000000012	0	0
4.14300000000003	0.324999999999989	4.46900000000005	0	0
4.16699999999992	0.390999999999963	4.55999999999995	0	0
4.1550000000002	0.390999999999963	4.54800000000023	0	0
4.18900000000031	0.278999999999996	4.46900000000005	0	0
4.4079999999999	0.823000000000036	5.1220000000003	0	0
4.30400000000009	0.721000000000004	4.87100000000009	0	0
4.1239999999998	0.307999999999993	4.43399999999974	0	0
4.14399999999978	0.302999999999997	4.44700000000012	0	0
4.12699999999995	0.309000000000026	4.43600000000015	0	0
4.11699999999973	0.324000000000012	4.44100000000026	0	0
4.12299999999959	0.283000000000015	4.40599999999995	0	0
4.12800000000016	0.290999999999997	4.42000000000007	0	0
4.25900000000001	0.603000000000009	5.02500000000009	0	0
4.74400000000014	0.988	5.58800000000019	0	0
4.37700000000041	0.51600000000002	5.08600000000024	0	0
4.35899999999992	0.286000000000001	4.6579999999999	0	0
4.09099999999989	0.314000000000021	4.42000000000007	0	0
4.24800000000005	0.331000000000017	4.37000000000035	0	0
4.39399999999978	0.548000000000002	5.00800000000027	0	0
4.14500000000044	0.313999999999965	4.45899999999983	0	0
4.15999999999985	0.278999999999996	4.43899999999985	0	0
4.11599999999999	0.290999999999997	4.4079999999999	0	0
4.11099999999988	0.294999999999959	4.40700000000015	0	0
4.12400000000025	0.310999999999979	4.56900000000041	0	0
4.09799999999996	0.296999999999969	4.46100000000024	0	0
4.12300000000005	0.392000000000053	4.67799999999988	0	0
4.47400000000016	0.997000000000014	5.49199999999973	0	0
4.23100000000022	0.299999999999955	4.5319999999997	0	0
4.154	0.278999999999996	4.4340000000002	0	0
4.20499999999993	0.322999999999979	4.55899999999974	0	0
4.12899999999991	0.352000000000032	4.48100000000022	0	0
4.17599999999993	0.282999999999959	4.45900000000029	0	0
4.18099999999959	0.299999999999955	4.48300000000017	0	0
4.17000000000007	0.324999999999989	4.56800000000021	0	0
4.23300000000017	0.295000000000016	4.59899999999971	0	0
4.22000000000025	0.269000000000005	4.53800000000001	0	0
4.17799999999988	0.28000000000003	4.49399999999969	0	0
4.35500000000002	0.531000000000006	4.96000000000004	0	0
4.13900000000012	0.34899999999999	4.56100000000015	0	0
4.13500000000022	0.301000000000045	4.49400000000014	0	0
4.13300000000027	0.286000000000001	4.58299999999963	0	0
4.1869999999999	0.25200000000001	4.59000000000015	0	0
4.11400000000003	0.298999999999978	4.41399999999976	0	0
4.17799999999988	0.271000000000015	4.44799999999987	0	0
4.0949999999998	0.317000000000007	4.51600000000008	0	0
4.15000000000009	0.27600000000001	4.42599999999993	0	0
4.12300000000005	0.302999999999997	4.54299999999967	0	0
4.17700000000013	0.302999999999997	4.48099999999977	0	0
4.14899999999989	0.370999999999981	4.52199999999993	0	0
4.23500000000013	0.363999999999976	4.59899999999971	0	0
4.10900000000038	0.312000000000012	4.42100000000028	0	0
4.17000000000007	0.295000000000016	4.46600000000035	0	0
4.14899999999989	0.299000000000035	4.45100000000002	0	0
4.12299999999959	0.312000000000012	4.4340000000002	0	0
4.16400000000021	0.351999999999975	4.51699999999983	0	0
4.23399999999992	0.30400000000003	4.53800000000001	0	0
4.79999999999973	1.34500000000003	5.91699999999992	0	0
4.15200000000004	0.307999999999993	4.46000000000004	0	0
4.09100000000035	0.279999999999973	4.46199999999999	0	0
4.13499999999976	0.264999999999986	4.4699999999998	0	0
4.58500000000004	0.67900000000003	5.24200000000019	0	0
5.23900000000003	1.25200000000001	5.99199999999973	0	0
4.84099999999989	1.37700000000001	6.01399999999967	0	0
4.68199999999979	0.72199999999998	5.35800000000017	0	0
4.76700000000028	1.28399999999999	5.84799999999996	0	0
4.87100000000009	1.20799999999997	5.82600000000002	0	0
4.87199999999984	1.17999999999995	5.77800000000025	0	0
4.36500000000024	0.335999999999956	4.74099999999999	0	0
4.36699999999973	0.302999999999997	4.67200000000048	0	0
4.41600000000017	0.353000000000009	4.84500000000025	0	0
4.77100000000019	0.800000000000011	5.875	0	0
5.29199999999992	2.15800000000002	6.95399999999972	0	0
4.6239999999998	0.954000000000008	6.33799999999974	0	0
4.35500000000002	0.211999999999989	5.1230000000005	0	0
4.52499999999964	0.537000000000035	5.64999999999964	0	0
5.25300000000016	2.29300000000001	8.02599999999984	0	0
4.72299999999996	0.94300000000004	6.60400000000027	0	0
8.44599999999991	1.03899999999999	9.36200000000008	0	0
4.50800000000027	1.15600000000001	6.11200000000008	0	0
4.7170000000001	0.256000000000029	6.05500000000029	0	0
4.97700000000032	1.71299999999997	7.96999999999935	0	0
6.71299999999974	1.30800000000005	8.83699999999953	0	0
5.596	1.47999999999996	7.69899999999961	0	0
5.16000000000031	1.49899999999997	7.16600000000017	0	0
9.71599999999989	1.30399999999997	11.1269999999995	0	0
4.29400000000032	0.446000000000026	6.07999999999993	0	0
4.21799999999985	0.245999999999981	5.31700000000001	0	0
5.13500000000022	0.293999999999983	6.0619999999999	0	0
4.29899999999998	0.341999999999985	5.10300000000007	0	0
5.11700000000019	1.51999999999998	7.62100000000009	0	0
4.38099999999986	0.211999999999989	5.57899999999972	0	0
12.6019999999999	1.97699999999998	16.0159999999996	0	0
4.64300000000003	1.00300000000004	6.0630000000001	0	0
4.68600000000015	1.18700000000001	5.95799999999963	0	0
4.654	1.17900000000003	5.70399999999972	0	0
4.76999999999953	1.18299999999999	5.7470000000003	0	0
4.38700000000063	0.36099999999999	4.7519999999995	0	0
4.47599999999966	0.35899999999998	5.08100000000013	0	0
4.53800000000047	0.396000000000015	5.10600000000068	0	0
4.46200000000044	0.341000000000008	4.75600000000031	0	0
4.34400000000005	0.314999999999998	4.66000000000076	0	0
4.27499999999964	0.16500000000002	4.58100000000013	0	0
4.66899999999987	0.825999999999965	5.40399999999954	0	0
5.1880000000001	0.348000000000013	5.64300000000003	0	0
4.4340000000002	0.463000000000022	4.8809999999994	0	0
4.45800000000054	0.617999999999995	5.11500000000069	0	0
4.37599999999929	0.338999999999999	5.01099999999951	0	0
4.4369999999999	0.294999999999959	4.72000000000025	0	0
8.84599999999955	0.822999999999979	9.61899999999969	0	0
4.41700000000037	0.336999999999989	5.05400000000009	0	0
4.4389999999994	0.356999999999971	5.00600000000031	0	0
4.4389999999994	0.32099999999997	4.75799999999981	0	0
4.41300000000047	0.310999999999979	4.76800000000003	0	0
4.32999999999993	0.441000000000031	4.82800000000043	0	0
4.32099999999991	0.307000000000016	4.6299999999992	0	0
4.97500000000036	0.367000000000019	5.34200000000055	0	0
4.39100000000053	0.343999999999994	4.73099999999977	0	0
4.35800000000017	0.380999999999972	4.74099999999999	0	0
4.51899999999932	0.757999999999981	5.37899999999991	0	0
4.36799999999948	0.307000000000016	4.67699999999968	0	0
5.09200000000055	0.346000000000004	5.4389999999994	0	0
4.43000000000029	0.338999999999999	4.76999999999953	0	0
4.45399999999972	0.302999999999997	4.75700000000052	0	0
4.32200000000012	0.319999999999993	4.73000000000047	0	0
4.35900000000038	0.432000000000016	4.80099999999948	0	0
4.40599999999995	0.281999999999982	4.79600000000028	0	0
4.35600000000068	0.315999999999974	4.67200000000048	0	0
4.45299999999952	0.302999999999997	4.75600000000031	0	0
4.36899999999969	0.33200000000005	4.70100000000002	0	0
4.46000000000004	0.419999999999959	4.88000000000011	0	0
4.42300000000068	0.322999999999979	4.74600000000009	0	0
5.3119999999999	0.267999999999972	5.58100000000013	0	0
4.4340000000002	0.331999999999994	4.76600000000053	0	0
4.52299999999923	0.323000000000036	4.84700000000066	0	0
4.35000000000036	0.317000000000007	4.89499999999953	0	0
4.42699999999968	0.329000000000008	4.90799999999945	0	0
4.36899999999969	0.404999999999973	4.97800000000007	0	0
4.27700000000004	0.297000000000025	4.59200000000055	0	0
4.32900000000063	0.298999999999978	4.63799999999992	0	0
4.32300000000032	0.34899999999999	4.68299999999999	0	0
8.80599999999959	1.06900000000002	9.85699999999997	0	0
4.28099999999995	0.338999999999999	4.73199999999997	0	0
4.32899999999972	0.307000000000016	4.65300000000025	0	0
4.34000000000015	0.319000000000017	4.65999999999985	0	0
4.3110000000006	0.370999999999981	4.6840000000002	0	0
4.28600000000006	0.336999999999989	4.64999999999964	0	0
4.40200000000004	0.294999999999959	4.69899999999961	0	0
5.07099999999991	0.300999999999988	5.40000000000055	0	0
4.43499999999949	0.322999999999979	4.7489999999998	0	0
4.25900000000001	0.351999999999975	4.61200000000008	0	0
4.39000000000033	0.302999999999997	4.69300000000021	0	0
4.35400000000027	0.264999999999986	4.61899999999969	0	0
4.42399999999998	0.302999999999997	4.72699999999986	0	0
4.39900000000034	0.267999999999915	4.78899999999976	0	0
4.58200000000033	0.587999999999965	5.15700000000015	0	0
4.38699999999972	0.272000000000048	4.66100000000006	0	0
5.1869999999999	0.331999999999994	5.52100000000064	0	0
4.41599999999926	0.391999999999939	4.69200000000001	0	0
4.34100000000035	0.312000000000012	4.65399999999954	0	0
4.3130000000001	0.302999999999997	4.61799999999948	0	0
4.43299999999999	0.454000000000065	4.87100000000009	0	0
4.28700000000026	0.331999999999994	4.63200000000052	0	0
4.31999999999971	0.311000000000035	4.66600000000017	0	0
5.03299999999945	0.295999999999935	5.35300000000007	0	0
4.36399999999958	0.302999999999997	4.66699999999946	0	0
4.29100000000017	0.302999999999997	4.60199999999986	0	0
4.36499999999978	0.375999999999976	4.77199999999993	0	0
4.25900000000001	0.335000000000036	4.60400000000027	0	0
4.44700000000012	0.367999999999938	4.77600000000075	0	0
4.26499999999942	0.350999999999999	4.60499999999956	0	0
5.07899999999972	0.324000000000069	5.40300000000025	0	0
4.29600000000028	0.350000000000023	4.65099999999984	0	0
4.3130000000001	0.349000000000046	4.65400000000045	0	0
4.31400000000031	0.310999999999922	4.63400000000001	0	0
4.34299999999985	0.418999999999983	4.73400000000038	0	0
5	0.339000000000055	5.3739999999998	0	0
4.33899999999994	0.206999999999994	4.44899999999961	0	0
4.22600000000057	0.325999999999908	4.57000000000062	0	0
4.28200000000015	0.351999999999975	4.94799999999941	0	0
4.25700000000052	0.291999999999916	4.92199999999957	0	0
4.23500000000058	0.350000000000023	4.62800000000061	0	0
4.38500000000022	0.399999999999977	4.89300000000003	0	0
5.61800000000039	1.02699999999993	6.27599999999984	0	0
5.02299999999923	1.18900000000008	5.91300000000047	0	0
4.79699999999957	1.27600000000007	5.8130000000001	0	0
4.88900000000012	1.221	5.84000000000015	0	0
4.36200000000008	0.434999999999945	4.71200000000044	0	0
5.32800000000043	0.894999999999982	5.93100000000049	0	0
4.4409999999998	0.512000000000057	4.82700000000023	0	0
4.40999999999985	0.298999999999978	4.70899999999983	0	0
4.50399999999991	0.346000000000004	4.83500000000004	0	0
4.32700000000023	0.358999999999924	4.6860000000006	0	0
4.41600000000017	0.376999999999953	4.79299999999967	0	0
4.26000000000022	0.458999999999946	5.33199999999943	0	0
4.39199999999983	0.984000000000037	5.0630000000001	0	0
8.13000000000011	0.682999999999993	8.79799999999977	0	0
4.12299999999959	0.26299999999992	4.38599999999951	0	0
4.13200000000052	0.266999999999939	4.39900000000034	0	0
4.05799999999999	0.310999999999922	4.36999999999989	0	0
4.7440000000006	0.347999999999956	5.10099999999966	0	0
4.08200000000033	0.304000000000087	4.38500000000022	0	0
4.11599999999999	0.361999999999966	4.49600000000009	0	0
4.82600000000002	0.308999999999969	5.1260000000002	0	0
4.36400000000049	0.728000000000065	4.92000000000007	0	0
4.26599999999962	0.580000000000041	4.73499999999967	0	0
4.21199999999953	0.451999999999998	4.74200000000019	0	0
4.08799999999974	0.301000000000045	4.48500000000058	0	0
4.04500000000007	0.354000000000042	4.51000000000022	0	0
4.11499999999978	0.270000000000095	4.55699999999979	0	0
6.01699999999983	2.13900000000001	6.79799999999977	0	0
4.60699999999997	0.968999999999937	5.43599999999969	0	0
4.66199999999935	1.25900000000001	5.70800000000054	0	0
4.33500000000004	0.374000000000024	4.57799999999952	0	0
4.35699999999997	0.384000000000015	4.71500000000015	0	0
4.35699999999997	0.355000000000018	4.7470000000003	0	0
4.41299999999956	0.399999999999977	4.82300000000032	0	0
4.40200000000004	0.342999999999961	4.7559999999994	0	0
4.40899999999965	0.379000000000019	4.84199999999964	0	0
8.60800000000017	0.634000000000015	9.33499999999913	0	0
4.40100000000075	0.30600000000004	4.73399999999947	0	0
4.31899999999951	0.122999999999934	4.39800000000014	0	0
4.52499999999964	0.396000000000072	4.97800000000007	0	0
5.56099999999969	2.08899999999994	6.69999999999982	0	0
4.77700000000004	1.15200000000004	5.66400000000067	0	0
5.60699999999997	1.33399999999995	6.69300000000021	0	0
4.77499999999964	1.18200000000002	5.71200000000044	0	0
5.08400000000074	1.60199999999998	6.28700000000026	0	0
4.84500000000025	1.25599999999997	5.90999999999985	0	0
4.69499999999971	1.30100000000004	5.6899999999996	0	0
4.77499999999964	1.072	5.57399999999961	0	0
4.59000000000015	0.740000000000009	5.11099999999988	0	0
5.41100000000006	0.733000000000061	5.93299999999999	0	0
4.5630000000001	0.51400000000001	4.90500000000065	0	0
4.29600000000028	0.315000000000055	4.61099999999988	0	0
4.45000000000073	0.640999999999963	5.19400000000041	0	0
4.625	0.754999999999995	5.35099999999966	0	0
5.26800000000003	0.635999999999967	5.9940000000006	0	0
4.42300000000068	0.408999999999992	5.10599999999977	0	0
4.26399999999921	0.375999999999976	4.67600000000039	0	0
4.42500000000018	0.367000000000075	4.80199999999968	0	0
4.28000000000065	0.391000000000076	4.70499999999993	0	0
5.15700000000015	0.381999999999948	5.87700000000041	0	0
4.34499999999935	0.311999999999898	4.6899999999996	0	0
4.39199999999983	0.394999999999982	4.78899999999976	0	0
4.32899999999972	0.298999999999978	4.63000000000011	0	0
8.45400000000063	0.558999999999969	9.30699999999979	0	0
4.22099999999955	0.276000000000067	4.49600000000009	0	0
4.1860000000006	0.386999999999944	4.56700000000001	0	0
4.21099999999933	0.307000000000016	4.51899999999932	0	0
4.89999999999964	0.307999999999993	5.20899999999983	0	0
4.29299999999967	0.307999999999993	4.60100000000057	0	0
4.40400000000045	0.393000000000029	4.84600000000046	0	0
4.4340000000002	0.294999999999959	4.76000000000022	0	0
4.46000000000004	0.581000000000017	5.03099999999995	0	0
4.43900000000031	0.371999999999957	4.99000000000069	0	0
4.29200000000037	0.337999999999965	4.72799999999916	0	0
4.39900000000034	0.346000000000004	4.78999999999996	0	0
4.31099999999969	0.316000000000031	4.66700000000037	0	0
5.04300000000057	0.372999999999934	5.39300000000003	0	0
4.43599999999969	0.31899999999996	4.79399999999987	0	0
4.38100000000031	0.29200000000003	4.76800000000003	0	0
4.46399999999994	0.458999999999946	4.98099999999977	0	0
4.39899999999943	0.341000000000008	4.76999999999953	0	0
4.3769999999995	0.276000000000067	4.6880000000001	0	0
4.39200000000073	0.270999999999958	4.6880000000001	0	0
4.36799999999948	0.330000000000041	4.69800000000032	0	0
4.38400000000001	0.315000000000055	4.71999999999935	0	0
4.34299999999985	0.296000000000049	4.63900000000012	0	0
4.42699999999968	0.291000000000054	4.71799999999985	0	0
4.28600000000006	0.331000000000017	4.6279999999997	0	0
4.36299999999937	0.326999999999998	4.70100000000002	0	0
10.1639999999998	1.88900000000001	11.6080000000002	0	0
4.31700000000001	0.293000000000006	4.67000000000007	0	0
4.27199999999993	0.319999999999936	4.59199999999964	0	0
4.33299999999963	0.410999999999945	4.74499999999989	0	0
4.28700000000026	0.323999999999955	4.65499999999975	0	0
4.32900000000063	0.302999999999997	4.63200000000052	0	0
4.34199999999964	0.291000000000054	4.65000000000055	0	0
4.41600000000017	0.259999999999991	4.90400000000045	0	0
4.33199999999943	0.40300000000002	4.73700000000008	0	0
4.42399999999998	0.291000000000054	4.71600000000035	0	0
5.08500000000004	0.326999999999998	5.43299999999999	0	0
4.42799999999988	0.345000000000027	4.77299999999923	0	0
4.26400000000012	0.338000000000079	4.60300000000007	0	0
4.34699999999975	0.331000000000017	4.67900000000009	0	0
4.30799999999999	0.324000000000069	4.63199999999961	0	0
4.3779999999997	0.327999999999975	4.70700000000033	0	0
4.3159999999998	0.322000000000003	4.63899999999921	0	0
5.13599999999951	0.310000000000059	5.47099999999955	0	0
4.35599999999977	0.313999999999965	4.91600000000017	0	0
4.47000000000025	0.362999999999943	5.15899999999965	0	0
8.6220000000003	0.608000000000061	9.59799999999996	0	0
4.31400000000031	0.396000000000072	4.84799999999996	0	0
4.29899999999998	0.417999999999893	4.95499999999993	0	0
5.16200000000026	0.398000000000025	5.69399999999951	0	0
4.40799999999945	0.311000000000035	4.72000000000025	0	0
4.34699999999975	0.366999999999962	4.74799999999959	0	0
4.33099999999922	0.33299999999997	4.67300000000068	0	0
4.38499999999931	0.323999999999955	4.70800000000054	0	0
4.29299999999967	0.419999999999959	4.72800000000007	0	0
4.33399999999983	0.395000000000095	4.76500000000033	0	0
4.26199999999972	0.323999999999955	4.63000000000011	0	0
4.98800000000028	0.294999999999959	5.59400000000005	0	0
4.3100000000004	0.30600000000004	4.80299999999988	0	0
4.30200000000059	0.313999999999965	4.61599999999999	0	0
4.39300000000003	0.44399999999996	4.88600000000042	0	0
4.08899999999994	0.291000000000054	4.38100000000031	0	0
4.82999999999993	0.274999999999977	5.13400000000001	0	0
4.12400000000071	0.355000000000018	4.47900000000027	0	0
12.067	0.923000000000002	12.9920000000002	0	0
4.50099999999929	0.281000000000063	4.90499999999975	0	0
5.1880000000001	0.375	5.53999999999996	0	0
4.85100000000057	1.202	6.0619999999999	0	0
4.50399999999991	0.30499999999995	4.8760000000002	0	0
5.73300000000017	1.25200000000007	6.61499999999978	0	0
4.44999999999982	0.307999999999993	4.78899999999976	0	0
4.38700000000063	0.432999999999993	4.79599999999937	0	0
5.08800000000065	0.436000000000035	5.53200000000015	0	0
4.59299999999985	0.33400000000006	5.15799999999945	0	0
4.40800000000036	0.371999999999957	4.95299999999952	0	0
4.39400000000023	0.163999999999987	4.6309999999994	0	0
5.05400000000009	1.12199999999996	5.85800000000017	0	0
5.26699999999983	0.313999999999965	5.73800000000028	0	0
4.39699999999993	0.384999999999991	5.04999999999927	0	0
4.46399999999994	0.312999999999988	4.84900000000016	0	0
5.18499999999949	0.331999999999994	5.70800000000054	0	0
4.42000000000007	0.419999999999959	4.84199999999964	0	0
4.39500000000044	0.419999999999959	4.81700000000001	0	0
4.42900000000009	0.253000000000043	5.15099999999984	0	0
4.42300000000068	0.326999999999998	5.14599999999973	0	0
4.76699999999983	1.03000000000009	5.59699999999975	0	0
5.43599999999969	0.627000000000066	5.71699999999964	0	0
4.74099999999999	1.07500000000005	5.5679999999993	0	0
4.45200000000023	0.330000000000041	4.77099999999973	0	0
4.40999999999985	0.331999999999994	4.74200000000019	0	0
4.40700000000015	0.336000000000013	4.7510000000002	0	0
5.15499999999975	0.37600000000009	5.60400000000027	0	0
4.39100000000053	0.331999999999994	4.72200000000066	0	0
4.45300000000043	0.315000000000055	4.76900000000023	0	0
5.17799999999988	0.33400000000006	5.72400000000016	0	0
4.44599999999991	0.382999999999925	4.84799999999996	0	0
4.48400000000038	0.275999999999954	4.83399999999983	0	0
5.04600000000028	0.337000000000103	5.47699999999986	0	0
4.36999999999989	0.384000000000015	4.7529999999997	0	0
4.85000000000036	1.13999999999999	5.43499999999949	0	0
5.09100000000035	0.250999999999976	5.34799999999996	0	0
4.48700000000008	0.496999999999957	4.90999999999985	0	0
8.66700000000037	0.63799999999992	9.32099999999991	0	0
4.34500000000025	0.29200000000003	4.6190000000006	0	0
4.47299999999996	0.492000000000075	4.92500000000018	0	0
4.32899999999972	0.301999999999907	4.63200000000052	0	0
4.45100000000002	0.303999999999974	4.83100000000013	0	0
4.44300000000021	0.366999999999962	4.85300000000007	0	0
4.35500000000047	0.291000000000054	4.7519999999995	0	0
5.14699999999993	0.268000000000029	5.90599999999995	0	0
4.54200000000037	0.283000000000015	4.79199999999946	0	0
4.46600000000035	0.334999999999923	4.71699999999964	0	0
4.42900000000009	0.336000000000013	4.76600000000053	0	0
4.59799999999996	0.383000000000038	4.97199999999975	0	0
4.4360000000006	0.427999999999997	4.78700000000026	0	0
4.45600000000013	0.307000000000016	4.76400000000012	0	0
4.43299999999999	0.331000000000017	4.89199999999983	0	0
4.4989999999998	0.326999999999998	4.82800000000043	0	0
5.22200000000066	0.324999999999932	5.6260000000002	0	0
8.71200000000044	0.704000000000065	9.42800000000079	0	0
4.42799999999988	0.355000000000018	4.78400000000056	0	0
4.45399999999972	0.298999999999978	4.75500000000011	0	0
4.40999999999985	0.299999999999955	4.71000000000004	0	0
4.50500000000011	0.379000000000019	4.88499999999931	0	0
4.3720000000003	0.427999999999997	4.80000000000018	0	0
5.12400000000071	0.360000000000014	5.48499999999967	0	0
4.37100000000009	0.351999999999975	4.72299999999996	0	0
4.4399999999996	0.350999999999999	4.79200000000037	0	0
4.44500000000062	0.298999999999978	4.74499999999989	0	0
4.61400000000049	1.00800000000004	5.48599999999988	0	0
4.38400000000001	0.360000000000014	4.74600000000009	0	0
4.39900000000034	0.294999999999959	4.69599999999991	0	0
4.4369999999999	0.34699999999998	4.78699999999935	0	0
4.46099999999933	0.411000000000058	4.92199999999957	0	0
4.34500000000025	0.331999999999994	4.68000000000029	0	0
4.38500000000022	0.363999999999919	4.74900000000071	0	0
5.22000000000025	0.333000000000084	5.6880000000001	0	0
4.39400000000023	0.345000000000027	4.71799999999985	0	0
4.40400000000045	0.307999999999993	4.71299999999974	0	0
4.375	0.327999999999975	4.70400000000063	0	0
4.36500000000069	0.324000000000069	4.69200000000001	0	0
8.71000000000004	0.702999999999975	9.55899999999929	0	0
4.3110000000006	0.114000000000033	4.86100000000079	0	0
4.42999999999938	0.310999999999922	4.77499999999964	0	0
4.5019999999995	0.396999999999935	5.03299999999945	0	0
4.35699999999997	0.315000000000055	4.70299999999952	0	0
8.74499999999989	0.716999999999985	9.54399999999987	0	0
4.52499999999964	0.301000000000045	4.87800000000061	0	0
4.48599999999988	0.335000000000036	4.88199999999961	0	0
4.42799999999988	0.322999999999979	4.80400000000009	0	0
4.40599999999995	0.311999999999898	4.88800000000083	0	0
4.46000000000004	0.379000000000019	4.84100000000035	0	0
4.34200000000055	0.302000000000021	4.77599999999984	0	0
4.43000000000029	0.359000000000037	4.78900000000067	0	0
4.30699999999979	0.335999999999899	4.64300000000003	0	0
4.30100000000039	0.343999999999937	4.65699999999924	0	0
4.45399999999972	0.294999999999959	4.7510000000002	0	0
4.31099999999969	0.322999999999979	4.63699999999881	0	0
4.48700000000008	0.379999999999995	4.86800000000039	0	0
4.09299999999985	0.341999999999985	4.49300000000039	0	0
4.16200000000026	0.589000000000055	4.63900000000103	0	0
9.39400000000023	1.92399999999998	11.1860000000015	0	0
4.78999999999996	1.15600000000006	5.86399999999958	0	0
4.3720000000003	0.300000000000068	4.71699999999873	0	0
4.5	0.515999999999963	4.97800000000097	0	0
8.88699999999972	0.775999999999954	9.64700000000084	0	0
4.3739999999998	0.307999999999993	4.68100000000049	0	0
5.23300000000017	0.377999999999929	5.63600000000042	0	0
4.45600000000013	0.548000000000002	5.0679999999993	0	0
4.33300000000054	0.294999999999959	4.6309999999994	0	0
5.07300000000032	0.336000000000013	5.48099999999977	0	0
4.33299999999963	0.423999999999978	4.76199999999881	0	0
4.43099999999959	0.277000000000044	4.72099999999955	0	0
4.31999999999971	0.288000000000011	4.61199999999917	0	0
4.35199999999986	0.37600000000009	4.90500000000065	0	0
4.34000000000015	0.326999999999998	4.66899999999987	0	0
4.4380000000001	0.278999999999996	4.71999999999935	0	0
4.34400000000005	0.343999999999937	4.6880000000001	0	0
4.37199999999939	0.364000000000033	4.73799999999937	0	0
4.3159999999998	0.326999999999998	4.64400000000023	0	0
4.46399999999994	0.327999999999975	4.79299999999967	0	0
4.38200000000052	0.307999999999993	4.69100000000071	0	0
4.46299999999974	0.351999999999975	4.81599999999889	0	0
4.49799999999959	0.387000000000057	4.97400000000016	0	0
4.40899999999965	0.334999999999923	4.7450000000008	0	0
4.94999999999982	1.35000000000002	6.13199999999961	0	0
4.51200000000063	0.396000000000072	4.90999999999985	0	0
4.39199999999983	0.31899999999996	4.72199999999975	0	0
4.44599999999991	0.298000000000002	4.99099999999999	0	0
4.47000000000025	0.399000000000001	5.12700000000041	0	0
4.3119999999999	0.380999999999972	4.78400000000147	0	0
4.33600000000024	0.27800000000002	4.63700000000063	0	0
4.35000000000036	0.330999999999904	4.8690000000006	0	0
4.38299999999981	0.30499999999995	4.93100000000049	0	0
4.55699999999979	0.360000000000014	4.94800000000032	0	0
4.45899999999983	0.350999999999999	4.98799999999937	0	0
4.42700000000059	0.342999999999961	4.77100000000064	0	0
4.48699999999917	0.423999999999978	4.8760000000002	0	0
5.21699999999964	0.340000000000032	5.55699999999888	0	0
4.48000000000047	0.381000000000085	4.83400000000074	0	0
4.51800000000003	0.335000000000036	4.68499999999949	0	0
4.4360000000006	0.350999999999999	4.78800000000047	0	0
4.43000000000029	0.303999999999974	4.73700000000099	0	0
4.53200000000015	0.326999999999998	4.86399999999958	0	0
4.37299999999959	0.359000000000037	4.75600000000122	0	0
4.52599999999984	0.299999999999955	4.82600000000093	0	0
6.84500000000025	2.24000000000001	7.78099999999904	0	0
4.1880000000001	0.42999999999995	4.54199999999946	0	0
4.15700000000015	0.288000000000011	4.44499999999971	0	0
4.16800000000057	0.302999999999997	4.47199999999975	0	0
4.1279999999997	0.294999999999959	4.42300000000068	0	0
4.20199999999932	0.278999999999996	4.48099999999977	0	0
4.14699999999993	0.26400000000001	4.41199999999844	0	0
4.12300000000141	0.288000000000011	4.40999999999985	0	0
4.20499999999993	0.350999999999999	4.55799999999908	0	0
4.20299999999952	0.276000000000067	4.47999999999956	0	0
4.13299999999981	0.294999999999959	4.54299999999967	0	0
4.18499999999949	0.288000000000011	4.47299999999996	0	0
4.11599999999999	0.298999999999978	4.41799999999967	0	0
4.1140000000014	0.312000000000012	4.43400000000111	0	0
4.1239999999998	0.307999999999993	4.4320000000007	0	0
4.11800000000039	0.278999999999996	4.39999999999964	0	0
4.76999999999862	0.855000000000018	5.38899999999921	0	0
4.19800000000032	0.385999999999967	4.59100000000035	0	0
8.64699999999903	1.36099999999999	10.0010000000002	0	0
4.14799999999923	0.288000000000011	4.46000000000095	0	0
4.14300000000003	0.288000000000011	4.46800000000076	0	0
4.92400000000089	0.300000000000068	5.23500000000058	0	0
4.13999999999942	0.298999999999978	4.44900000000052	0	0
4.7440000000006	1.15899999999999	5.62299999999959	0	0
4.49099999999999	0.703000000000088	5.07000000000153	0	0
4.42900000000009	0.467999999999961	4.80299999999988	0	0
4.375	0.434999999999945	4.78100000000086	0	0
4.40600000000086	0.370999999999981	4.77899999999863	0	0
4.30999999999949	0.334999999999923	4.64699999999903	0	0
5.09299999999894	0.394999999999982	5.49099999999999	0	0
4.32300000000032	0.324000000000069	4.64800000000105	0	0
4.31400000000031	0.356000000000108	4.67200000000048	0	0
4.3169999999991	0.310000000000059	4.63000000000102	0	0
4.28799999999865	0.34699999999998	4.63699999999881	0	0
5.02700000000004	0.355999999999995	5.37700000000041	0	0
4.26599999999962	0.360000000000014	4.62800000000061	0	0
4.39200000000164	0.336000000000013	4.73000000000138	0	0
4.31900000000132	0.322999999999979	4.64399999999841	0	0
8.6969999999983	0.706999999999994	9.40700000000106	0	0
4.24099999999999	0.350999999999999	4.59399999999914	0	0
4.39499999999862	0.347999999999956	4.7440000000006	0	0
4.34700000000157	0.27800000000002	4.61300000000119	0	0
4.42100000000028	0.471000000000004	4.83600000000115	0	0
4.31099999999969	0.302999999999997	4.6140000000014	0	0
4.28099999999904	0.360000000000014	4.64199999999983	0	0
4.29299999999967	0.415000000000077	4.71199999999953	0	0
4.3179999999993	0.332000000000107	4.70399999999972	0	0
8.54299999999967	0.643000000000029	9.17900000000009	0	0
4.125	0.307999999999993	4.43199999999888	0	0
4.13600000000042	0.312000000000012	4.44800000000032	0	0
4.14799999999923	0.270999999999958	4.41899999999987	0	0
4.17699999999968	0.283999999999992	4.46099999999933	0	0
4.1359999999986	0.298999999999978	4.43499999999949	0	0
4.17000000000007	0.335000000000036	4.503999999999	0	0
4.14000000000124	0.312000000000012	4.45099999999911	0	0
4.13199999999961	0.278999999999996	4.41200000000026	0	0
4.11099999999897	0.291999999999916	4.40299999999843	0	0
8.10399999999936	0.615000000000009	8.72000000000116	0	0
4.11399999999958	0.279999999999973	4.39500000000044	0	0
4.10599999999977	0.308000000000106	4.41400000000067	0	0
4.04300000000148	0.341000000000008	4.40800000000127	0	0
4.16499999999905	0.312000000000012	4.47800000000097	0	0
4.8119999999999	0.314999999999941	5.128999999999	0	0
4.15899999999965	0.259999999999991	4.42000000000007	0	0
4.14600000000064	0.331999999999994	4.47899999999936	0	0
4.10800000000017	0.360000000000014	4.46799999999894	0	0
4.12099999999919	0.37600000000009	4.49799999999959	0	0
4.83899999999994	0.296000000000049	5.13600000000042	0	0
4.17799999999988	0.296000000000049	4.47400000000016	0	0
4.20299999999952	0.336000000000013	4.53900000000067	0	0
4.12800000000061	0.366999999999962	4.49599999999919	0	0
4.10999999999876	0.311999999999898	4.42500000000109	0	0
4.12199999999939	0.392000000000053	4.51500000000124	0	0
4.25200000000041	0.432000000000016	4.60800000000017	0	0
4.29500000000007	0.335000000000036	4.63199999999961	0	0
4.21699999999873	0.124000000000024	4.46000000000095	0	0
5.16500000000087	1.42600000000004	5.96900000000096	0	0
4.78499999999985	1.54499999999996	6.06899999999951	0	0
5.02499999999964	0.302999999999997	5.33400000000074	0	0
4.27400000000125	0.420999999999935	4.6830000000009	0	0
4.30400000000009	0.384000000000015	4.68000000000029	0	0
4.20499999999993	0.249000000000024	4.52699999999822	0	0
8.46399999999994	0.61099999999999	9.10100000000057	0	0
4.996000000001	0.32000000000005	5.31599999999889	0	0
8.57799999999952	1.02099999999996	9.52400000000125	0	0
4.30400000000009	0.326999999999998	4.63299999999981	0	0
4.23299999999836	0.331999999999994	4.5669999999991	0	0
4.28300000000127	0.302999999999997	4.59699999999975	0	0
4.36000000000058	0.406000000000063	4.65799999999945	0	0
4.28200000000106	0.284000000000106	4.56600000000071	0	0
4.32099999999991	0.323999999999955	4.64600000000064	0	0
4.25500000000102	0.327999999999975	4.59200000000055	0	0
4.3130000000001	0.340000000000032	4.65600000000086	0	0
4.29999999999927	0.336000000000013	4.63700000000063	0	0
4.24799999999959	0.368000000000052	4.61700000000019	0	0
4.35100000000057	0.407000000000039	4.62199999999939	0	0
8.42799999999988	0.450000000000045	8.72999999999956	0	0
4.34100000000035	0.365000000000009	4.70600000000013	0	0
5.02200000000084	0.383000000000038	5.40899999999965	0	0
4.32300000000032	0.302999999999997	4.62799999999879	0	0
4.1820000000007	0.336999999999989	4.55099999999948	0	0
4.24099999999999	0.302999999999997	4.54700000000048	0	0
4.26999999999862	0.355000000000018	4.62799999999879	0	0
4.90400000000045	0.350999999999999	5.25799999999981	0	0
4.24599999999919	0.350999999999999	4.59900000000016	0	0
4.26499999999942	0.451999999999998	4.66899999999987	0	0
4.28200000000106	0.276000000000067	4.56700000000092	0	0
4.35499999999956	0.319999999999936	4.60800000000017	0	0
4.98800000000119	0.314000000000078	5.30999999999949	0	0
4.28499999999985	0.312000000000012	4.59900000000016	0	0
4.25699999999961	0.366999999999962	4.6260000000002	0	0
4.30499999999847	0.311000000000035	4.6239999999998	0	0
4.21700000000055	0.300000000000068	4.51800000000003	0	0
4.97499999999854	0.392000000000053	5.36799999999857	0	0
4.28700000000026	0.30499999999995	4.67100000000028	0	0
4.3239999999987	0.408000000000015	4.73400000000038	0	0
4.28999999999905	0.315000000000055	4.60500000000138	0	0
4.25	0.360000000000014	4.61099999999897	0	0
4.96700000000055	0.406999999999925	5.3859999999986	0	0
4.25699999999961	0.311000000000035	4.57099999999991	0	0
4.30199999999968	0.323999999999955	4.62700000000041	0	0
4.27700000000004	0.351999999999975	4.63000000000102	0	0
4.29699999999866	0.312000000000012	4.60900000000038	0	0
4.26599999999962	0.336000000000013	4.60300000000097	0	0
8.4429999999993	0.622999999999934	9.06999999999971	0	0
4.31500000000051	0.278999999999996	4.59599999999955	0	0
4.27700000000004	0.298999999999978	4.6880000000001	0	0
4.28399999999965	0.326999999999998	4.61199999999917	0	0
4.2440000000006	0.342999999999961	4.58899999999994	0	0
4.28600000000006	0.312999999999988	4.65300000000025	0	0
4.29600000000028	0.392000000000053	4.65300000000025	0	0
5.04699999999866	0.342999999999961	5.38000000000102	0	0
4.24599999999919	0.398000000000025	4.77800000000025	0	0
4.47700000000077	1.02800000000002	5.55600000000049	0	0
4.24799999999959	0.311000000000035	4.56000000000131	0	0
4.35900000000038	0.307000000000016	4.66599999999926	0	0
5.02200000000084	0.336000000000013	5.35800000000017	0	0
4.2510000000002	0.347999999999956	4.60000000000036	0	0
4.38199999999961	0.425999999999931	4.85999999999876	0	0
4.28800000000047	0.307000000000016	4.59599999999955	0	0
4.46900000000096	0.541000000000054	4.9369999999999	0	0
5.03899999999885	0.447000000000003	5.73500000000058	0	0
4.25300000000061	0.298999999999978	4.55400000000009	0	0
4.28499999999985	0.307000000000016	4.65999999999985	0	0
4.28300000000127	0.318000000000097	4.63400000000001	0	0
4.37700000000041	0.341000000000008	4.69100000000071	0	0
5.05499999999847	0.341999999999985	5.41400000000067	0	0
4.53800000000047	0.594999999999914	5.13999999999942	0	0
4.33100000000013	0.341000000000008	4.67699999999968	0	0
4.38199999999961	0.393000000000029	4.77400000000125	0	0
4.32400000000052	0.311000000000035	4.63500000000022	0	0
8.69000000000051	0.817999999999984	9.65300000000025	0	0
4.28000000000065	0.311999999999898	4.59200000000055	0	0
5.03099999999904	0.384000000000015	5.40700000000106	0	0
8.5570000000007	0.66700000000003	9.23099999999977	0	0
5.05199999999968	0.160000000000082	5.23400000000038	0	0
4.26299999999901	0.312000000000012	4.57500000000073	0	0
4.29800000000068	0.336000000000013	4.63400000000001	0	0
4.38799999999901	0.331999999999994	4.76400000000103	0	0
4.28200000000106	0.316000000000031	4.59999999999854	0	0
5.1309999999994	0.306999999999903	5.44100000000071	0	0
4.25799999999981	0.327999999999975	4.59499999999935	0	0
4.35999999999876	0.359000000000037	4.72100000000137	0	0
4.43199999999888	0.408999999999992	4.86599999999999	0	0
4.34299999999894	0.296000000000049	4.63900000000103	0	0
5.07200000000012	0.351999999999975	5.42499999999927	0	0
4.35900000000038	0.294999999999959	4.66500000000087	0	0
4.40599999999904	0.362999999999943	4.77100000000064	0	0
4.38899999999921	0.283000000000015	4.67400000000089	0	0
4.45300000000134	0.339000000000055	4.79699999999866	0	0
5.16699999999946	0.386999999999944	5.58599999999933	0	0
4.59199999999873	0.88900000000001	5.37400000000162	0	0
4.56999999999971	0.675000000000068	5.03700000000026	0	0
4.48899999999958	0.88900000000001	5.26599999999962	0	0
8.68599999999969	0.710000000000036	9.46899999999914	0	0
4.2450000000008	0.299999999999955	4.64499999999862	0	0
4.22400000000016	0.43100000000004	4.7489999999998	0	0
5.85599999999977	1.38999999999999	6.6309999999994	0	0
4.76599999999962	1.26800000000003	5.73400000000038	0	0
4.90400000000045	1.39599999999996	5.92699999999968	0	0
4.75	0.788000000000011	5.31999999999971	0	0
4.6760000000013	0.619000000000028	5.35200000000077	0	0
5.53800000000047	0.872000000000071	6.23899999999958	0	0
4.82400000000052	1.37100000000009	6.10299999999916	0	0
4.34500000000116	0.336000000000013	4.68100000000049	0	0
4.2440000000006	0.356999999999971	4.82200000000012	0	0
4.82600000000093	1.42000000000007	6.08100000000013	0	0
4.73999999999978	1.30700000000002	5.99799999999959	0	0
8.6830000000009	0.633000000000038	9.51499999999942	0	0
4.24200000000019	0.31899999999996	4.5619999999999	0	0
4.32700000000114	0.467000000000098	4.76600000000144	0	0
4.32799999999952	0.381999999999834	4.71199999999953	0	0
4.3130000000001	0.336000000000013	4.62299999999959	0	0
4.32799999999952	0.280999999999949	4.60999999999876	0	0
4.25699999999961	0.296000000000049	4.55400000000009	0	0
4.28599999999824	0.303000000000111	4.59100000000035	0	0
4.26800000000003	0.16599999999994	4.50400000000081	0	0
4.36999999999898	0.484000000000151	4.65799999999945	0	0
4.39499999999862	0.396999999999935	4.78099999999904	0	0
4.36099999999897	0.398000000000138	4.73699999999917	0	0
4.378999999999	0.362999999999829	4.78299999999945	0	0
4.20299999999952	0.244999999999891	4.67200000000048	0	0
4.40000000000146	0.304000000000087	4.86199999999917	0	0
4.32300000000032	0.311999999999898	4.72099999999955	0	0
4.33500000000095	0.292000000000144	4.71300000000156	0	0
4.37099999999919	0.295000000000073	4.66799999999967	0	0
4.32600000000093	0.33199999999988	4.65899999999965	0	0
4.43500000000131	0.351000000000113	4.78799999999865	0	0
5.08799999999974	0.331000000000131	5.42100000000028	0	0
4.48500000000058	0.371999999999844	4.85900000000038	0	0
4.79900000000089	1.09399999999982	5.46700000000055	0	0
8.77300000000105	2.20799999999986	10.5490000000009	0	0
4.50400000000081	1.02100000000019	5.34399999999914	0	0
9.15799999999945	2.25199999999995	11.1299999999992	0	0
4.59799999999996	0.994999999999891	5.40500000000065	0	0
5.37200000000121	1.28899999999999	6.23999999999978	0	0
4.28099999999904	0.407999999999902	4.64999999999964	0	0
4.21599999999853	0.383000000000038	4.67699999999968	0	0
4.17599999999948	0.303000000000111	4.48000000000138	0	0
4.22099999999955	0.312000000000126	4.53399999999965	0	0
4.82600000000093	0.315000000000055	5.14300000000003	0	0
4.28900000000067	0.298999999999978	4.58999999999833	0	0
4.35999999999876	0.782000000000153	5.07899999999972	0	0
4.20199999999932	0.336999999999989	4.71299999999974	0	0
4.18499999999949	0.379999999999882	4.65499999999884	0	0
4.06399999999849	0.327999999999975	4.40199999999822	0	0
4.09699999999975	0.295999999999822	4.41600000000108	0	0
4.15999999999985	0.295000000000073	4.46600000000035	0	0
4.14599999999882	0.497000000000071	4.49300000000039	0	0
5.11700000000019	1.74099999999999	6.17200000000048	0	0
4.76800000000003	1.28500000000008	5.79999999999927	0	0
4.53199999999924	1.16799999999989	5.49799999999959	0	0
4.59799999999996	1.25199999999995	5.61299999999937	0	0
4.60299999999916	1.07899999999995	5.35800000000017	0	0
4.4330000000009	0.653999999999996	4.95499999999993	0	0
4.52599999999984	1.07999999999993	5.33200000000033	0	0
4.52900000000045	1.17600000000016	5.47100000000137	0	0
4.35500000000138	0.494999999999891	4.76600000000144	0	0
4.30900000000111	0.627999999999929	4.82599999999911	0	0
8.1239999999998	0.578999999999951	8.70399999999972	0	0
4.13299999999981	0.268000000000029	4.45000000000073	0	0
4.08599999999933	0.291999999999916	4.378999999999	0	0
4.14999999999964	0.310999999999922	4.46099999999933	0	0
4.82999999999993	0.299999999999955	5.1309999999994	0	0
4.17500000000109	0.340000000000146	4.51499999999942	0	0
4.83899999999994	1.30099999999993	5.60399999999936	0	0
4.04300000000148	0.326000000000022	4.36999999999898	0	0
8.2559999999994	0.619000000000142	8.875	0	0
4.09599999999955	0.286999999999807	4.38299999999981	0	0
4.11999999999898	0.304000000000087	4.42299999999886	0	0
4.11299999999937	0.296000000000049	4.40899999999965	0	0
4.09000000000015	0.332000000000107	4.42200000000048	0	0
4.8760000000002	0.276000000000067	5.28799999999865	0	0
4.05600000000049	0.33199999999988	4.38800000000083	0	0
4.15200000000004	0.327999999999975	4.48099999999977	0	0
4.10399999999936	0.268000000000029	4.3739999999998	0	0
4.11300000000119	0.299000000000206	4.41300000000047	0	0
4.04899999999907	0.323999999999842	4.3760000000002	0	0
8.58400000000074	0.659000000000106	9.246000000001	0	0
8.68000000000029	0.657999999999902	9.39300000000003	0	0
8.56500000000051	0.617999999999938	9.33199999999852	0	0
4.40000000000146	0.377999999999929	4.85800000000017	0	0
8.46500000000015	0.535000000000082	9.59300000000076	0	0
8.50900000000001	0.596000000000004	9.13899999999921	0	0
4.35299999999916	0.355999999999995	4.71100000000115	0	0
4.49700000000121	0.537000000000035	4.93000000000029	0	0
4.30600000000049	0.349999999999909	4.37199999999939	0	0
4.22400000000016	0.55399999999986	4.65099999999984	0	0
4.6140000000014	1.01700000000005	4.95700000000033	0	0
4.51100000000042	0.551999999999907	4.70199999999932	0	0
4.67599999999948	0.77599999999984	5.21800000000076	0	0
4.47800000000097	0.260999999999967	4.45399999999972	0	0
4.65699999999924	1.26099999999997	4.88899999999921	0	0
