12.76	0.904	13.68	0	0
15.399	1.475	17.286	0	0
19.936	3.794	22.99	0	0
36.368	5.393	40.839	0	0
11.517	0.876000000000001	12.406	0	0
13.583	1.147	14.639	0	0
12.226	1.108	13.18	0	0
17.39	1.602	18.998	0	0
16.285	2.206	18.164	0	0
16.165	1.20500000000001	17.931	0	0
16.81	1.564	18.879	0	0
13.019	1.577	14.764	0	0
27.337	2.778	30.4589999999999	0	0
12.3870000000001	1.058	13.754	0	0
17.444	1.659	19.133	0	0
13.0759999999999	1.02800000000001	14.097	0	0
15.448	1.51700000000001	16.9659999999999	0	0
15.466	1.404	16.952	0	0
11.956	0.916000000000011	12.8739999999999	0	0
26.4889999999999	2.131	29.3099999999999	0	0
16.41	1.65600000000001	18.079	0	0
18.6319999999999	3.78	22.14	0	0
16.568	3.637	19.6889999999999	0	0
17.444	1.545	19.029	0	0
17.0509999999999	1.54700000000001	18.615	0	0
12.5049999999999	1.01900000000001	13.579	0	0
14.49	1.224	15.7850000000001	0	0
15.3529999999998	1.264	16.626	0	0
17.6409999999998	1.818	19.8110000000001	0	0
15.7089999999998	1.898	18.374	0	0
13.7439999999999	2.98699999999999	16.4570000000001	0	0
12.6849999999999	2.57300000000001	15.3699999999999	0	0
20.1759999999999	1.411	21.6089999999999	0	0
22.8879999999999	5.285	27.0880000000002	0	0
13.9370000000001	3.42499999999998	16.673	0	0
24.309	5.84899999999999	29.2479999999998	0	0
14.1670000000001	2.399	16.605	0	0
20.875	1.93100000000001	22.7190000000001	0	0
19.0599999999999	1.471	20.54	0	0
23.8299999999999	2.917	26.8139999999999	0	0
17.951	1.57500000000002	19.5310000000002	0	0
17.4770000000001	3.09199999999998	20.634	0	0
31.729	2.35499999999999	34.663	0	0
17.511	1.82499999999999	19.739	0	0
18.8509999999999	2.24699999999999	21.0259999999998	0	0
23.3599999999999	2.27800000000002	25.8209999999999	0	0
22.1099999999999	3.12700000000001	24.8539999999998	0	0
32.752	3.15799999999999	36.5430000000001	0	0
12.364	0.967999999999989	13.4000000000001	0	0
15.0599999999999	3.03200000000001	17.2889999999998	0	0
14.7730000000001	1.01899999999998	16.0540000000001	0	0
25.0039999999999	6.32499999999999	29.8379999999997	0	0
12.8290000000002	2.666	14.8889999999997	0	0
22.605	2.16	24.8229999999999	0	0
15.5349999999999	1.756	17.3599999999997	0	0
15.8110000000001	1.50300000000001	17.2800000000002	0	0
13.1950000000002	1.459	14.4780000000001	0	0
37.3339999999998	2.74000000000001	40.5970000000002	0	0
21.3099999999999	2.67599999999999	23.7709999999997	0	0
19.8299999999999	1.93399999999997	21.8130000000001	0	0
16.893	4.25200000000001	20.2290000000003	0	0
24.3619999999996	5.42899999999997	28.6189999999997	0	0
15.6849999999999	2.62899999999996	18.8560000000002	0	0
15.5720000000001	1.71800000000002	17.3430000000003	0	0
15.9769999999999	1.55400000000003	17.9279999999999	0	0
18.1000000000004	1.601	19.8250000000003	0	0
16.7539999999999	1.50799999999998	18.2829999999999	0	0
22.2580000000003	1.74900000000002	24.0309999999999	0	0
16.1129999999998	3.50700000000001	18.9850000000001	0	0
17.0799999999999	1.84800000000001	18.8699999999999	0	0
29.1100000000001	2.56900000000002	32.2639999999997	0	0
13.1550000000002	0.99799999999999	14.4670000000001	0	0
16.2330000000002	1.60399999999998	17.8220000000001	0	0
20.2559999999999	1.815	22.0309999999999	0	0
14.6100000000001	1.29000000000002	16.0509999999999	0	0
17.1079999999997	1.35599999999999	18.4670000000001	0	0
17.1100000000001	3.61499999999995	20.5500000000002	0	0
16.4110000000001	1.52699999999999	18.4900000000002	0	0
12.9870000000001	0.901999999999987	14.3200000000002	0	0
15.924	1.59199999999998	17.598	0	0
15.451	2.00899999999996	17.5169999999998	0	0
15.1390000000001	1.26499999999999	16.444	0	0
23.0800000000004	2.40999999999997	25.4770000000003	0	0
18.1510000000003	2.97400000000005	20.752	0	0
15.509	1.58800000000002	17.1489999999999	0	0
21.0930000000003	1.59399999999999	22.6089999999999	0	0
19.2939999999999	1.96899999999999	21.3389999999999	0	0
13.5409999999997	1.67900000000003	15.3289999999997	0	0
23.395	5.03300000000002	27.9669999999996	0	0
13.5640000000003	2.56200000000001	15.6959999999999	0	0
16.902	4.327	20.1120000000001	0	0
16.3219999999997	1.23500000000001	17.5720000000001	0	0
11.982	0.889999999999986	12.9569999999994	0	0
15.607	1.35499999999996	16.9709999999995	0	0
22.8630000000003	1.74400000000003	24.5360000000001	0	0
24.4459999999999	1.93599999999998	26.3590000000004	0	0
12.107	1.07100000000003	13.1880000000001	0	0
15.8220000000001	2.47300000000001	18.0339999999997	0	0
23.1049999999996	1.96600000000001	24.8050000000003	0	0
15.8090000000002	1.68700000000001	17.6750000000002	0	0
23.7269999999999	1.971	25.6990000000005	0	0
23.3760000000002	2.255	26.1199999999999	0	0
23.9399999999996	1.75999999999999	25.9030000000002	0	0
19.1009999999997	3.26099999999997	22.1850000000004	0	0
22.884	2.31099999999998	25.4849999999997	0	0
14.0730000000003	1.24699999999996	15.5630000000001	0	0
18.1969999999992	1.87700000000001	20.027	0	0
17.2730000000001	2.34999999999997	19.0820000000003	0	0
18.4570000000003	3.33800000000002	21.7310000000007	0	0
14.0330000000004	1.58500000000004	15.6449999999995	0	0
24.9200000000001	2.29300000000001	27.2889999999998	0	0
23.3549999999996	1.38200000000001	24.759	0	0
13.4960000000001	1.29100000000005	14.8119999999999	0	0
21.2219999999998	1.82600000000002	23.107	0	0
19.6959999999999	2.072	21.9269999999997	0	0
17.3689999999997	1.69299999999998	18.9939999999997	0	0
13.0019999999995	1.00400000000002	14.0350000000008	0	0
24.3909999999996	2.23700000000008	26.8240000000005	0	0
14.8950000000004	1.29999999999995	16.2419999999993	0	0
15.8220000000001	1.76300000000003	17.8099999999995	0	0
15.1999999999998	1.32399999999996	16.5479999999998	0	0
19.2950000000001	1.351	20.6509999999998	0	0
13.1660000000002	1.14699999999993	14.3539999999994	0	0
12.683	0.966999999999985	13.8720000000003	0	0
14.4590000000007	0.955000000000041	15.6469999999999	0	0
16.3599999999997	1.66499999999996	18.0519999999997	0	0
17.5439999999999	1.65800000000002	19.8010000000004	0	0
20.482	2.01700000000005	23.2180000000008	0	0
17.2529999999997	1.67499999999995	19.7019999999993	0	0
17.598	3.04900000000009	19.9870000000001	0	0
18.0309999999999	1.72799999999995	19.7569999999996	0	0
28.7070000000003	2.57900000000006	31.3890000000001	0	0
15.3049999999994	1.28899999999999	17.1669999999995	0	0
19.4549999999999	1.28899999999999	21.6099999999997	0	0
17.3919999999998	1.56900000000007	19.3230000000003	0	0
23.3290000000006	3.09299999999996	25.9080000000004	0	0
15.8999999999996	1.46299999999997	17.5519999999997	0	0
12.884	0.980999999999995	13.9189999999999	0	0
12.6450000000004	1.96500000000003	14.0410000000002	0	0
15.1030000000001	3.27300000000002	17.5039999999999	0	0
15.915	3.24199999999996	18.7489999999998	0	0
25.6179999999995	3.97199999999998	29.1589999999997	0	0
30.5209999999997	2.91599999999994	33.8900000000003	0	0
16.366	1.75299999999993	18.2239999999993	0	0
15.5469999999996	1.53600000000006	17.6109999999999	0	0
22.2830000000004	1.74299999999994	24.2300000000005	0	0
27.3109999999997	1.79099999999994	29.5439999999999	0	0
15.9120000000003	1.50900000000001	17.9219999999996	0	0
20.4619999999995	2.75900000000001	23.7820000000002	0	0
18.6179999999995	2.70799999999997	21.1300000000001	0	0
23.1889999999994	4.59799999999996	26.7799999999997	0	0
16.7089999999998	2.24099999999999	18.6980000000003	0	0
15.0640000000003	1.31799999999998	16.5129999999999	0	0
14.7059999999992	1.56700000000001	16.2980000000007	0	0
13.6110000000008	1.995	15.6689999999999	0	0
20.6849999999995	1.68599999999992	22.5560000000005	0	0
15.6949999999997	1.39999999999998	17.5559999999996	0	0
14.299	1.38800000000003	15.652	0	0
13.9169999999995	1.47400000000005	15.4259999999995	0	0
26.3810000000003	2.13499999999999	28.6959999999999	0	0
16.1610000000001	1.35000000000002	17.7349999999997	0	0
13.4769999999999	1.07600000000002	14.6530000000002	0	0
15.8909999999996	1.47799999999995	17.6999999999998	0	0
14.9719999999998	1.47199999999998	16.4650000000001	0	0
18.0300000000007	1.83699999999999	20.0059999999994	0	0
15.3179999999993	1.54700000000003	16.8270000000002	0	0
18.0050000000001	1.83799999999997	19.866	0	0
13.3789999999999	1.21600000000001	14.6779999999999	0	0
17.0919999999996	2.94799999999998	19.7560000000003	0	0
14.5649999999996	1.55100000000004	16.2280000000001	0	0
21.8320000000003	2.01099999999997	24.0519999999997	0	0
18.7470000000003	1.85699999999997	20.5410000000002	0	0
16.1360000000004	1.26800000000003	17.4279999999999	0	0
21.5530000000008	2.24799999999993	23.5569999999989	0	0
12.4870000000001	2.46499999999992	15.1859999999997	0	0
16.741	3.17200000000003	19.5769999999993	0	0
18.5230000000001	2.05099999999993	20.5299999999988	0	0
13.2640000000001	1.93799999999999	14.8819999999996	0	0
33.0940000000001	6.22500000000002	37.862000000001	0	0
15.2070000000003	1.60699999999997	16.773000000001	0	0
14.3140000000003	1.79499999999996	15.9969999999994	0	0
15.2259999999997	1.36000000000001	16.771999999999	0	0
17.4680000000008	2.84500000000003	19.7930000000015	0	0
15.3220000000001	1.68900000000008	16.7860000000001	0	0
14.402	2.95799999999997	17.018	0	0
15.2700000000004	1.87900000000002	17.0460000000003	0	0
17.1080000000002	1.60400000000004	18.612000000001	0	0
15.7459999999992	1.40300000000002	17.4489999999987	0	0
23.933	1.81899999999996	25.8670000000002	0	0
14.8680000000004	0.86200000000008	16.0889999999999	0	0
18.2129999999997	2.16600000000005	20.8230000000003	0	0
17.0839999999998	1.827	18.9709999999995	0	0
19.0599999999995	2.06999999999994	21.116	0	0
32.2970000000005	2.76600000000008	35.012999999999	0	0
24.3430000000008	1.75799999999992	26.1299999999992	0	0
14.5460000000003	1.47199999999998	15.893	0	0
15.518	1.31899999999996	16.9390000000003	0	0
15.1530000000002	1.40199999999993	16.5760000000009	0	0
25.5239999999994	2.37099999999998	28.0040000000008	0	0
12.6209999999992	0.927999999999997	13.5490000000009	0	0
15.5200000000004	1.23799999999994	17.2969999999987	0	0
16.7649999999994	2.51300000000003	19.2379999999994	0	0
21.6399999999994	1.875	23.5349999999999	0	0
12.737000000001	1.74799999999993	14.5820000000003	0	0
17.780999999999	1.82000000000005	20.1910000000007	0	0
12.4669999999987	1.00300000000004	13.5310000000009	0	0
7.33699999999953	0.496999999999957	7.87099999999919	0	0
16.1979999999985	1.29899999999998	17.8050000000003	0	0
11.7899999999991	0.823999999999955	12.8720000000012	0	0
15.9770000000008	1.21600000000001	17.1949999999997	0	0
13.6459999999988	1.28099999999995	15.139000000001	0	0
17.9039999999986	1.58199999999999	19.7200000000012	0	0
24.8990000000013	2.45899999999995	27.3189999999995	0	0
15.2970000000005	1.678	17.0079999999998	0	0
17.848	1.87300000000005	19.4709999999995	0	0
21.1630000000005	2.13700000000006	23.3469999999998	0	0
15.3089999999993	1.73400000000004	17.2860000000001	0	0
18.8230000000003	2.10500000000002	20.9709999999995	0	0
17.6949999999997	2.279	19.7469999999994	0	0
15.0889999999999	1.74699999999996	16.8299999999999	0	0
16.7129999999997	2.28599999999994	18.7379999999994	0	0
19.8109999999997	1.93700000000001	22.4270000000015	0	0
16.9300000000003	1.34799999999996	18.4979999999996	0	0
14.0480000000007	1.14100000000008	15.3109999999997	0	0
14.5689999999995	3.73599999999999	17.5500000000011	0	0
13.1790000000001	3.01800000000003	15.7189999999991	0	0
12.7479999999996	0.937999999999988	13.7340000000004	0	0
16.9040000000005	2.93100000000004	19.2819999999992	0	0
16.1329999999998	1.29399999999998	17.6700000000001	0	0
13.1419999999998	2.61599999999999	14.969000000001	0	0
25.012999999999	4.72399999999993	28.7309999999998	0	0
19.3169999999991	3.02600000000007	21.6980000000003	0	0
20.8760000000002	1.923	23.1099999999988	0	0
15.509	2.23400000000004	17.3719999999994	0	0
16.9110000000001	1.32000000000005	18.268	0	0
13.5600000000013	1.38400000000001	14.9470000000001	0	0
7.68299999999908	0.495999999999981	8.15500000000065	0	0
19.7880000000005	1.64199999999994	21.9390000000003	0	0
12.8919999999998	0.906000000000063	13.9029999999984	0	0
19.8700000000008	2.20800000000008	22.9779999999992	0	0
12.9359999999997	0.914999999999964	13.9899999999998	0	0
14.1929999999993	1.42499999999995	16.0779999999995	0	0
17.1880000000001	1.76700000000005	19.1180000000004	0	0
17.4950000000008	1.99399999999991	19.3600000000006	0	0
21.1729999999989	2.54099999999994	23.4760000000006	0	0
14.9940000000006	1.97900000000004	16.5789999999997	0	0
30.9490000000005	5.56899999999996	36.0439999999999	0	0
17.4920000000002	4.73099999999999	21.1130000000012	0	0
17.2929999999997	3.72700000000009	20.8970000000008	0	0
16.1000000000004	1.95299999999997	18.0069999999996	0	0
17.9409999999989	3.77599999999984	21.0110000000004	0	0
21.4779999999992	3.78700000000003	23.8229999999985	0	0
15.6579999999994	1.68700000000013	17.3640000000014	0	0
17.8989999999994	1.46299999999997	19.487000000001	0	0
15.1360000000004	2.39300000000003	17.4359999999997	0	0
11.9420000000009	0.911999999999807	12.9300000000003	0	0
13.0169999999998	2.02700000000004	14.8010000000013	0	0
15.3799999999992	1.75699999999983	17.027	0	0
15.4259999999995	1.61400000000003	16.9659999999985	0	0
15.2700000000004	1.41300000000001	16.7739999999994	0	0
24.5990000000002	2.13900000000012	27.6759999999995	0	0
26.4879999999994	3.67599999999993	30.1539999999986	0	0
15.4099999999999	1.36000000000013	16.8119999999999	0	0
17.0500000000011	1.38100000000009	18.5259999999998	0	0
23.7430000000004	1.98800000000006	25.7849999999999	0	0
15.860999999999	1.64300000000003	17.5900000000001	0	0
23.2099999999991	1.85299999999984	25.1049999999996	0	0
16.3919999999998	1.32799999999997	17.8829999999998	0	0
16.0390000000007	2.65200000000004	18.1420000000016	0	0
21.625	4.85200000000009	25.7840000000015	0	0
13.853000000001	1.84799999999996	15.3539999999994	0	0
15.1490000000013	1.346	16.509	0	0
17.2440000000006	3.1880000000001	20.0930000000008	0	0
14.6659999999993	1.53199999999993	16.1939999999995	0	0
13.1359999999986	1.16800000000012	14.3520000000008	0	0
16.2790000000005	1.62699999999995	17.9549999999999	0	0
15.1449999999986	1.57099999999991	16.594000000001	0	0
16.503999999999	1.49200000000019	18.4230000000007	0	0
20.2260000000006	1.66499999999996	22.2620000000006	0	0
15.1329999999998	1.72700000000009	16.8550000000014	0	0
26.9639999999999	2.15699999999993	29.1509999999998	0	0
19.9369999999999	1.69000000000005	21.6499999999996	0	0
12.8559999999998	0.939999999999827	13.7990000000009	0	0
15.2560000000012	1.59299999999985	17.2839999999997	0	0
28.764000000001	4.721	32.9089999999997	0	0
22.755000000001	1.99399999999991	25.2630000000008	0	0
16.2469999999994	2	17.9639999999999	0	0
14.1329999999998	1.83899999999994	16.1329999999998	0	0
14.875	1.29299999999989	16.1500000000015	0	0
13.9979999999996	1.45899999999983	15.4599999999991	0	0
17.5200000000004	3.22800000000007	19.9630000000016	0	0
15.2240000000002	1.38300000000004	16.6629999999986	0	0
22.9290000000001	1.74299999999994	24.7250000000004	0	0
14.2349999999988	2.59799999999996	16.5079999999998	0	0
15.2759999999998	3.87199999999984	17.530999999999	0	0
17.107	2.3610000000001	19.128999999999	0	0
13.6730000000007	1.16300000000001	14.9610000000011	0	0
13.7129999999997	1.54500000000007	15.0660000000007	0	0
19.1220000000012	1.65200000000004	20.7759999999998	0	0
15.2519999999986	1.17100000000005	16.5500000000011	0	0
17.4380000000001	2.11599999999999	19.4919999999984	0	0
15.0370000000003	1.48399999999992	16.8090000000011	0	0
15.9379999999983	1.32600000000002	17.351999999999	0	0
15.7060000000001	1.94299999999998	17.5900000000001	0	0
15.6970000000001	1.47499999999991	17.1739999999991	0	0
19.8760000000002	1.48500000000013	21.4060000000009	0	0
16.5549999999985	2.83699999999999	18.7650000000012	0	0
16.6269999999986	1.95900000000006	18.3649999999998	0	0
17.4589999999989	1.99299999999994	19.3310000000001	0	0
16.7839999999997	1.88800000000015	19.0139999999992	0	0
16.6620000000003	1.37899999999991	18.094000000001	0	0
18.5639999999985	2.01099999999997	20.3670000000002	0	0
16.8050000000003	1.42200000000003	18.4570000000003	0	0
24.3070000000007	2.23700000000008	26.384	0	0
21.5889999999999	2.01600000000008	23.8109999999997	0	0
27.0429999999997	2.11599999999999	29.2930000000015	0	0
25.8059999999987	2.09000000000015	28.2260000000006	0	0
15.5030000000006	1.12300000000005	16.7399999999998	0	0
24.6729999999989	2.38499999999999	27.3359999999993	0	0
15.6409999999996	2.72200000000021	18.0759999999991	0	0
15.5519999999997	1.80700000000002	18.1370000000006	0	0
19.9660000000003	1.43200000000002	21.6609999999982	0	0
15.4609999999993	1.43999999999983	16.9619999999995	0	0
20.030999999999	1.42900000000009	21.6239999999998	0	0
16.0119999999988	1.58899999999994	17.387999999999	0	0
14.7109999999993	0.927000000000135	15.6509999999998	0	0
15.5810000000001	1.77500000000009	17.235999999999	0	0
20.0770000000011	2.31600000000003	22.0320000000011	0	0
19.4899999999998	4.89200000000005	23.4339999999993	0	0
23.1279999999988	2.64200000000005	25.7009999999991	0	0
17.0540000000001	1.75400000000013	18.8339999999989	0	0
16.8960000000006	1.38400000000001	18.2750000000015	0	0
19.9560000000001	6.91599999999994	24.4259999999995	0	0
29.866	2.29200000000014	32.3610000000008	0	0
15.6629999999986	2.02500000000009	17.875	0	0
20.0439999999999	1.60299999999984	21.7559999999994	0	0
18.5889999999999	4.18799999999987	21.9809999999998	0	0
16.9189999999999	3.19200000000001	19.6910000000007	0	0
16.0590000000011	1.43100000000004	17.5640000000003	0	0
23.514000000001	2.077	25.5049999999992	0	0
13.6460000000006	1.24199999999996	15.1370000000006	0	0
14.9959999999992	1.27000000000021	16.875	0	0
19.2120000000014	1.60300000000007	20.9480000000003	0	0
15.8200000000015	2.17000000000007	18.4409999999989	0	0
16.1910000000007	1.35599999999999	17.5469999999987	0	0
23.8729999999996	4.5	27.7960000000003	0	0
15.4750000000004	2.07000000000016	17.9009999999998	0	0
24.0160000000014	1.74800000000005	26.3150000000005	0	0
16.3159999999989	1.5590000000002	18.1899999999987	0	0
15.6129999999994	2.67699999999991	18.2599999999984	0	0
20.4930000000004	1.96499999999992	22.5540000000001	0	0
28.0860000000011	6.34500000000003	33.1729999999989	0	0
21.5820000000003	3.04700000000003	24.3709999999992	0	0
17.5830000000005	1.86899999999991	19.6580000000013	0	0
15.2910000000011	1.65100000000007	17.0110000000022	0	0
15.746000000001	1.95699999999988	17.4939999999988	0	0
16.5529999999999	2.36200000000008	18.6140000000014	0	0
12.1689999999999	1.24000000000001	13.4840000000004	0	0
13.0740000000005	1.05500000000006	14.2639999999992	0	0
13.8309999999983	1.37300000000005	15.4020000000019	0	0
20.021999999999	1.4380000000001	21.655999999999	0	0
22.9790000000012	2.125	25.1719999999987	0	0
12.1649999999991	1.03699999999981	13.2119999999995	0	0
12.0429999999997	1.26800000000003	13.2260000000024	0	0
15.7900000000009	1.61699999999996	17.497000000003	0	0
29.5610000000015	3.57299999999987	33.1980000000003	0	0
17.3340000000007	1.57900000000018	19.0260000000017	0	0
15.5499999999993	1.57999999999993	17.1850000000013	0	0
15.3279999999995	1.43700000000013	16.8019999999997	0	0
18.6419999999998	1.6400000000001	20.2669999999998	0	0
22.4499999999989	1.98900000000003	24.8610000000008	0	0
15.1890000000003	1.58800000000019	17.3539999999994	0	0
13.1139999999996	1.14999999999986	14.2359999999971	0	0
19.5860000000011	1.88599999999997	21.4500000000007	0	0
18.1740000000009	1.62899999999991	20.3580000000002	0	0
17.6299999999992	1.59899999999993	19.239999999998	0	0
13.2919999999995	1.19200000000001	14.487000000001	0	0
30.0810000000001	5.35000000000014	33.7059999999983	0	0
16.119999999999	1.34899999999993	18.2870000000003	0	0
13.523000000001	1.24099999999999	15.2980000000025	0	0
19.3139999999985	3.88300000000004	22.7760000000017	0	0
23.523000000001	2.654	26.6039999999994	0	0
13.9320000000007	3.0619999999999	16.5200000000004	0	0
28.1219999999994	2.12199999999984	30.3279999999977	0	0
13.6769999999997	1.71499999999992	15.2820000000029	0	0
7.50500000000102	0.456000000000131	7.95300000000134	0	0
17.6499999999996	4.19400000000019	20.7619999999988	0	0
15.3760000000002	1.76099999999997	17.0360000000001	0	0
24.9930000000004	1.9190000000001	26.9179999999978	0	0
17.6049999999996	1.77599999999984	19.3729999999996	0	0
16.0959999999995	2.15899999999988	17.8009999999995	0	0
16.7010000000009	1.71100000000001	18.3790000000008	0	0
15.755000000001	1.50999999999999	17.1679999999978	0	0
15.7129999999997	1.28400000000011	17.1010000000024	0	0
11.9380000000019	0.94399999999996	12.9310000000005	0	0
30.9259999999995	2.44100000000003	33.3990000000013	0	0
16.617000000002	1.21100000000001	18.0640000000021	0	0
12.4700000000012	0.832999999999856	13.4120000000003	0	0
7.35499999999956	0.467999999999847	7.82400000000052	0	0
18.1510000000017	1.60400000000004	19.880000000001	0	0
15.4319999999971	1.64500000000021	17.3060000000005	0	0
15.2479999999996	1.45000000000005	16.6569999999992	0	0
20.4040000000023	1.81999999999994	22.4010000000017	0	0
15.2829999999994	1.34699999999998	16.9110000000001	0	0
13.6860000000015	1.05300000000011	14.7230000000018	0	0
15.6389999999992	1.49199999999996	17.2220000000016	0	0
13.9470000000001	1.93900000000008	15.9680000000008	0	0
21.4030000000021	3.83400000000006	23.8659999999982	0	0
14.8250000000007	1.20800000000008	16.0489999999991	0	0
14.8389999999999	1.30999999999995	16.2570000000014	0	0
16.1039999999994	2.28700000000003	18.364999999998	0	0
18.4470000000001	6.33799999999997	22.6980000000003	0	0
40.1810000000005	5.75099999999998	45.3499999999985	0	0
16.6969999999965	2.08100000000013	18.5640000000021	0	0
18.1299999999974	1.50999999999999	20.0959999999977	0	0
19.4709999999977	1.92000000000007	22.4350000000013	0	0
33.2669999999998	3.00900000000001	36.2639999999992	0	0
11.7999999999993	0.852000000000089	12.6530000000021	0	0
26.5669999999991	1.93599999999992	28.5160000000033	0	0
22.2720000000008	2.08699999999999	24.3189999999995	0	0
15.7180000000008	1.12400000000002	16.857	0	0
12.0819999999985	1.00700000000006	13.5419999999976	0	0
22.3900000000031	1.68700000000013	24.3199999999997	0	0
16.7769999999982	1.21100000000001	18.3329999999987	0	0
14.8659999999982	1.82799999999997	16.6059999999998	0	0
15.4429999999993	1.47199999999998	16.7870000000003	0	0
18.1219999999994	1.53899999999999	19.9160000000011	0	0
34.8309999999983	6.25999999999999	40.3960000000006	0	0
16.0849999999991	1.61699999999996	17.7979999999989	0	0
15.4650000000001	1.80799999999999	17.1759999999995	0	0
16.5980000000018	1.41099999999983	18.0120000000024	0	0
18.8220000000001	1.95100000000002	20.768	0	0
14.2669999999998	1.21299999999997	15.5419999999976	0	0
18.1610000000001	1.6099999999999	19.8830000000016	0	0
18.3400000000001	1.71199999999999	20.6779999999999	0	0
13.5410000000011	1.14899999999989	15.0529999999999	0	0
22.482	1.92699999999991	24.4219999999987	0	0
21.8199999999997	1.56600000000003	23.5760000000009	0	0
28.2070000000022	2.22900000000004	30.4060000000027	0	0
16.5420000000013	2.08899999999994	18.5950000000012	0	0
16.6980000000003	2.71100000000001	18.6889999999985	0	0
13.768	1.18799999999987	14.9670000000006	0	0
14.4939999999988	3.12100000000009	16.8899999999994	0	0
26.4370000000017	4.81200000000013	30.4219999999987	0	0
19.2750000000015	1.49299999999994	20.8770000000004	0	0
15.7109999999993	2.6400000000001	18.0459999999985	0	0
20.3780000000006	4.38200000000006	24.0399999999972	0	0
19.9890000000014	4.64100000000008	23.7890000000007	0	0
13.5790000000015	3.17899999999986	16.018	0	0
13.0479999999989	2.90300000000002	15.5740000000005	0	0
16.4110000000001	3.43299999999999	19.2139999999999	0	0
37.3359999999993	3.64900000000011	40.3639999999978	0	0
17.1599999999999	1.62800000000016	18.7729999999974	0	0
15.1130000000012	1.49600000000009	17.1320000000014	0	0
15.5410000000011	1.79099999999994	17.6919999999991	0	0
13.2469999999994	1.096	14.3389999999999	0	0
14.9679999999971	0.95900000000006	15.9300000000003	0	0
18.3909999999996	1.7349999999999	20.1800000000003	0	0
15.8919999999998	1.50800000000004	17.4010000000017	0	0
13.7000000000007	1.39499999999998	15.1059999999998	0	0
16.612000000001	1.70800000000008	18.3130000000019	0	0
32.1719999999987	2.9409999999998	35.3539999999994	0	0
22.0859999999993	1.72199999999998	23.8179999999993	0	0
15.4599999999991	1.31600000000003	16.780999999999	0	0
11.3060000000005	0.914999999999964	12.2249999999985	0	0
17.1899999999987	1.53899999999999	18.7330000000002	0	0
20.8429999999971	1.47599999999989	22.3240000000005	0	0
17.3970000000008	2.45900000000006	19.0829999999987	0	0
23.5809999999983	2.0659999999998	26.2800000000025	0	0
15.1320000000014	1.39599999999996	16.530999999999	0	0
16.3449999999975	2.08300000000008	18.25	0	0
29.6820000000007	1.827	31.5119999999988	0	0
13.6629999999968	1.56500000000005	15.4140000000007	0	0
23.7520000000004	2.13000000000011	25.8479999999981	0	0
16.6499999999978	2.39300000000003	18.6939999999995	0	0
12.0999999999985	1.154	13.2089999999989	0	0
19.994999999999	1.45900000000006	21.4680000000008	0	0
18.1549999999988	1.577	19.893	0	0
16.2690000000002	2.6579999999999	18.2700000000004	0	0
19.8109999999979	3.09899999999971	22.2250000000022	0	0
16.3760000000002	2.46799999999985	18.5269999999982	0	0
16.9470000000001	4.87899999999991	20.8169999999991	0	0
18.650999999998	3.93399999999974	21.2119999999995	0	0
15.2079999999987	3.88700000000017	17.8849999999984	0	0
17.5010000000002	4.15300000000025	21.3459999999977	0	0
18.0750000000007	1.76400000000012	20.3580000000002	0	0
11.8630000000012	0.971000000000004	12.8359999999993	0	0
14.130000000001	2.74799999999959	16.5470000000023	0	0
7.33899999999994	0.463000000000193	7.80400000000009	0	0
11.7919999999976	0.927000000000135	12.7249999999985	0	0
15.4180000000015	3.32099999999991	18.117000000002	0	0
19.4929999999986	2.44200000000001	21.5900000000001	0	0
15.851999999999	1.49600000000009	17.3159999999989	0	0
11.9989999999998	1.01900000000023	13.0290000000023	0	0
21.9079999999994	2.11400000000003	24.0420000000013	0	0
23.6169999999984	5.85600000000022	27.4830000000002	0	0
17.1850000000013	3.66699999999992	20.2010000000009	0	0
25.1679999999978	3.06400000000031	27.3619999999974	0	0
16.4020000000019	1.46799999999985	18.1219999999994	0	0
23.6080000000002	2.78499999999985	26.6160000000018	0	0
17.25	2.00799999999981	19.3690000000024	0	0
8.3080000000009	0.454999999999927	8.77200000000084	0	0
17.4039999999986	1.96299999999974	19.1889999999985	0	0
24.1190000000024	5.19900000000007	28.9729999999981	0	0
12.4210000000021	0.936000000000149	13.3790000000008	0	0
18.9399999999987	1.70600000000013	20.7160000000003	0	0
16.3950000000004	1.25599999999986	17.6520000000019	0	0
11.5809999999983	0.827000000000226	12.4089999999997	0	0
12.0170000000035	0.956000000000131	12.9880000000012	0	0
19.3810000000012	1.38400000000001	20.9049999999988	0	0
17.0849999999991	2.03400000000011	19.0449999999983	0	0
14.4789999999994	1.3430000000003	15.7129999999997	0	0
13.523000000001	2.69800000000032	16.0450000000019	0	0
17.6790000000001	2.55600000000004	19.7639999999992	0	0
19.4359999999979	5.67200000000003	22.9130000000005	0	0
21.9470000000001	3.40700000000015	24.989999999998	0	0
16.4540000000015	2.41699999999992	18.351999999999	0	0
18.2270000000026	5.95900000000029	22.2799999999988	0	0
20.1239999999998	4.5300000000002	24.0260000000017	0	0
13.9150000000009	2.50599999999986	16.0620000000017	0	0
16.9310000000005	3.82400000000007	20.1489999999976	0	0
21.5519999999997	3.26600000000008	24.232	0	0
19.7129999999997	2.14199999999983	21.8499999999985	0	0
16.989999999998	3.6869999999999	20.1599999999999	0	0
13.9219999999987	1.28399999999965	15.4490000000005	0	0
21.4010000000017	2.32400000000007	23.5080000000016	0	0
16.854000000003	2.36200000000008	19.530999999999	0	0
17.9510000000009	1.81899999999996	19.8410000000003	0	0
16.8389999999999	1.36000000000013	18.7000000000007	0	0
13.9789999999994	1.33200000000033	15.3240000000005	0	0
16.0139999999992	1.39199999999983	17.4130000000005	0	0
23.1239999999998	1.904	25.1090000000004	0	0
16.0519999999997	1.36999999999989	17.518	0	0
18.8189999999995	5.20299999999997	22.4160000000011	0	0
14.7279999999992	3.87599999999975	18.2050000000017	0	0
17.1750000000029	4.84700000000021	20.8060000000005	0	0
26.8029999999999	2.73700000000008	29.3619999999974	0	0
19.7740000000013	1.45899999999983	21.2469999999994	0	0
14.8110000000015	3.57200000000012	17.7160000000003	0	0
13.6349999999984	1.20299999999997	14.7620000000024	0	0
7.5580000000009	0.589999999999691	8.07600000000093	0	0
15.5789999999979	1.375	16.9589999999989	0	0
16.5519999999997	1.70499999999993	18.2259999999987	0	0
12.5370000000003	1.00700000000006	13.5869999999995	0	0
21.3870000000024	5.04599999999982	24.8899999999994	0	0
20.6080000000002	2.49699999999984	22.9700000000012	0	0
19.9049999999988	1.67799999999988	22.3160000000025	0	0
13.7079999999987	1.26499999999987	15.0109999999986	0	0
25.3129999999983	2.85399999999981	27.862000000001	0	0
12.007999999998	1.08099999999968	13.0409999999974	0	0
14.8999999999978	1.38499999999976	16.3150000000023	0	0
14.0390000000007	1.30099999999993	15.6159999999982	0	0
13.3389999999999	1.32299999999987	14.6740000000027	0	0
15.6470000000008	2.21099999999979	17.7469999999994	0	0
12.1970000000001	0.962999999999738	13.2040000000015	0	0
18.0740000000005	1.55200000000013	20.1949999999997	0	0
25.6579999999994	2.279	28.1630000000005	0	0
11.9540000000015	0.98700000000008	12.9429999999993	0	0
15.2459999999992	1.79100000000017	17.1000000000022	0	0
12.9229999999989	2.471	14.8899999999994	0	0
16.0289999999986	3.32300000000032	18.7429999999986	0	0
12.7839999999997	1.48199999999997	14.4459999999999	0	0
8.19399999999951	1.84699999999975	9.51499999999942	0	0
14.7720000000008	1.28700000000026	16.4290000000001	0	0
15.344000000001	1.74800000000005	17.0709999999999	0	0
18.6190000000024	1.67599999999993	20.2749999999978	0	0
15.3119999999981	1.40599999999995	16.7700000000004	0	0
24.2740000000013	2.29300000000012	26.5970000000016	0	0
15.6260000000002	1.28600000000006	17.1579999999994	0	0
16.2239999999983	1.63099999999986	18.0909999999967	0	0
17.1290000000008	1.28099999999995	18.4099999999999	0	0
11.7459999999992	0.958999999999833	12.7419999999984	0	0
15.7479999999996	1.51200000000017	17.5040000000008	0	0
15.0760000000009	1.73599999999988	16.8120000000017	0	0
28.148000000001	2.23099999999977	30.4490000000005	0	0
12.7159999999967	1.01699999999983	14.0649999999987	0	0
15.5400000000009	1.5920000000001	17.393	0	0
22.5550000000003	2.08500000000004	24.7649999999994	0	0
23.7390000000014	2.19900000000007	26.5030000000006	0	0
17.9459999999999	1.92099999999982	19.7700000000004	0	0
11.9019999999982	1.20000000000027	13.1720000000023	0	0
22.7510000000002	2.42000000000007	25.8529999999992	0	0
15.1059999999998	1.44900000000007	17.025999999998	0	0
11.9079999999994	0.877000000000407	12.8019999999997	0	0
15.9140000000007	1.36900000000014	17.3150000000023	0	0
16.3660000000018	2.10500000000002	18.5869999999995	0	0
14.5509999999995	3.029	16.8810000000012	0	0
16.8170000000027	2.37699999999995	18.8400000000001	0	0
11.5019999999968	0.943000000000211	12.4720000000016	0	0
13.0809999999983	1.26000000000022	14.3530000000028	0	0
24.4579999999987	3.82499999999982	27.6630000000005	0	0
17.5080000000016	2.01000000000022	19.242000000002	0	0
17.219000000001	1.65499999999975	18.9370000000017	0	0
20.4130000000005	1.71499999999969	22.1400000000031	0	0
20.6649999999972	1.81700000000001	22.5370000000003	0	0
14.4670000000006	1.18000000000029	15.6500000000015	0	0
23.8919999999998	1.98100000000022	26.2569999999978	0	0
27.0330000000031	2.33599999999979	29.4099999999999	0	0
24.0839999999989	1.88099999999986	26.4140000000007	0	0
17.3780000000006	2.25399999999991	20.1980000000003	0	0
27.0779999999977	1.82899999999972	28.9049999999988	0	0
21.6059999999998	1.66300000000001	23.2700000000004	0	0
15.6029999999992	1.80700000000024	17.4530000000013	0	0
13.9539999999979	1.2199999999998	15.1860000000015	0	0
22.3000000000029	1.87899999999991	24.2419999999984	0	0
15.9830000000002	1.57900000000018	17.5889999999999	0	0
15.599000000002	1.33100000000013	16.8919999999998	0	0
12.6899999999987	1.03900000000021	13.7139999999999	0	0
14.0580000000009	1.28699999999981	15.3489999999983	0	0
20.9449999999997	1.94799999999987	23.3489999999983	0	0
17.2530000000006	2.10799999999972	19.0709999999999	0	0
15.5059999999976	1.44000000000005	16.9470000000001	0	0
12.4380000000019	0.968000000000302	13.5169999999998	0	0
16.0760000000009	1.34999999999991	17.4650000000001	0	0
19.8789999999972	1.47700000000032	21.6849999999977	0	0
16.2289999999994	1.45200000000023	17.7909999999974	0	0
13.4399999999987	1.28700000000026	14.8859999999986	0	0
14.7649999999994	3.17300000000023	17.3110000000015	0	0
24.617000000002	1.80400000000009	26.7649999999994	0	0
15.4049999999988	1.62900000000036	17.1589999999997	0	0
15.1229999999996	1.38200000000006	16.5910000000003	0	0
14.6759999999995	2.00399999999991	16.364999999998	0	0
16.9000000000015	2.78699999999981	19.3609999999971	0	0
26.6820000000007	1.77299999999968	28.617000000002	0	0
15.4799999999996	1.44699999999966	16.9200000000019	0	0
23.1160000000018	1.87699999999995	25.0949999999975	0	0
26.4700000000012	3.11000000000013	29.4710000000014	0	0
15.4939999999988	1.78400000000011	17.2049999999981	0	0
20.2310000000034	1.82299999999987	22.0720000000001	0	0
14.7929999999978	2.80899999999974	17.5220000000008	0	0
14.8209999999999	1.03900000000021	15.8609999999971	0	0
17.5400000000009	1.38900000000012	19.4719999999979	0	0
15.1059999999998	1.10699999999997	16.755000000001	0	0
20.7860000000001	1.92299999999977	22.6349999999984	0	0
21.3130000000019	3.71199999999999	24.6370000000024	0	0
12.7589999999982	3.1579999999999	15.5299999999988	0	0
35.2150000000001	6.9050000000002	40.7289999999994	0	0
24.0970000000016	3.38599999999997	27.7789999999986	0	0
18.9919999999984	1.57900000000018	20.6090000000004	0	0
15.1669999999976	1.44500000000016	17.4020000000019	0	0
25.8719999999994	5.40200000000004	30.7999999999993	0	0
20.387999999999	1.60800000000017	22.0060000000012	0	0
16.9500000000007	3.98199999999997	20.643	0	0
23.1399999999994	4.06800000000021	26.0709999999999	0	0
27.4150000000009	2.47299999999996	29.8680000000022	0	0
16.632999999998	2.66600000000017	19.2330000000002	0	0
15.768	3.3159999999998	18.3640000000014	0	0
13.6779999999999	2.32700000000023	15.5779999999977	0	0
27.3199999999997	6.70600000000013	32.7619999999988	0	0
16.1440000000002	2.40499999999975	18.2199999999975	0	0
16.260000000002	1.1880000000001	17.405999999999	0	0
25.8400000000001	2.56100000000015	29.2270000000026	0	0
16.8290000000015	3.47800000000007	19.219000000001	0	0
13.9259999999995	3.67299999999977	16.4939999999988	0	0
26.487000000001	1.87300000000005	28.6690000000017	0	0
23.0720000000001	1.76400000000012	24.9570000000022	0	0
24.3300000000017	2.11000000000013	26.3260000000009	0	0
11.7659999999996	0.981999999999971	12.844000000001	0	0
12.1720000000023	1.0319999999997	13.2050000000017	0	0
17.5759999999973	1.70699999999988	19.2050000000017	0	0
19.8549999999996	1.52700000000004	21.4239999999991	0	0
16.8489999999983	2.17100000000028	19.1980000000003	0	0
17.6209999999992	1.9340000000002	20.0420000000013	0	0
19.6830000000009	1.72400000000016	21.6419999999998	0	0
7.54000000000087	0.520000000000437	8.11299999999756	0	0
16.2789999999986	3.05799999999999	19.0489999999991	0	0
16.275999999998	1.64399999999978	18.2649999999994	0	0
24.3899999999994	2.14600000000019	26.5189999999966	0	0
29.9290000000001	3.43499999999995	32.9320000000007	0	0
13.4099999999999	1.27099999999973	14.6839999999975	0	0
15.3529999999992	1.11599999999999	16.5939999999973	0	0
24.7959999999985	2.18299999999999	26.9530000000013	0	0
17.0810000000019	2.71599999999989	19.5529999999999	0	0
18.0620000000017	1.84000000000015	20.2270000000026	0	0
15.6219999999994	1.44900000000007	17.1779999999999	0	0
23.6009999999987	2.19699999999966	25.8780000000006	0	0
17.4130000000005	1.54700000000003	19.0020000000004	0	0
16.1310000000012	1.69399999999996	17.9050000000025	0	0
15.4120000000003	1.23000000000002	17.3849999999984	0	0
21.5250000000015	2.01199999999972	23.737000000001	0	0
17.648000000001	1.37699999999995	19.1820000000007	0	0
16.9909999999982	1.69200000000001	18.768	0	0
15.4069999999992	2.01000000000022	17.2170000000006	0	0
15.7330000000002	1.36500000000024	17.1470000000008	0	0
12.7900000000009	1.21199999999999	13.9420000000027	0	0
17.6309999999976	2.06800000000021	19.9459999999999	0	0
12.9259999999995	1.49699999999984	13.9830000000002	0	0
21.2659999999996	1.83199999999988	23.0820000000022	0	0
16.0130000000026	1.56700000000001	17.6219999999994	0	0
19.7829999999994	1.93299999999999	21.8509999999987	0	0
20.0529999999999	1.88200000000006	22.8199999999997	0	0
14.9480000000003	1.02399999999989	16.101999999999	0	0
17.3129999999983	2.29999999999973	19.5930000000008	0	0
25.0440000000017	2.23599999999988	27.3149999999987	0	0
13.8240000000005	1.38299999999981	15.2209999999977	0	0
7.87900000000081	1.41799999999967	8.81099999999788	0	0
13.5709999999999	2.86699999999973	15.9389999999985	0	0
13.987000000001	2.58099999999968	16.6800000000003	0	0
17.0859999999993	3.3090000000002	20.4850000000006	0	0
21.6039999999994	4.27300000000014	25.3230000000003	0	0
13.0299999999988	2.67699999999968	15.0330000000031	0	0
21.3400000000001	4	24.6349999999984	0	0
20.6190000000024	2.99600000000009	23.4259999999995	0	0
17.3460000000014	2.15499999999975	19.4599999999991	0	0
17.1059999999998	1.83999999999969	19.0390000000007	0	0
26.8559999999998	5.21399999999994	31.3410000000003	0	0
14.1570000000029	1.31200000000035	15.6029999999992	0	0
22.9459999999999	1.92000000000007	24.7899999999972	0	0
15.6009999999987	1.42200000000003	17.1109999999971	0	0
14.7549999999974	1.25900000000001	16.0149999999994	0	0
16.9979999999996	4.4069999999997	20.8889999999956	0	0
7.79399999999805	1.50199999999995	8.96100000000297	0	0
13.4850000000006	2.21300000000019	15.3740000000034	0	0
15.7089999999989	2.22599999999966	17.6820000000007	0	0
17.7379999999976	1.5659999999998	19.3510000000024	0	0
24.857	6.30799999999999	29.9049999999988	0	0
14.9680000000008	1.36900000000014	16.3070000000007	0	0
20.976999999999	1.25399999999991	22.4700000000012	0	0
15.2910000000011	1.24699999999984	16.5420000000013	0	0
11.4080000000031	0.908999999999651	12.3640000000014	0	0
14.510000000002	1.23199999999997	15.8140000000058	0	0
15.7030000000013	3.73199999999997	18.7669999999998	0	0
20.1690000000017	2.19699999999966	22.4910000000018	0	0
11.9370000000017	1.01499999999987	12.9519999999975	0	0
13.3889999999992	1.28099999999995	14.8410000000003	0	0
11.7560000000012	0.985999999999876	12.6920000000027	0	0
15.5720000000001	1.32699999999977	16.9040000000023	0	0
17.7139999999999	1.78099999999995	19.523000000001	0	0
15.3780000000006	1.37199999999984	16.7530000000042	0	0
15.7999999999993	1.67200000000003	17.8410000000003	0	0
12.9269999999997	0.89200000000028	14.3960000000006	0	0
17.3899999999994	1.69100000000026	19.5040000000008	0	0
12.4969999999994	0.989000000000033	13.614999999998	0	0
14.6570000000029	1.19199999999955	16.4279999999999	0	0
15.4279999999999	1.55200000000013	17.3280000000013	0	0
29.7570000000014	2.26800000000003	32.4639999999999	0	0
15.4490000000005	1.43100000000004	17.0869999999995	0	0
15.1419999999998	1.64600000000019	16.760000000002	0	0
15.1730000000025	1.66599999999971	16.8300000000017	0	0
17.4640000000036	1.73199999999997	19.1650000000009	0	0
15.4409999999989	1.85799999999972	17.1359999999986	0	0
25.1929999999993	1.70199999999977	27.2469999999958	0	0
15.982	1.779	18.0350000000035	0	0
17.4369999999981	1.69600000000037	19.2450000000026	0	0
15.5610000000015	1.36200000000008	17.002999999997	0	0
20.0830000000024	3.08599999999979	22.9890000000014	0	0
15.7000000000007	1.94599999999991	17.5630000000019	0	0
15.1670000000013	1.67100000000028	16.8120000000054	0	0
16.9069999999992	1.62400000000025	18.5520000000033	0	0
17.4190000000017	1.78300000000036	19.5609999999942	0	0
15.8080000000009	1.55699999999979	17.2389999999941	0	0
13.5049999999974	1.28499999999985	14.9170000000013	0	0
22.8739999999998	1.96399999999994	25.1779999999999	0	0
22.9429999999993	4.029	26.0269999999946	0	0
24.4000000000015	4.97200000000021	28.2700000000041	0	0
26.6349999999984	8.3739999999998	32.4120000000039	0	0
17.8820000000014	3.68499999999995	20.7479999999996	0	0
14.5099999999984	2.68000000000029	16.9639999999999	0	0
15.505000000001	1.29899999999998	17.1369999999952	0	0
16.0139999999992	2.34000000000015	18.4879999999976	0	0
24.382999999998	2.1239999999998	26.4110000000001	0	0
14.3339999999989	2.28099999999995	16.5099999999948	0	0
21.7180000000008	2.63700000000017	24.4420000000027	0	0
19.6289999999972	1.53099999999995	21.2119999999995	0	0
18.2469999999994	1.85500000000002	20.0329999999958	0	0
16.5659999999989	1.49600000000009	18.2710000000006	0	0
18.3580000000002	1.71599999999989	20.0789999999979	0	0
16.0519999999997	1.55399999999963	17.8139999999985	0	0
21.8109999999979	1.71199999999999	23.6649999999936	0	0
13.8209999999999	1.33300000000008	15.4159999999974	0	0
24.0979999999981	1.83300000000008	25.8369999999995	0	0
12.7330000000002	1.03600000000006	13.8689999999988	0	0
14.1139999999978	1.30899999999974	15.8499999999985	0	0
15.3420000000006	1.32099999999991	16.7819999999992	0	0
12.2560000000012	2.49500000000035	14.2420000000056	0	0
16.2669999999998	3.13100000000031	19.1339999999982	0	0
27.877999999997	1.88500000000022	29.8880000000063	0	0
15.6599999999999	1.41300000000001	17.0750000000044	0	0
21.0519999999997	2.125	23.393999999993	0	0
16.0540000000001	1.50199999999995	17.4380000000019	0	0
21.3199999999997	2.00900000000001	23.4500000000044	0	0
15.3589999999967	3.42999999999984	17.7109999999957	0	0
11.7000000000007	0.994999999999891	12.7059999999983	0	0
16.9300000000003	1.30999999999995	18.4409999999989	0	0
14.9749999999985	1.36599999999999	16.8339999999953	0	0
22.4700000000012	2.04299999999967	24.6779999999999	0	0
19.5570000000007	2.04899999999998	21.5220000000045	0	0
12.5250000000015	1.61999999999989	13.8709999999992	0	0
16.8629999999976	1.70100000000002	18.6270000000004	0	0
12.3459999999977	0.878999999999905	13.211000000003	0	0
17.1319999999978	1.76999999999998	19.2489999999962	0	0
15.101999999999	1.48700000000008	16.5190000000002	0	0
19.3149999999951	1.54300000000012	21.2089999999953	0	0
21.2200000000012	1.6840000000002	23.1160000000018	0	0
15.6789999999964	1.48000000000002	17.2860000000001	0	0
19.3380000000034	1.47900000000027	20.8480000000054	0	0
14.7390000000014	3.09799999999996	17.4230000000025	0	0
18.262999999999	2.11700000000019	20.3050000000003	0	0
17.8759999999966	1.71299999999974	19.5610000000015	0	0
15.9200000000055	1.79100000000017	17.6449999999968	0	0
22.762999999999	1.87400000000025	24.8349999999991	0	0
16.8630000000048	1.75799999999981	18.5590000000011	0	0
14.1909999999989	1.50700000000006	15.5489999999991	0	0
13.4519999999975	1.35099999999966	14.760000000002	0	0
18.3289999999979	1.66900000000032	20.3689999999988	0	0
15.6820000000007	1.24600000000009	17.2989999999991	0	0
19.4900000000052	4.45299999999997	23.372000000003	0	0
24.5350000000035	4.13099999999986	27.7449999999953	0	0
12.0880000000034	1.26899999999978	13.2809999999954	0	0
24.8479999999981	1.82600000000002	27.0760000000009	0	0
22.5060000000012	2.07099999999991	24.9289999999964	0	0
7.55500000000029	0.436000000000149	8.05099999999948	0	0
20.7209999999977	3.76200000000017	24.0309999999954	0	0
13.7930000000051	1.03700000000026	15.4100000000035	0	0
17.461000000003	1.50300000000016	19.0679999999993	0	0
14.0579999999973	2.35600000000022	16.2960000000021	0	0
20.6959999999963	4.13100000000031	24.8040000000037	0	0
14.3659999999945	1.42099999999982	16.0589999999938	0	0
19.0119999999952	2.04100000000017	21.3910000000033	0	0
13.0239999999976	1.08599999999979	14.4019999999946	0	0
14.4429999999993	1.68100000000004	16.0500000000029	0	0
15.7589999999982	1.51299999999992	17.3459999999977	0	0
16.1869999999981	1.38700000000017	17.5849999999991	0	0
17.0709999999963	1.72699999999986	19.2880000000005	0	0
20.5520000000033	1.74900000000025	22.7050000000017	0	0
16.0539999999964	3.56299999999965	18.801999999996	0	0
17.8280000000013	1.71599999999989	19.5479999999952	0	0
25.1770000000033	2.84500000000025	28.0820000000022	0	0
15.5849999999991	1.55200000000013	17.2700000000041	0	0
15.2209999999977	1.39499999999998	16.7520000000004	0	0
14.7259999999951	1.41400000000021	16.0330000000031	0	0
19.2360000000044	1.68899999999985	21.2309999999998	0	0
18.3320000000022	3.91800000000012	21.1690000000017	0	0
27.2739999999976	6.22400000000016	31.9830000000002	0	0
17.4130000000005	3.92900000000009	21.101999999999	0	0
17.4709999999977	1.80799999999999	19.2920000000013	0	0
21.3499999999985	1.61999999999989	23.6540000000023	0	0
15.4939999999988	1.46399999999994	17.0339999999997	0	0
15.025999999998	1.0659999999998	16.400999999998	0	0
16.6030000000028	1.45900000000029	18.0649999999951	0	0
18.5239999999976	1.35399999999981	19.8060000000041	0	0
15.6440000000002	1.86999999999989	17.648000000001	0	0
17.3419999999969	1.79099999999971	19.1209999999992	0	0
14.7019999999975	1.63999999999987	16.1359999999986	0	0
16.4120000000039	1.70499999999993	18.0169999999998	0	0
11.5140000000029	0.894999999999982	12.4140000000043	0	0
13.2359999999971	1.3760000000002	14.6630000000005	0	0
11.237000000001	0.889000000000124	12.1270000000004	0	0
7.27500000000146	0.865999999999985	7.99200000000565	0	0
17.3839999999982	1.72899999999981	19.4890000000014	0	0
18.025999999998	1.72800000000007	19.8349999999991	0	0
20.0630000000019	1.94200000000001	22.224000000002	0	0
16.9099999999962	3.48399999999992	19.976999999999	0	0
15.6610000000001	1.87800000000016	17.823000000004	0	0
14.987000000001	3.84500000000025	18.3310000000056	0	0
19.9479999999967	5.11200000000008	23.8249999999971	0	0
23.7520000000004	3.59099999999989	27.2700000000041	0	0
18.7409999999945	1.67799999999988	20.5140000000029	0	0
21.114999999998	1.9409999999998	23.3340000000026	0	0
12.221000000005	1.279	13.3220000000001	0	0
14.101999999999	1.91200000000026	15.6720000000059	0	0
12.6860000000015	1.19900000000007	13.8250000000044	0	0
15.775999999998	1.57099999999991	17.3739999999962	0	0
16.4570000000022	1.78800000000001	18.3499999999985	0	0
13.8369999999995	1.22899999999981	15.2439999999988	0	0
15.5429999999978	1.4699999999998	17.099000000002	0	0
15.3309999999983	1.77099999999973	17.8919999999998	0	0
19.0810000000056	1.6279999999997	20.9219999999987	0	0
16.1189999999988	3.00399999999991	18.6129999999976	0	0
27.666999999994	5.42300000000023	32.5089999999982	0	0
16.8320000000022	1.38900000000012	18.3389999999999	0	0
14.4639999999999	1.55399999999963	16.2559999999939	0	0
17.8240000000005	1.76200000000017	19.6529999999984	0	0
19.8060000000041	1.93799999999965	21.6140000000014	0	0
15.1660000000047	0.98299999999972	16.1500000000015	0	0
17.025999999998	1.50399999999991	18.6659999999974	0	0
13.8929999999964	1.30400000000009	15.1310000000012	0	0
15.4489999999932	1.60899999999992	17.1080000000002	0	0
11.8839999999982	0.878999999999905	13.010000000002	0	0
16.2649999999994	1.49699999999984	17.7589999999982	0	0
17.4239999999991	1.60600000000022	19.5190000000002	0	0
16.176999999996	1.36300000000028	17.5840000000026	0	0
17.6530000000057	1.46000000000004	19.8479999999981	0	0
20.9330000000045	1.77100000000019	23.364999999998	0	0
23.7829999999958	3.06500000000005	26.1620000000039	0	0
12.7119999999995	1.29199999999992	13.8250000000044	0	0
17.1750000000029	1.9380000000001	19.0950000000012	0	0
17.6130000000048	1.87100000000009	19.5669999999955	0	0
17.4519999999975	1.93899999999985	19.3079999999973	0	0
30.4019999999946	2.39100000000008	32.8570000000036	0	0
15.1740000000063	1.55799999999999	16.9310000000041	0	0
15.775999999998	1.55699999999979	17.4590000000026	0	0
17.7649999999994	1.83199999999988	19.6180000000022	0	0
24.2520000000004	4.50499999999965	28.1340000000055	0	0
20.0299999999988	4.4050000000002	23.4300000000003	0	0
22.6180000000022	4.36700000000019	25.8970000000045	0	0
13.5690000000031	1.25900000000001	15.0789999999979	0	0
27.9499999999971	2.04700000000003	30.1920000000027	0	0
17.0339999999997	1.56700000000001	18.9709999999977	0	0
21.7779999999984	2.02999999999975	23.989999999998	0	0
15.1399999999994	1.37300000000005	17.0930000000008	0	0
20.4040000000023	2.71300000000019	23.1809999999969	0	0
14.0590000000011	2.18600000000015	15.7760000000053	0	0
18.1659999999974	2.01199999999972	20.1699999999983	0	0
17.2829999999958	2.27599999999984	19.5179999999964	0	0
18.0009999999966	1.83199999999988	19.8430000000008	0	0
16.5299999999988	3.02799999999979	19.3930000000037	0	0
14.351999999999	1.38400000000001	15.6600000000035	0	0
18.7189999999973	3.39599999999973	22.0920000000042	0	0
16.5220000000045	1.25500000000011	17.8009999999995	0	0
14.4459999999963	1.60400000000027	16.0020000000004	0	0
18.4000000000015	2.15200000000004	20.7330000000002	0	0
20.4680000000008	4.23399999999992	25.0500000000029	0	0
29.8000000000029	3.89699999999993	33.2649999999994	0	0
16.1270000000004	1.4670000000001	17.6310000000012	0	0
16.1680000000051	1.44399999999996	18.237000000001	0	0
18.4650000000038	2.84900000000016	20.5560000000041	0	0
15.323000000004	3.94799999999987	18.3430000000008	0	0
12.275999999998	0.999000000000251	13.333000000006	0	0
13.7069999999949	3.24800000000005	16.3910000000033	0	0
15.1590000000069	1.27100000000019	16.7530000000042	0	0
18.2589999999982	3.10799999999972	20.0950000000012	0	0
19.4719999999943	5.07999999999993	23.4860000000044	0	0
14.0590000000011	4.07799999999997	16.8499999999985	0	0
25.0829999999987	2.27999999999975	27.4150000000009	0	0
16.2339999999967	1.84299999999985	17.9959999999992	0	0
21.0610000000015	1.85300000000007	22.8789999999935	0	0
15.461000000003	1.39400000000023	16.9219999999987	0	0
14.9340000000011	5.08200000000033	17.476999999999	0	0
17.3499999999985	4.42499999999973	18.6339999999982	0	0
13.8570000000036	1.93499999999995	15.226999999999	0	0
14.5240000000049	1.86699999999973	15.1979999999967	0	0
16.2349999999933	4.06700000000001	17.8030000000072	0	0
12.8349999999991	2.96300000000019	13.7190000000046	0	0
17.9380000000019	5.94399999999996	19.5380000000005	0	0
7.77699999999459	0.679999999999836	7.98500000000058	0	0
23.9930000000022	4.01600000000008	24.7770000000019	0	0
14.4939999999988	2.91599999999926	15.1050000000032	0	0
12.5699999999997	1.23199999999997	12.8470000000016	0	0
17.9959999999992	3.22500000000036	19.0449999999983	0	0
23.6310000000012	2.08899999999994	24.7419999999984	0	0
26.7640000000029	2.05199999999968	28.5119999999952	0	0
14.4419999999955	3.32700000000023	16.2810000000027	0	0
13.9639999999999	1.90999999999985	14.6759999999995	0	0
16.2989999999991	2.36499999999978	17.3559999999998	0	0
7.74799999999959	0.729000000000269	7.88899999999558	0	0
15.9750000000058	1.75600000000031	16.5879999999961	0	0
12.7440000000061	1.72799999999916	13.5939999999973	0	0
14.3020000000033	2.61200000000008	15.8309999999983	0	0
12.8609999999971	1.66600000000017	13.5460000000021	0	0
16.1790000000037	1.93299999999999	17.390999999996	0	0
12.2109999999957	0.666999999999462	12.4449999999997	0	0
16.5809999999983	1.81899999999951	17.1069999999963	0	0
16.1449999999968	2.23800000000028	17.0809999999983	0	0
12.2590000000055	1.33899999999994	12.9329999999973	0	0
16.1990000000005	2.67900000000009	17.5999999999985	0	0
29.1440000000002	6.42000000000007	29.1880000000019	0	0
20.6820000000007	2.90999999999985	20.6189999999988	0	0
15.1460000000006	2.47599999999966	15.1840000000011	0	0
15.7139999999999	2.21099999999933	15.7639999999956	0	0
33.6580000000031	7.47199999999975	33.0779999999941	0	0
31.8940000000002	4.48899999999958	31.1209999999992	0	0
14.5959999999977	2.44700000000012	13.6970000000001	0	0
16.127999999997	2.6190000000006	15.3870000000024	0	0
25.6160000000018	3.8159999999998	23.6970000000001	0	0
20.752999999997	4.37100000000009	19.3600000000006	0	0
20.4470000000001	2.43100000000049	19.1610000000001	0	0
12.6889999999985	1.75799999999981	11.948000000004	0	0
17.2999999999956	4.10300000000007	16.4000000000015	0	0
18.648000000001	2.56700000000001	17.6549999999988	0	0
18.9689999999973	3.48999999999978	17.6789999999964	0	0
17.8160000000062	4.34000000000015	16.9490000000005	0	0
20.1710000000021	2.88799999999992	19.4760000000024	0	0
21.3269999999975	3.15099999999984	20.1270000000004	0	0
17.0449999999983	2.91900000000078	15.7900000000009	0	0
22.1399999999994	3.74099999999999	20.8479999999981	0	0
16.5729999999967	2.97400000000016	15.9190000000017	0	0
18.0009999999966	2.83299999999963	16.8249999999971	0	0
18.3880000000063	2.78200000000015	17.2090000000026	0	0
16.1809999999969	3.13400000000001	15.3770000000004	0	0
33.273000000001	6.20400000000063	31.2139999999999	0	0
17.8070000000007	3.19799999999941	16.5599999999977	0	0
20.1419999999998	2.67600000000039	18.7849999999962	0	0
18.3350000000064	5.08899999999994	17.0840000000026	0	0
16.2410000000018	3.10699999999997	14.8740000000034	0	0
18.4900000000052	3.64099999999962	16.724000000002	0	0
20.4159999999974	2.44999999999982	18.9879999999976	0	0
17.0250000000015	3.28700000000026	15.377999999997	0	0
19.4349999999977	3.48500000000058	17.3950000000041	0	0
19.5060000000012	3.84599999999955	17.2359999999971	0	0
18.5350000000035	3.60400000000027	16.2520000000004	0	0
24.9089999999997	3.70499999999993	22.747000000003	0	0
16.2560000000012	3.13799999999992	14.3570000000036	0	0
16.9630000000034	2.61399999999958	15.2640000000029	0	0
16.9100000000035	3.1269999999995	15.1039999999994	0	0
16.3670000000056	2.83799999999974	14.9979999999996	0	0
31.8359999999957	4.41200000000026	28.6959999999963	0	0
19.737000000001	3.17699999999968	17.5580000000045	0	0
22.3759999999966	3.35199999999986	19.8960000000006	0	0
18.3249999999971	3.60199999999986	15.6459999999934	0	0
