11.367	6.07	12.331	0	0
14.228	13.141	13.391	0	0
11.574	4.041	11.551	0	0
11.281	3.04	11.539	0	0
12.819	9.843	12.691	0	0
16.86	13.148	16.145	0	0
10.971	5.741	11.179	0	0
17.24	18.586	17.254	0	0
12.235	8.76400000000001	12.854	0	0
13.425	9.94499999999999	13.537	0	0
13.291	13.074	13.293	0	0
11.802	4.76300000000001	11.754	0	0
11.224	3.44200000000001	11.955	0	0
13.885	11.653	14.748	0	0
18.799	20.616	16.432	0	0
18.258	24.747	17.01	0	0
12.891	14.641	13.756	0	0
14.5150000000001	13.937	13.056	0	0
12.019	4.786	11.489	0	0
12.1899999999999	7.89599999999996	12.59	0	0
12.725	7.69	13.564	0	0
17.112	21.926	14.557	0	0
28.601	41.257	20.718	0	0
11.0260000000001	9.50300000000004	10.703	0	0
13.131	6.72700000000009	12.462	0	0
10.9219999999999	5.38800000000003	11.403	0	0
11.138	1.24199999999996	10.4160000000001	0	0
16.465	19.783	16.162	0	0
16.5559999999999	17.0949999999999	15.7560000000001	0	0
14.425	9.8359999999999	15.122	0	0
10.8330000000001	2.61700000000008	10.433	0	0
15.496	16.48	13.557	0	0
11.845	7.20900000000006	11.744	0	0
14.735	8.00200000000007	14.681	0	0
12.79	7.25699999999995	13.684	0	0
10.3899999999999	5.01099999999997	11.3500000000001	0	0
9.48800000000006	3.11399999999992	9.98299999999995	0	0
13.6570000000002	12.0360000000001	11.3700000000001	0	0
11.577	2.22899999999993	11	0	0
22.2639999999999	31.629	16.556	0	0
20.278	26.894	15.7730000000001	0	0
13.748	10.2579999999999	14.6030000000001	0	0
12.2239999999999	10.0680000000001	12.239	0	0
11.0429999999999	6.32599999999991	10.9480000000001	0	0
13.0440000000001	11.6899999999999	12.693	0	0
12.4889999999998	8.02000000000021	12.8710000000001	0	0
12.1610000000001	8.99099999999999	11.8910000000001	0	0
13.9580000000001	13.0429999999999	13.9639999999999	0	0
13.682	10.4879999999998	13.133	0	0
14.8929999999998	12.028	13.963	0	0
11.434	4.75299999999993	11.29	0	0
13.1079999999999	10.7630000000001	13.075	0	0
11.3329999999999	6.00800000000004	12.3579999999999	0	0
11.7359999999999	6.94499999999994	11.9959999999999	0	0
12.2820000000002	6.11500000000001	11.308	0	0
22.2539999999999	27.453	18.5500000000002	0	0
23.3620000000001	31.8030000000001	17.9889999999998	0	0
14.7149999999999	9.94299999999998	15.5220000000002	0	0
11.3579999999999	4.40700000000015	11.4479999999999	0	0
14.9459999999999	16.193	15.1220000000001	0	0
11.9949999999999	6.452	12.6200000000001	0	0
14.5799999999999	13.3000000000002	13.221	0	0
19.039	23.5360000000001	14.9159999999999	0	0
17.0599999999999	26.7900000000002	17.0629999999999	0	0
12.03	5.09999999999991	12.0599999999999	0	0
12.1389999999999	5.75800000000004	12.8290000000002	0	0
9.81000000000017	3.16000000000008	9.92499999999995	0	0
13.261	7.99700000000007	12.623	0	0
12.7930000000001	13.796	13.5700000000002	0	0
13.2089999999998	10.2370000000001	12.9829999999999	0	0
11.04	3.66300000000001	11.183	0	0
12.2579999999998	7.01800000000003	13.1320000000001	0	0
14.9740000000002	17.3409999999999	14.5319999999997	0	0
16.0700000000002	18.181	15.6179999999999	0	0
11.5160000000001	2.39400000000001	10.5030000000002	0	0
13.9590000000003	15.4270000000001	13.0750000000003	0	0
14.0029999999997	14.7730000000001	13.6620000000003	0	0
13.0749999999998	9.90200000000004	12.7570000000001	0	0
12.2939999999999	9.16599999999994	13.123	0	0
16.3120000000004	14.1590000000001	14.364	0	0
15.951	16.7080000000001	14.2890000000002	0	0
16.4360000000001	19.7250000000001	15.7039999999997	0	0
12.107	6.48799999999983	11.5250000000001	0	0
12.9320000000002	12.5240000000001	13.3670000000002	0	0
15.011	18.3150000000001	14.172	0	0
13.3470000000002	7.02399999999989	13.8410000000003	0	0
12.7149999999997	7.28200000000015	12.5880000000002	0	0
13.337	11.471	13.0400000000004	0	0
14.9699999999998	13.5680000000002	14.6420000000003	0	0
12.152	6.71099999999979	12.9049999999997	0	0
13.3890000000001	5.63499999999976	13.8690000000001	0	0
13.9949999999999	12.547	14.701	0	0
12.944	4.75800000000027	12.8679999999999	0	0
12.5610000000001	10.3150000000001	12.3449999999998	0	0
14.6619999999998	16.6819999999998	13.7370000000001	0	0
11.0100000000002	3.38299999999981	11.7239999999997	0	0
11.6199999999999	3.56500000000005	11.4190000000003	0	0
11.4809999999998	2.3149999999996	11.5640000000003	0	0
12.0839999999998	8.95800000000008	12.5219999999999	0	0
11.7190000000001	6.49800000000005	12.9340000000002	0	0
10.6689999999999	3.10600000000022	11.0350000000003	0	0
12.2890000000002	8.73900000000003	13.3049999999998	0	0
12.3980000000001	7.04199999999992	12.942	0	0
10.3760000000002	3.85600000000022	10.9929999999999	0	0
10.9410000000003	4.73799999999983	11.2719999999999	0	0
13.7370000000001	9.346	13.2920000000004	0	0
13.5810000000001	13.8110000000001	13.6500000000001	0	0
11.5210000000002	6.34799999999996	12.3499999999999	0	0
10.558	0.206000000000131	9.85800000000017	0	0
17.7339999999999	22.5100000000002	15.585	0	0
11.7539999999999	5.67200000000003	11.029	0	0
11.7890000000002	2.96299999999974	11.7449999999999	0	0
10.893	5.80400000000009	10.7380000000003	0	0
16.6320000000001	14.1740000000004	15.5209999999997	0	0
11.6010000000001	5.37100000000009	12.1749999999997	0	0
15.9459999999999	15.7539999999999	14.5619999999999	0	0
12.9240000000004	9.60999999999967	13.4480000000003	0	0
10.7490000000003	5.15199999999959	11.5219999999999	0	0
13.174	4.76700000000028	13.2040000000002	0	0
16.8389999999999	21.5799999999999	16.913	0	0
14.607	15.913	15.1189999999997	0	0
13.7349999999997	14.0129999999999	13.9470000000001	0	0
13.4430000000002	10.8789999999999	13.2380000000003	0	0
12.826	6.85799999999972	14.0509999999999	0	0
11.4279999999999	4.15099999999984	12.0049999999997	0	0
13.7689999999998	12.6869999999999	13.8360000000002	0	0
13.8669999999997	10.1089999999999	13.8240000000001	0	0
12.2219999999998	5.61000000000013	11.5239999999999	0	0
11.2339999999999	5.26499999999987	11.6779999999999	0	0
13.7660000000001	8.30999999999995	13.3629999999998	0	0
12.7429999999999	8.5590000000002	12.8820000000001	0	0
11.9879999999998	6.41399999999976	11.2869999999998	0	0
12.7719999999999	8.59900000000016	12.145	0	0
12.819	8.83800000000019	12.3610000000003	0	0
13.7370000000001	11.0430000000001	13.8589999999999	0	0
13.819	12.7730000000001	12.6790000000001	0	0
12.145	4.11799999999994	12.9699999999998	0	0
13.8719999999998	12.7449999999999	14.4539999999997	0	0
15.4940000000001	16.4400000000001	14.9580000000001	0	0
13.299	12.6659999999997	13.183	0	0
11.3310000000001	5.5029999999997	11.3410000000003	0	0
12.8780000000006	7.41799999999967	11.9609999999998	0	0
14.9799999999996	12.5650000000001	13.0399999999995	0	0
11.6930000000002	7.41300000000001	11.5510000000004	0	0
11.3050000000003	6.95499999999993	12.0859999999993	0	0
17.3620000000001	20.8509999999997	15.4269999999997	0	0
12.0169999999998	2.36000000000013	11.9080000000004	0	0
14.2139999999999	14.8220000000001	13.3329999999996	0	0
13.2280000000001	8.97200000000021	13.1120000000001	0	0
13.3639999999996	7.00600000000031	13.7130000000006	0	0
11.5250000000005	1.31700000000001	10.4620000000004	0	0
12.8699999999999	10.2629999999999	12.5	0	0
11.2209999999995	3.47900000000027	10.2159999999994	0	0
19.098	24.8330000000001	16.8320000000003	0	0
11.6549999999997	6.07900000000018	11.7370000000001	0	0
11.6489999999994	4.10800000000017	11.9840000000004	0	0
11.4780000000001	5.33699999999999	11.6710000000003	0	0
11.1139999999996	3.94000000000005	11.1499999999996	0	0
14.3960000000006	10.011	14.2529999999997	0	0
15.7640000000001	16.6120000000001	13.4919999999993	0	0
13.3829999999998	7.48500000000013	14.0500000000002	0	0
10.7739999999994	1.971	10.7830000000004	0	0
12.3969999999999	8.92100000000028	12.2479999999996	0	0
12.2249999999995	8.5300000000002	11.518	0	0
14.4990000000007	13.1120000000001	15.9769999999999	0	0
15.1330000000007	14.5590000000002	13.7079999999996	0	0
12.415	8.48599999999988	11.4790000000003	0	0
11.1539999999995	4.03099999999995	11.1310000000003	0	0
16.2440000000006	14.645	16.3939999999993	0	0
20.4920000000002	23.1860000000001	14.8949999999995	0	0
16.3419999999996	17.5029999999997	13.4319999999998	0	0
11.1729999999998	6.39400000000023	12.4179999999997	0	0
15.46	13.8869999999997	14.8670000000002	0	0
13.1279999999997	11.9450000000002	13.3150000000005	0	0
12.1059999999998	7.11499999999978	12.8179999999993	0	0
22.4690000000001	38.5	19.0510000000004	0	0
22.9490000000005	36.5739999999996	17.8379999999997	0	0
17.1020000000008	21.2550000000001	15.2240000000002	0	0
13.2430000000004	11.3980000000001	13.6620000000003	0	0
13.4040000000005	15.7959999999998	13.3630000000003	0	0
12.1769999999997	7.34799999999996	13.125	0	0
10.6180000000004	4.22800000000007	10.3919999999998	0	0
11.402	6.72100000000046	12.5440000000008	0	0
11.8419999999996	8.17200000000048	11.8229999999994	0	0
12.0540000000001	1.66799999999967	12.0900000000001	0	0
11.5590000000002	2.59799999999996	11.9070000000002	0	0
14.3329999999996	8.73599999999988	13.9570000000003	0	0
10.835	2.03999999999996	11.0429999999997	0	0
14.5569999999998	13.3059999999996	13.473	0	0
18.5	22.3360000000002	15.4009999999998	0	0
12.8760000000002	10.8559999999998	12.5079999999998	0	0
11.665	4.8159999999998	10.0249999999996	0	0
14.8289999999997	16.0419999999995	13.6559999999999	0	0
15.4309999999996	17.1320000000005	13.723	0	0
20.1769999999997	26.8949999999995	15.3140000000003	0	0
13.8710000000001	12.3429999999998	13.8550000000005	0	0
12.509	7.78499999999985	13.2420000000002	0	0
11.509	3.19900000000052	11.9610000000002	0	0
15.7210000000005	14.3730000000005	14.4499999999998	0	0
10.7579999999998	3.26400000000012	11.2430000000004	0	0
12.6779999999999	8.41200000000026	12.9570000000003	0	0
11.5339999999997	6.8090000000002	12.3530000000001	0	0
13.5360000000001	9.16799999999967	12.4690000000001	0	0
12.2179999999998	7.36099999999988	11.9769999999999	0	0
16.6440000000002	15.5869999999995	16.3310000000001	0	0
12.2129999999997	8.37800000000061	13.0290000000005	0	0
10.5739999999996	3.18700000000081	10.5339999999997	0	0
12.2139999999999	4.90799999999945	11.3590000000004	0	0
19.9899999999998	24.7930000000006	16.9390000000003	0	0
12.2759999999998	8.28499999999985	11.7269999999999	0	0
11.7979999999998	9.2529999999997	12.8879999999999	0	0
15.1120000000001	16.3050000000003	12.9590000000007	0	0
14.7999999999993	16.1970000000001	13.6440000000002	0	0
22.6199999999999	33.6239999999998	16.7629999999999	0	0
13.1329999999998	9.92599999999948	11.7269999999999	0	0
9.52099999999973	4.27099999999973	9.83900000000085	0	0
17.5340000000006	18.4979999999996	16.7820000000002	0	0
11.8519999999999	7.91899999999987	12.1559999999999	0	0
14.5590000000002	13.692	13.9679999999998	0	0
18.558	19.509	17.415	0	0
16.5779999999995	23.3559999999998	14.8990000000003	0	0
11.1390000000001	2.37899999999991	9.97299999999996	0	0
11.6599999999999	4.84600000000046	10.5209999999997	0	0
11.5640000000003	4.29500000000007	11.598	0	0
13.5280000000002	10.5410000000002	13.0950000000003	0	0
13.9179999999997	14.3939999999993	14.2120000000004	0	0
11.0249999999996	4.32300000000032	10.8510000000006	0	0
11.3519999999999	3.89800000000014	11.4519999999993	0	0
13.7690000000002	0.833999999999833	12.8419999999996	0	0
14.9459999999999	16.4089999999997	14.3640000000005	0	0
11.366	6.40599999999995	11.9639999999999	0	0
11.8689999999997	5.30799999999999	12.3910000000005	0	0
13.7929999999997	10.9609999999993	12.6060000000007	0	0
13.9980000000005	11.8220000000001	12.4619999999995	0	0
14.7599999999993	17.5659999999998	13.5189999999993	0	0
13.8919999999998	15.0900000000001	13.0880000000006	0	0
12.0969999999998	1.88800000000083	11.5590000000002	0	0
10.4930000000004	4.67500000000018	10.6080000000002	0	0
11.7650000000003	6.71000000000004	11.9610000000002	0	0
12.0649999999996	6.73500000000058	12.6229999999996	0	0
10.1199999999999	3.14099999999962	10.5659999999998	0	0
11.0029999999997	2.83700000000044	10.8369999999995	0	0
13.518	13.3909999999996	13.6610000000001	0	0
12.4189999999999	2.22999999999956	11.9310000000005	0	0
13.4430000000002	9.58299999999963	13.0720000000001	0	0
10.9719999999998	3.16300000000047	11.2129999999997	0	0
16.4749999999995	15.9160000000002	14.1990000000005	0	0
11.6360000000004	5.58500000000004	11.2809999999999	0	0
18.951	22.3130000000001	16.2829999999994	0	0
21.1230000000005	25.4629999999997	18.1230000000005	0	0
11	3.3100000000004	11.6280000000006	0	0
15.5520000000006	19.8000000000002	14.5150000000003	0	0
11.8789999999999	2.62100000000009	11.29	0	0
12.2470000000003	3.76399999999921	12.3999999999996	0	0
12.9359999999997	8.47499999999945	13.2089999999998	0	0
12.442	9.14800000000014	12.576	0	0
10.8760000000002	2.47400000000016	10.9840000000004	0	0
12.808	8.49399999999969	12.9870000000001	0	0
12.0360000000001	4.64100000000053	13.0799999999999	0	0
14.3910000000005	15.2869999999994	14.5549999999994	0	0
10.384	3.56700000000001	10.473	0	0
11.1289999999999	5.27599999999984	11.634	0	0
19.3400000000001	24.4830000000002	16.9119999999994	0	0
11.3900000000003	2.71000000000004	11.7200000000003	0	0
16.018	18.2699999999995	14.2800000000007	0	0
16.7420000000002	20.165	14.875	0	0
11.4130000000005	7.62299999999959	11.165	0	0
12.2039999999997	6.75699999999961	13.2359999999999	0	0
12.7660000000005	7.45899999999983	13.7579999999998	0	0
12.6000000000004	6.66000000000076	11.5150000000003	0	0
13.9319999999998	10.7179999999998	12.6939999999995	0	0
12.7110000000002	10.7869999999994	12.5099999999993	0	0
11.6859999999997	8.83200000000033	12.5119999999997	0	0
15.5299999999997	7.80400000000009	14.8029999999999	0	0
11.9170000000004	6.74499999999989	11.4740000000002	0	0
11.6369999999997	3.80600000000049	11.6480000000001	0	0
18.1240000000007	20.3130000000001	14.3150000000005	0	0
12.9560000000001	8.48899999999958	12.4810000000007	0	0
10.4880000000003	3.23999999999978	10.4449999999997	0	0
11.6539999999995	3.2510000000002	12.0720000000001	0	0
12.4590000000007	6.66600000000017	11.2579999999998	0	0
15.9060000000009	15.4769999999999	14.2950000000001	0	0
12.8379999999997	12.9340000000002	13.7180000000008	0	0
11.6180000000004	4.74200000000019	11.21	0	0
12.5699999999997	8.36100000000079	12.848	0	0
13.4850000000006	12.3530000000001	12.6779999999999	0	0
13.6170000000002	11.2719999999999	13.0439999999999	0	0
12.3650000000016	9.25600000000031	12.4099999999999	0	0
12.273000000001	9.6309999999994	13.1490000000003	0	0
12.1110000000008	4.35300000000007	11.0400000000009	0	0
19.4279999999999	20.5650000000005	16.0640000000003	0	0
13.1630000000005	11.1449999999995	14.3099999999995	0	0
10.7759999999998	3.30000000000018	11.0679999999993	0	0
11.0159999999996	5.16299999999956	11.7839999999997	0	0
14.0650000000005	12.1480000000001	14.3410000000003	0	0
12.6920000000009	9.57600000000002	12.768	0	0
16.0820000000003	21.3549999999996	13.8209999999999	0	0
16.1350000000002	19.5799999999999	15.0099999999984	0	0
14.8639999999996	12.7819999999992	13.2880000000005	0	0
16.4110000000001	19.0550000000003	14.5910000000003	0	0
11.3770000000004	3.40699999999924	11.396999999999	0	0
15.1670000000013	16.3519999999999	14.8220000000001	0	0
15.6710000000003	18.9200000000001	15.3439999999991	0	0
15.0229999999992	17.0219999999999	13.1239999999998	0	0
12.3230000000003	5.61800000000039	12.094000000001	0	0
12.8109999999997	10.0920000000006	12.601999999999	0	0
16.2119999999995	17.848	16.5949999999993	0	0
16.3270000000011	20.3969999999999	13.8339999999989	0	0
12.5300000000007	6.03300000000036	10.6180000000004	0	0
13.2160000000003	11.5499999999993	13.2340000000004	0	0
14.9189999999999	17.6210000000001	14.7000000000007	0	0
11.8000000000011	6.46300000000065	12.0910000000003	0	0
11.6710000000003	6.4369999999999	12.2540000000008	0	0
11.4539999999997	3.90800000000036	12.3680000000004	0	0
12.0570000000007	4.44200000000001	12.9410000000007	0	0
14.2909999999993	12.9209999999994	12.5360000000001	0	0
12.8469999999998	6.71000000000004	12.4459999999999	0	0
16.9969999999994	19.0799999999999	16.0370000000003	0	0
11.2940000000017	2.83399999999983	11.2980000000007	0	0
15.4500000000007	17.3530000000001	13.4899999999998	0	0
13.8230000000003	12.2139999999999	14.387999999999	0	0
21.0080000000016	30.2970000000005	16.8259999999991	0	0
16.9899999999998	15.3029999999999	15.0429999999997	0	0
22.255000000001	32.8069999999998	18.4269999999997	0	0
15.9989999999998	14.8159999999998	15.6440000000002	0	0
20.2489999999998	26.6839999999993	18.0730000000003	0	0
16.5119999999988	19.9539999999997	15.1580000000013	0	0
14.2180000000008	11.6539999999995	14.3310000000001	0	0
13.2690000000002	8.04800000000068	12.8249999999989	0	0
12.2129999999997	6.89300000000003	11.5889999999999	0	0
13.2009999999991	10.3990000000003	13.0010000000002	0	0
12.9410000000007	11.1409999999996	13.094000000001	0	0
13.5619999999999	11.8090000000002	12.8910000000014	0	0
15.4470000000001	6.55400000000009	14.1760000000013	0	0
11.2479999999996	2.67000000000007	11.6409999999996	0	0
11.0600000000013	4.35999999999967	11.027	0	0
10.7989999999991	2.48499999999967	10.8719999999994	0	0
11.4150000000009	6.32900000000063	12.1149999999998	0	0
16.5490000000009	18.5700000000006	14.110999999999	0	0
11.7639999999992	5.10900000000038	11.9080000000013	0	0
12.2690000000002	5.07499999999982	12.5580000000009	0	0
11.1450000000004	6.05999999999949	12.0190000000002	0	0
15.2010000000009	15.6080000000002	15.1100000000006	0	0
14.7069999999985	16.1179999999995	13.2799999999988	0	0
11.9789999999994	7.73400000000038	12.2860000000001	0	0
11.4629999999997	3.37900000000081	11.3379999999997	0	0
11.3410000000003	3.48599999999988	11.1009999999987	0	0
14.6909999999989	6.90399999999954	14.4230000000007	0	0
12.1680000000015	5.75999999999931	12.2469999999994	0	0
14.9300000000003	18.4560000000001	15.3590000000004	0	0
11.625	4.02099999999973	11.978000000001	0	0
14.8079999999991	11.2979999999998	14.5540000000001	0	0
11.8209999999999	2.98900000000049	12.4549999999999	0	0
11.116	3.43499999999949	10.3339999999989	0	0
14.875	9.51699999999983	14.598	0	0
13.2360000000008	8.67399999999998	13.018	0	0
12.0320000000011	5.78799999999956	12.1869999999999	0	0
15.4750000000004	17.5719999999992	14.143	0	0
13.4860000000008	8.02199999999993	13.357	0	0
12.5229999999992	9.35100000000057	12.2950000000001	0	0
12.7069999999985	7.48300000000017	12.2920000000013	0	0
12.5329999999994	2.39099999999962	12.7299999999996	0	0
11.6869999999999	5.25900000000001	11.1570000000011	0	0
11.6679999999997	3.54600000000028	11.905999999999	0	0
16.2180000000008	19.098	14.7369999999992	0	0
15.6599999999999	17.6149999999998	16.6279999999988	0	0
11.982	7.28399999999965	11.5190000000002	0	0
16.6649999999991	20.0550000000003	14.2149999999983	0	0
20.1779999999999	24.8899999999994	16.4589999999989	0	0
13.1929999999993	12.4869999999992	12.5910000000003	0	0
11.5829999999987	7.98600000000079	11.1580000000013	0	0
14.7100000000009	11.6949999999997	14.1620000000003	0	0
14.503999999999	20.1459999999988	14.3909999999996	0	0
15.2560000000012	15.6700000000001	13.6880000000001	0	0
13.8610000000008	14.6730000000007	12.3640000000014	0	0
13.6929999999993	14.1649999999991	14.0650000000005	0	0
11.9050000000007	8.43599999999969	12.8189999999995	0	0
23.9049999999988	8.32699999999932	21.8770000000004	0	0
12.3590000000004	9.67499999999927	12.2349999999988	0	0
17.9169999999995	21.8469999999998	16.0929999999989	0	0
11.3240000000005	3.69999999999891	10.8729999999996	0	0
11.893	7.16500000000087	11.9480000000003	0	0
13.5190000000002	10.4099999999999	13.5830000000005	0	0
12.7959999999985	7.78900000000067	12.5899999999983	0	0
12.012999999999	7.0510000000013	12.2209999999995	0	0
12.9979999999996	9.39800000000105	12.1730000000007	0	0
17.6610000000001	23.7179999999989	16.5120000000006	0	0
16.8430000000008	20.6810000000005	15.9609999999993	0	0
12.9400000000005	6.84599999999955	12.3099999999995	0	0
13.8960000000006	10.5110000000004	14.1809999999987	0	0
14.2800000000007	12.4099999999999	12.8909999999996	0	0
14.7659999999996	13.6039999999994	12.8919999999998	0	0
17.2019999999993	23.103000000001	15.1279999999988	0	0
18.2330000000002	25.5190000000002	15.9549999999999	0	0
14.277	11.6260000000002	12.2829999999994	0	0
12.2090000000007	8.13799999999901	12.3580000000002	0	0
18.0139999999992	24.255000000001	15.7089999999989	0	0
26.2070000000003	36.9929999999986	18.6170000000002	0	0
10.8719999999994	4.22299999999996	11.7019999999993	0	0
15.0329999999994	17.4580000000005	14.8799999999992	0	0
11.0029999999988	3.35299999999916	11.1779999999999	0	0
12.4869999999992	8.40099999999984	11.9719999999998	0	0
13.3960000000006	12.4189999999999	12.8429999999989	0	0
14.9309999999987	18.1139999999996	14.0720000000001	0	0
13.1489999999994	3.6309999999994	13.6540000000005	0	0
20.8119999999999	26.6220000000012	17.7099999999991	0	0
14.3559999999998	11.1059999999998	12.5730000000003	0	0
11.0209999999988	6.18499999999949	11.5059999999994	0	0
12.5080000000016	4.65899999999965	11.9940000000006	0	0
16.8979999999992	21.869999999999	16.3149999999987	0	0
12.4610000000011	11.1409999999996	13.869999999999	0	0
11.2060000000001	2.98799999999937	11.0799999999999	0	0
13.1260000000002	10.851999999999	11.9830000000002	0	0
21.3469999999998	27.982	17.5849999999991	0	0
14.8430000000008	18.9570000000003	13.101999999999	0	0
14.0550000000003	14.6540000000005	12.2759999999998	0	0
19.8979999999992	28.1629999999986	15.3130000000001	0	0
15.5290000000005	17.7130000000016	15.0040000000008	0	0
12.3510000000006	8.68799999999828	13.2039999999997	0	0
16.6639999999989	20.7259999999987	15.7220000000016	0	0
11.7920000000013	8.66300000000047	12.384	0	0
10.098	3.57700000000114	10.2129999999997	0	0
13.9719999999998	10.9449999999997	12.8810000000012	0	0
15.5590000000011	16.893	13.8329999999987	0	0
10.5209999999988	2.31600000000071	10.027	0	0
16.9799999999996	19.9660000000003	15.7860000000001	0	0
11.5609999999997	7.42500000000109	12.0139999999992	0	0
12.7669999999998	13.2090000000007	13.1710000000003	0	0
12.1059999999998	7.11099999999897	11.2620000000006	0	0
19.9369999999999	29.5159999999996	16.3240000000005	0	0
10.4809999999998	2.9330000000009	10.2389999999996	0	0
14.7139999999999	17.8809999999994	13.8049999999985	0	0
12.8999999999996	9.84200000000055	12.8099999999995	0	0
14.2880000000005	12.4159999999993	12.655999999999	0	0
14.6859999999997	15.598	13.7249999999985	0	0
15.3580000000002	17.9030000000002	15.4229999999989	0	0
15.4309999999987	16.9040000000005	13.7939999999999	0	0
12.5009999999984	3.73499999999876	11.3260000000009	0	0
11.1910000000007	8.30400000000009	11.4860000000008	0	0
16.0049999999992	14.3649999999998	15.1799999999985	0	0
15.7620000000006	23.1900000000005	14.7139999999999	0	0
11.1689999999999	4.21299999999974	11.264000000001	0	0
11.3920000000016	5.69900000000052	11.7189999999991	0	0
15.3719999999994	18.0969999999998	12.9320000000007	0	0
15.6769999999997	16.8540000000012	15.4439999999995	0	0
15.6149999999998	15.4269999999997	15.4560000000001	0	0
16.8140000000003	21.4299999999985	15.7739999999994	0	0
13.4009999999998	10.8199999999997	12.3180000000011	0	0
12.4480000000003	11.8500000000004	14.0229999999992	0	0
12.4209999999985	7.8849999999984	12.0509999999995	0	0
12.6599999999999	11.6509999999998	13.5429999999997	0	0
12.3410000000003	7.68399999999929	12.3680000000004	0	0
14.6740000000009	5.5	13.384	0	0
12.4349999999995	8.89800000000105	12.4740000000002	0	0
17.4220000000005	22.3150000000005	14.7960000000003	0	0
11.8400000000001	4.58499999999913	10.8459999999995	0	0
14.268	15.1939999999995	14.1499999999996	0	0
19.009	26.6360000000004	16.5319999999992	0	0
18.7169999999987	29.4409999999989	15.4259999999995	0	0
11.9449999999997	7.15499999999884	12.5820000000003	0	0
15.4490000000005	20.4350000000013	13.6919999999991	0	0
10.9069999999992	2.88600000000042	10.7860000000001	0	0
11.8209999999999	7.55699999999888	12.3720000000012	0	0
12.8520000000008	8.54400000000169	13.1689999999999	0	0
13.7880000000005	11.1280000000006	14.2950000000001	0	0
10.6919999999991	1.21700000000055	10.7579999999998	0	0
12.0439999999999	8.62299999999959	12.8330000000005	0	0
13.2299999999996	10.3600000000006	13.1319999999996	0	0
12.0630000000001	5.35400000000118	11.9809999999998	0	0
18.4560000000001	28.0439999999999	17.8730000000014	0	0
15.1980000000003	18.5540000000001	14.4939999999988	0	0
12.7369999999992	4.73499999999876	11.8349999999991	0	0
12.1689999999999	2.86399999999958	10.6980000000003	0	0
12.235999999999	8.43500000000131	12.7099999999991	0	0
16.0160000000014	17.2250000000004	13.8239999999987	0	0
20.4210000000003	33.3289999999997	16.3320000000003	0	0
15.255000000001	17.3349999999991	14.3200000000015	0	0
14.5190000000002	13.512999999999	13.5520000000015	0	0
13.514000000001	13.1860000000015	13.3270000000011	0	0
16.1700000000001	16.1560000000009	14.2829999999994	0	0
11.1939999999995	4.00400000000081	11.7510000000002	0	0
10.7179999999989	4.38800000000083	11.2290000000012	0	0
11.9789999999994	4.21099999999933	11.7779999999984	0	0
15.469000000001	16.0879999999997	14.0500000000011	0	0
14.9150000000009	14.1900000000005	14.5760000000009	0	0
11.3249999999989	4.56400000000031	11.4860000000008	0	0
12.2090000000007	11.1880000000001	13.1450000000004	0	0
13.0379999999986	10.6530000000002	14.1270000000004	0	0
15.5540000000001	20.9830000000002	15.0059999999994	0	0
12.496000000001	9.92400000000089	13.2829999999994	0	0
14.1740000000009	10.8770000000004	12.6409999999996	0	0
12.4789999999994	7.84900000000016	13.3619999999992	0	0
12.4149999999991	2.92100000000028	11.8359999999993	0	0
13.1319999999996	9.34300000000076	13.2430000000004	0	0
12.3060000000005	9.15300000000025	12.6149999999998	0	0
11.5450000000001	5.41899999999987	11.6170000000002	0	0
12.2800000000007	6.45900000000074	12.344000000001	0	0
12.2070000000003	9.84300000000076	12.8610000000008	0	0
15.512999999999	18.2529999999988	14.232	0	0
13.4850000000006	12.2820000000011	12.9099999999999	0	0
10.4539999999997	6.29800000000068	11.0349999999999	0	0
24.3119999999999	15.2250000000004	25.3979999999992	0	0
13.1239999999998	12.3410000000003	12.0280000000002	0	0
16.9089999999997	20.4329999999991	14.8360000000011	0	0
20.8650000000016	28.0599999999995	18.4529999999995	0	0
20.0750000000007	22.0509999999995	18.2479999999996	0	0
20.4590000000007	22.744999999999	17.9529999999995	0	0
14.7369999999992	14.6329999999998	15.1179999999986	0	0
12.6060000000016	11.2749999999996	13.3799999999992	0	0
14.1970000000001	10.1729999999989	13.1799999999985	0	0
12.0799999999999	3.27399999999943	12.3389999999999	0	0
12.8869999999988	10.5949999999993	12.7579999999998	0	0
15.0969999999998	15.0339999999997	15.7510000000002	0	0
12.476999999999	5.24699999999939	12.8000000000011	0	0
11.7139999999999	3.29900000000089	12.0830000000005	0	0
15.4420000000009	17.7139999999999	15.2350000000006	0	0
12.9189999999999	10.5390000000007	12.4509999999991	0	0
17.7759999999998	17.2959999999985	16.2510000000002	0	0
15.259	10.5350000000017	14.8959999999988	0	0
12.8729999999996	10.0789999999997	12.262999999999	0	0
14.4539999999997	8.27300000000105	13.5509999999995	0	0
12.8289999999997	8.10700000000179	12.7260000000006	0	0
12.1550000000007	3.66899999999987	11.1270000000004	0	0
11.3189999999995	5.02399999999943	11.2849999999999	0	0
14.380000000001	5.02699999999822	14.482	0	0
11.1650000000009	3.29800000000068	10.9049999999988	0	0
10.5619999999999	2.92900000000009	10.7510000000002	0	0
12.4549999999999	8.14300000000003	13.271999999999	0	0
11.0770000000011	0.713999999999942	10.6389999999992	0	0
12.0450000000001	7.61800000000039	12.2079999999987	0	0
14.777	15.5360000000001	15.1229999999996	0	0
12.5740000000005	9.62300000000141	13.3639999999996	0	0
16.5609999999997	12.4440000000013	17.375	0	0
12.0190000000002	8.53399999999965	12.4279999999999	0	0
11.1499999999996	6.22799999999916	11.2400000000016	0	0
11.4879999999994	3.06499999999869	11.8330000000005	0	0
12.7890000000007	9.9989999999998	13.0760000000009	0	0
11.8670000000002	6.4320000000007	13.2839999999997	0	0
11.4510000000009	3.07200000000012	11.7330000000002	0	0
15.0910000000003	19.1660000000011	14.7780000000002	0	0
12.5540000000001	6.50700000000143	11.9089999999997	0	0
11.5319999999992	4.57799999999952	11.4840000000004	0	0
16.9549999999999	23.0259999999998	14.8320000000003	0	0
15.1719999999987	15.4750000000004	13.7180000000008	0	0
15.503999999999	13.1890000000003	15.6100000000006	0	0
13.4809999999998	11.9300000000003	14.2479999999996	0	0
12.3909999999996	11.2630000000008	12.5760000000009	0	0
13.9799999999996	13.8950000000004	13.8490000000002	0	0
12.1779999999999	9.08300000000054	12.6550000000007	0	0
18.6309999999994	23.1739999999991	16.5870000000014	0	0
16.5390000000007	17.9049999999988	15.7649999999994	0	0
12.1310000000012	11.5690000000013	12.9650000000001	0	0
19.6599999999999	26.9290000000001	15.7119999999995	0	0
14.5299999999988	14.9880000000012	13.1929999999993	0	0
16.152	20.3150000000005	14.473	0	0
17.2919999999995	22.0390000000007	16.1320000000014	0	0
11.3199999999997	3.02599999999984	11.0609999999997	0	0
11.8559999999998	7.34900000000016	12.7630000000008	0	0
11.9000000000015	4.65400000000045	11.3970000000008	0	0
14.2949999999983	14.0200000000004	14.1669999999995	0	0
15.4720000000016	15.4660000000003	14.3990000000013	0	0
11.862000000001	0.956000000000131	11.3979999999992	0	0
13.1850000000013	12.3730000000014	13.0100000000002	0	0
13.8159999999989	13.1799999999985	14.6530000000002	0	0
23.6339999999982	35.625	18.5290000000005	0	0
10.2070000000022	2.02499999999964	10.0499999999993	0	0
12.775999999998	7.2549999999992	12.4579999999987	0	0
12.1549999999988	6.4989999999998	12.0100000000002	0	0
11.8190000000031	5.60800000000017	12.1239999999998	0	0
16.7599999999984	17.6060000000016	15.2600000000002	0	0
13.6840000000011	16.4220000000005	12.7180000000008	0	0
10.9579999999987	2.71999999999935	10.4749999999985	0	0
13.8630000000012	13.1759999999995	13.485999999999	0	0
12.6080000000002	8.92799999999988	12.5619999999999	0	0
12.6229999999996	9.41899999999987	12.9989999999998	0	0
16.5010000000002	16.3500000000004	15.8709999999992	0	0
12.3660000000018	9.03700000000026	12.5080000000016	0	0
18.0260000000017	25.0640000000003	16.5279999999984	0	0
14.8080000000009	13.7110000000011	13.6599999999999	0	0
11.7719999999972	3.85799999999836	12.0789999999979	0	0
14.143	14.0400000000009	14.262999999999	0	0
14.8079999999973	12.8050000000003	14.8270000000011	0	0
11.6389999999992	4.84900000000016	11.5840000000026	0	0
12.3230000000003	9.50800000000163	12.2899999999972	0	0
12.4890000000014	6.76200000000063	12.9510000000009	0	0
14.6840000000011	14.9740000000002	14.1289999999972	0	0
13.1979999999967	8.48100000000159	14.4840000000004	0	0
10.5240000000013	1.11200000000099	10.1750000000029	0	0
12.5639999999985	10.2619999999988	12.4520000000011	0	0
18.2690000000002	20.9050000000007	14.989999999998	0	0
23.1579999999994	32.7689999999984	17.2559999999976	0	0
14.601999999999	15.6110000000008	14.4000000000015	0	0
12.5529999999999	3.19499999999971	12.25	0	0
16.9539999999979	23.5149999999994	15.2020000000011	0	0
14.844000000001	15.9470000000001	14.6790000000001	0	0
11.2919999999976	8.08399999999892	11.101999999999	0	0
10.9729999999981	4.53999999999905	11.744999999999	0	0
11.3869999999988	1.94700000000012	11.2599999999984	0	0
12.239999999998	7.95399999999972	11.4520000000011	0	0
13.2779999999984	11.1749999999993	12.6080000000002	0	0
22.6879999999983	28.9539999999997	19.7270000000026	0	0
19.8309999999983	28.652	17.2069999999985	0	0
12.6589999999997	7.6309999999994	13.2049999999981	0	0
15.7839999999997	13.7659999999996	13.2879999999968	0	0
18.6110000000008	16.9679999999989	14.2849999999999	0	0
14.8389999999999	14.1360000000004	13.6820000000007	0	0
15.8220000000001	16.7600000000002	13.8609999999971	0	0
13.3410000000003	12.2330000000002	13.0649999999987	0	0
14.6440000000002	15.2139999999999	14.0040000000008	0	0
13.2659999999996	11.0679999999993	12.4779999999992	0	0
19.8309999999983	23.134	18.2459999999992	0	0
12.760000000002	7.23099999999977	13.1970000000001	0	0
11.6719999999987	6.42900000000009	12.1720000000023	0	0
16.007999999998	14.8429999999989	14.6409999999996	0	0
15.3410000000003	15.0290000000005	15.224000000002	0	0
13.1630000000005	7.07300000000032	11.4559999999983	0	0
16.4140000000007	14.2520000000004	16.744999999999	0	0
11.612000000001	6.63900000000103	11.8689999999988	0	0
10.7520000000004	4.61499999999978	10.8280000000013	0	0
16.3090000000011	14.6460000000006	12.780999999999	0	0
22.7129999999997	32.4510000000009	20.3040000000001	0	0
17.5560000000005	20.7950000000001	16.9419999999991	0	0
13.5859999999993	6.61100000000079	14.3509999999987	0	0
14.0750000000007	9.74199999999837	13.6670000000013	0	0
11.3919999999998	3.79600000000028	10.9779999999992	0	0
12.9959999999992	11.4719999999998	13.3760000000002	0	0
13.0070000000014	7.84400000000096	12.0579999999973	0	0
11.1599999999999	4.2440000000006	11.0220000000008	0	0
12.4249999999993	5.78800000000047	12.5820000000022	0	0
24.3679999999986	11.3040000000001	23.7749999999978	0	0
13.1689999999981	6.85100000000057	13.280999999999	0	0
17.3009999999995	9.51800000000003	16.8130000000019	0	0
13.0519999999997	10.985999999999	13.5119999999988	0	0
14.9809999999998	4.28399999999965	14.0390000000007	0	0
11.4140000000007	9.07300000000032	12.5190000000002	0	0
13.1099999999969	8.53399999999965	14.0610000000015	0	0
17.5780000000013	24.1090000000004	16.6159999999982	0	0
10.1630000000005	1.90999999999985	9.95600000000195	0	0
10.9370000000017	3.14300000000003	11.3480000000018	0	0
11.0829999999987	3.73300000000017	11.1680000000015	0	0
17.5850000000028	16.4809999999998	16.9900000000016	0	0
24.2790000000023	37.2010000000009	18.6100000000006	0	0
18.1290000000008	21.137999999999	14.8630000000012	0	0
15.2340000000004	17.0049999999992	16.380000000001	0	0
12.7340000000004	10.6980000000003	13.6680000000015	0	0
13.0810000000019	4.24200000000019	12.994999999999	0	0
12.1729999999989	3.48700000000099	11.6319999999978	0	0
11.9449999999997	5.30999999999949	12.3089999999975	0	0
13.6320000000014	12.9230000000007	13.4429999999993	0	0
11.0090000000018	4.84200000000055	11.8129999999983	0	0
14.0169999999998	14.4030000000002	13.6830000000009	0	0
11.2129999999997	1.83099999999831	11.0879999999997	0	0
13.4279999999999	9.20700000000033	12.7520000000004	0	0
11.5509999999995	5.02199999999903	11.6660000000011	0	0
19.6809999999969	26.2510000000002	15.1029999999992	0	0
13.9330000000009	14.4710000000014	14.2419999999984	0	0
12.768	8.84100000000035	12.1650000000009	0	0
13.6579999999994	14.0460000000003	14.2439999999988	0	0
12.1689999999981	7.70900000000074	12.7129999999997	0	0
12.255000000001	3.89800000000105	12.9129999999968	0	0
14.7099999999991	5.59099999999853	14.755000000001	0	0
16.0789999999979	14.9310000000005	13.5810000000019	0	0
12.9249999999993	9.55899999999929	12.893	0	0
13.9409999999989	12.4429999999993	13.4849999999969	0	0
19.989999999998	26.4519999999993	18.1440000000002	0	0
13.8529999999992	11.7860000000001	14.3840000000018	0	0
15.1580000000031	14.0830000000005	14.969000000001	0	0
17.7840000000033	22.1649999999991	17.2610000000022	0	0
13.7779999999984	11.5349999999999	12.7539999999972	0	0
21.724000000002	33.759	17.3610000000008	0	0
19.5810000000019	25.1679999999997	17.9799999999996	0	0
13.4809999999998	7.80699999999888	13.2950000000019	0	0
15.3029999999999	8.14199999999983	15.3339999999989	0	0
13.0190000000002	2.66100000000006	12.6500000000015	0	0
13.3470000000016	11.6149999999998	12.2369999999974	0	0
14.3090000000011	7.40600000000086	13.1779999999999	0	0
16.2489999999998	21.5990000000002	16.5200000000004	0	0
14.0449999999983	13.9980000000014	13.1310000000012	0	0
9.44899999999689	2.20800000000054	9.56900000000314	0	0
15.6489999999976	18.0959999999995	16.8970000000008	0	0
23.9239999999991	6.52100000000064	23.4380000000019	0	0
17.280999999999	15.735999999999	16.4760000000024	0	0
11.0190000000002	3.84499999999935	11.7750000000015	0	0
13.242000000002	6.01000000000022	13.3819999999978	0	0
10.3629999999976	3.93700000000172	9.84300000000076	0	0
13.5560000000005	12.8500000000004	13.9040000000023	0	0
11.2300000000032	3.50699999999961	10.9249999999993	0	0
12.8630000000012	10.6649999999991	14.1790000000001	0	0
12.3679999999986	3.33500000000095	13.119999999999	0	0
10.5380000000005	2.38699999999881	10.9360000000015	0	0
15.1510000000017	13.7380000000012	14.9619999999995	0	0
12.6929999999993	6.76399999999921	13.2070000000022	0	0
11.4629999999997	3.67399999999907	11.6080000000002	0	0
18.6850000000013	23.0329999999994	18.0840000000026	0	0
12.0740000000005	3.66500000000087	11.7170000000006	0	0
16.3319999999985	16.3130000000001	13.8450000000012	0	0
10.4370000000017	4.90200000000004	11.3450000000012	0	0
12.9720000000016	6.04500000000007	12.2069999999985	0	0
16.3659999999982	19.5749999999989	14.1530000000021	0	0
14.6500000000015	13.4140000000007	13.7250000000022	0	0
11.9480000000003	6.58700000000135	11.9629999999997	0	0
16.9429999999993	21.6859999999997	14.4670000000006	0	0
12.2880000000005	7.81899999999951	11.9110000000001	0	0
16.3100000000013	8.95499999999993	15.3729999999996	0	0
15.3619999999974	17.4729999999981	13.7669999999998	0	0
11.1399999999994	6.99499999999898	11.1820000000007	0	0
11.8729999999996	6.02999999999884	11.732	0	0
15.2890000000007	16.7050000000017	13.9310000000005	0	0
12.3220000000001	6.42299999999886	12.3559999999998	0	0
10.1100000000006	3.42799999999988	10.4830000000002	0	0
12.7309999999998	6.89500000000044	13.0049999999974	0	0
11.4459999999999	9.10599999999977	11.4599999999991	0	0
13.0950000000012	10.8469999999979	13.9079999999994	0	0
14.4680000000008	18.3170000000027	13.7860000000001	0	0
17.086000000003	20.8549999999996	16.8770000000004	0	0
14.7659999999996	13.2949999999983	14.2359999999971	0	0
12.7989999999991	8.12199999999939	13.4939999999988	0	0
12.2350000000006	3.48800000000119	12.3159999999989	0	0
15.3209999999999	11.7880000000005	14.4840000000004	0	0
12.3250000000007	8.90000000000146	11.9670000000006	0	0
12.6739999999991	5.92099999999846	12.3940000000002	0	0
15.905999999999	16.1909999999989	14.143	0	0
15.3119999999981	15.5949999999975	13.6660000000011	0	0
19.0590000000011	26.0509999999995	15.9939999999988	0	0
15.1500000000015	17.8840000000018	13.5089999999982	0	0
10.4409999999989	1.92000000000189	10.2929999999978	0	0
12.9020000000019	6.81100000000151	12.0649999999987	0	0
11.9209999999985	8.60099999999875	12.7309999999998	0	0
15.2590000000018	14.7170000000006	14.982	0	0
13.635000000002	7.21500000000015	13.875	0	0
12.6239999999998	8.39199999999983	13.6370000000024	0	0
16.4040000000023	20.494999999999	14.9219999999987	0	0
11.6610000000001	6.02599999999802	11.2609999999986	0	0
10.505000000001	4.60100000000239	10.1710000000021	0	0
13.2890000000007	12.6939999999995	12.9300000000003	0	0
11.8820000000014	8.75500000000102	11.1769999999997	0	0
12.3659999999982	3.79200000000128	12.3309999999983	0	0
11.4010000000017	5.93500000000131	12.5339999999997	0	0
10.6659999999974	3.05500000000029	10.5210000000006	0	0
14.3559999999998	11.8120000000017	14.1760000000031	0	0
11.3719999999994	3.27499999999782	10.5580000000009	0	0
12.4150000000009	4.71699999999691	12.0849999999991	0	0
13.0839999999989	4.83099999999831	13.7119999999995	0	0
11.6179999999986	5.67699999999968	11.268	0	0
13.6980000000003	7.92599999999948	12.637999999999	0	0
13.2390000000014	7.49299999999857	12.2019999999975	0	0
15.6330000000016	20.5989999999983	13.2010000000009	0	0
11.3289999999979	5.70300000000134	11.4860000000008	0	0
14.6389999999992	11.969000000001	14.1229999999996	0	0
14.6980000000003	11.5420000000013	14.4490000000005	0	0
12.1949999999997	3.53900000000067	12.5349999999999	0	0
14.9490000000005	16.7520000000004	13.8799999999974	0	0
12.012999999999	4.02899999999863	11.9470000000001	0	0
11.0440000000017	5.19499999999971	11.275999999998	0	0
11.4180000000015	4.65199999999822	11.3510000000024	0	0
14.510000000002	17.8770000000004	14.8559999999998	0	0
11.7609999999986	6.06400000000212	11.6699999999983	0	0
10.4980000000032	1.32400000000052	10.1990000000005	0	0
13.6150000000016	9.76499999999942	12.6539999999986	0	0
11.4739999999983	5.1140000000014	11.9459999999999	0	0
10.2229999999981	5.90299999999843	11.2260000000024	0	0
12.372000000003	6.13100000000122	12.0240000000013	0	0
14.6229999999996	16.1679999999978	14.2360000000008	0	0
12.9089999999997	10.4459999999999	13.1880000000019	0	0
17.255000000001	22.7329999999965	15.2039999999979	0	0
15.7959999999985	18.6589999999997	15.3359999999993	0	0
14.2169999999969	16.6219999999994	14.8549999999996	0	0
17.3019999999997	25.4880000000012	15.7839999999997	0	0
15.1719999999987	11.9969999999994	14.6419999999998	0	0
12.3130000000019	7.18699999999808	12.3630000000012	0	0
12.4150000000009	5.51599999999962	11.6039999999994	0	0
11.1729999999989	5.00699999999779	10.6209999999992	0	0
10.6990000000005	3.79399999999805	11.010000000002	0	0
11.2760000000017	6.25800000000163	11.8279999999977	0	0
18.994999999999	22.7990000000027	16.6049999999996	0	0
15.0030000000006	16.2740000000013	14.6980000000003	0	0
19.3860000000022	28.7129999999997	17.4330000000009	0	0
13.7619999999988	14.612000000001	12.9859999999971	0	0
15.9520000000011	10.5439999999981	16.2649999999994	0	0
13.247000000003	7.90599999999904	12.6039999999994	0	0
12.4269999999997	4.71700000000055	12.4799999999996	0	0
13.3429999999971	10.364999999998	13.6899999999987	0	0
11.4919999999984	4.42499999999927	12.5299999999988	0	0
11.7390000000014	4.27499999999782	12.2080000000024	0	0
14.0779999999977	13.1229999999996	14.5599999999977	0	0
13.9670000000006	2.3169999999991	14.0600000000013	0	0
11.1839999999975	1.56000000000131	10.8679999999986	0	0
15.1049999999996	15.5420000000013	15.1630000000005	0	0
11.8260000000009	2.75800000000163	11.5869999999995	0	0
13.1959999999999	8.17399999999907	12.6919999999991	0	0
12.0510000000031	5.97999999999956	11.4879999999976	0	0
11.4950000000026	4.31299999999828	11.9370000000017	0	0
11.5629999999983	3.4989999999998	11.6589999999997	0	0
12.2250000000022	6.63800000000265	12.8469999999979	0	0
11.8790000000008	3.39500000000044	11.1369999999988	0	0
16.4880000000012	20.0659999999989	17.1880000000019	0	0
10.5089999999982	4.07400000000052	10.8810000000012	0	0
12.7279999999992	1.61100000000079	12.5160000000033	0	0
11.1699999999983	3.51900000000023	11.0260000000017	0	0
11.9660000000003	5.35299999999916	12.018	0	0
10.5889999999999	3.45799999999872	11.094000000001	0	0
10.7909999999974	3.31599999999889	11.132999999998	0	0
15.2439999999988	16.3669999999984	14.2169999999969	0	0
11.9559999999983	9.28800000000047	12.9439999999995	0	0
16.4019999999982	20.4429999999993	14.6669999999976	0	0
16.6380000000026	20.5609999999979	15.367000000002	0	0
16.6750000000029	19.2209999999977	14.4579999999987	0	0
16.0319999999992	17.382999999998	14.4170000000013	0	0
12.3130000000019	2.03900000000067	12.226999999999	0	0
12.6470000000008	9.76300000000265	13.9200000000019	0	0
12.1990000000005	7.58400000000256	11.9719999999979	0	0
11.3150000000023	8.33899999999994	12.0360000000001	0	0
11.2700000000004	6.83799999999974	11.8669999999984	0	0
11.2150000000001	2.76199999999881	11.2289999999994	0	0
11.4809999999998	5.18799999999828	11.5610000000015	0	0
10.4860000000008	2.26199999999881	10.9399999999987	0	0
13.6340000000018	10.9039999999986	14.0950000000012	0	0
11.3859999999986	3.97999999999956	10.5169999999998	0	0
14.6909999999989	14.0600000000013	14.9309999999969	0	0
10.1169999999984	2.48400000000038	10.2090000000026	0	0
14.3830000000016	14.005000000001	12.3539999999994	0	0
11.5730000000003	7.92599999999948	12.2079999999987	0	0
12.744999999999	13.7409999999982	13.3420000000006	0	0
13.1850000000013	11.4160000000011	13.6059999999998	0	0
12.2970000000023	4.39000000000306	11.7309999999998	0	0
16.255000000001	19.4559999999983	15.3610000000008	0	0
23.2020000000011	32.3100000000013	18.1059999999998	0	0
14.4269999999997	12.0210000000006	14.0780000000013	0	0
11.8489999999983	2.54899999999907	10.5410000000011	0	0
15.3179999999993	5.50799999999799	15.0610000000015	0	0
14.7530000000006	4.07800000000134	15.4670000000006	0	0
29.6260000000002	32.5770000000011	28.5590000000011	0	0
13.4600000000028	12.9559999999983	11.9439999999995	0	0
13.4079999999994	7.89699999999721	12.969000000001	0	0
11.7690000000002	5.76699999999983	12.2459999999992	0	0
14.2489999999998	11.9449999999997	12.7830000000031	0	0
12.242000000002	8.60200000000259	12.362000000001	0	0
20.851999999999	31.2090000000026	17.2440000000024	0	0
12.4570000000022	4.10599999999977	11.2610000000022	0	0
12.1640000000007	7.4910000000018	11.7860000000001	0	0
14.9969999999994	14.2790000000023	14.1200000000026	0	0
16.3309999999983	16.4660000000003	14.0409999999974	0	0
12.5419999999976	10.4629999999997	12.6050000000032	0	0
15.5	15.9000000000015	13.7070000000022	0	0
12.3780000000006	9.54599999999846	12.5260000000017	0	0
14.0560000000005	5.70600000000195	14.6939999999995	0	0
11.4320000000007	2.89999999999782	11.8719999999994	0	0
14.0960000000014	1.15799999999945	13.4020000000019	0	0
13.9259999999995	13.8309999999983	15.2250000000022	0	0
15.273000000001	8.34200000000055	14.9639999999999	0	0
13.1130000000012	6.00699999999779	13.3849999999984	0	0
10.6689999999981	4.00300000000061	11.3329999999987	0	0
14.6310000000012	15.755000000001	14.5960000000014	0	0
15.2960000000021	13.744999999999	14.5540000000001	0	0
18.1610000000001	24.0200000000004	14.6180000000022	0	0
12.5329999999994	9.30299999999988	13.5280000000021	0	0
11.7019999999975	4.46300000000338	11.7259999999987	0	0
10.9929999999986	7.125	10.6109999999971	0	0
12.987000000001	7.875	12.2350000000006	0	0
11.8760000000002	6.28100000000268	12.744999999999	0	0
13.1980000000003	8.43899999999849	13.0330000000031	0	0
14.4880000000012	14.0119999999988	13.9499999999971	0	0
9.99799999999959	1.23700000000099	9.68899999999849	0	0
10.6450000000004	3.52400000000125	10.9600000000028	0	0
13.2939999999981	5.75500000000102	14.0349999999999	0	0
15.6239999999998	16.8580000000002	14.655999999999	0	0
11.7220000000016	3.26399999999921	11.9779999999992	0	0
13.2860000000001	11.4060000000027	13.7959999999985	0	0
11.9239999999991	6.43600000000151	11.6779999999999	0	0
12.1730000000025	4.35900000000038	12.9480000000003	0	0
11.8019999999997	1.78300000000309	10.7089999999989	0	0
16.244999999999	19.1229999999996	14.1909999999989	0	0
13.9599999999991	8.92699999999968	12.9470000000001	0	0
19.2139999999999	25.9560000000019	17.119999999999	0	0
16.0550000000003	19.4549999999981	15.7369999999974	0	0
18.3220000000001	26.1910000000025	17.8619999999974	0	0
15.6820000000007	14.9369999999981	14.351999999999	0	0
10.869999999999	3.18700000000172	10.377999999997	0	0
12.0969999999979	8.4210000000021	11.9140000000007	0	0
14.5289999999986	11.1460000000006	13.4540000000015	0	0
23.0889999999999	31.4159999999974	16.7609999999986	0	0
15.1290000000008	17.9409999999989	14.9209999999985	0	0
11.8410000000003	6.42599999999948	12.9000000000015	0	0
12.6939999999995	8.51699999999983	13.3309999999983	0	0
14.0429999999978	10.0769999999975	14.2429999999986	0	0
10.6599999999999	2.05999999999767	10.6959999999999	0	0
13.8619999999974	13.4269999999997	13.482	0	0
11.6849999999977	5.35900000000038	12.3090000000011	0	0
14.0289999999986	11.6229999999996	13.3979999999974	0	0
12.6009999999987	2.61999999999898	12.3019999999997	0	0
15.6990000000005	15.8040000000001	14.2029999999977	0	0
12.7909999999974	10.5919999999969	13.1159999999982	0	0
24.5460000000021	14.344000000001	24.3729999999996	0	0
13.0370000000003	11.4670000000006	13.7950000000019	0	0
13.012999999999	6.88800000000265	13.8719999999994	0	0
13.8789999999972	8.15000000000146	14.3410000000003	0	0
13.5679999999993	7.13899999999921	14.0260000000017	0	0
12.0439999999981	5.42500000000291	11.6150000000016	0	0
12.5800000000017	10.1340000000018	11.3210000000036	0	0
14.7979999999989	15.2590000000018	14.3529999999992	0	0
15.4840000000004	18.5650000000023	13.5159999999996	0	0
12.4979999999996	6.42099999999846	12.6239999999998	0	0
11.7779999999984	7.52799999999843	12.3509999999987	0	0
14.6720000000023	16.9439999999995	15.1939999999995	0	0
11.6800000000003	3.75400000000081	12.2619999999988	0	0
10.8719999999994	9.4890000000014	11.9880000000012	0	0
11.1860000000015	6.36100000000079	11.8060000000005	0	0
14.4549999999981	8.99699999999939	14.6850000000013	0	0
17.6909999999989	22.7109999999993	16.6039999999994	0	0
13.1049999999996	6.83599999999933	13.3229999999967	0	0
17.5619999999981	19.0239999999976	14.9959999999992	0	0
15.9470000000001	22.5139999999992	14.619999999999	0	0
13.9619999999995	14.4239999999991	13.1200000000026	0	0
28.3859999999986	26.8249999999971	27.8599999999969	0	0
11.7510000000002	5.45100000000093	11.719000000001	0	0
11.8379999999997	6.56599999999889	12.5760000000009	0	0
14.1979999999967	5.88600000000224	12.6029999999992	0	0
13.5869999999995	9.32099999999991	13.268	0	0
11.726999999999	5.46399999999994	12.2539999999972	0	0
12.3460000000014	4.4230000000025	11.5400000000009	0	0
12.9100000000035	10.5239999999976	13.4320000000007	0	0
12.9140000000007	8.59899999999834	13.6100000000006	0	0
14.4209999999985	13.219000000001	13.5550000000003	0	0
10.9880000000012	3.45300000000134	11.020999999997	0	0
11.5370000000003	5.60299999999916	11.7829999999994	0	0
14.4300000000003	9.25300000000061	13.8109999999979	0	0
16.1270000000004	7.00900000000183	16.2580000000016	0	0
14.7729999999974	13.9850000000006	14.9099999999999	0	0
13.9779999999992	9.71800000000076	13.3439999999973	0	0
12.5760000000009	8.42099999999846	12.8379999999997	0	0
11.5850000000028	2.89400000000023	11.2069999999985	0	0
11.0360000000001	1.71399999999994	10.7259999999987	0	0
11.8250000000007	4.59599999999773	12.512999999999	0	0
10.469000000001	0.706999999998516	10.2049999999981	0	0
17.3579999999965	17.2139999999999	14.6140000000014	0	0
17.114999999998	22.4779999999992	14.648000000001	0	0
21.1749999999993	30.4580000000024	17.619999999999	0	0
10.1699999999983	1.79699999999866	10.0540000000001	0	0
14.7030000000013	10.9259999999995	14.8400000000001	0	0
17.0289999999986	16.6980000000003	16.7459999999992	0	0
15.7739999999976	20.1569999999992	14.1110000000008	0	0
16.5869999999995	13.905999999999	16.7720000000008	0	0
12.0849999999991	7.81599999999889	12.9549999999981	0	0
12.030999999999	8.40399999999863	11.9229999999989	0	0
13.4189999999981	7.89500000000044	13.6579999999994	0	0
15.8400000000001	18.1620000000003	14.7800000000025	0	0
9.87199999999939	3.49599999999919	10.2959999999985	0	0
10.645999999997	1.10900000000038	10.3690000000024	0	0
19.2309999999998	25.7710000000006	15.8309999999983	0	0
12.5329999999994	9.64600000000064	11.8610000000008	0	0
14.7089999999989	12.1539999999986	15.3169999999991	0	0
13.8849999999984	10.0960000000014	13.3630000000012	0	0
11.9330000000009	5.38100000000122	11.1510000000017	0	0
18.3889999999992	23.4599999999991	15.4629999999997	0	0
11.7540000000008	2.11899999999878	11.4860000000008	0	0
11.8180000000029	8.85499999999956	13.3909999999996	0	0
13.8169999999991	12.8420000000006	13.143	0	0
11.507999999998	4.72699999999895	11.4029999999984	0	0
11.7890000000007	6.93600000000151	12.3739999999998	0	0
12.3119999999981	10.4529999999977	11.9629999999997	0	0
19.8600000000006	25.0450000000019	15.9090000000033	0	0
13.6890000000021	7.43899999999849	12.7150000000001	0	0
12.2050000000017	6.62900000000081	10.8700000000026	0	0
12.3630000000012	8.39500000000044	10.6630000000005	0	0
13.9279999999999	12.7770000000019	12.482	0	0
12.5529999999999	4.11999999999898	12.8470000000016	0	0
16.8919999999998	20.6810000000005	15.9329999999973	0	0
16.0460000000021	18.5669999999991	14.7000000000007	0	0
12.5780000000013	6.49499999999898	12.4259999999995	0	0
14.1630000000005	11.8400000000001	14.2150000000001	0	0
12.1179999999986	4.83899999999994	11.0980000000018	0	0
17.3450000000012	21.8970000000008	15.5	0	0
13.1150000000016	6.04200000000128	13.7429999999986	0	0
11.9519999999975	7.81100000000151	12.7940000000017	0	0
12.2939999999981	3.30500000000029	12.6330000000016	0	0
13.0299999999988	6.54099999999744	12.7109999999993	0	0
14.7520000000004	7.50600000000122	13.8830000000016	0	0
10.8890000000029	4.67900000000009	11.094000000001	0	0
14.0210000000006	11.8040000000001	15.255000000001	0	0
10.3529999999992	4.59500000000116	10.9639999999999	0	0
10.969000000001	1.1720000000023	10.6840000000011	0	0
14.6629999999968	13.1259999999966	14.3160000000025	0	0
11.7750000000015	5.36699999999837	11.5080000000016	0	0
12.1010000000024	8.27200000000084	12.8539999999994	0	0
16.9959999999992	21.1159999999982	16.8189999999995	0	0
14.2040000000015	12.632999999998	13.1670000000013	0	0
10.9449999999997	3.08599999999933	10.6319999999978	0	0
10.8870000000024	2.6830000000009	11.3260000000009	0	0
10.7989999999991	1.94499999999971	10.648000000001	0	0
15.0589999999975	15.8810000000012	13.7089999999989	0	0
12.0469999999987	6.18100000000049	11.4219999999987	0	0
11.9449999999997	7.63899999999921	11.8539999999994	0	0
10.1969999999965	3.77999999999884	10.4619999999995	0	0
12.2170000000006	8.39099999999962	11.5299999999988	0	0
12.1540000000023	7.29100000000108	11.2560000000012	0	0
12.1020000000026	2.95999999999913	12.1409999999996	0	0
11.7200000000012	4.08899999999994	11.4739999999983	0	0
11.3780000000006	2.30099999999948	10.5749999999971	0	0
12.6959999999999	10.4830000000002	12.3420000000006	0	0
12.1290000000008	6.04500000000189	12.3919999999998	0	0
