8.704	2.765	10.296	0	0
5.886	0.347	6.233	0	0
6.498	0.388	6.896	0	0
5.748	0.401	6.148	0	0
6.56	0.376	6.935	0	0
5.77300000000001	0.367	6.143	0	0
5.935	0.382	6.389	0	0
6.88499999999999	0.727	7.526	0	0
5.84999999999999	0.334	6.21899999999999	0	0
6.556	0.365	6.923	0	0
5.761	0.401999999999999	6.16399999999999	0	0
6.428	0.463000000000001	6.947	0	0
12.057	2.897	13.526	0	0
6.51900000000001	0.545999999999999	6.929	0	0
5.93000000000001	0.329999999999998	6.68799999999999	0	0
6.251	1.288	7.23099999999999	0	0
6.994	1.164	7.971	0	0
6.245	1.185	7.191	0	0
7.01600000000002	1.154	7.93899999999999	0	0
6.255	1.323	7.59499999999997	0	0
5.91200000000001	0.452999999999999	6.27999999999997	0	0
6.18200000000002	1.152	7.07100000000003	0	0
6.57400000000001	1.607	7.59500000000003	0	0
6.73199999999997	0.695999999999998	7.27800000000002	0	0
5.846	0.460000000000001	6.30599999999998	0	0
5.95500000000004	0.347000000000001	6.30200000000002	0	0
6.964	1.006	7.88799999999998	0	0
5.65600000000001	0.402000000000001	6.34699999999998	0	0
5.55500000000001	0.384	5.94999999999999	0	0
5.74700000000001	0.741	6.32600000000002	0	0
5.80000000000001	0.679000000000002	6.346	0	0
6.25299999999999	0.335000000000001	6.70300000000003	0	0
5.84399999999999	0.905999999999999	6.52199999999999	0	0
6.43000000000001	0.770000000000003	7.02999999999997	0	0
5.87400000000002	1.082	6.74900000000002	0	0
6.42400000000004	1.449	7.40600000000001	0	0
5.77600000000001	0.379999999999995	6.18000000000001	0	0
10.125	0.777000000000001	10.993	0	0
5.95100000000002	0.415999999999997	6.35900000000004	0	0
5.899	0.411000000000001	6.464	0	0
6.916	1.338	8.01700000000005	0	0
6.36200000000002	1.136	7.66199999999992	0	0
5.93899999999996	0.412000000000006	6.23800000000006	0	0
5.803	0.379000000000005	6.18100000000004	0	0
5.96100000000001	0.548999999999992	6.51199999999994	0	0
6.59799999999996	0.332000000000008	6.95799999999997	0	0
6.07100000000003	0.846000000000004	6.88200000000006	0	0
6.63600000000008	0.353000000000009	7.00999999999999	0	0
5.822	0.425000000000011	6.38400000000001	0	0
5.76300000000003	0.391000000000005	6.18200000000002	0	0
6.447	0.411000000000001	6.85800000000006	0	0
5.81299999999999	0.368000000000009	6.18100000000004	0	0
5.91300000000001	0.525999999999996	6.40200000000004	0	0
5.80100000000004	0.389999999999986	6.26499999999999	0	0
6.52499999999998	0.375	6.91100000000006	0	0
5.83400000000006	0.516000000000005	6.36000000000001	0	0
5.85500000000002	0.537999999999997	6.54399999999998	0	0
6.54099999999994	0.468999999999994	7.06700000000001	0	0
5.86399999999992	0.619	6.48500000000001	0	0
6.43100000000004	0.374000000000009	6.99000000000001	0	0
5.74799999999993	0.433999999999997	6.24900000000002	0	0
6.59699999999998	0.454000000000008	7.03500000000008	0	0
5.87799999999993	0.477000000000004	6.279	0	0
5.88199999999995	0.384	6.26900000000001	0	0
6.553	0.368000000000009	6.92599999999993	0	0
5.77999999999997	0.364999999999995	6.28099999999995	0	0
6.45600000000002	0.265999999999991	6.72500000000002	0	0
5.80799999999999	0.444000000000003	6.21100000000001	0	0
6.96299999999997	1.37400000000001	8.23500000000001	0	0
6.18799999999999	1.003	6.89699999999993	0	0
6.39499999999998	1.387	7.53099999999995	0	0
6.76099999999997	0.614999999999995	7.25	0	0
6.46300000000008	1.663	7.65800000000002	0	0
8.39199999999994	2.848	9.70600000000002	0	0
6.73199999999997	1.88600000000001	7.89800000000002	0	0
6.88699999999994	1.21899999999999	7.83299999999997	0	0
6.10400000000004	1.246	6.97700000000009	0	0
12.481	3.096	14.328	0	0
6.23800000000006	1.17700000000001	7.26300000000003	0	0
7.00299999999993	0.962000000000003	7.70600000000002	0	0
6.255	1.131	7.23399999999992	0	0
6.15699999999993	1.17700000000001	7.11999999999989	0	0
6.87300000000005	1.30099999999999	7.9849999999999	0	0
6.12	1.233	7.20399999999995	0	0
6.77200000000005	0.766999999999996	7.46500000000015	0	0
6.01400000000001	0.799999999999983	6.52500000000009	0	0
5.62900000000002	0.348000000000013	6.19399999999996	0	0
6.13299999999992	1.27500000000001	7.02200000000016	0	0
5.83399999999995	0.906000000000006	6.61699999999996	0	0
7.10500000000002	1.46799999999999	7.84400000000005	0	0
5.78699999999992	0.762	6.45100000000002	0	0
6.59000000000015	0.353000000000009	7.18999999999983	0	0
6.15100000000007	1.05100000000002	7.22399999999993	0	0
6.94100000000003	1.13499999999999	7.80700000000002	0	0
6.66700000000014	1.70600000000002	7.66300000000001	0	0
6.10799999999995	1.084	7.00799999999981	0	0
6.11400000000003	1.399	7.423	0	0
6.19299999999998	1.32299999999998	7.59799999999996	0	0
6.20000000000005	1.28399999999999	7.30500000000006	0	0
5.99900000000002	0.527000000000015	6.78600000000006	0	0
6.64900000000011	1.05499999999998	7.44800000000009	0	0
5.9369999999999	1.16299999999998	6.79399999999987	0	0
6.54999999999995	0.662999999999982	7.04500000000007	0	0
5.99400000000014	1.185	6.92800000000011	0	0
6.66200000000003	1.124	7.53499999999985	0	0
5.81700000000001	0.784999999999997	6.42600000000016	0	0
5.80600000000004	0.912000000000006	6.53400000000011	0	0
5.79700000000003	0.527999999999992	6.19100000000003	0	0
5.59799999999996	0.312000000000012	5.91100000000006	0	0
6.18799999999987	0.387	6.6110000000001	0	0
6.11900000000014	0.899000000000001	6.75999999999999	0	0
6.94600000000014	1.26500000000001	8.04399999999987	0	0
6.02300000000014	0.664999999999992	6.423	0	0
7.24399999999991	1.39099999999999	8.41899999999987	0	0
6.09000000000015	0.468999999999994	6.57600000000002	0	0
7.048	1.12100000000001	8.173	0	0
6.06500000000005	0.692000000000007	6.96600000000012	0	0
7.49299999999994	1.85499999999999	8.39599999999996	0	0
6.22700000000009	1.441	7.35000000000014	0	0
6.65499999999997	1.178	7.78899999999999	0	0
5.74399999999991	0.775999999999982	6.31799999999998	0	0
5.85799999999995	1.03799999999998	6.64499999999998	0	0
5.80400000000009	0.978000000000009	6.50099999999998	0	0
5.80799999999999	1.12800000000001	6.70000000000005	0	0
6.51400000000012	1.03299999999999	7.32799999999997	0	0
5.54299999999989	0.319000000000017	5.97800000000007	0	0
6.17999999999984	0.364999999999981	6.58000000000015	0	0
5.53800000000001	0.396000000000015	6.0010000000002	0	0
6.26900000000001	0.311000000000007	6.58100000000013	0	0
5.46099999999979	0.369	5.83200000000011	0	0
5.72299999999996	0.812000000000012	6.36300000000006	0	0
5.47600000000011	0.356999999999999	5.83299999999986	0	0
5.50800000000004	0.36099999999999	5.87000000000012	0	0
6.1400000000001	0.348000000000013	6.48700000000008	0	0
5.50299999999993	0.333000000000027	5.83600000000001	0	0
6.16699999999992	0.388000000000005	6.55699999999979	0	0
5.54100000000017	0.308999999999997	5.85000000000014	0	0
6.41299999999978	0.984000000000009	7.39900000000011	0	0
5.48099999999999	0.426999999999992	5.90800000000013	0	0
5.55099999999993	0.317000000000007	5.86899999999991	0	0
6.12099999999987	0.396999999999991	6.52600000000007	0	0
5.43500000000017	0.39100000000002	5.82600000000002	0	0
6.15100000000007	0.375999999999976	6.52800000000002	0	0
5.50199999999995	0.346000000000004	5.85699999999997	0	0
6.23599999999988	0.335000000000008	6.57100000000014	0	0
5.56499999999983	0.379000000000019	6.02599999999984	0	0
5.57599999999979	0.38900000000001	5.9670000000001	0	0
5.46299999999997	0.329999999999984	5.79299999999989	0	0
5.54899999999998	0.332999999999998	5.88199999999983	0	0
5.44599999999991	0.371000000000009	5.81700000000001	0	0
6.22499999999991	0.349999999999994	6.57600000000002	0	0
5.48099999999999	0.359000000000009	5.84099999999989	0	0
6.21600000000012	0.353999999999985	6.57000000000016	0	0
5.48299999999995	0.354000000000013	5.83799999999997	0	0
5.76199999999994	0.879000000000019	6.53500000000008	0	0
5.51800000000003	0.310000000000002	5.82799999999997	0	0
5.57199999999989	0.320999999999998	5.89400000000001	0	0
5.54099999999994	0.280000000000001	6.02999999999997	0	0
6.74199999999996	1.708	8.07799999999997	0	0
6.84100000000012	0.580000000000013	7.47800000000007	0	0
6.07500000000005	0.393000000000001	6.971	0	0
6.67599999999993	0.356999999999999	7.02700000000004	0	0
6.0329999999999	0.585000000000008	6.60699999999997	0	0
6.68399999999997	0.448000000000008	7.16399999999999	0	0
5.96000000000004	0.423000000000002	6.41200000000003	0	0
6.67499999999995	0.448000000000008	7.11500000000001	0	0
5.779	0.316999999999979	5.92900000000009	0	0
6.76099999999997	0.567000000000007	7.3420000000001	0	0
5.91599999999994	0.387	6.30400000000009	0	0
6.66499999999996	0.365000000000009	7.00500000000011	0	0
5.91100000000006	0.361000000000018	6.6260000000002	0	0
6.64100000000008	0.368000000000023	7.03400000000011	0	0
5.78400000000011	0.342000000000013	6.57400000000007	0	0
6.56799999999998	0.447000000000003	7.01600000000008	0	0
5.74500000000012	0.382999999999981	6.12899999999991	0	0
6.84999999999991	1.20600000000002	7.97199999999975	0	0
5.7829999999999	0.371999999999957	6.1579999999999	0	0
6.54299999999989	0.382000000000005	6.81799999999976	0	0
5.7650000000001	0.386000000000024	6.13499999999976	0	0
6.55099999999993	0.363	6.91499999999996	0	0
5.81799999999998	0.363999999999976	6.18299999999999	0	0
6.55399999999986	0.367000000000019	7.07200000000012	0	0
5.69499999999994	0.359000000000037	6.05499999999984	0	0
6.548	0.484000000000037	6.96799999999985	0	0
5.75299999999993	0.34899999999999	6.34299999999985	0	0
6.5	0.413999999999987	6.92599999999993	0	0
5.74000000000001	0.408000000000015	6.15000000000009	0	0
5.80500000000029	0.473000000000013	6.279	0	0
5.71399999999994	0.403999999999996	6.12199999999984	0	0
5.85699999999997	0.375	6.23299999999972	0	0
5.76999999999998	0.379999999999995	6.15099999999984	0	0
5.84899999999971	0.478000000000009	6.30099999999993	0	0
6.44399999999996	0.375	6.83299999999963	0	0
5.82699999999977	0.461000000000013	6.125	0	0
6.57000000000016	0.512	6.99299999999994	0	0
6.6909999999998	2.29599999999999	8.22399999999971	0	0
7.24600000000009	1.09699999999998	8.19399999999996	0	0
5.95100000000002	0.447999999999979	6.4340000000002	0	0
5.94499999999971	0.390999999999963	6.38799999999992	0	0
5.97800000000007	0.386000000000024	6.34799999999996	0	0
6.03099999999995	0.354999999999961	6.38700000000017	0	0
5.96600000000035	0.393999999999949	6.39600000000019	0	0
6.06100000000015	0.326999999999998	6.39499999999998	0	0
6.69299999999976	0.41500000000002	7.28400000000011	0	0
5.75799999999981	0.308999999999969	6.19399999999996	0	0
6.72699999999986	0.452999999999975	7.44799999999987	0	0
5.98500000000013	0.37299999999999	6.55799999999999	0	0
6.85199999999986	0.327999999999975	7.61999999999989	0	0
6.30299999999988	0.85899999999998	7.3159999999998	0	0
6.77500000000009	0.391999999999996	7.35500000000002	0	0
5.97299999999996	0.355999999999995	6.41599999999971	0	0
6.86599999999999	0.382000000000005	7.45100000000002	0	0
6.04199999999992	0.33499999999998	6.61999999999989	0	0
6.86999999999989	0.400000000000034	7.38700000000017	0	0
6.13999999999987	0.531000000000006	6.61099999999988	0	0
6.19900000000007	0.751000000000033	7.01400000000012	0	0
6.05700000000024	0.473000000000013	6.66599999999971	0	0
6.13999999999987	0.680000000000007	6.79400000000032	0	0
5.91300000000001	0.365999999999985	6.50500000000011	0	0
6.03800000000001	0.476999999999975	6.37100000000009	0	0
6.65200000000004	0.398000000000025	7.03600000000006	0	0
5.82299999999987	0.444999999999993	6.42099999999982	0	0
6.80799999999999	0.382999999999981	7.375	0	0
6.22200000000021	0.887999999999977	6.9050000000002	0	0
6.81100000000015	0.442000000000007	7.23300000000017	0	0
5.91700000000037	0.363	6.35100000000011	0	0
6.81700000000001	0.365000000000009	7.19000000000005	0	0
5.86299999999983	0.397000000000048	6.529	0	0
6.73500000000013	0.347999999999956	7.29800000000023	0	0
5.99399999999969	0.38900000000001	6.76099999999997	0	0
6.71199999999999	0.377999999999986	7.14200000000028	0	0
5.81399999999985	0.300999999999988	6.35999999999967	0	0
6.59299999999985	0.389999999999986	7.00700000000006	0	0
5.9670000000001	0.383999999999958	6.50099999999975	0	0
6.78600000000006	0.828000000000031	7.62899999999991	0	0
5.73599999999988	0.412000000000035	6.36700000000019	0	0
6.50199999999995	0.370999999999981	7.12699999999995	0	0
6.40200000000004	1.51000000000005	7.63700000000017	0	0
6.90200000000004	0.967000000000041	7.62699999999995	0	0
6.36799999999994	1.39299999999997	7.5010000000002	0	0
6.625	0.365000000000009	6.99000000000024	0	0
5.96600000000035	0.36099999999999	6.32700000000023	0	0
6.60700000000043	0.40100000000001	7.00799999999981	0	0
6.25099999999975	1.43599999999998	7.47200000000021	0	0
5.846	0.460000000000036	6.38000000000011	0	0
5.61900000000014	0.373999999999967	6.05700000000024	0	0
6.41299999999956	1.26900000000001	7.40900000000011	0	0
5.79199999999992	0.435000000000002	6.25999999999976	0	0
5.82799999999997	0.468999999999994	6.34699999999975	0	0
6.50300000000016	0.444999999999993	6.92700000000013	0	0
5.95299999999997	0.485000000000014	6.38200000000006	0	0
6.53999999999996	0.369000000000028	6.90899999999965	0	0
5.83199999999988	0.356999999999971	6.19000000000005	0	0
6.5619999999999	0.456999999999994	7.07500000000027	0	0
5.87699999999995	0.408000000000015	6.28499999999985	0	0
6.58500000000004	0.481999999999971	7.06700000000001	0	0
5.86200000000008	0.389999999999986	6.25199999999995	0	0
6.65599999999995	0.44599999999997	7.10199999999986	0	0
5.88899999999967	0.413000000000011	6.30199999999968	0	0
6.70400000000018	0.408999999999992	7.11299999999983	0	0
5.94399999999996	0.350000000000023	6.28999999999996	0	0
6.70200000000023	0.31800000000004	7.08899999999994	0	0
6.01500000000033	0.704000000000008	6.67900000000009	0	0
6.65000000000009	0.384999999999991	7.05000000000018	0	0
5.85699999999997	0.392999999999972	6.25199999999995	0	0
6.59899999999971	0.411000000000001	6.98700000000008	0	0
6.05799999999999	1.24399999999997	6.94900000000007	0	0
6.33699999999999	0.34499999999997	6.6840000000002	0	0
5.57399999999961	0.374000000000024	5.98100000000022	0	0
6.57699999999977	0.930000000000007	7.44900000000007	0	0
6.04100000000017	0.877999999999986	6.64900000000034	0	0
6.63599999999997	1.07100000000003	7.47900000000027	0	0
5.91400000000021	1.084	6.75400000000036	0	0
6.64699999999993	1.00599999999997	7.65900000000011	0	0
5.74099999999999	0.692999999999984	6.22299999999996	0	0
6.52700000000004	0.899000000000001	7.36200000000008	0	0
5.83399999999983	1.17800000000005	6.77300000000014	0	0
6.52599999999984	0.936000000000035	7.21199999999999	0	0
5.89499999999998	0.915999999999997	6.50699999999961	0	0
6.73900000000003	1.30199999999996	7.79500000000007	0	0
6.03099999999995	1.28899999999999	7.08100000000013	0	0
6.47499999999991	0.545000000000016	6.89599999999973	0	0
5.98000000000002	1.26999999999998	6.97699999999986	0	0
6.74000000000024	1.00800000000004	7.529	0	0
5.96100000000024	1.06900000000002	6.82900000000018	0	0
6.54800000000023	0.644000000000005	7.05700000000024	0	0
6.04899999999998	1.26999999999998	7.01499999999987	0	0
6.68499999999995	1.161	7.56400000000031	0	0
5.74299999999994	0.631000000000029	6.25	0	0
6.5920000000001	0.995999999999981	7.37800000000016	0	0
5.95100000000002	1.26899999999995	6.95600000000013	0	0
6.69700000000012	1.17199999999997	7.5600000000004	0	0
5.93299999999999	1.31999999999999	6.91000000000031	0	0
6.67599999999993	1.322	7.67599999999993	0	0
5.99099999999999	1.274	6.92799999999988	0	0
6.71000000000004	0.99799999999999	7.46199999999999	0	0
5.92200000000003	0.913999999999987	6.67300000000023	0	0
7.01000000000022	1.38299999999998	7.98399999999992	0	0
5.5949999999998	0.330000000000041	5.9340000000002	0	0
6.33399999999983	0.367999999999995	6.70400000000018	0	0
5.56100000000015	0.37700000000001	5.9380000000001	0	0
6.42900000000009	0.412000000000035	6.84099999999989	0	0
5.56700000000001	0.36099999999999	5.92900000000009	0	0
6.43000000000029	0.324000000000012	6.75499999999965	0	0
6.37400000000025	1.39400000000001	7.30400000000009	0	0
6.92500000000018	1.214	8.08200000000033	0	0
6.23299999999972	1.17000000000002	7.09000000000015	0	0
7.09299999999985	1.30900000000003	8.19499999999971	0	0
6.34400000000005	1.35499999999996	7.65700000000015	0	0
6.90099999999984	0.646999999999991	7.67000000000007	0	0
6.49800000000005	1.46899999999999	7.88400000000001	0	0
6.61000000000013	0.355999999999995	6.96599999999989	0	0
5.91699999999992	0.406000000000006	6.32299999999987	0	0
6.55899999999974	0.439999999999998	7.01099999999997	0	0
9.96900000000005	0.736000000000047	11.0189999999998	0	0
6.37800000000016	0.355999999999995	6.73500000000013	0	0
5.73500000000013	0.390999999999963	6.12599999999975	0	0
6.42100000000028	0.324000000000012	6.74699999999984	0	0
5.61099999999988	0.380999999999972	5.99199999999973	0	0
6.44900000000007	0.32099999999997	6.76999999999998	0	0
5.59899999999971	0.362000000000023	5.96000000000004	0	0
6.32700000000023	0.36099999999999	6.68899999999985	0	0
5.721	0.345000000000027	6.06700000000001	0	0
6.36500000000024	0.340000000000032	6.70600000000013	0	0
5.70700000000033	0.435000000000002	6.11899999999969	0	0
6.43299999999999	0.393000000000029	6.82600000000002	0	0
5.73699999999963	0.380999999999972	6.11900000000014	0	0
6.31099999999969	0.394000000000005	6.70499999999993	0	0
5.67000000000007	0.370999999999981	6.04199999999992	0	0
6.37599999999975	0.323999999999955	6.70100000000002	0	0
5.68299999999999	0.380999999999972	6.06500000000005	0	0
6.39400000000023	0.312999999999988	6.70600000000013	0	0
5.70800000000008	0.334000000000003	6.04399999999987	0	0
6.4050000000002	0.336000000000013	6.74299999999994	0	0
5.70800000000008	0.410000000000025	6.11900000000014	0	0
6.45299999999997	0.333000000000027	6.78500000000031	0	0
5.75	0.319000000000017	6.05999999999995	0	0
6.529	0.359999999999957	6.88999999999987	0	0
5.79600000000028	0.336999999999989	6.26099999999951	0	0
6.32000000000016	0.403999999999996	6.81500000000051	0	0
5.60800000000017	0.350999999999999	6.21100000000024	0	0
7.16699999999992	1.40000000000003	8.31700000000001	0	0
5.93900000000031	0.564999999999998	7.0649999999996	0	0
6.52999999999975	0.396999999999991	6.92800000000079	0	0
5.88700000000017	0.353000000000009	6.40200000000004	0	0
6.80600000000004	0.403999999999996	7.8130000000001	0	0
5.79899999999998	0.369000000000028	6.31200000000081	0	0
6.49099999999999	0.643000000000029	6.97399999999925	0	0
5.82700000000023	0.814000000000021	6.49300000000039	0	0
6.65999999999985	0.875999999999976	7.26400000000012	0	0
5.86000000000013	0.694999999999993	6.40700000000015	0	0
6.57400000000007	0.697000000000003	7.1309999999994	0	0
5.89199999999983	0.836999999999989	6.57299999999941	0	0
6.34099999999989	0.356999999999971	6.7519999999995	0	0
5.64399999999978	0.342000000000041	6.35199999999986	0	0
6.76099999999997	0.423000000000002	7.31500000000051	0	0
5.88299999999981	0.355999999999995	6.33699999999953	0	0
6.70899999999983	0.418000000000006	7.35699999999997	0	0
5.84900000000016	0.352000000000032	6.22500000000036	0	0
6.35300000000007	0.350000000000023	6.67699999999968	0	0
5.6279999999997	0.387	6.13400000000001	0	0
6.25700000000006	0.366999999999962	6.75799999999981	0	0
5.57900000000018	0.33499999999998	6.14900000000034	0	0
6.41199999999981	0.322000000000003	6.80000000000018	0	0
5.57699999999977	0.325999999999965	5.97299999999996	0	0
6.37300000000005	0.296999999999969	6.88299999999981	0	0
5.57300000000032	0.402000000000044	6.08899999999994	0	0
6.32499999999982	0.579000000000008	6.94399999999951	0	0
5.53900000000021	0.386000000000024	5.9419999999991	0	0
6.48900000000003	0.813000000000045	7.19799999999941	0	0
5.64500000000044	0.480000000000018	6.07099999999991	0	0
6.24099999999999	0.373999999999967	6.61599999999999	0	0
5.62999999999965	0.437999999999988	6.06900000000041	0	0
6.33500000000004	0.370000000000005	6.70399999999972	0	0
5.58199999999988	0.356999999999971	5.9409999999998	0	0
6.69899999999961	0.312000000000012	7.65900000000056	0	0
5.95600000000013	0.675000000000011	6.72299999999996	0	0
6.39000000000033	0.32099999999997	6.91399999999976	0	0
5.73000000000047	0.327999999999975	6.1929999999993	0	0
6.44499999999971	0.40300000000002	7.01800000000003	0	0
5.75500000000011	0.360000000000014	6.26299999999992	0	0
6.67100000000028	0.639999999999986	7.53600000000006	0	0
5.75800000000072	0.342000000000041	6.09999999999945	0	0
6.35300000000007	0.365000000000009	6.71799999999985	0	0
5.64800000000014	0.458000000000027	6.10699999999997	0	0
6.36999999999989	0.370000000000005	6.73999999999978	0	0
6.20799999999963	1.06900000000002	6.7559999999994	0	0
6.31700000000001	0.34899999999999	6.66800000000057	0	0
5.5659999999998	0.361999999999966	5.92999999999938	0	0
6.32399999999961	0.41500000000002	6.73999999999978	0	0
5.61599999999999	0.324999999999989	5.94300000000021	0	0
6.28900000000067	0.37299999999999	6.66399999999976	0	0
5.57899999999972	0.358000000000004	5.9389999999994	0	0
6.25399999999991	0.36099999999999	6.61800000000039	0	0
5.58700000000044	0.426000000000045	6.01500000000033	0	0
6.22099999999955	0.374000000000024	6.59699999999975	0	0
5.59700000000066	0.324000000000012	5.94300000000021	0	0
6.25600000000031	0.341000000000008	6.59900000000016	0	0
5.56899999999951	0.358000000000004	5.92799999999988	0	0
6.25399999999991	0.37700000000001	6.63299999999981	0	0
7.18100000000049	2.18200000000002	8.36499999999978	0	0
6.70199999999932	0.402999999999906	7.2529999999997	0	0
5.97500000000036	0.435000000000059	6.45300000000043	0	0
6.70200000000023	0.414999999999964	7.30199999999968	0	0
5.85699999999997	0.475000000000023	6.35200000000077	0	0
6.67499999999927	0.355999999999995	7.21700000000055	0	0
6.10799999999927	0.434999999999945	6.54399999999987	0	0
6.72400000000016	0.404999999999973	7.13000000000011	0	0
5.95600000000013	0.432000000000016	6.40899999999965	0	0
6.92000000000007	0.92999999999995	7.57000000000062	0	0
6.32699999999932	1.10300000000007	7.60800000000017	0	0
6.79200000000037	0.861999999999966	7.5059999999994	0	0
6.37599999999929	1.18100000000004	7.25399999999991	0	0
7.20799999999963	1.29600000000005	8.24399999999969	0	0
6.47099999999955	1.54500000000007	7.95899999999983	0	0
6.70200000000023	0.475999999999999	7.39699999999993	0	0
5.89199999999983	0.464999999999918	6.38900000000012	0	0
7.14799999999923	0.877999999999929	7.84799999999996	0	0
5.97699999999986	0.342999999999961	6.46299999999974	0	0
6.75300000000061	0.377000000000066	7.1309999999994	0	0
6.08700000000044	0.666000000000054	6.90799999999945	0	0
6.73999999999978	0.401000000000067	7.30200000000059	0	0
5.92300000000068	0.487999999999943	6.35599999999977	0	0
6.74099999999999	0.406000000000063	7.14699999999993	0	0
5.96799999999985	0.418000000000006	6.42799999999988	0	0
6.76800000000003	0.419999999999959	7.2559999999994	0	0
5.94900000000052	0.440000000000055	6.3779999999997	0	0
6.76600000000053	0.361999999999966	7.21399999999994	0	0
6.01900000000023	0.461999999999989	6.71600000000035	0	0
6.69499999999971	0.371999999999957	7.17799999999988	0	0
5.97699999999986	0.414999999999964	6.39100000000053	0	0
6.64900000000034	0.394000000000005	7.05599999999959	0	0
5.90499999999975	0.435000000000059	6.39199999999983	0	0
6.74300000000039	0.394000000000005	7.13600000000042	0	0
5.90999999999985	0.373000000000047	6.29500000000007	0	0
6.91100000000006	0.657999999999902	7.45299999999952	0	0
5.91499999999996	0.461999999999989	6.3769999999995	0	0
6.81999999999971	0.327999999999975	7.17500000000018	0	0
5.93599999999969	0.365999999999985	6.30299999999988	0	0
6.79899999999998	0.379999999999995	7.19000000000051	0	0
6.01999999999953	0.370000000000005	6.39099999999962	0	0
6.76400000000012	0.385999999999967	7.14999999999964	0	0
6.05299999999988	0.426000000000045	6.47999999999956	0	0
6.8130000000001	0.307999999999993	7.40899999999965	0	0
6.01700000000073	0.321000000000026	6.54200000000037	0	0
6.68099999999959	0.437999999999988	7.11899999999969	0	0
5.89699999999993	0.378000000000043	6.27499999999964	0	0
7.72100000000046	1.97699999999998	8.82600000000002	0	0
5.74200000000019	0.331999999999994	6.00500000000011	0	0
6.52700000000004	0.471000000000004	6.9989999999998	0	0
6.36500000000069	1.16499999999996	7.12899999999991	0	0
6.95399999999972	1.28800000000001	7.99900000000071	0	0
6.09900000000016	0.954999999999927	6.83300000000054	0	0
6.79899999999998	1.13900000000001	7.80299999999988	0	0
5.94499999999971	0.538000000000011	6.34400000000005	0	0
5.76999999999953	0.375999999999976	6.22199999999975	0	0
6.53700000000026	0.378000000000043	6.91100000000006	0	0
5.80299999999988	0.394000000000005	6.19699999999921	0	0
6.45599999999922	0.406000000000063	6.86200000000008	0	0
5.8139999999994	0.353999999999928	6.16799999999967	0	0
6.48300000000017	0.373000000000047	6.85699999999997	0	0
5.82800000000043	0.436000000000035	6.23800000000028	0	0
6.4989999999998	0.358000000000061	6.85800000000017	0	0
5.80099999999948	0.346000000000004	6.14699999999993	0	0
6.46499999999924	0.369000000000028	6.84599999999955	0	0
5.74699999999939	0.389999999999986	6.13799999999992	0	0
6.48999999999978	0.357999999999947	6.84799999999996	0	0
5.75399999999991	0.410000000000082	6.16400000000067	0	0
6.86300000000028	1.27300000000002	8.08199999999943	0	0
5.74699999999939	0.371999999999957	6.19900000000052	0	0
6.5	0.379000000000019	7.11800000000039	0	0
5.72900000000027	0.314999999999941	6.52199999999993	0	0
6.36399999999958	0.408999999999992	7.13500000000022	0	0
5.7489999999998	0.40199999999993	6.3149999999996	0	0
5.83200000000033	0.444999999999936	6.33600000000024	0	0
6.77199999999993	0.531999999999925	7.31500000000051	0	0
5.82400000000052	0.36099999999999	6.44200000000001	0	0
6.52900000000045	0.485000000000014	7.28999999999996	0	0
5.70600000000013	0.325000000000045	6.24300000000039	0	0
6.30299999999988	0.346000000000004	6.6929999999993	0	0
5.69300000000021	0.350000000000023	6.04500000000007	0	0
6.39699999999993	0.375999999999976	6.78200000000015	0	0
5.75700000000052	0.317999999999984	6.07600000000002	0	0
6.32399999999961	0.341999999999985	6.66799999999967	0	0
5.65499999999975	0.420999999999935	6.02300000000014	0	0
6.35000000000036	0.335000000000036	6.72499999999945	0	0
5.94399999999951	0.423999999999978	6.45700000000033	0	0
6.61200000000008	0.884999999999991	7.49699999999939	0	0
5.96900000000005	1.13499999999999	6.89199999999983	0	0
6.61599999999999	1.02200000000005	7.42599999999948	0	0
5.86099999999988	0.826999999999998	6.55600000000049	0	0
8.25899999999911	2.69799999999998	9.49300000000039	0	0
5.68000000000029	0.341999999999985	6.02400000000034	0	0
6.38600000000042	0.409999999999968	6.79800000000068	0	0
5.64300000000003	0.382000000000062	6.05999999999949	0	0
6.5059999999994	0.339000000000055	6.84699999999975	0	0
5.72099999999955	0.358000000000061	6.08200000000033	0	0
6.46600000000035	0.355999999999995	6.85199999999986	0	0
5.63499999999931	0.354000000000042	5.99200000000019	0	0
6.42000000000007	0.31899999999996	6.78800000000047	0	0
5.62199999999939	0.377999999999929	6.00200000000041	0	0
6.34300000000076	0.357999999999947	6.70200000000023	0	0
5.76500000000033	0.385999999999967	6.15300000000025	0	0
6.34699999999975	0.337999999999965	6.6880000000001	0	0
5.7489999999998	0.329000000000065	6.11200000000008	0	0
6.39400000000023	0.337999999999965	6.73300000000017	0	0
5.81099999999969	0.30600000000004	6.11800000000039	0	0
6.48399999999947	0.418999999999983	6.90400000000045	0	0
5.74799999999959	0.378000000000043	6.12899999999991	0	0
5.69300000000021	0.326999999999998	6.20499999999993	0	0
6.39800000000014	0.394000000000005	6.80299999999988	0	0
5.63500000000022	0.331000000000017	5.98999999999978	0	0
6.30400000000009	0.435000000000059	6.7489999999998	0	0
5.60199999999986	0.352000000000089	5.9980000000005	0	0
6.28300000000036	0.338000000000079	6.64500000000044	0	0
5.625	0.467000000000098	6.09399999999914	0	0
6.42100000000028	0.346000000000004	6.76800000000003	0	0
5.66399999999976	0.326000000000022	5.99099999999999	0	0
6.37100000000009	0.354000000000042	6.72699999999986	0	0
5.85800000000017	0.937999999999988	6.69200000000001	0	0
6.39400000000023	0.353999999999928	6.75	0	0
5.66300000000047	0.350000000000023	6.01400000000012	0	0
6.3779999999997	0.454000000000065	6.83399999999983	0	0
5.65799999999945	0.366999999999962	6.02699999999913	0	0
6.30299999999988	0.370000000000005	6.67500000000018	0	0
5.65799999999945	0.346000000000004	6.00600000000031	0	0
6.3110000000006	0.377999999999929	6.6909999999998	0	0
5.83700000000044	0.387000000000057	6.29700000000048	0	0
6.70799999999963	0.394000000000005	7.10199999999986	0	0
5.85300000000007	0.427000000000021	6.28799999999956	0	0
6.66499999999996	0.349000000000046	7.01500000000033	0	0
5.92299999999977	0.330000000000041	6.21000000000004	0	0
6.65099999999984	0.469999999999914	7.1220000000003	0	0
5.8739999999998	0.314000000000078	6.1880000000001	0	0
6.65899999999965	0.354000000000042	7.05299999999988	0	0
5.94400000000041	0.466000000000008	6.38200000000052	0	0
6.65700000000015	0.382999999999925	7.03999999999996	0	0
6.08500000000004	0.286000000000058	6.37199999999939	0	0
5.92600000000039	0.40300000000002	6.38799999999992	0	0
6.96600000000035	0.408999999999992	7.37700000000041	0	0
5.98399999999947	0.394000000000005	6.38799999999992	0	0
6.72999999999956	0.416000000000054	7.03499999999985	0	0
6.00399999999991	0.389999999999986	6.40599999999995	0	0
6.6880000000001	0.427000000000021	7.24099999999999	0	0
6.04399999999987	0.365000000000009	6.4369999999999	0	0
6.64399999999932	0.333999999999946	6.97900000000027	0	0
5.95499999999993	0.409999999999968	6.36500000000069	0	0
6.61200000000008	0.418999999999983	7.03299999999945	0	0
5.88599999999951	0.394000000000005	6.28400000000056	0	0
6.63300000000072	0.365999999999985	7.04500000000007	0	0
5.93299999999999	0.350999999999999	6.49799999999959	0	0
6.60699999999997	0.370000000000005	6.97699999999986	0	0
5.94399999999951	0.407000000000039	6.35199999999986	0	0
6.57399999999961	0.353000000000065	6.92799999999988	0	0
6.01000000000022	0.355999999999995	6.36499999999978	0	0
6.64800000000014	0.386000000000081	7.03399999999965	0	0
5.7510000000002	0.347999999999956	6.28600000000006	0	0
6.37400000000071	0.341999999999985	6.71599999999944	0	0
5.75700000000052	0.436000000000035	6.19399999999951	0	0
6.36899999999969	0.389999999999986	6.75900000000001	0	0
5.71900000000005	0.382999999999925	6.10300000000007	0	0
5.61700000000019	0.316000000000031	6.20199999999932	0	0
5.70200000000023	0.361999999999966	6.06500000000051	0	0
5.72500000000036	0.341999999999985	6.06800000000021	0	0
6.46500000000015	0.347000000000094	6.8119999999999	0	0
5.76400000000012	0.447000000000003	6.21200000000044	0	0
6.38400000000001	0.423999999999978	6.8090000000002	0	0
5.71500000000015	0.366999999999962	6.08899999999994	0	0
6.42399999999998	0.335000000000036	6.75799999999981	0	0
5.76900000000023	0.339000000000055	6.10800000000017	0	0
6.32999999999993	0.3599999999999	6.69000000000051	0	0
5.65300000000025	0.326999999999998	5.98000000000047	0	0
6.46099999999933	0.399000000000001	6.86000000000058	0	0
5.6850000000004	0.418999999999983	6.10500000000047	0	0
6.55299999999988	0.322000000000003	6.99900000000071	0	0
5.70299999999952	0.362999999999943	6.06600000000071	0	0
6.4380000000001	0.370999999999981	6.8090000000002	0	0
5.68599999999969	0.471000000000004	6.15800000000036	0	0
6.66200000000026	0.576000000000022	7.14400000000023	0	0
5.75200000000041	0.410999999999945	6.16399999999976	0	0
5.89199999999983	0.583999999999946	6.31600000000071	0	0
6.65099999999984	0.708999999999946	7.22600000000057	0	0
5.74099999999999	0.419000000000096	6.15999999999985	0	0
6.44799999999941	0.407000000000039	6.85599999999977	0	0
5.72299999999996	0.361999999999966	6.11300000000028	0	0
6.38699999999972	0.350999999999999	6.73899999999958	0	0
5.6279999999997	0.357000000000085	6.05400000000009	0	0
6.38100000000031	0.317000000000007	6.84699999999975	0	0
5.74600000000009	0.390999999999963	6.39199999999983	0	0
6.85599999999977	0.565000000000055	7.32400000000052	0	0
5.84799999999996	0.393000000000029	6.49799999999959	0	0
6.67600000000039	0.375	7.11700000000019	0	0
5.94999999999982	0.405999999999949	6.35699999999997	0	0
6.71599999999944	0.361999999999966	7.07899999999972	0	0
5.91899999999987	0.379000000000019	6.29800000000068	0	0
5.86300000000028	0.379000000000019	6.32600000000002	0	0
7.42399999999998	1.14199999999994	8.34099999999944	0	0
6.09300000000076	0.947999999999979	6.82499999999982	0	0
6.88199999999961	0.875999999999976	7.57299999999941	0	0
5.86500000000069	0.456000000000017	6.33300000000054	0	0
6.63400000000001	0.599000000000046	7.19100000000071	0	0
5.87700000000041	0.463000000000079	6.35500000000047	0	0
6.53499999999985	0.388000000000034	7.21100000000024	0	0
5.92600000000039	0.375	6.3130000000001	0	0
5.80000000000018	0.414999999999964	6.20899999999983	0	0
6.66899999999987	0.437999999999988	7.10900000000038	0	0
5.87899999999991	0.365000000000009	6.27699999999913	0	0
6.63500000000022	0.26299999999992	6.78200000000015	0	0
5.85500000000047	0.43100000000004	6.28700000000026	0	0
6.6869999999999	0.370999999999981	7.06600000000071	0	0
5.86099999999988	0.29200000000003	6.10300000000007	0	0
5.88299999999981	0.371000000000095	6.25500000000011	0	0
6.65799999999945	0.407000000000039	7.18299999999999	0	0
5.93199999999979	0.399000000000001	6.33100000000013	0	0
6.61899999999969	0.454999999999927	7.07499999999982	0	0
5.88799999999992	0.370999999999981	6.25999999999931	0	0
6.70299999999952	0.361999999999966	7.11400000000049	0	0
5.875	0.369999999999891	6.27400000000034	0	0
5.94499999999971	0.419999999999959	6.33699999999953	0	0
6.67299999999977	0.393999999999892	7.07899999999972	0	0
5.88400000000001	0.408000000000015	6.32000000000062	0	0
7.13000000000011	1.41499999999996	8.27999999999975	0	0
5.99499999999989	0.467999999999961	6.35500000000047	0	0
6.29100000000017	1.23500000000001	7.20299999999952	0	0
6.90799999999945	0.998000000000047	7.78900000000067	0	0
5.91200000000026	0.401000000000067	6.3130000000001	0	0
5.82899999999972	0.399000000000001	6.22800000000007	0	0
6.60199999999986	0.366999999999962	6.96799999999985	0	0
5.86799999999948	0.455000000000041	6.32400000000052	0	0
6.6899999999996	0.386000000000081	7.07600000000002	0	0
5.94700000000012	0.400999999999954	6.65499999999975	0	0
6.76499999999942	0.725999999999999	7.51000000000022	0	0
5.90099999999984	0.405999999999949	6.36499999999978	0	0
6.62800000000061	0.343000000000075	6.95900000000074	0	0
5.92399999999998	0.407000000000039	6.32700000000023	0	0
5.82999999999993	0.418000000000006	6.28600000000006	0	0
11.0169999999998	0.866999999999962	11.8770000000004	0	0
5.91600000000017	0.440000000000055	6.34699999999975	0	0
6.70499999999993	0.317999999999984	7.02400000000034	0	0
5.91399999999976	0.350999999999999	6.26499999999942	0	0
6.85600000000068	1.45400000000006	7.33700000000044	0	0
6.46299999999974	0.323999999999955	6.73899999999958	0	0
5.8119999999999	0.407000000000039	6.21900000000005	0	0
6.59799999999996	0.625999999999976	7.18299999999999	0	0
5.82600000000002	0.390999999999963	6.21699999999964	0	0
5.76699999999983	0.394999999999982	6.16200000000026	0	0
6.44899999999961	0.426999999999907	6.98799999999937	0	0
5.79199999999946	0.810000000000059	6.55400000000009	0	0
6.67000000000007	0.788000000000011	7.46499999999924	0	0
5.68299999999999	0.359000000000037	6.05100000000039	0	0
6.34200000000055	0.368000000000052	6.71000000000004	0	0
5.70699999999943	0.359000000000037	6.08500000000004	0	0
5.64699999999993	0.357999999999947	6.01900000000023	0	0
10.8999999999996	1.03800000000001	11.9270000000006	0	0
5.66399999999976	0.435000000000059	6.09900000000016	0	0
5.73099999999977	0.326999999999998	6.05799999999999	0	0
6.73300000000017	1.19200000000001	7.8779999999997	0	0
6.82799999999952	1.83600000000001	8.37100000000009	0	0
6.49200000000019	0.399000000000001	6.88100000000031	0	0
5.88500000000022	0.345000000000027	6.42099999999937	0	0
6.60199999999986	0.435000000000059	7.03099999999995	0	0
6.14200000000073	0.869999999999891	7.06099999999969	0	0
6.44000000000051	0.488000000000056	6.93199999999979	0	0
5.65800000000036	0.353999999999928	6.11400000000049	0	0
6.42600000000039	0.333999999999946	6.99499999999989	0	0
5.82700000000023	0.301999999999907	6.24099999999999	0	0
6.46700000000055	0.586000000000013	7.10499999999956	0	0
5.69900000000052	0.549999999999955	6.36300000000028	0	0
6.34799999999996	0.396000000000072	6.93099999999959	0	0
5.76900000000023	0.371000000000095	6.11000000000058	0	0
7.02799999999934	1.32899999999995	8.54700000000048	0	0
6.00800000000072	0.434999999999945	6.59000000000015	0	0
6.80299999999988	0.758999999999901	7.3720000000003	0	0
5.77999999999975	0.387000000000057	6.16799999999967	0	0
5.84000000000015	0.158000000000015	6.45600000000013	0	0
6.59899999999925	0.536000000000058	7.35500000000047	0	0
5.97699999999986	0.506999999999948	6.46500000000015	0	0
6.51699999999983	0.501999999999953	7.03700000000026	0	0
5.89999999999964	0.342999999999961	6.26599999999962	0	0
6.52000000000044	0.486999999999966	7.04299999999967	0	0
5.9369999999999	0.456000000000017	6.47599999999966	0	0
5.86400000000049	0.307000000000016	6.1840000000002	0	0
6.84500000000025	0.948999999999955	7.67900000000009	0	0
5.89199999999983	0.538000000000011	6.41299999999956	0	0
6.48599999999988	0.399999999999977	6.99099999999999	0	0
5.97800000000007	0.461999999999989	6.40599999999995	0	0
5.77100000000064	0.44399999999996	6.22699999999986	0	0
6.62899999999991	0.608999999999924	7.25799999999981	0	0
5.92300000000068	0.418999999999983	6.29800000000068	0	0
6.46799999999985	0.447999999999979	6.91899999999987	0	0
5.86799999999948	0.363000000000056	6.23199999999997	0	0
5.86500000000069	0.363000000000056	6.22799999999916	0	0
6.97100000000046	1.46299999999997	8.23899999999958	0	0
5.90999999999985	0.45799999999997	6.48700000000099	0	0
5.95699999999943	0.34800000000007	6.60600000000159	0	0
6.69499999999971	0.372999999999934	7.21399999999994	0	0
5.92699999999968	0.369999999999891	6.42399999999907	0	0
6.72000000000025	0.593000000000075	7.47099999999955	0	0
6.6909999999998	0.370000000000005	7.34100000000035	0	0
5.92099999999937	0.369000000000028	6.43000000000029	0	0
6.63599999999951	0.48599999999999	7.31900000000132	0	0
5.8739999999998	0.344000000000051	6.51200000000063	0	0
6.66599999999926	0.360000000000014	7.06099999999969	0	0
5.89100000000053	0.19500000000005	6.05999999999949	0	0
6.68599999999969	0.444000000000074	7.28000000000065	0	0
6.06999999999971	0.562999999999988	6.60400000000118	0	0
6.59699999999975	0.347999999999956	6.97000000000116	0	0
5.96699999999964	0.358999999999924	6.32700000000114	0	0
6.64000000000033	0.326999999999998	6.96899999999914	0	0
6.37100000000009	0.998000000000047	6.92699999999968	0	0
6.09700000000066	0.378000000000043	6.59000000000015	0	0
6.99200000000019	0.958999999999946	7.97500000000036	0	0
6.02400000000034	0.394999999999982	6.49599999999919	0	0
5.96599999999944	0.485000000000014	6.45199999999932	0	0
6.73999999999978	0.354000000000042	7.19999999999891	0	0
5.95899999999983	0.496999999999957	6.43499999999949	0	0
7.10499999999956	1.32900000000006	8.17100000000028	0	0
6.67900000000009	0.391000000000076	7.06999999999971	0	0
6.23400000000038	0.900000000000091	6.82799999999952	0	0
7.02900000000045	1.24600000000009	8.00799999999981	0	0
7.0659999999998	1.17499999999995	8.18499999999949	0	0
6.38700000000063	1.30100000000004	7.38700000000063	0	0
6.96600000000035	1.06700000000001	8.28199999999924	0	0
6.01299999999992	0.430000000000064	6.49900000000162	0	0
6.67999999999938	0.447000000000003	7.30500000000029	0	0
6.65099999999984	0.434000000000083	7.08699999999953	0	0
6.00700000000052	0.410999999999945	6.41899999999987	0	0
6.6239999999998	0.418999999999983	7.04299999999967	0	0
5.83800000000065	0.402999999999906	6.26399999999921	0	0
6.62800000000061	0.399000000000001	7.02799999999843	0	0
6.60099999999966	0.466999999999985	7.06900000000132	0	0
5.88100000000031	0.359000000000037	6.6919999999991	0	0
6.74699999999939	0.440000000000055	7.1880000000001	0	0
6.21699999999964	0.777999999999906	6.81500000000051	0	0
5.99299999999948	0.782000000000039	6.81899999999951	0	0
6.98099999999977	0.730000000000018	7.60399999999936	0	0
5.99799999999959	0.441999999999894	6.42799999999988	0	0
6.89899999999943	0.333999999999946	7.27000000000044	0	0
5.98300000000017	0.370000000000005	6.35800000000017	0	0
6.85799999999927	0.353999999999928	7.21299999999974	0	0
6.99399999999969	0.418000000000006	7.41599999999926	0	0
6.02100000000064	0.394999999999982	6.51500000000124	0	0
6.94800000000032	0.354000000000042	7.31500000000051	0	0
6.09599999999955	0.386000000000081	6.49799999999959	0	0
6.13600000000042	0.455000000000041	6.60399999999936	0	0
6.7549999999992	0.413000000000011	7.22999999999956	0	0
6.88000000000011	0.48700000000008	7.36700000000019	0	0
6.00900000000001	0.383000000000038	6.53499999999985	0	0
7.13100000000031	0.655999999999949	7.8760000000002	0	0
6.83500000000004	0.387000000000057	7.46199999999953	0	0
6.17299999999977	0.432999999999993	6.71299999999974	0	0
7.61700000000019	0.45799999999997	8.11299999999937	0	0
5.7489999999998	0.384000000000015	6.11499999999978	0	0
6.4350000000004	0.335000000000036	6.86100000000079	0	0
6.43599999999969	0.355000000000018	6.79000000000087	0	0
6.32300000000032	1.11800000000005	7.0510000000013	0	0
6.4429999999993	0.390999999999963	6.84200000000055	0	0
5.73600000000079	0.370999999999981	6.10800000000017	0	0
5.77900000000045	0.302999999999997	6.08100000000013	0	0
6.48500000000058	0.338999999999942	6.82400000000052	0	0
6.02299999999923	0.669999999999959	6.68499999999949	0	0
5.86299999999937	0.368000000000052	6.33200000000033	0	0
6.69000000000051	0.461000000000013	7.17499999999927	0	0
6.01000000000022	0.375999999999976	6.38600000000042	0	0
5.92399999999907	0.391999999999939	6.31600000000071	0	0
6.66499999999905	0.322999999999979	6.98799999999937	0	0
5.88500000000022	0.379000000000019	6.2559999999994	0	0
6.6200000000008	0.375	6.9940000000006	0	0
5.94399999999951	0.346000000000004	6.60500000000138	0	0
5.93199999999888	0.379000000000019	6.3169999999991	0	0
6.68599999999969	0.376999999999953	7.0630000000001	0	0
5.93400000000111	0.47199999999998	6.44599999999991	0	0
6.75400000000081	0.37399999999991	7.25400000000081	0	0
6.74699999999939	0.412000000000035	7.21099999999933	0	0
6.00699999999961	0.458999999999946	6.48500000000058	0	0
6.66599999999926	0.587999999999965	7.39300000000003	0	0
6.00199999999859	0.488999999999919	6.47599999999875	0	0
5.82400000000052	0.162000000000035	6.17599999999948	0	0
6.62700000000041	0.392000000000053	7.00900000000001	0	0
5.96900000000096	0.384999999999991	6.48599999999897	0	0
5.97399999999834	0.416000000000054	6.4369999999999	0	0
6.59799999999996	0.383000000000038	6.98299999999836	0	0
6.82400000000052	0.557999999999993	7.45699999999852	0	0
6.03800000000047	0.475999999999999	6.64100000000144	0	0
6.63300000000163	0.399000000000001	7.03199999999924	0	0
6.76399999999921	0.432000000000016	7.35500000000138	0	0
6.06999999999971	0.453999999999951	6.51800000000003	0	0
6.59200000000055	0.45799999999997	7.23400000000038	0	0
6.06800000000112	0.359000000000037	6.44599999999991	0	0
6.15600000000086	0.395999999999958	6.94499999999971	0	0
6.69200000000092	0.403999999999996	7.13900000000103	0	0
6.15899999999965	0.458000000000084	6.62900000000081	0	0
6.06400000000031	0.375999999999976	6.46899999999914	0	0
6.82700000000114	0.370999999999981	7.19999999999891	0	0
6.85599999999977	0.386000000000081	7.28499999999985	0	0
6.03899999999885	0.426999999999907	6.46299999999974	0	0
6.85699999999997	0.414999999999964	7.40099999999984	0	0
5.96099999999933	0.430000000000064	6.53300000000127	0	0
5.80099999999948	0.411000000000058	6.21399999999994	0	0
6.61399999999958	0.495999999999981	7.41200000000026	0	0
5.89000000000124	0.330000000000041	6.30999999999949	0	0
6.51200000000063	0.279999999999973	6.84299999999894	0	0
5.92699999999968	0.455000000000041	6.39599999999882	0	0
5.81400000000031	0.378000000000043	6.20500000000175	0	0
6.56599999999889	0.517000000000053	7.37800000000061	0	0
5.9950000000008	0.430000000000064	6.42000000000007	0	0
6.02399999999943	0.822000000000003	6.90200000000004	0	0
6.6830000000009	0.369000000000028	7.10000000000036	0	0
6.00900000000001	0.437000000000012	6.40400000000045	0	0
5.84200000000055	0.416000000000054	6.25900000000001	0	0
6.84999999999854	0.430000000000064	7.13400000000001	0	0
6.04800000000068	0.632000000000062	6.50400000000081	0	0
6.0010000000002	0.509999999999991	6.60599999999977	0	0
7.09500000000116	1.35299999999995	8.23600000000079	0	0
7.08300000000054	0.866999999999962	7.79799999999886	0	0
6.70299999999952	1.64499999999998	7.79099999999926	0	0
6.5059999999994	1.39099999999996	7.69999999999891	0	0
6.73999999999978	0.427999999999997	7.25799999999981	0	0
6.78899999999885	0.402999999999906	7.21899999999914	0	0
6.11000000000058	0.392000000000053	6.50400000000081	0	0
6.58299999999872	0.385999999999967	7.09900000000016	0	0
6.2609999999986	1.05799999999999	7.24099999999999	0	0
6.93199999999888	1.04099999999994	7.98700000000099	0	0
6.78199999999924	0.696000000000026	7.53500000000167	0	0
5.99200000000019	0.649000000000001	6.47999999999956	0	0
6.16500000000087	1.26300000000003	7.14099999999962	0	0
6.52000000000044	0.436000000000035	6.79900000000089	0	0
6.57099999999991	0.512000000000057	7.01000000000022	0	0
5.83100000000013	0.399000000000001	6.22999999999956	0	0
6.43199999999888	0.390999999999963	6.83799999999974	0	0
6.83700000000135	1.0920000000001	7.96200000000135	0	0
6.01800000000003	0.980000000000018	6.80400000000009	0	0
6.70099999999911	0.731999999999971	7.33299999999872	0	0
5.90099999999984	0.65300000000002	6.44499999999971	0	0
6.03199999999924	0.72300000000007	6.70800000000054	0	0
6.88999999999942	1.15299999999991	7.70800000000054	0	0
5.94700000000012	0.673999999999978	6.41400000000067	0	0
5.98899999999958	0.668999999999983	6.52200000000084	0	0
6.48799999999937	0.673999999999978	7.02900000000045	0	0
5.95999999999913	1.01099999999997	6.63800000000083	0	0
6.06999999999971	1.02300000000002	6.88299999999981	0	0
6.63299999999981	0.389999999999986	7.14099999999962	0	0
5.92799999999988	0.355000000000018	6.28399999999965	0	0
6.01300000000083	0.331000000000017	6.34499999999935	0	0
5.88199999999961	0.364000000000033	6.246000000001	0	0
5.89099999999962	0.379000000000019	6.26499999999942	0	0
6.61399999999958	0.43100000000004	7.0679999999993	0	0
6.00900000000001	0.522000000000048	6.34599999999955	0	0
6.05199999999968	0.41599999999994	6.52099999999882	0	0
6.70800000000054	0.362999999999943	7.0739999999987	0	0
5.9419999999991	0.466999999999985	6.56999999999971	0	0
6.746000000001	0.390999999999963	7.13800000000083	0	0
5.93099999999868	0.474999999999909	6.45100000000093	0	0
5.90099999999984	0.458999999999946	6.42699999999968	0	0
6.70399999999972	0.403999999999996	7.40600000000086	0	0
6.35800000000017	0.980000000000018	7.1880000000001	0	0
5.84799999999996	0.363000000000056	6.59199999999873	0	0
5.89999999999964	0.578000000000088	6.30799999999908	0	0
5.80699999999888	0.63900000000001	6.2549999999992	0	0
6.78299999999945	1.12099999999998	7.55999999999949	0	0
6.08500000000095	0.896999999999935	6.69500000000153	0	0
6.10200000000077	1.22399999999993	7.05900000000111	0	0
6.47600000000057	0.691000000000031	7.03000000000065	0	0
5.64999999999964	0.416000000000054	6.07499999999891	0	0
5.64099999999962	0.342999999999961	5.98500000000058	0	0
6.26500000000124	0.319000000000074	6.58500000000095	0	0
5.53399999999965	0.376999999999953	6.01300000000083	0	0
6.56999999999971	1.77299999999991	7.64999999999964	0	0
6.36000000000058	0.351999999999975	6.71999999999935	0	0
7.09899999999834	1.90099999999995	8.66300000000047	0	0
5.98400000000038	0.41700000000003	6.4380000000001	0	0
6.52399999999943	0.375	6.90000000000146	0	0
5.75	0.353999999999928	6.3739999999998	0	0
5.89900000000125	0.408000000000015	6.3070000000007	0	0
6.56099999999969	0.387000000000057	6.94900000000052	0	0
5.85699999999997	0.391000000000076	6.24799999999959	0	0
6.58899999999994	0.451000000000022	7.04199999999946	0	0
5.60299999999916	0.382000000000062	6.59000000000015	0	0
5.5049999999992	0.379000000000019	5.88500000000022	0	0
6.20399999999972	0.355000000000018	6.55899999999929	0	0
5.4940000000006	0.370999999999981	5.8760000000002	0	0
5.53199999999924	0.368000000000052	6.00300000000061	0	0
5.5570000000007	0.352999999999952	6.14000000000124	0	0
5.58899999999994	0.576999999999998	6.24099999999999	0	0
6.16100000000006	0.397000000000048	6.59399999999914	0	0
5.5679999999993	0.366999999999962	5.93499999999949	0	0
5.53199999999924	0.342999999999961	5.8760000000002	0	0
6.18899999999849	0.34699999999998	6.54500000000007	0	0
5.4940000000006	0.366999999999962	5.87900000000081	0	0
5.54099999999926	0.335000000000036	5.88500000000022	0	0
6.17699999999968	0.370999999999981	6.53999999999905	0	0
5.54100000000108	0.321000000000026	5.86200000000099	0	0
5.67000000000007	0.316000000000031	5.98500000000058	0	0
7.70499999999993	2.52700000000004	8.69599999999991	0	0
5.79800000000068	0.451000000000022	6.25	0	0
6.54800000000068	0.370000000000005	7.34000000000015	0	0
5.73600000000079	0.76400000000001	6.52700000000004	0	0
6.80899999999929	1.3610000000001	7.87699999999859	0	0
6.10099999999875	1.221	7.08799999999974	0	0
5.84699999999975	0.872000000000071	6.55400000000009	0	0
6.82099999999991	1.26800000000003	7.86299999999937	0	0
5.93299999999908	0.70799999999997	6.48099999999977	0	0
5.84900000000016	0.450999999999908	6.18700000000172	0	0
6.69400000000132	1.13699999999994	7.76699999999983	0	0
6.25900000000001	1.06099999999992	7.04299999999967	0	0
5.86399999999958	0.378999999999905	6.2440000000006	0	0
6.39999999999964	0.357999999999947	6.89000000000124	0	0
5.68999999999869	0.339999999999918	6.02999999999884	0	0
5.67199999999866	0.34699999999998	6.02000000000044	0	0
6.42799999999988	0.358999999999924	6.78700000000026	0	0
5.60400000000118	0.34699999999998	5.95199999999932	0	0
5.76100000000042	0.30800000000022	6.06999999999971	0	0
6.28099999999904	0.351000000000113	6.6309999999994	0	0
5.66500000000087	0.375999999999976	6.04000000000087	0	0
5.86499999999978	0.798999999999978	6.45399999999972	0	0
6.80500000000029	1.17100000000005	7.64999999999964	0	0
5.67799999999988	0.310999999999922	6.01300000000083	0	0
6.30900000000111	0.366999999999962	6.67599999999948	0	0
5.68599999999969	0.294999999999845	6.40400000000045	0	0
5.70700000000033	0.423000000000002	6.13100000000122	0	0
5.62799999999879	0.315000000000055	5.9429999999993	0	0
5.70600000000013	0.368000000000166	6.07500000000073	0	0
6.60800000000017	0.715999999999894	7.27800000000025	0	0
5.82300000000032	0.45900000000006	6.32300000000032	0	0
6.59699999999975	0.3900000000001	7.03999999999905	0	0
5.94800000000032	0.511999999999944	6.42799999999988	0	0
5.92699999999968	0.364000000000033	6.371000000001	0	0
6.48800000000119	0.470000000000027	7.03700000000026	0	0
5.77599999999984	0.398999999999887	6.17900000000009	0	0
5.87800000000061	0.385999999999967	6.26399999999921	0	0
5.80400000000009	0.383000000000038	6.19000000000051	0	0
5.83200000000033	0.379000000000133	6.21399999999994	0	0
6.58399999999892	0.321999999999889	6.91099999999824	0	0
5.8070000000007	0.338999999999942	6.14900000000125	0	0
5.85399999999936	0.326999999999998	6.1830000000009	0	0
5.83400000000074	0.363000000000056	6.19900000000052	0	0
6.51100000000042	0.357999999999947	6.8739999999998	0	0
5.78800000000047	0.350999999999885	6.14099999999962	0	0
6.60000000000036	0.442999999999984	7.04399999999987	0	0
5.72899999999936	0.371000000000095	6.10200000000077	0	0
5.86399999999958	0.365000000000009	6.25	0	0
6.91500000000087	1.14900000000011	7.89999999999964	0	0
5.73799999999937	0.371000000000095	6.11099999999897	0	0
6.53100000000086	0.417999999999893	7.15200000000004	0	0
5.79800000000068	0.380999999999858	6.40300000000025	0	0
5.79899999999907	0.382999999999811	6.23099999999977	0	0
6.50699999999961	0.426000000000158	7.11999999999898	0	0
5.91400000000067	0.593000000000075	6.45300000000134	0	0
5.81999999999971	0.298999999999978	6.38000000000102	0	0
5.83200000000033	0.289999999999964	6.57099999999991	0	0
5.86200000000099	0.430000000000064	6.34200000000055	0	0
6.57200000000012	0.457000000000107	7.19900000000052	0	0
5.76499999999942	0.472999999999956	6.31899999999951	0	0
6.19000000000051	0.919000000000096	6.78700000000026	0	0
5.88199999999961	0.730999999999995	6.57200000000012	0	0
5.78900000000067	0.347999999999956	6.48499999999876	0	0
6.36700000000019	0.560999999999922	7.14199999999983	0	0
5.64899999999943	0.300999999999931	6.04500000000007	0	0
5.77199999999903	0.353999999999814	6.2559999999994	0	0
5.66699999999946	0.27599999999984	6.01200000000063	0	0
5.83499999999913	0.770999999999958	6.70499999999993	0	0
5.71899999999914	0.373000000000047	6.1830000000009	0	0
5.72999999999956	0.355999999999995	6.17799999999988	0	0
5.7549999999992	0.475000000000136	6.23099999999977	0	0
6.52799999999843	0.457000000000107	7.04299999999967	0	0
5.73300000000017	0.376999999999953	6.09799999999996	0	0
5.72100000000137	0.370999999999867	6.09300000000076	0	0
6.5049999999992	0.402000000000044	7.14899999999943	0	0
5.94499999999971	0.573999999999842	6.83599999999933	0	0
6.47600000000057	0.363000000000056	6.83899999999994	0	0
5.73600000000079	0.439999999999827	6.28800000000047	0	0
5.81900000000132	0.452999999999975	6.14099999999962	0	0
6.40099999999984	0.368000000000166	6.76900000000023	0	0
5.78399999999965	0.521000000000186	6.27599999999984	0	0
6.64400000000023	0.635999999999967	6.79800000000068	0	0
5.58799999999974	0.388999999999896	5.91500000000087	0	0
5.92300000000068	0.426999999999907	5.79399999999987	0	0
5.96500000000015	0.623999999999796	5.96800000000076	0	0
5.81999999999971	0.329999999999927	5.76699999999983	0	0
6.44399999999951	0.403999999999996	6.46899999999914	0	0
5.79999999999927	0.274999999999864	5.75	0	0
5.9989999999998	0.351000000000113	5.91100000000006	0	0
6.0619999999999	0.975000000000136	6.01399999999921	0	0
5.92699999999968	0.364000000000033	5.92099999999846	0	0
6.71199999999953	1.13699999999994	6.92200000000048	0	0
5.56599999999889	0.271000000000186	5.74900000000162	0	0
6.23300000000017	0.630000000000109	6.2549999999992	0	0
6.06100000000151	0.920000000000073	6.19599999999991	0	0
6.03900000000067	1.42700000000013	6.55400000000009	0	0
6.64500000000044	0.602999999999838	6.66100000000006	0	0
5.72400000000016	0.304999999999836	5.79399999999987	0	0
5.99799999999959	0.844000000000051	6.18899999999849	0	0
6.66799999999967	0.913000000000011	7.25900000000001	0	0
6.10199999999895	1.01099999999997	6.54100000000108	0	0
6.4900000000016	0.339999999999918	6.86099999999897	0	0
5.82500000000073	0.393000000000029	5.82999999999993	0	0
5.8739999999998	0.727000000000089	6.01300000000083	0	0
6.67699999999968	0.577999999999975	6.82400000000052	0	0
5.996000000001	0.435999999999922	5.87099999999919	0	0
5.93100000000049	0.741999999999962	5.90300000000025	0	0
