10.346	6.686	11.484	0	0
15.865	17.431	12.001	0	0
9.904	5.942	8.63900000000001	0	0
6.52499999999999	3.434	6.819	0	0
7.624	2.691	8.41300000000001	0	0
8.004	2.916	9.16900000000001	0	0
6.84999999999999	3.651	8.52699999999999	0	0
6.744	2.38499999999999	8.191	0	0
9.01900000000001	4.42400000000001	10.344	0	0
10.25	7.26599999999999	10.405	0	0
7.72999999999999	4.524	7.96300000000002	0	0
7.96400000000003	4.53700000000001	7.17699999999999	0	0
10.269	7.51299999999998	7.27699999999999	0	0
8.52299999999997	5.46699999999998	7.77999999999997	0	0
9.52100000000002	4.95399999999998	9.35500000000002	0	0
8.18700000000001	3.70099999999999	9.17399999999998	0	0
9.14699999999999	5.92699999999999	7.90600000000001	0	0
12.441	12.834	8.46200000000005	0	0
7.42200000000003	3.33199999999999	8.49700000000001	0	0
11.176	8.297	8.25	0	0
9.721	6.99400000000003	8.37800000000004	0	0
11.067	9.15499999999997	10.919	0	0
7.68099999999998	3.512	7.69600000000003	0	0
7.56899999999996	1.86099999999999	7.49700000000001	0	0
6.995	2.69299999999998	7.08199999999999	0	0
10.2809999999999	7.14300000000003	9.92900000000009	0	0
16.4499999999999	15.26	10.663	0	0
11.25	8.03100000000001	8.88199999999995	0	0
23.385	16.986	18.436	0	0
8.63	5.72400000000005	7.02300000000002	0	0
6.505	2.97499999999997	6.28100000000006	0	0
6.50999999999999	3.077	7.13200000000006	0	0
8.505	3.66800000000001	7.31200000000001	0	0
11.0350000000001	7.39500000000004	10.086	0	0
11.086	8.63499999999999	9.178	0	0
11.461	11.847	8.58399999999995	0	0
10.1659999999999	9.30699999999996	9.26999999999998	0	0
9.29500000000007	5.173	8.24099999999999	0	0
9.47000000000003	5.73099999999999	8.15499999999997	0	0
8.34700000000009	3.53899999999999	8.88200000000006	0	0
8.40099999999995	3.41500000000008	8.66499999999996	0	0
10.401	5.36099999999999	8.84199999999998	0	0
10.1270000000001	8.50200000000007	9.21900000000005	0	0
8.85699999999997	5.55899999999997	9.70099999999991	0	0
7.61099999999999	3.01400000000001	8.577	0	0
12.1160000000001	9.00099999999998	9.26900000000001	0	0
10.936	8.57899999999995	8.91199999999992	0	0
10.284	6.18799999999999	9.29300000000001	0	0
10.7549999999999	8.35900000000004	9.38	0	0
13.3190000000002	12.1640000000001	8.88699999999994	0	0
10.759	8.58699999999999	11.023	0	0
8.64700000000016	6.55199999999991	8.70399999999995	0	0
9.83400000000006	6.13599999999997	8.54600000000005	0	0
10.5079999999998	6.54399999999998	8.99000000000001	0	0
9.78500000000008	8.88300000000004	7.58200000000011	0	0
7.49900000000002	2.16899999999998	7.76199999999994	0	0
8.45899999999983	2.81900000000007	8.35900000000015	0	0
7.44000000000005	1.98000000000002	8.08400000000006	0	0
10.8579999999999	9.96899999999994	9.56500000000005	0	0
10.028	6.65300000000002	9.39800000000014	0	0
11.018	7.86900000000003	8.60200000000009	0	0
12.693	11.761	8.89400000000001	0	0
8.94900000000007	4.71500000000003	7.06399999999985	0	0
9.22500000000014	5.14600000000007	8.52299999999991	0	0
9.18500000000017	6.90800000000002	7.46500000000015	0	0
10.0120000000002	7.79500000000007	8.26600000000008	0	0
8.548	4.43899999999996	8.33300000000008	0	0
7.25999999999999	2.58100000000002	8.83899999999994	0	0
18.4649999999999	10.7520000000001	17.7809999999999	0	0
8.24500000000012	4.22699999999998	9.25400000000013	0	0
8.30999999999995	8.19899999999996	7.30500000000006	0	0
6.7170000000001	1.87300000000005	7.02800000000002	0	0
10.809	8.71000000000004	8.50300000000016	0	0
13.338	10.1450000000001	9.67000000000007	0	0
9.30199999999991	5.59199999999998	9.19399999999996	0	0
8.45000000000005	3.89099999999985	7.49099999999999	0	0
7.154	3.36799999999994	6.84800000000018	0	0
8.15700000000015	4.96299999999997	8.88100000000009	0	0
8.02299999999991	3.13499999999999	7.86200000000008	0	0
7.49900000000002	3.77099999999996	7.03800000000001	0	0
13.0409999999999	13.818	8.96800000000007	0	0
13.729	14.2729999999999	10.4099999999999	0	0
15.8689999999999	15.163	9.36500000000001	0	0
13.0620000000001	11.5759999999998	8.90599999999995	0	0
9.60500000000002	4.60599999999999	9.18000000000006	0	0
7.42200000000003	4.51700000000005	8.13100000000009	0	0
9.19899999999984	5.06899999999996	7.93299999999999	0	0
11.55	10.6569999999999	9.22500000000014	0	0
11.1589999999999	7.5	8.41899999999987	0	0
8.58400000000006	4.375	9.06999999999994	0	0
7.40800000000013	2.80500000000006	7.03999999999996	0	0
10.2629999999999	8.18500000000017	9.25800000000004	0	0
12.1800000000001	9.78999999999996	8.47600000000011	0	0
9.76999999999998	5.65499999999997	10.1369999999999	0	0
8.10800000000017	3.32300000000009	8.04399999999987	0	0
6.96299999999997	2.82299999999987	7.09799999999996	0	0
8.59300000000007	3.66599999999994	7.62699999999995	0	0
9.19000000000005	6.69399999999996	9.02199999999993	0	0
12.8389999999999	15.047	7.63800000000015	0	0
7.52599999999984	3.20499999999993	6.79999999999995	0	0
10.0700000000002	8.74000000000001	9.41699999999992	0	0
9.09999999999991	5.05899999999997	7.36200000000008	0	0
8.89100000000008	6.4369999999999	8.20899999999983	0	0
12.2840000000001	13.377	8.88499999999999	0	0
8.32900000000018	3.46800000000007	7.92900000000009	0	0
8.20599999999968	3.9380000000001	8.12899999999991	0	0
7.14000000000033	2.95799999999986	8.28200000000015	0	0
8.40499999999975	3.90300000000002	9.07999999999993	0	0
7.23300000000017	3.34699999999998	7.80400000000009	0	0
7.62999999999965	3.18900000000008	7.82999999999993	0	0
11.2199999999998	7.19899999999984	9.06600000000026	0	0
8.07300000000032	5.09199999999987	8.50300000000016	0	0
13.837	17.2639999999999	10.5680000000002	0	0
11.8729999999996	10.0520000000001	10.1950000000002	0	0
13.2629999999999	10.8799999999999	10.3789999999999	0	0
11.6060000000002	11.6590000000001	9.4050000000002	0	0
10.1149999999998	7.94399999999996	9.69799999999987	0	0
12.8649999999998	10.954	10.4320000000002	0	0
9.11500000000024	6.6389999999999	8.66699999999992	0	0
9.07199999999966	4.7650000000001	9.27500000000009	0	0
11.1289999999999	6.36599999999999	9.61200000000008	0	0
10.384	6.78700000000003	10.3610000000003	0	0
10.6320000000001	7.471	9.71199999999999	0	0
8.88400000000001	4.23699999999985	9.44499999999971	0	0
9.13100000000031	5.077	7.78500000000031	0	0
7.88599999999997	4.06600000000003	8.02700000000004	0	0
7.16800000000012	3.0440000000001	7.87699999999995	0	0
8.08300000000008	3.89599999999996	7.35300000000007	0	0
12.2599999999998	12.1389999999999	8.96300000000019	0	0
9.60399999999981	5.23800000000006	9.05200000000013	0	0
9.30500000000029	7.89400000000001	7.95400000000018	0	0
8.15099999999984	3.25600000000009	8.53499999999985	0	0
9.029	5.01299999999992	7.98100000000022	0	0
9.98399999999992	5.9989999999998	9.57600000000002	0	0
15.366	14.329	10.1930000000002	0	0
8.27999999999975	3.32799999999997	8.63599999999997	0	0
9.5890000000004	7.68399999999997	9.53899999999976	0	0
7.46199999999999	5.18200000000002	6.24200000000019	0	0
9.60300000000007	7.54999999999995	7.84000000000015	0	0
10.8160000000003	10.5119999999999	8.38400000000001	0	0
8.28999999999996	5.40300000000002	7.69500000000016	0	0
9.80899999999974	7.57600000000002	9.91199999999981	0	0
12.7049999999999	10.087	9.221	0	0
11.0679999999998	8.38499999999999	9.21599999999989	0	0
9.3420000000001	4.82500000000005	8.42900000000009	0	0
10.6040000000003	7.11300000000006	9.95699999999988	0	0
10.7549999999997	6.37200000000007	9.31800000000021	0	0
16.8379999999997	16.502	9.95199999999977	0	0
7.70800000000008	2.44399999999996	6.90000000000009	0	0
10.0889999999999	6.54999999999973	9.0590000000002	0	0
8.99400000000014	5.20500000000038	7.21099999999979	0	0
8.91799999999967	7.25999999999976	8.36000000000013	0	0
7.95299999999997	2.95700000000033	7.53200000000015	0	0
10.3999999999996	7.8090000000002	8.10399999999981	0	0
9.77199999999993	8.20700000000033	7.93799999999965	0	0
10.029	7.6840000000002	8.79099999999971	0	0
9.88200000000006	7.58099999999968	9.14699999999993	0	0
10.0569999999998	7.69200000000001	8.11799999999994	0	0
11.6280000000002	11.4539999999997	10.1120000000001	0	0
9.24699999999984	5.65700000000015	8.72000000000025	0	0
11.3430000000003	7.91600000000017	9.81700000000001	0	0
7.6550000000002	3.18799999999965	8.92799999999988	0	0
9.30700000000024	3.73599999999988	9.77200000000039	0	0
7.72299999999996	3.17200000000003	8.50999999999976	0	0
8.80500000000029	5.64899999999989	8.4369999999999	0	0
7.76699999999983	2.41000000000031	7.94399999999996	0	0
8.18399999999974	4.19200000000001	8.29200000000037	0	0
8.22400000000016	6.46900000000005	8.03999999999996	0	0
26.4859999999999	29.2860000000001	18.3789999999999	0	0
10.556	7.90100000000029	9.17000000000007	0	0
12.4279999999999	9.66200000000026	7.52599999999984	0	0
7.52000000000044	2.34699999999975	8.04599999999982	0	0
9.91200000000026	6.529	9.76299999999992	0	0
10.2059999999997	5.8420000000001	8.39000000000033	0	0
8.99299999999994	6.97899999999981	7.46000000000004	0	0
11.4009999999998	9.0300000000002	8.72000000000025	0	0
9.10199999999986	6.41699999999992	8.87599999999975	0	0
10.0039999999999	8.09999999999991	9.67499999999973	0	0
8.20499999999993	3.47899999999981	7.78200000000015	0	0
10.114	8.23900000000003	9.00199999999995	0	0
6.85399999999981	3.68899999999985	6.83699999999999	0	0
7.89199999999983	2.27499999999964	9.55299999999988	0	0
9.46599999999989	6.80299999999988	7.40200000000004	0	0
12.8620000000001	12.6819999999998	11.4340000000002	0	0
9.01299999999992	4.4670000000001	8.05899999999974	0	0
7.51400000000012	2.73499999999967	8.1909999999998	0	0
13.431	12.4859999999999	10.5999999999999	0	0
12.5810000000001	12.1880000000001	10.973	0	0
10.2149999999997	5.0590000000002	9.58600000000024	0	0
13.2449999999999	12.4790000000003	8.97600000000011	0	0
9.26700000000028	8.17999999999984	9.43299999999999	0	0
7.5600000000004	2.10600000000022	8.21599999999989	0	0
9.66400000000021	6.91899999999987	7.60699999999997	0	0
8.17599999999993	3.96399999999994	8.32199999999966	0	0
7.11200000000008	3.38599999999997	6.91799999999967	0	0
8.9409999999998	3.99099999999999	8.66899999999987	0	0
7.60300000000007	3.48000000000002	8.9050000000002	0	0
9.52900000000045	4.68100000000004	8.48800000000028	0	0
9.35599999999977	7.23999999999978	8.89199999999983	0	0
10.835	8.4699999999998	9.21199999999999	0	0
9.78499999999985	5.47499999999991	9.07400000000007	0	0
7.74299999999948	3.63499999999976	7.98000000000002	0	0
11.9039999999995	9.65499999999975	8.63899999999967	0	0
9.08300000000054	3.32900000000018	8.66499999999996	0	0
12.5799999999999	12.873	9.44500000000016	0	0
9.28300000000036	4.67900000000009	8.11399999999958	0	0
11.5129999999999	7.6840000000002	10.5369999999998	0	0
12.277	12.5450000000001	9.82200000000012	0	0
10.6480000000001	9.07700000000023	9.91699999999992	0	0
11.3600000000006	11.3670000000002	8.43900000000031	0	0
10.625	6.42099999999982	8.97499999999991	0	0
10.5249999999996	7.76999999999998	7.90800000000036	0	0
9.39399999999932	5.02499999999964	7.83500000000004	0	0
11.317	7.2199999999998	8.16800000000057	0	0
17.3490000000002	17.0989999999997	12.241	0	0
11.8649999999998	14.4949999999999	9.29100000000017	0	0
9.57600000000002	8.42200000000003	7.93299999999999	0	0
10.7270000000008	8.5319999999997	9.94300000000021	0	0
9.97599999999966	5.62699999999995	9.02700000000004	0	0
8.85900000000038	5.37199999999984	9.35499999999956	0	0
12.9299999999994	11.3290000000002	10.5149999999994	0	0
10.3069999999998	5.16899999999987	9.90299999999934	0	0
8.10699999999997	2.78700000000026	8.73400000000038	0	0
16.9050000000007	18.0950000000003	11.085	0	0
9.35500000000047	4.43499999999995	9.52599999999984	0	0
11.973	7.90599999999995	9.35499999999956	0	0
9.89999999999964	7.45000000000027	9.35799999999927	0	0
8.19700000000012	5.95499999999993	8.36499999999978	0	0
8.28699999999935	4.59199999999964	8.36399999999958	0	0
7.46299999999974	2.94399999999996	8.14800000000014	0	0
6.74499999999989	1.96000000000004	7.82200000000012	0	0
7.89400000000023	4.4409999999998	9.07400000000052	0	0
7.89399999999932	2.79899999999998	8.10199999999986	0	0
8.66600000000017	4.48199999999997	7.67900000000009	0	0
9.77199999999993	6.05299999999988	8.06999999999971	0	0
8.63299999999981	4.87100000000009	8.08300000000054	0	0
11.616	8.57799999999997	8.9970000000003	0	0
8.51200000000063	6.82499999999982	8.4989999999998	0	0
15.2609999999995	15.5	8.91300000000047	0	0
8.17599999999948	2.8119999999999	8.44500000000062	0	0
12.2609999999995	10.0540000000001	9.18299999999999	0	0
12.7610000000004	10.2660000000001	10.152	0	0
8.3799999999992	4.99000000000024	8.06700000000001	0	0
10.1359999999995	9.13799999999992	7.51299999999992	0	0
10.335	8.84900000000016	8.75699999999961	0	0
8.54199999999946	5.22400000000016	8.02499999999964	0	0
12.3010000000004	10.1819999999998	8.35899999999947	0	0
6.79100000000017	1.66199999999981	8.1840000000002	0	0
6.67100000000028	2.99800000000005	7.35199999999986	0	0
9.19999999999982	4.4670000000001	10.6280000000006	0	0
9.02000000000044	6.60899999999992	9.33399999999983	0	0
9.05500000000029	3.60399999999981	9.73199999999997	0	0
8.28200000000015	4.34500000000025	8.26699999999983	0	0
7.72900000000027	3.60199999999986	8.64199999999983	0	0
10.0529999999999	6.25799999999981	8.06800000000021	0	0
7.34100000000035	2.9050000000002	8.47899999999936	0	0
8.36099999999988	5.03900000000021	8.5639999999994	0	0
7.37400000000071	4.44700000000012	7.83300000000054	0	0
6.95600000000013	1.28500000000031	7.81500000000051	0	0
11.6230000000005	8.13200000000006	10.9360000000006	0	0
15.2880000000005	16.0100000000002	9.87700000000041	0	0
12.8989999999994	10.924	9.49099999999999	0	0
11.8739999999998	8.83699999999999	10.848	0	0
10.7539999999999	9.3739999999998	9.89699999999993	0	0
13.6820000000007	12.165	9.44200000000001	0	0
10.652	6.53899999999976	10.674	0	0
8.17199999999957	3.57600000000002	7.64600000000064	0	0
9.79699999999957	5.08100000000013	8.09699999999975	0	0
8.1929999999993	5.32999999999993	7.87299999999959	0	0
7.86799999999948	3.06800000000021	9.28700000000026	0	0
9.32000000000062	6.4340000000002	9.46199999999953	0	0
7.51199999999972	3.58799999999974	7.57999999999993	0	0
8.45600000000013	5.79500000000007	9.34100000000035	0	0
9.09699999999975	5.41400000000021	7.77999999999975	0	0
11.1499999999996	9.76900000000023	10.7909999999993	0	0
7.01200000000063	3.91600000000017	8.73399999999947	0	0
8.38100000000031	5.00399999999991	8.61700000000019	0	0
8.76099999999951	7.38999999999987	7.0010000000002	0	0
11.6550000000007	10.8159999999998	9.7529999999997	0	0
8.90399999999954	4.46100000000024	8.54299999999967	0	0
10.076	6.32299999999987	8.21300000000065	0	0
14.3089999999993	11.808	9.17900000000009	0	0
9.79299999999967	6.31700000000001	9.38400000000001	0	0
7.54100000000017	3.39300000000003	7.38699999999972	0	0
12.2650000000003	10.067	9.1260000000002	0	0
8.27899999999954	4.74499999999989	8.25099999999929	0	0
9.55799999999999	5.63199999999961	9.26800000000003	0	0
13.6199999999999	12.335	13.1469999999999	0	0
11.0720000000001	9.11500000000024	9.83400000000074	0	0
8.99499999999989	5.59999999999991	8.63500000000022	0	0
14.8940000000002	14.9390000000003	10.6449999999995	0	0
24.8820000000005	31.366	11.2489999999998	0	0
13.5590000000002	12.2979999999998	9.91799999999967	0	0
8.3739999999998	3.46500000000015	8.62700000000041	0	0
10.9980000000005	5.83200000000033	9.07799999999952	0	0
10.4410000000007	5.75200000000041	9.65700000000015	0	0
10.3160000000007	7.62299999999959	9.08199999999943	0	0
9.95499999999993	7.39399999999932	8.26299999999992	0	0
8.33199999999943	3.71100000000024	9.09499999999935	0	0
7.79699999999957	2.80499999999938	8.06800000000021	0	0
12.3200000000006	9.67600000000039	8.64599999999973	0	0
10.9030000000002	7.76599999999962	9.00700000000052	0	0
12.0929999999998	9.29200000000037	7.78299999999945	0	0
10.6370000000006	6.4369999999999	7.88699999999972	0	0
7.80499999999938	3.29500000000007	8.31900000000041	0	0
8.13399999999911	2.54800000000068	7.97100000000046	0	0
8.1279999999997	4.51800000000003	9.68000000000029	0	0
10.4409999999998	9.07899999999972	8.79100000000017	0	0
10.8540000000003	6.8100000000004	8.85699999999997	0	0
15.1089999999995	17.4859999999999	9.71000000000004	0	0
8.47800000000007	6.88100000000031	8.15300000000025	0	0
8.03900000000067	3.34299999999985	8.98499999999967	0	0
13.482	12.4459999999999	9.57800000000043	0	0
6.96500000000015	2.90800000000036	6.79899999999998	0	0
11.076	8.38699999999972	8.6909999999998	0	0
8.11999999999989	4.82899999999972	8.17399999999998	0	0
8.38399999999911	2.94200000000001	8.88800000000083	0	0
9.27199999999993	6.55599999999959	7.40899999999965	0	0
8.46400000000085	3.71300000000065	8.89199999999983	0	0
8.16599999999926	4.23400000000038	8.93399999999929	0	0
8.56400000000031	5.53299999999945	8.18000000000029	0	0
11.5929999999998	11.6950000000006	7.80499999999938	0	0
10.8990000000003	9.90499999999975	8.95299999999952	0	0
8.14099999999962	5.17299999999977	7.65500000000065	0	0
8.59999999999945	6.19899999999961	8.67399999999998	0	0
7.28999999999996	2.55799999999999	8.17700000000059	0	0
7.34599999999955	1.90200000000004	8.73099999999977	0	0
11.8789999999999	11.9260000000004	9.19100000000071	0	0
8.8070000000007	6.33200000000033	7.64300000000003	0	0
8.08899999999994	4.07600000000002	8.40099999999984	0	0
7.88000000000011	4.30999999999949	8.16100000000006	0	0
10.5219999999999	8.39500000000044	7.66100000000006	0	0
9.22500000000036	5.02700000000004	7.51199999999972	0	0
14.4750000000004	14.6590000000006	8.35099999999966	0	0
8.70299999999952	5.05000000000018	8.54700000000048	0	0
8.63600000000042	3.96200000000044	7.98900000000049	0	0
10.5149999999994	9.77199999999993	9.41899999999987	0	0
9.34000000000015	5.0659999999998	10.018	0	0
8.55400000000009	5.4940000000006	9.30199999999968	0	0
7.21299999999974	3.04899999999998	7.26299999999992	0	0
8.42600000000039	3.28200000000015	7.96500000000015	0	0
7.07700000000023	3.63100000000031	7.87299999999959	0	0
7.67100000000028	5.29200000000037	7.91499999999996	0	0
9.40700000000015	7.18100000000049	7.92299999999977	0	0
8.17899999999918	5.00500000000011	8.36999999999989	0	0
8.82499999999982	6.19999999999982	8.6899999999996	0	0
7.82000000000062	3.9380000000001	7.99799999999959	0	0
8.59199999999964	6.26999999999953	8.73300000000017	0	0
7.70500000000084	3.09400000000005	7.03299999999945	0	0
7.91700000000037	4.40599999999995	7.8159999999998	0	0
8.14100000000053	5.22100000000046	6.84299999999985	0	0
6.66299999999956	1.77400000000034	8.27899999999954	0	0
7.1220000000003	1.65499999999975	7.26600000000053	0	0
6.70100000000002	1.84699999999975	7.28599999999915	0	0
7.20799999999963	2.66000000000076	8.86200000000008	0	0
8.92500000000018	4.86200000000008	8.45400000000063	0	0
8.38000000000011	3.92299999999977	8.77900000000045	0	0
9.73499999999967	5.36899999999969	9.23599999999988	0	0
8.07700000000023	3.33100000000013	9.37899999999991	0	0
9.66899999999987	6.09099999999944	8.57899999999972	0	0
12.3280000000004	11.4589999999998	8.9369999999999	0	0
11.1599999999999	7.57699999999932	8.53900000000067	0	0
9.97299999999996	7.14399999999932	7.77899999999954	0	0
9.46099999999933	9.02799999999934	7.78299999999945	0	0
9.08300000000054	8.46399999999994	8.47500000000036	0	0
7.6230000000005	4.08200000000033	7.76299999999992	0	0
8.88699999999972	5.32400000000052	8.51100000000042	0	0
9.34799999999996	5.08500000000004	8.38899999999921	0	0
8.9429999999993	6.16499999999996	8.12299999999959	0	0
7.23499999999967	3.1889999999994	8.1309999999994	0	0
7.08800000000065	2.53600000000006	7.29099999999926	0	0
8.92399999999998	4.52900000000045	9.83500000000004	0	0
9.00500000000011	4.64500000000044	10.0309999999999	0	0
10.375	7.65499999999975	8.39800000000014	0	0
9.44700000000012	7.40999999999985	9.13400000000001	0	0
12.4069999999992	10.5529999999999	9.02399999999943	0	0
8.41300000000047	3.88299999999981	8.22900000000027	0	0
7.82799999999952	3.57400000000052	8.41000000000076	0	0
8.73599999999988	4.56500000000051	8.3730000000005	0	0
6.53999999999996	2.82999999999993	7.06400000000031	0	0
9.5639999999994	6.26900000000023	8.99399999999969	0	0
12.4070000000002	13.3339999999998	8.23700000000008	0	0
10.4549999999999	7.73799999999937	9.29899999999998	0	0
10.1749999999993	7.49200000000019	8.53300000000036	0	0
8.80500000000029	4.35599999999977	9.39000000000033	0	0
7.66600000000017	2.21900000000005	7.0600000000004	0	0
8.75799999999981	4.60300000000007	9.77599999999984	0	0
8.22599999999966	3.01600000000053	8.98199999999997	0	0
8.94100000000071	5.69800000000032	8.08899999999994	0	0
7.85500000000047	2.20999999999913	9.43399999999929	0	0
11.058	9.4980000000005	9.61700000000019	0	0
16.3589999999995	18.1620000000003	10.1449999999995	0	0
11.3169999999991	10.4920000000002	8.57400000000052	0	0
10.8950000000004	9.42999999999938	7.14099999999962	0	0
8.90700000000106	5.70200000000023	7.57299999999941	0	0
7.19599999999991	2.71399999999994	8.98099999999977	0	0
8.06800000000112	3.73300000000017	8.94599999999991	0	0
12.0519999999997	8.15200000000004	10.2309999999998	0	0
10.7870000000003	7.08699999999953	10.4270000000006	0	0
13.3520000000008	10.6779999999999	10.4859999999999	0	0
11.594000000001	9.23699999999917	9.09799999999996	0	0
9.96500000000015	8.34099999999944	9.76599999999962	0	0
8.89099999999962	4.25700000000052	8.36000000000058	0	0
11.2010000000009	8.06400000000031	7.63299999999981	0	0
8.27299999999923	5.35899999999947	7.5600000000004	0	0
9.47600000000057	5.64599999999973	8.21900000000005	0	0
11.4280000000017	10.317	10.5330000000004	0	0
9.41899999999987	6.95300000000043	7.81800000000021	0	0
7.5059999999994	4.05199999999968	9.26800000000003	0	0
8.09499999999935	4.39000000000033	7.32600000000002	0	0
9.47899999999936	4.96600000000035	8.04700000000048	0	0
9.52800000000025	6.72000000000025	8.57600000000002	0	0
8.34000000000015	4.48800000000028	7.85900000000038	0	0
15.4060000000009	16.7880000000005	9.04200000000037	0	0
8.28100000000086	6.27099999999973	6.94799999999941	0	0
11.262999999999	9.68099999999959	9.64100000000053	0	0
10.5379999999986	8.95600000000013	8.28099999999995	0	0
7.07800000000134	2.04500000000007	7.80200000000059	0	0
17.0130000000008	20.4450000000006	9.40600000000086	0	0
7.11399999999958	1.89300000000003	8.3720000000003	0	0
10.4619999999995	9.41899999999987	8.77099999999973	0	0
8.39400000000023	3.98299999999927	7.66399999999976	0	0
13.1949999999997	12.1469999999999	9.70900000000074	0	0
9.16799999999967	6.35800000000017	7.57899999999972	0	0
7.24300000000039	3.39500000000044	7.6239999999998	0	0
9.08599999999933	7.21600000000035	8.57099999999991	0	0
9.97900000000118	7.25	8.11200000000008	0	0
6.76100000000042	2.40800000000036	7.38200000000052	0	0
9.03499999999985	3.75	8.33500000000095	0	0
8.4320000000007	2.96000000000004	8.44400000000132	0	0
9.44399999999951	7.27300000000014	8.18100000000049	0	0
8.71000000000095	6.04899999999998	8.47400000000016	0	0
9.34600000000137	7.9970000000003	8.35000000000036	0	0
9.0059999999994	5.96199999999953	8.84200000000055	0	0
8.06899999999951	5.32300000000032	7.89800000000105	0	0
8.15999999999985	3.91000000000076	7.91200000000026	0	0
9.71799999999894	8.12899999999991	8.9330000000009	0	0
8.04600000000028	3.78999999999996	7.83799999999974	0	0
7.02000000000044	2.14199999999983	7.80600000000049	0	0
10.3849999999984	8.75800000000072	8.29399999999987	0	0
8.89499999999862	4.63900000000012	8.14799999999923	0	0
9.28199999999924	6.25900000000001	9.05400000000009	0	0
9.16599999999926	4.21900000000005	9.38199999999961	0	0
9.78800000000047	6.1269999999995	8.30599999999868	0	0
9.42500000000109	3.65899999999965	8.09599999999955	0	0
7.71399999999994	3.42300000000068	7.48499999999876	0	0
9.28899999999885	4.54399999999987	7.97100000000137	0	0
6.46299999999974	2.23999999999978	7.65400000000045	0	0
7.8739999999998	2.04500000000007	9.78299999999945	0	0
7.06500000000051	2.30400000000009	7.5630000000001	0	0
8.24099999999999	2.92100000000028	9.80699999999888	0	0
10.7980000000007	7.61200000000008	9.98499999999876	0	0
11.7959999999985	12.3069999999998	9.371000000001	0	0
10.1850000000013	6.20800000000054	8.53700000000026	0	0
9.33699999999953	5.88700000000063	8.22899999999936	0	0
9.20399999999972	5.31400000000031	8.14199999999983	0	0
8.01999999999862	3.46900000000005	8.70200000000114	0	0
8.10000000000036	3.42500000000018	8.78600000000006	0	0
7.23899999999958	4.03200000000015	8.02299999999923	0	0
8.07699999999932	3.03200000000015	10.2510000000002	0	0
8.23499999999876	3.08000000000084	7.48199999999997	0	0
9.87099999999919	6.55699999999979	9.94300000000112	0	0
8.91399999999885	4.88100000000031	8.64699999999903	0	0
9.85799999999836	6.50600000000031	9.94300000000112	0	0
7.58699999999953	2.61800000000039	8.74300000000039	0	0
7.95800000000054	4.45299999999952	6.71600000000035	0	0
8.34899999999834	3.4350000000004	8.72500000000036	0	0
7.22400000000016	3.58200000000033	7.04900000000089	0	0
7.69800000000032	2.61500000000069	7.54900000000089	0	0
12.3429999999989	10.9059999999999	9.64800000000105	0	0
9.44000000000051	6.4950000000008	8.39600000000064	0	0
7.60800000000017	5.61699999999928	8.96700000000055	0	0
7.72599999999875	4.38400000000001	6.63299999999981	0	0
7.60199999999895	5.33100000000013	6.22499999999854	0	0
9.47900000000118	7.76100000000042	8.25	0	0
11.2939999999999	8.48099999999977	11.3119999999999	0	0
8.08200000000033	5.5619999999999	7.88199999999961	0	0
7.21500000000015	3.11599999999999	7.13400000000001	0	0
10.5889999999999	9.22400000000016	9.51899999999841	0	0
12.6329999999998	12.0410000000002	10.4429999999993	0	0
7.96000000000095	3.04399999999987	9.01699999999983	0	0
8.05299999999988	5.23700000000008	8.5010000000002	0	0
12.5480000000007	15.5319999999992	9.05699999999888	0	0
7.86000000000058	3.08799999999974	8.11700000000019	0	0
8.59799999999996	4.34500000000025	7.07999999999993	0	0
12.3000000000011	9.56099999999969	9.30600000000049	0	0
15.9840000000004	17.8699999999999	9.55699999999888	0	0
9.59100000000035	5.02799999999934	8.09000000000015	0	0
8.0580000000009	5.09800000000087	6.98099999999977	0	0
7.6880000000001	3.80500000000029	6.56000000000131	0	0
9.05400000000009	3.16599999999926	8.7559999999994	0	0
10.0280000000002	7.44399999999951	8.14600000000064	0	0
9.32900000000154	7.23700000000008	8.22600000000057	0	0
8.1299999999992	5.02099999999973	7.28999999999905	0	0
7.38199999999961	2.32700000000023	7.44599999999991	0	0
8.80500000000029	7.01600000000053	7.5630000000001	0	0
11.5860000000011	11.6390000000001	8.58299999999872	0	0
6.78899999999885	2.84299999999985	7.76200000000063	0	0
7.14999999999964	2.27499999999964	6.93000000000029	0	0
8.82899999999972	4.30100000000039	7.53199999999924	0	0
11.3359999999993	8.92199999999957	9.74700000000121	0	0
10.4330000000009	6.89800000000014	8.74200000000019	0	0
10.0900000000001	6.1230000000005	9.40599999999904	0	0
9.55900000000111	6.37299999999959	8.51900000000023	0	0
10.7530000000006	9.55000000000018	9.29199999999946	0	0
10.2250000000004	7.77900000000045	7.55599999999868	0	0
6.77099999999882	3.04299999999967	7.03800000000047	0	0
8.06600000000071	3.01999999999953	9.98199999999997	0	0
7.91499999999905	4.21600000000035	7.83899999999994	0	0
10.402	6.1880000000001	8.97599999999875	0	0
8.15999999999985	5.42000000000007	7.60699999999997	0	0
8.23099999999977	4.6299999999992	7.38600000000042	0	0
8.46399999999994	4.66499999999996	7.14500000000044	0	0
8.9989999999998	6.04299999999967	8.32300000000032	0	0
7.5679999999993	3.58999999999924	7.15700000000106	0	0
7.94700000000012	2.13900000000012	8.9330000000009	0	0
9.69399999999951	9.59000000000015	8.04700000000048	0	0
12.5150000000012	10.6360000000004	9.46500000000015	0	0
7.78999999999905	5.53800000000047	7.19800000000032	0	0
8.19400000000132	5.25700000000052	8.02900000000045	0	0
10.9519999999993	8.41799999999967	8.29999999999927	0	0
8.59000000000015	4.11999999999989	7.53000000000065	0	0
10.7849999999999	10.3909999999996	9.54600000000028	0	0
8.45700000000033	5.63400000000001	8.44900000000052	0	0
8.57899999999972	5.23800000000028	7.32300000000032	0	0
10.5420000000013	6.88000000000011	7.85300000000097	0	0
7.41499999999905	2.95200000000023	6.93900000000031	0	0
9.46100000000115	7.59499999999935	7.52000000000044	0	0
10.4259999999995	8.21600000000035	7.49599999999919	0	0
8.64599999999882	7.46900000000005	7.97500000000036	0	0
10.2980000000007	9.22000000000025	7.51200000000063	0	0
7.90999999999985	5.15999999999985	7.64300000000003	0	0
8.40799999999945	3.84500000000025	8.96699999999873	0	0
9.75600000000122	6.85500000000047	8.40400000000045	0	0
9.73799999999937	7.53499999999985	9.71299999999974	0	0
10.2049999999999	10.9350000000004	8.18399999999929	0	0
7.90599999999904	3.11500000000069	8.30099999999948	0	0
9.01399999999921	3.91800000000057	8.22299999999996	0	0
8.31499999999869	3.26700000000073	9.04899999999907	0	0
8.31999999999971	4.38100000000031	8.15500000000065	0	0
7.8119999999999	2.89400000000023	8.66200000000026	0	0
12.9300000000003	12.2840000000006	8.92699999999968	0	0
18.723	21.7300000000005	10.9110000000001	0	0
11.2860000000001	9.8739999999998	7.79600000000028	0	0
8.17200000000048	5.76199999999972	7.64500000000044	0	0
10.5759999999991	7.32099999999991	7.93999999999869	0	0
8.04099999999926	3.83899999999994	7.69800000000032	0	0
8.67399999999907	5.21399999999994	7.36700000000019	0	0
6.6309999999994	2.8149999999996	7.09599999999955	0	0
9.32200000000012	8.00399999999991	7.79599999999846	0	0
10.1810000000005	7.51499999999942	9.14899999999943	0	0
7.80499999999847	2.88999999999942	8.28199999999924	0	0
12.3089999999993	10.098	9.92399999999907	0	0
8.01900000000023	2.51400000000012	9.35100000000057	0	0
8.67400000000089	6.19599999999991	8.65799999999945	0	0
7.98799999999937	4.72299999999996	8.50400000000081	0	0
8.06600000000071	3.52700000000004	9.52000000000044	0	0
8.60999999999876	4.6899999999996	8.21000000000095	0	0
7.6309999999994	3.08600000000024	8.05500000000029	0	0
10.1709999999985	7.71199999999953	9.03000000000065	0	0
10.6310000000012	8.30000000000018	10.5969999999998	0	0
7.97099999999955	4.49900000000071	9.11499999999978	0	0
8.13699999999881	5.00200000000041	8.86700000000019	0	0
8.54299999999967	4.20399999999972	8.82899999999972	0	0
10.1610000000001	7.30600000000049	9.69100000000071	0	0
10.7000000000007	8.95399999999972	8.16100000000006	0	0
10.2959999999985	6.75500000000011	8.91899999999987	0	0
10.1149999999998	6.71100000000024	8.56600000000071	0	0
9.23700000000099	7.01900000000023	7.83399999999892	0	0
8.16400000000067	5.64000000000033	7.68000000000029	0	0
6.94900000000052	1.85000000000036	7.66400000000067	0	0
7.38700000000063	4.48400000000038	7.03499999999985	0	0
7.76999999999862	4.55500000000029	7.9270000000015	0	0
9.98500000000058	6.46399999999994	10.5519999999997	0	0
8.23300000000017	3.9320000000007	8.41599999999926	0	0
10.4210000000003	9.75600000000031	8.5059999999994	0	0
8.78100000000086	4.77400000000034	7.95200000000114	0	0
7.19200000000092	2.1909999999998	7.21600000000035	0	0
8.27499999999964	5.91600000000017	7.06800000000112	0	0
10.7870000000003	9.71500000000015	9.98500000000058	0	0
7.4330000000009	3.59099999999944	7.03300000000127	0	0
10.3209999999999	8.07099999999991	8.87900000000081	0	0
9.16399999999885	7.89399999999932	9.38199999999961	0	0
9.29299999999967	5.91799999999967	9.62800000000061	0	0
8.07599999999911	4.29100000000017	7.64699999999903	0	0
9.29900000000089	5.5590000000002	8.87299999999959	0	0
8.20499999999993	3.91600000000017	7.93900000000031	0	0
11.4350000000013	9.58500000000004	8.4890000000014	0	0
8.58300000000054	4.27300000000014	8.28199999999924	0	0
10.1369999999988	10.0360000000001	9.73300000000017	0	0
9.4989999999998	7.8100000000004	9.47999999999956	0	0
11.4269999999997	8.95100000000002	9.27499999999964	0	0
10.1980000000003	6.92900000000009	9.78399999999965	0	0
10.5580000000009	7.89300000000003	9.23300000000017	0	0
8.01000000000022	4.25900000000001	7.89899999999943	0	0
8.19700000000012	4.72699999999986	8.64899999999943	0	0
14.3670000000002	14.5709999999999	9.73899999999958	0	0
11.7749999999996	8.81400000000031	8.34699999999975	0	0
8.10399999999936	3.16600000000017	8.32700000000114	0	0
9.08600000000115	7.48000000000047	8.58200000000033	0	0
9.41500000000087	8.32999999999993	8.15799999999945	0	0
15.3889999999992	17.2739999999994	10.6119999999992	0	0
14.0499999999993	16.4650000000001	10.9419999999991	0	0
9.70499999999993	6.24499999999989	9.08699999999953	0	0
10.527	9.98999999999978	8.45199999999932	0	0
6.42900000000009	1.62899999999991	7.06999999999971	0	0
8.07999999999993	5.48199999999997	8.26900000000023	0	0
8.86700000000019	4.93000000000029	7.51000000000022	0	0
8.96500000000015	5.92499999999927	7.85300000000097	0	0
7.89199999999983	3.96099999999933	9.01900000000023	0	0
7.68599999999969	2.03700000000026	9.09100000000035	0	0
8.82700000000114	4.51000000000022	10.4770000000008	0	0
10.0670000000009	5.42699999999968	8.39300000000003	0	0
10.4519999999993	6.89899999999943	9.30899999999929	0	0
10.4069999999992	5.84100000000035	8.52000000000044	0	0
8.44600000000173	5.35199999999895	8.60699999999997	0	0
7.26599999999962	2.94400000000132	7.52599999999984	0	0
7.79699999999866	3.11700000000019	9.71200000000135	0	0
11.1779999999999	7.03299999999945	9.78299999999945	0	0
7.84799999999996	5.19599999999991	8.59100000000035	0	0
7.63000000000102	3.72600000000057	9.16400000000067	0	0
8.42599999999948	4.89500000000044	8.04399999999987	0	0
7.75799999999981	4.40500000000065	8.13199999999961	0	0
8.82200000000012	7.2609999999986	8.68100000000049	0	0
10.1800000000003	9.27700000000004	8.51299999999901	0	0
7.4940000000006	4.85199999999895	7.88600000000042	0	0
11.0789999999997	9.01399999999921	8.55600000000049	0	0
8.0679999999993	3.61299999999937	9.2609999999986	0	0
8.37800000000061	3.72799999999916	8.25	0	0
9.48700000000099	7.2510000000002	9.47799999999916	0	0
9.03600000000006	7.00799999999981	9.73600000000079	0	0
8.32300000000032	3.65200000000004	8.56999999999971	0	0
8.32999999999993	4.25900000000001	9.01100000000042	0	0
8.57100000000173	3.99099999999999	7.62099999999919	0	0
9.16400000000067	5.96100000000115	7.35100000000057	0	0
7.69599999999991	3.54500000000007	8.53399999999965	0	0
10.3369999999995	6.86099999999897	9.02599999999984	0	0
7.16799999999967	1.9270000000015	8.04000000000087	0	0
11.4740000000002	9.01399999999921	9.60499999999956	0	0
7.87199999999939	2.57099999999991	8	0	0
7.98099999999977	3.08799999999974	9.87099999999919	0	0
6.71799999999894	2.8700000000008	6.88000000000102	0	0
7.32200000000012	3.21099999999933	7.08300000000054	0	0
9.14099999999962	7.13200000000143	9.06499999999869	0	0
9.83500000000095	8.32200000000012	8.58899999999994	0	0
9.87700000000041	7.9369999999999	9.1150000000016	0	0
6.37199999999939	2.41399999999885	6.64600000000064	0	0
9.22299999999996	5.10200000000077	10.4889999999996	0	0
9.97699999999895	5.82799999999952	8.85399999999936	0	0
12.7049999999999	10.1949999999997	9.55199999999968	0	0
8.44599999999991	3.76400000000103	9.1820000000007	0	0
7.59799999999996	3.51699999999983	9.84799999999996	0	0
9.73100000000159	6.18100000000049	8.68100000000049	0	0
10.6389999999992	7.66199999999844	9.77000000000044	0	0
7.22099999999955	3.5679999999993	7.89899999999943	0	0
9.98500000000058	10.0540000000001	7.82300000000032	0	0
6.48599999999897	2.06099999999969	6.72400000000016	0	0
9.37200000000121	6.24699999999939	8.6359999999986	0	0
9.52099999999882	6.94499999999971	7.94399999999951	0	0
8.26599999999962	2.32599999999911	8.53800000000047	0	0
9.88699999999881	10.8310000000001	8.83199999999852	0	0
15.4709999999995	15.1010000000006	9.17699999999968	0	0
9.35199999999895	4.54999999999927	9.15700000000106	0	0
11.2270000000008	11.8079999999991	8.60299999999916	0	0
9.71999999999935	9.28299999999945	8.47100000000137	0	0
17.1280000000006	18.0419999999995	9.52200000000084	0	0
9.93499999999949	5.99699999999939	8.04700000000048	0	0
8.56399999999849	4.21299999999974	9.11299999999937	0	0
9.95100000000093	5.8690000000006	8.01000000000022	0	0
9.35300000000097	5.03999999999905	8.93999999999869	0	0
11.2560000000012	7.93599999999969	8.80199999999968	0	0
10.5609999999997	9.28299999999945	8.52099999999882	0	0
9.13400000000001	7.66600000000108	8.63799999999901	0	0
18.0699999999997	20.4300000000003	10.2920000000013	0	0
8.97000000000116	5.28499999999985	7.89900000000125	0	0
9.06500000000051	6.24599999999919	8.89500000000044	0	0
8.31999999999971	4.28400000000147	7.56000000000131	0	0
9.97500000000036	9.01900000000023	10.223	0	0
12.0280000000002	12.0799999999999	9.88400000000001	0	0
5.8080000000009	2.16200000000026	6.05900000000111	0	0
9.84200000000055	6.35599999999977	9.15399999999863	0	0
9.43400000000111	7.10399999999936	8.76699999999983	0	0
8.81899999999951	5.26900000000023	8.48400000000038	0	0
10.4320000000007	5.07200000000012	10.1280000000006	0	0
8.36800000000039	3.07099999999991	8.23199999999997	0	0
8.10599999999977	2.81099999999969	8.09300000000076	0	0
9.87099999999919	6.48499999999876	7.85399999999936	0	0
11.7939999999999	11.482	9.42000000000007	0	0
9.0059999999994	4.78399999999965	8.11199999999917	0	0
8.53600000000006	4.70199999999932	8.88600000000042	0	0
8.73199999999997	6.33300000000054	8.20399999999972	0	0
9.83699999999953	6.3700000000008	9.21600000000035	0	0
7.91100000000006	3.60100000000057	8.40900000000147	0	0
9.21500000000015	4.50300000000061	8.99499999999898	0	0
7.56600000000071	1.14700000000084	9.04999999999927	0	0
8.19800000000032	4.36100000000079	8.60899999999856	0	0
7.96700000000055	3.04500000000007	8.82599999999911	0	0
8.59100000000035	3.98999999999978	9.25300000000061	0	0
10.3400000000001	6.1260000000002	9.30799999999908	0	0
13.3550000000014	11.9310000000005	9.50600000000122	0	0
11.8599999999988	9.15200000000004	8.73400000000038	0	0
9.52799999999843	4.99200000000019	7.61000000000058	0	0
10.7039999999997	7.18000000000029	8.61199999999917	0	0
14.5759999999991	16.7029999999995	8.78199999999924	0	0
8.01200000000063	4.00299999999879	9.0010000000002	0	0
6.78000000000065	1.61200000000099	8.04800000000068	0	0
8.48799999999937	4.05099999999948	7.25	0	0
10.4359999999997	10.469000000001	7.79999999999927	0	0
8.53000000000065	4.58299999999872	7.90999999999985	0	0
9.30799999999908	7.59100000000035	7.34400000000096	0	0
10.3349999999991	8.82700000000114	8.9940000000006	0	0
12.9470000000001	13.0830000000005	9.35300000000097	0	0
7.29299999999967	2.98700000000099	8.79799999999886	0	0
9.6309999999994	5.71999999999935	7.61700000000019	0	0
11.0789999999997	6.21199999999953	10.5480000000007	0	0
12.0460000000003	10.1820000000007	8.34099999999853	0	0
7.76599999999962	2.4989999999998	8.42900000000009	0	0
11.2489999999998	8.48300000000017	9.13700000000063	0	0
13.4009999999998	13.7620000000006	9.07500000000073	0	0
8.86000000000058	5.4380000000001	8.64000000000124	0	0
8.28499999999985	4.32599999999911	8.71399999999994	0	0
8.06999999999971	2.45999999999913	8.98600000000079	0	0
7.97199999999975	2.82400000000052	7.80500000000029	0	0
13.3459999999995	11.4459999999999	8.26699999999983	0	0
9.65599999999904	4.81899999999951	9.09799999999996	0	0
11.2170000000006	8.33599999999933	9.32500000000073	0	0
8.83699999999953	4.19300000000112	8.42199999999866	0	0
12.628999999999	9.65900000000147	10.223	0	0
9.13400000000001	5.06500000000051	8.92000000000007	0	0
10.2360000000008	7.85599999999977	8.63500000000022	0	0
16.1129999999994	15.1610000000001	10.6059999999998	0	0
7.90500000000065	4.58300000000054	7.07499999999891	0	0
9.08399999999892	6.5510000000013	9.04399999999987	0	0
18.9759999999987	13.8039999999983	16.3389999999999	0	0
8.84000000000015	4.90400000000045	8.86100000000079	0	0
7.29500000000007	2.09000000000015	7.65300000000025	0	0
9.6239999999998	7.07099999999991	10.0810000000001	0	0
11.2759999999998	7.59000000000015	9.37800000000061	0	0
8.88400000000001	5.76699999999983	8.30999999999949	0	0
11.4179999999997	7.9950000000008	8.45499999999993	0	0
11.2639999999992	10.6439999999984	9.32999999999993	0	0
9.51100000000042	6.61800000000039	8.16699999999946	0	0
7.8130000000001	3.43299999999908	8.34699999999975	0	0
7.42199999999866	3.1239999999998	8.15999999999985	0	0
7.88800000000083	3.06599999999889	8.09100000000035	0	0
7.27199999999903	2.57699999999932	7.85899999999856	0	0
9.27599999999984	5.70400000000154	8.55299999999988	0	0
7.95199999999932	3.871000000001	6.94399999999951	0	0
10.6499999999996	8.85499999999956	8.07200000000012	0	0
12.5029999999988	11.9609999999993	8.64199999999983	0	0
9.69700000000012	6.33100000000013	9.02399999999943	0	0
8.85500000000138	6.36599999999999	7.84900000000016	0	0
7.00200000000041	3.05000000000109	7.45100000000093	0	0
7.82499999999891	4.03700000000026	7.01499999999942	0	0
7.20200000000114	2.99199999999837	7.73500000000058	0	0
8.71299999999974	5.24099999999999	9.36299999999937	0	0
9.1820000000007	6.22400000000016	8.99900000000162	0	0
7.43100000000049	2.73199999999997	7.94599999999991	0	0
7.20299999999952	3.22199999999975	6.85800000000017	0	0
7.58399999999892	4.39700000000084	7.39000000000124	0	0
8.82800000000134	3.91299999999865	9.31700000000092	0	0
8.57699999999932	4.40099999999984	9.42200000000048	0	0
13.9239999999991	12.9800000000014	9.11599999999999	0	0
10.0460000000003	8.8080000000009	9.86499999999978	0	0
10.4850000000006	8.03700000000026	11.1350000000002	0	0
12.6859999999997	10.6309999999994	12.3070000000007	0	0
11.3919999999998	9.79399999999987	10.2999999999993	0	0
9.93499999999949	5.89799999999923	8.66300000000047	0	0
8.2400000000016	3.85300000000097	8.87099999999919	0	0
7.01399999999921	2.37299999999959	7.88799999999901	0	0
8.62799999999879	4.1830000000009	9.97199999999975	0	0
8.18299999999908	3.3650000000016	9.05400000000009	0	0
8.41899999999987	4.65400000000045	8.05699999999888	0	0
8.39300000000003	2.47099999999955	8.18099999999868	0	0
10.0239999999994	6.65600000000086	9.86700000000019	0	0
10.0959999999995	8.74099999999999	8.31899999999951	0	0
7.95700000000033	4.06000000000131	8.0049999999992	0	0
8.55199999999968	3.90599999999904	8.90600000000086	0	0
11.3719999999994	7.60999999999876	8.55599999999868	0	0
10.2860000000001	9.23300000000017	8.878999999999	0	0
8.66900000000169	2.97999999999956	8.29699999999866	0	0
9.9320000000007	6.14500000000044	7.34799999999996	0	0
10.476999999999	9.503999999999	8.05199999999968	0	0
8.93400000000111	3.94200000000092	8.74300000000039	0	0
14.0949999999993	14.253999999999	10.0079999999998	0	0
9.12199999999939	4.57699999999932	9.88900000000103	0	0
10.1790000000001	9.22699999999895	9.31099999999969	0	0
13.2489999999998	11.4349999999995	9.87699999999859	0	0
8.91600000000108	6.83699999999953	8.48400000000038	0	0
8.21600000000035	5.85499999999956	7.80299999999988	0	0
8.52000000000044	3.20800000000054	10.0889999999999	0	0
9.54299999999967	7.34799999999996	8.15099999999984	0	0
8.30900000000111	3.55899999999929	8.68499999999949	0	0
13.5709999999999	11.8770000000004	8.89200000000164	0	0
11.219000000001	7.27100000000064	8.47299999999996	0	0
10.4490000000005	7.31400000000031	9.32200000000012	0	0
9.63800000000265	7.84900000000016	9.37299999999959	0	0
9.94100000000253	8.16799999999967	6.81499999999869	0	0
7.74500000000262	3.67300000000068	6.93599999999969	0	0
7.58299999999872	2.04999999999927	8.66899999999987	0	0
10.1109999999971	6.28699999999844	9.378999999999	0	0
10.1519999999982	7.47999999999956	8.8809999999994	0	0
7.32099999999991	3.15099999999984	7.93500000000131	0	0
10.099000000002	5.98300000000017	9.07200000000012	0	0
11.3919999999998	10.5040000000008	9.15899999999965	0	0
10.2750000000015	7.71000000000095	9.22400000000016	0	0
12.9680000000008	11.8359999999993	9.28399999999965	0	0
15.8410000000003	17.2189999999991	9.26499999999942	0	0
9.65999999999985	6.95100000000093	9.05400000000009	0	0
9.80000000000291	4.52599999999984	8.16200000000026	0	0
9.09900000000198	6.5669999999991	8.08299999999872	0	0
10.8019999999997	8.20800000000054	9.64199999999983	0	0
8.34899999999834	4.92400000000089	8.67300000000068	0	0
8.84600000000137	4.85200000000077	7.69300000000112	0	0
7.54200000000128	3.13600000000042	7.75400000000081	0	0
15.9019999999982	15.6180000000004	8.87800000000061	0	0
11.8630000000012	8.72699999999895	9.65600000000086	0	0
10.6790000000001	6.56899999999951	9.00500000000102	0	0
10.6720000000023	6.92400000000089	9.20399999999972	0	0
10.2510000000002	8.56599999999889	8.71000000000095	0	0
10.6409999999996	8.54700000000048	8.52200000000084	0	0
11.1189999999988	10.2749999999996	9.45200000000114	0	0
7.96099999999933	2.8080000000009	9.17799999999988	0	0
7.68000000000029	4.04999999999927	8.70999999999913	0	0
9.72999999999956	5.85000000000036	8.59599999999955	0	0
13.3430000000008	12.4079999999994	10.2390000000014	0	0
9.95899999999892	6.76299999999901	8.74300000000039	0	0
9.59600000000137	8.90399999999863	9.69399999999951	0	0
11.5560000000005	7.68000000000029	9.49099999999999	0	0
9.77999999999884	4.83100000000013	9.77599999999984	0	0
8.30099999999948	4.30899999999929	8.14700000000084	0	0
8.68399999999747	3.04799999999886	9.9320000000007	0	0
8.52900000000227	3.16100000000006	8.99399999999878	0	0
9.1239999999998	3.63799999999901	8.76400000000103	0	0
12.9529999999977	11.3690000000006	10.2000000000007	0	0
13.2540000000008	12.1919999999991	8.88600000000042	0	0
7.70899999999892	4.21399999999994	8.29900000000089	0	0
8.0679999999993	2.80099999999948	8.08200000000033	0	0
8.77100000000064	5.17599999999948	8.58500000000095	0	0
8.47400000000198	4.93000000000029	8.47100000000137	0	0
7.64300000000003	2.11000000000058	7.66500000000087	0	0
12.7289999999994	10.6650000000009	11.1679999999997	0	0
7.15200000000186	2.33100000000013	6.59400000000096	0	0
11.8629999999976	10.5599999999995	8.84699999999975	0	0
8.86200000000099	5.08699999999953	9.63299999999981	0	0
8.46299999999974	4.38999999999942	8.68999999999869	0	0
7.16900000000169	3.06099999999969	8.10200000000077	0	0
7.83299999999872	3.24699999999939	8.44599999999991	0	0
11.8529999999992	9.04699999999866	9.89199999999983	0	0
7.97899999999936	3.81899999999951	9.13100000000122	0	0
11.1580000000031	9.371000000001	8.88000000000102	0	0
9.38199999999779	5.94900000000052	8.88200000000143	0	0
10.9830000000002	7.64600000000064	8.55999999999949	0	0
8.42699999999968	4.46900000000096	8.54900000000089	0	0
14.387999999999	14.6910000000007	9.10000000000036	0	0
8.00900000000183	3.53199999999924	8.03400000000147	0	0
9.61999999999898	7.69599999999991	8.4989999999998	0	0
9.53099999999904	6.07200000000012	9.09399999999914	0	0
9.15399999999863	5.76399999999921	8.32499999999891	0	0
13.0529999999999	14.0670000000009	9.78499999999804	0	0
10.3400000000001	5.13700000000063	9.06000000000131	0	0
10.2530000000006	8.08199999999852	9.25600000000122	0	0
11.4079999999994	9.08699999999953	9.64899999999761	0	0
7.86000000000058	3.98400000000038	8.40899999999965	0	0
9.17799999999988	4.49399999999878	8.33799999999974	0	0
15.0590000000011	14.5429999999997	9.62199999999939	0	0
11.2799999999988	8.64700000000084	9.35699999999997	0	0
13.637999999999	15.4950000000008	10.3919999999998	0	0
8.10099999999875	5.68599999999969	8.84399999999732	0	0
6.87200000000303	1.71700000000055	8.37999999999738	0	0
8.6730000000025	6.04399999999987	8.94599999999991	0	0
8.26299999999901	3.34099999999853	8.16600000000108	0	0
7.7489999999998	4.03499999999985	8.67799999999988	0	0
7.00400000000081	2.09100000000035	7.5580000000009	0	0
11.9199999999983	10.741	9.58199999999852	0	0
18.1759999999995	19.2440000000006	10.1289999999972	0	0
16.2429999999986	16.4330000000009	9.38799999999901	0	0
12.7659999999996	13.1000000000004	9.97099999999773	0	0
12.893	11.6919999999991	10.1620000000003	0	0
11.3899999999994	8.55899999999929	10.0480000000025	0	0
8.8080000000009	4.35100000000057	8.47699999999895	0	0
9.20000000000073	6.68499999999949	8.31599999999889	0	0
9.86800000000221	7.4989999999998	7.34000000000015	0	0
7.57800000000134	3.86000000000058	8.21599999999671	0	0
8.96399999999994	6.43000000000029	7.45700000000215	0	0
7.31199999999808	3.74099999999999	7.99499999999898	0	0
8.84300000000076	5.93499999999949	9.229000000003	0	0
13.2360000000008	11.4190000000017	9.3739999999998	0	0
10.9560000000019	6.59399999999914	9.34100000000035	0	0
7.54799999999886	2.64300000000003	8.31299999999828	0	0
9.70599999999831	4.86499999999978	8.46599999999671	0	0
10.1569999999992	6.39999999999964	7.60300000000279	0	0
9.38899999999921	6.68900000000031	9.36700000000201	0	0
7.27200000000084	4.46199999999953	7.98199999999997	0	0
8.25500000000102	4.57099999999991	7.92499999999927	0	0
7.98300000000017	2.64899999999943	7.35800000000017	0	0
13.3080000000009	10.0110000000004	9.85199999999895	0	0
12.7909999999974	8.92300000000068	10.0900000000001	0	0
10.6380000000026	7.09500000000116	8.1140000000014	0	0
8.02000000000044	4.88699999999881	9.35099999999875	0	0
13.8029999999999	13.2289999999994	9.74400000000242	0	0
8.6720000000023	3.59799999999996	8.2039999999979	0	0
11.4959999999992	8.25799999999981	9.66900000000169	0	0
13.0540000000001	10.9530000000013	8.91600000000108	0	0
7.85499999999956	4.33700000000135	8.68999999999869	0	0
8.85699999999997	4.74799999999959	7.51299999999901	0	0
8.03199999999924	3.36399999999958	8.60499999999956	0	0
10.630000000001	8.06899999999951	9.89400000000023	0	0
9.60900000000038	6.3799999999992	7.50900000000183	0	0
15.4880000000012	16.1919999999991	9.74200000000201	0	0
15.4160000000011	17.6270000000004	10.0430000000015	0	0
14.5549999999967	19.5840000000007	9.67399999999907	0	0
7.79099999999744	3.95600000000013	6.64600000000064	0	0
12.885000000002	12.2279999999992	8.21500000000015	0	0
9.89700000000084	6.30299999999988	8.56299999999828	0	0
11.4580000000024	12.228000000001	8.40100000000166	0	0
9.07300000000032	6.59499999999935	9.02899999999863	0	0
7.45499999999811	2.60400000000118	9.53700000000026	0	0
7.24600000000282	2.8690000000006	7.96800000000076	0	0
7.36100000000079	3.54200000000128	7.87700000000041	0	0
9.74299999999857	7.22700000000077	7.80400000000009	0	0
11.1030000000028	9.31500000000051	7.44900000000052	0	0
9.42699999999968	7.66699999999946	8.03900000000067	0	0
12.4000000000015	11.1029999999992	8.90000000000146	0	0
6.97699999999895	2.05900000000111	6.82999999999811	0	0
10.3669999999984	7.51599999999962	7.46399999999994	0	0
7.2019999999975	3.58199999999852	6.71300000000338	0	0
9.77400000000125	6.46800000000076	7.81100000000151	0	0
8.16200000000026	4.23199999999997	9.80600000000049	0	0
8.26699999999983	4.23099999999977	8.72399999999834	0	0
10.2989999999991	7.1190000000006	9.25300000000061	0	0
7.54200000000128	2.77100000000064	7.60199999999895	0	0
7.49300000000221	2.43899999999849	8.73300000000017	0	0
7.63500000000204	4.15899999999965	7.76399999999921	0	0
7.84100000000035	4.72999999999956	8.38500000000204	0	0
8.67599999999948	3.06899999999951	9.58400000000256	0	0
7.0010000000002	4.15200000000004	7.34800000000178	0	0
7.30100000000311	2.14799999999923	7.16100000000006	0	0
10.3269999999975	9.48999999999978	8.69800000000032	0	0
7.32099999999991	3.77700000000004	7.31399999999849	0	0
9.40300000000207	7.32999999999993	8.21900000000096	0	0
9.49799999999959	5.11199999999917	9.44900000000052	0	0
8.73399999999674	2.6989999999987	8.90200000000186	0	0
7.68800000000192	3.73599999999897	8.34000000000015	0	0
9.75499999999738	7.71900000000096	8.01800000000003	0	0
7.76000000000204	3.53900000000067	7.59400000000096	0	0
10.9989999999998	11.4050000000007	7.72799999999916	0	0
11.7389999999978	12.7219999999998	10.018	0	0
9.64600000000064	6.21800000000076	7.46000000000276	0	0
6.2410000000018	2.6190000000006	6.72699999999895	0	0
11.739999999998	11.4079999999994	9.01199999999881	0	0
11.6080000000002	7.57600000000093	9.55099999999948	0	0
8.48700000000099	5.35900000000038	7.63600000000224	0	0
11.3460000000014	8.04500000000007	10.9360000000015	0	0
9.18400000000111	6.31099999999969	8.6359999999986	0	0
14.3529999999992	14.7139999999999	8.16200000000026	0	0
8.87200000000303	3.4479999999985	9.16300000000047	0	0
8.52799999999843	6.0619999999999	8.69800000000032	0	0
8.80900000000111	4.28899999999885	9.31199999999808	0	0
8.08300000000236	4.58500000000095	6.44700000000012	0	0
13.2000000000007	12.4860000000008	8.78700000000026	0	0
12.3870000000024	12.1560000000009	7.75600000000122	0	0
9.58600000000297	7.75900000000001	8.31599999999889	0	0
8.39400000000023	3.53299999999945	8.34300000000076	0	0
10.6669999999976	9.78600000000006	9.61000000000058	0	0
13.4249999999993	12.5029999999988	9.10499999999956	0	0
9.0099999999984	5.64600000000064	8.72199999999793	0	0
9.65099999999802	4.63999999999942	9.33899999999994	0	0
10.3009999999995	8.27500000000146	9.83599999999933	0	0
9.31599999999889	6.86199999999917	9.28700000000026	0	0
9.42399999999907	6.16499999999905	10.1660000000011	0	0
10.7829999999994	6.79100000000108	9.41100000000006	0	0
10.0989999999983	7.33799999999974	10.9400000000023	0	0
11.648000000001	8.125	10.898000000001	0	0
12.4979999999996	11.9610000000011	12.4770000000026	0	0
13.0919999999969	10.1499999999996	10.6539999999986	0	0
8.35000000000218	5.37299999999959	8.47100000000137	0	0
9.47699999999895	6.23599999999897	8.73400000000038	0	0
10.268	9.58599999999933	9.14500000000044	0	0
7.28499999999985	2.80400000000009	8.00499999999738	0	0
10.7870000000003	6.2489999999998	7.91800000000148	0	0
6.91800000000148	2.51499999999942	7.65699999999924	0	0
7.80400000000009	2.89400000000023	7.3550000000032	0	0
9.65699999999924	6.98700000000099	8.87800000000061	0	0
11.9840000000004	9.08299999999872	8.86000000000058	0	0
8.88900000000285	3.90300000000025	7.93799999999828	0	0
9.93100000000049	4.98500000000058	9.1349999999984	0	0
8.57300000000032	4.88400000000001	8.58100000000195	0	0
7.53600000000006	3.54600000000028	8.36099999999715	0	0
7.71399999999994	2.44200000000092	7.38999999999942	0	0
8.2599999999984	4.49399999999878	8.17499999999927	0	0
8.00200000000041	5.08299999999872	6.53199999999924	0	0
7.74799999999959	5.47499999999854	7.63000000000102	0	0
8.78700000000026	5.18100000000049	8.27899999999863	0	0
8.30000000000291	4.67699999999968	7.52699999999822	0	0
8.3080000000009	6.48600000000079	7.12099999999919	0	0
8.56399999999849	4.92499999999927	7.04400000000169	0	0
8.14600000000064	6.91599999999926	6.40699999999924	0	0
8.2589999999982	4.42900000000009	6.52800000000207	0	0
7.67000000000189	2.63400000000001	6.66899999999805	0	0
