3.029	0.604	7.415	0	0
2.413	0.279	5.523	0	0
2.525	0.327	5.71	0	0
2.401	0.372	5.467	0	0
2.284	0.0669999999999997	4.491	0	0
2.397	0.247	5.279	0	0
3.027	0.329000000000001	6.492	0	0
2.736	0.558	6.60699999999999	0	0
3.197	0.629	7.55000000000001	0	0
2.69499999999999	0.567	6.46699999999998	0	0
2.602	0.234999999999999	5.67100000000002	0	0
2.51000000000001	0.32	5.369	0	0
3.09899999999999	0.417	7.05700000000002	0	0
3.10199999999999	0.425000000000001	7.11000000000001	0	0
2.81399999999999	0.234	6.06799999999998	0	0
2.56999999999999	0.263999999999999	5.51300000000001	0	0
2.509	0.15	5.31999999999999	0	0
2.94500000000001	0.192	6.15000000000003	0	0
2.598	0.144	5.67500000000001	0	0
2.56299999999999	0.553000000000001	6.34999999999997	0	0
2.70499999999998	0.321000000000002	5.87	0	0
2.23500000000001	0.0800000000000001	4.91699999999997	0	0
2.56899999999999	0.565000000000001	6.06999999999999	0	0
2.50799999999998	0.219999999999999	5.48500000000001	0	0
2.46099999999998	0.231999999999999	5.36799999999999	0	0
2.40799999999999	0.334999999999997	5.34500000000003	0	0
2.64000000000001	0.212	5.85199999999998	0	0
2.32499999999999	0.170000000000002	4.93799999999999	0	0
4.952	0.582999999999998	11.367	0	0
2.40000000000001	0.140000000000001	4.959	0	0
2.63199999999998	0.416	5.97500000000002	0	0
2.56900000000002	0.360999999999997	5.78500000000003	0	0
2.47999999999999	0.311	5.57400000000001	0	0
2.773	0.637	6.834	0	0
2.65700000000001	0.219999999999999	5.53800000000001	0	0
2.834	0.633000000000003	6.995	0	0
2.56100000000001	0.398	6.17599999999993	0	0
2.262	0.308	5.06400000000008	0	0
2.523	0.358999999999998	5.74099999999999	0	0
2.45000000000002	0.228999999999999	5.46000000000004	0	0
2.34700000000004	0.0549999999999997	4.90099999999995	0	0
2.92600000000004	0.176000000000002	6.29099999999994	0	0
2.649	0.353999999999999	6.02800000000002	0	0
2.608	0.395	5.78600000000006	0	0
2.57999999999998	0.359999999999999	5.91399999999999	0	0
2.947	0.207999999999998	6.34699999999998	0	0
2.55400000000003	0.631999999999998	6.45099999999991	0	0
2.255	0.121000000000002	4.77799999999991	0	0
2.74600000000004	0.335000000000001	6.25700000000006	0	0
2.36500000000001	0.201999999999998	5.09300000000007	0	0
2.57600000000002	0.431000000000004	5.96899999999994	0	0
2.18900000000002	0.0579999999999998	4.42699999999991	0	0
2.291	0.0410000000000039	4.55200000000002	0	0
4.80199999999996	0.347000000000001	10.2049999999999	0	0
2.85700000000003	0.225999999999999	6.10500000000002	0	0
2.96899999999999	0.252000000000002	6.18200000000002	0	0
2.29000000000002	0.131	4.83699999999999	0	0
2.69800000000004	0.311	5.96500000000003	0	0
3.17100000000005	0.5	7.48500000000001	0	0
2.72399999999999	0.277000000000001	5.78700000000003	0	0
2.54700000000003	0.241999999999997	5.65599999999995	0	0
2.48699999999997	0.344999999999999	5.29399999999998	0	0
2.548	0.495000000000005	6.14400000000001	0	0
2.642	0.548000000000002	5.83199999999999	0	0
2.51599999999996	0.376000000000005	5.74399999999991	0	0
2.923	0.445999999999998	6.80899999999997	0	0
2.63999999999999	0.359000000000002	5.80499999999995	0	0
2.90899999999999	0.155999999999999	6.13700000000006	0	0
2.43000000000001	0.133000000000003	5.21100000000001	0	0
2.47300000000001	0.0810000000000031	5.10600000000011	0	0
2.53800000000001	0.238	5.755	0	0
2.286	0.195999999999998	4.94499999999994	0	0
2.596	0.337000000000003	5.81299999999999	0	0
2.26499999999999	0.219999999999999	4.93900000000008	0	0
2.29300000000001	0.179000000000002	4.93599999999992	0	0
2.78199999999998	0.469999999999999	6.35500000000002	0	0
2.88400000000001	0.195999999999998	6.17000000000007	0	0
2.73499999999996	0.287999999999997	5.67700000000013	0	0
2.35900000000004	0.203000000000003	5.18100000000004	0	0
2.58300000000003	0.269000000000005	5.76199999999994	0	0
3.14299999999997	0.173000000000002	6.36200000000008	0	0
5.61900000000003	1.122	13.4169999999999	0	0
2.84299999999996	0.337000000000003	6.18000000000006	0	0
5.0859999999999	0.649000000000001	11.2739999999999	0	0
2.13499999999999	0.0679999999999978	4.21000000000004	0	0
2.25599999999997	0	4.38000000000011	0	0
2.20399999999995	0.100999999999999	4.49099999999999	0	0
2.601	0.265000000000001	5.63300000000004	0	0
3.1389999999999	0.710999999999999	7.83199999999988	0	0
2.44799999999998	0.173000000000002	5.13599999999997	0	0
2.75599999999997	0.423000000000002	6.05599999999981	0	0
2.49899999999991	0.474999999999994	6.05199999999991	0	0
2.33400000000006	0.212000000000003	4.68099999999981	0	0
2.59899999999993	0.611000000000004	6.55300000000011	0	0
2.40300000000002	0.320000000000007	5.48700000000008	0	0
2.59399999999994	0.361999999999995	5.98700000000008	0	0
2.39499999999998	0.24499999999999	5.53500000000008	0	0
2.61599999999999	0.300999999999988	5.91499999999996	0	0
2.63	0.408000000000001	6.21800000000007	0	0
2.45100000000002	0.26100000000001	5.55099999999993	0	0
2.58100000000002	0.247	5.74399999999991	0	0
2.899	0.385000000000005	6.59799999999996	0	0
2.89499999999998	0.373999999999995	6.529	0	0
2.91800000000001	0.448999999999998	6.68499999999995	0	0
2.51599999999996	0.347000000000008	5.6099999999999	0	0
2.428	0.0969999999999942	4.93499999999995	0	0
2.9559999999999	0.180999999999997	6.48900000000003	0	0
5.274	0.658999999999992	11.5050000000001	0	0
2.73699999999997	0.561999999999998	6.97000000000003	0	0
2.83200000000011	0.475999999999999	6.69299999999998	0	0
3.27300000000002	0.400999999999996	7.33000000000015	0	0
2.30799999999999	0.0620000000000118	4.83800000000019	0	0
2.53599999999994	0.224999999999994	5.23099999999999	0	0
2.48000000000002	0.271000000000001	5.7639999999999	0	0
3.28699999999992	0.501000000000005	7.54099999999994	0	0
2.38700000000006	0.409999999999997	5.81799999999998	0	0
4.55799999999999	0.224000000000004	9.952	0	0
2.41199999999992	0.209000000000003	5.45500000000015	0	0
2.76200000000006	0.317999999999998	5.89100000000008	0	0
2.80599999999993	0.662000000000006	7.16200000000003	0	0
3.01200000000006	0.438000000000002	6.7800000000002	0	0
2.77800000000002	0.272999999999996	6.10200000000009	0	0
2.6110000000001	0.403999999999996	5.99199999999996	0	0
2.54599999999994	0.522000000000006	5.92200000000003	0	0
2.32100000000003	0.112000000000009	4.55700000000002	0	0
2.49000000000001	0.25500000000001	5.25	0	0
2.39600000000007	0.35799999999999	5.39900000000011	0	0
2.44499999999994	0.251999999999995	5.51999999999998	0	0
2.48799999999994	0.616	6.0329999999999	0	0
2.23799999999994	0.123000000000005	4.84099999999989	0	0
2.25300000000004	0.0330000000000013	4.26599999999985	0	0
2.80999999999995	0.454000000000008	6.67599999999993	0	0
2.42899999999997	0.240000000000009	5.32399999999984	0	0
2.59199999999998	0.231999999999999	5.66300000000001	0	0
2.87400000000002	0.424000000000007	6.71399999999994	0	0
2.79100000000005	0.188000000000002	5.63699999999994	0	0
5.20699999999999	0.563000000000002	10.9459999999999	0	0
2.21699999999998	0.0490000000000066	4.60599999999999	0	0
2.36199999999997	0.167000000000002	4.86500000000001	0	0
2.58699999999999	0.469999999999999	6.0139999999999	0	0
2.68000000000006	0.470999999999989	6.38099999999986	0	0
3.03899999999999	0.506	7.08400000000006	0	0
2.76999999999998	0.387	6.16400000000021	0	0
2.63400000000001	0.220999999999989	5.75800000000027	0	0
2.37199999999996	0.109999999999999	4.9670000000001	0	0
2.39999999999998	0.27600000000001	5.38799999999992	0	0
2.65600000000006	0.361000000000004	5.92499999999973	0	0
2.46900000000005	0.305000000000007	5.28899999999976	0	0
2.25600000000009	0.167000000000002	4.79299999999967	0	0
2.73599999999999	0.157000000000011	5.59000000000015	0	0
5.37400000000002	0.700000000000003	12.252	0	0
2.84699999999998	0.102999999999994	6	0	0
2.65499999999997	0.332999999999998	5.96099999999979	0	0
2.85300000000007	0.465999999999994	6.02199999999993	0	0
5.20100000000002	0.725999999999999	11.1670000000004	0	0
2.66800000000001	0.617999999999995	6.49200000000019	0	0
2.28100000000006	0.0669999999999931	4.50300000000016	0	0
2.84400000000005	0.682000000000002	6.99499999999989	0	0
2.97200000000021	0.298999999999992	6.56500000000005	0	0
2.41200000000003	0.108000000000004	4.91000000000031	0	0
2.33899999999994	0.212000000000003	5.4409999999998	0	0
2.78599999999983	0.466000000000008	6.38599999999997	0	0
2.43200000000002	0.145999999999987	5.53999999999996	0	0
2.31600000000003	0.166000000000011	5.13700000000017	0	0
3.12299999999982	0.488	6.846	0	0
2.62800000000016	0.224000000000004	5.596	0	0
2.34800000000018	0.138000000000005	4.99499999999989	0	0
2.31700000000001	0.233000000000004	5.23200000000043	0	0
2.89200000000005	0.459000000000003	6.78500000000031	0	0
2.5440000000001	0.400000000000006	6.096	0	0
2.62400000000002	0.362000000000009	6.12800000000016	0	0
5.32600000000002	1.032	12.6419999999998	0	0
2.36799999999994	0.278999999999996	5.45699999999988	0	0
2.97199999999998	0.403999999999996	6.91699999999992	0	0
2.52299999999991	0.226000000000013	5.18100000000004	0	0
2.77399999999989	0.430000000000007	6.346	0	0
2.71199999999999	0.299999999999997	6.07400000000007	0	0
3.25499999999988	0.387999999999991	7.19200000000001	0	0
2.51100000000019	0.307999999999993	5.55200000000013	0	0
3.19699999999989	0.412000000000006	6.96399999999994	0	0
2.75399999999991	0.139999999999986	5.71900000000005	0	0
2.08500000000004	0.0630000000000166	4.19599999999991	0	0
2.3929999999998	0.142000000000024	5.37300000000005	0	0
2.36600000000021	0.162000000000006	5.2800000000002	0	0
2.72800000000007	0.551999999999992	6.8090000000002	0	0
2.73399999999992	0.509000000000015	6.63599999999997	0	0
2.61799999999994	0.312000000000012	6.08800000000019	0	0
2.66799999999989	0.231999999999999	6.06500000000005	0	0
5.19999999999982	0.635000000000019	11.5799999999999	0	0
2.75099999999998	0.324999999999989	6.24900000000025	0	0
2.2650000000001	0.0480000000000018	4.55000000000018	0	0
2.45100000000002	0.146000000000015	5.28200000000015	0	0
2.47299999999996	0.297000000000025	5.59099999999989	0	0
5.9340000000002	0.818000000000012	13.5550000000003	0	0
2.58400000000006	0.295000000000016	5.32900000000018	0	0
2.52199999999993	0.280000000000001	5.74499999999989	0	0
2.69500000000016	0.74199999999999	6.67699999999968	0	0
2.84400000000005	0.653999999999996	7.0590000000002	0	0
2.86999999999989	0.577000000000027	6.96399999999994	0	0
3.1400000000001	0.376000000000005	7.15100000000029	0	0
3.02500000000009	0.342999999999989	6.67899999999963	0	0
2.53499999999985	0.0829999999999984	5.2510000000002	0	0
3.05599999999981	0.312999999999988	6.45800000000008	0	0
2.72399999999993	0.175000000000011	5.50800000000027	0	0
2.18399999999997	0.0800000000000125	4.41499999999996	0	0
2.49399999999991	0.224999999999994	5.41200000000026	0	0
2.5	0.269000000000005	5.64599999999973	0	0
2.28399999999988	0.210999999999984	4.80600000000004	0	0
2.47900000000004	0.259999999999991	5.56500000000005	0	0
2.69399999999996	0.414000000000016	6.26400000000012	0	0
2.75099999999998	0.37700000000001	5.98600000000033	0	0
2.73800000000006	0.217999999999989	5.94500000000016	0	0
4.67499999999995	0.287000000000006	10.1550000000002	0	0
2.346	0.250999999999976	5.26099999999997	0	0
2.97700000000009	0.365000000000009	6.69399999999996	0	0
3.04600000000005	0.480999999999995	7.13400000000001	0	0
2.31700000000001	0.135999999999996	4.70400000000018	0	0
2.73099999999999	0.655000000000001	6.83199999999988	0	0
3.03600000000006	0.402000000000015	6.67999999999984	0	0
2.67000000000007	0.662000000000006	6.46900000000005	0	0
2.47500000000014	0.26400000000001	5.7170000000001	0	0
2.53199999999993	0.255000000000024	5.78600000000006	0	0
2.45700000000011	0.22999999999999	5.23199999999997	0	0
2.28100000000018	0.159999999999997	4.82799999999997	0	0
2.59400000000005	0.365000000000009	6.02300000000014	0	0
2.36899999999991	0.175999999999988	5.22500000000036	0	0
2.51999999999998	0.447999999999979	5.71900000000005	0	0
2.48000000000002	0.339000000000027	5.19300000000021	0	0
2.48700000000008	0.26400000000001	5.73399999999992	0	0
2.66000000000008	0.39500000000001	6.3119999999999	0	0
4.67900000000009	0.485000000000014	10.2049999999999	0	0
2.60899999999992	0.185000000000002	5.67099999999982	0	0
2.73099999999999	0.175999999999988	5.8159999999998	0	0
2.72900000000004	0.120000000000005	5.53400000000011	0	0
2.8599999999999	0.419999999999987	6.65200000000004	0	0
2.76800000000003	0.450999999999993	6.3760000000002	0	0
2.49499999999989	0.263000000000005	5.51499999999987	0	0
2.17200000000003	0.0319999999999823	4.54700000000003	0	0
2.31399999999985	0.0279999999999916	4.72800000000007	0	0
2.49900000000002	0.283000000000015	5.65200000000004	0	0
2.69299999999998	0.342999999999989	6.08899999999994	0	0
2.36999999999989	0.26400000000001	5.30099999999993	0	0
5.39799999999991	0.760000000000019	12.25	0	0
2.70299999999997	0.605999999999995	6.73399999999992	0	0
2.25999999999999	0.164999999999992	4.84999999999991	0	0
2.98500000000013	0.608000000000004	6.98100000000022	0	0
2.78899999999999	0.781000000000006	7.29100000000017	0	0
2.87300000000005	0.37700000000001	6.81100000000015	0	0
2.59199999999987	0.383999999999986	5.84500000000025	0	0
2.83600000000001	0.516999999999996	6.97800000000007	0	0
5.10899999999992	0.474999999999994	11.2890000000002	0	0
4.59099999999989	0.349999999999994	9.60300000000007	0	0
5.18700000000013	1.15899999999999	12.8510000000001	0	0
2.42999999999984	0.246999999999986	5.51200000000017	0	0
2.596	0.259999999999991	5.58399999999983	0	0
2.44000000000005	0.170000000000016	5.30999999999995	0	0
2.48299999999995	0.426000000000016	5.88999999999987	0	0
2.91399999999999	0.548999999999978	6.88300000000027	0	0
2.53800000000001	0.496000000000009	5.96799999999985	0	0
2.63699999999994	0.481999999999999	6.01099999999997	0	0
2.26400000000012	0.251000000000005	5.20299999999997	0	0
2.59500000000003	0.244	5.50500000000011	0	0
2.63599999999997	0.283999999999992	5.96500000000015	0	0
2.14699999999993	0.0880000000000223	4.42599999999993	0	0
2.71299999999997	0.518999999999977	6.49199999999973	0	0
2.53099999999995	0.289999999999992	5.77700000000004	0	0
2.50700000000006	0.247000000000014	5.15999999999985	0	0
2.90499999999997	0.606999999999999	7.01200000000017	0	0
2.88099999999986	0.835999999999984	7.19799999999987	0	0
2.82899999999995	0.399999999999977	6.35300000000007	0	0
2.66200000000003	0.223000000000013	5.77999999999975	0	0
2.45900000000006	0.147999999999996	5.35300000000007	0	0
2.26199999999994	0.245000000000005	5.0949999999998	0	0
2.53500000000008	0.343000000000018	5.78999999999996	0	0
2.83400000000006	0.568999999999988	6.60300000000007	0	0
2.70499999999993	0.488	6.38099999999986	0	0
3.00299999999993	0.221000000000004	6.40100000000029	0	0
2.42499999999995	0.0800000000000125	5.19700000000012	0	0
2.44700000000012	0.378999999999991	5.6880000000001	0	0
2.65300000000002	0.401999999999987	6.06799999999976	0	0
2.86200000000008	0.399000000000001	6.53800000000001	0	0
3.221	0.411000000000001	6.5920000000001	0	0
2.97500000000014	0.224000000000018	6.29399999999987	0	0
2.58400000000006	0.190999999999974	5.51499999999942	0	0
2.62599999999998	0.312000000000012	5.72400000000016	0	0
2.65300000000002	0.731999999999999	6.82200000000012	0	0
2.83299999999986	0.359999999999985	6.42399999999998	0	0
2.45400000000018	0.312999999999988	5.53200000000015	0	0
2.423	0.135999999999996	5.12700000000041	0	0
5.11699999999996	0.808000000000021	11.982	0	0
2.17799999999988	0.0600000000000023	4.07099999999991	0	0
2.41200000000003	0.157000000000011	5.04500000000007	0	0
2.60500000000002	0.374000000000024	5.93900000000031	0	0
2.40600000000018	0.22399999999999	4.75999999999931	0	0
2.63200000000006	0.288000000000011	5.55199999999968	0	0
2.14799999999991	0.0649999999999977	4.20199999999932	0	0
2.721	0.14500000000001	5.6299999999992	0	0
2.51099999999997	0.394000000000005	5.96499999999924	0	0
2.65200000000004	0.280000000000001	5.72099999999955	0	0
2.36999999999989	0.313999999999993	5.39400000000023	0	0
3.41100000000006	0.442999999999984	7.60199999999986	0	0
2.50199999999995	0.202000000000027	5.53400000000056	0	0
2.48299999999995	0.131	5.22199999999975	0	0
2.80499999999984	0.406999999999982	6.15799999999945	0	0
2.31699999999978	0.174000000000007	5.1200000000008	0	0
2.32000000000016	0.179000000000002	5.09199999999964	0	0
2.44299999999998	0.256	5.40400000000045	0	0
2.83300000000008	0.298000000000002	6.01500000000033	0	0
3.12400000000002	0.342000000000013	6.90499999999975	0	0
2.2679999999998	0.176000000000016	4.71799999999985	0	0
2.87300000000005	0.596000000000004	6.78399999999965	0	0
2.375	0.328000000000003	5.42299999999977	0	0
2.60200000000009	0.48399999999998	6.03099999999995	0	0
2.65300000000002	0.278999999999996	5.71300000000065	0	0
4.86500000000001	0.342000000000013	10.3819999999996	0	0
2.51399999999967	0.224999999999994	5.43000000000029	0	0
2.55400000000009	0.240000000000009	5.5600000000004	0	0
2.46900000000005	0.209000000000003	5.38400000000001	0	0
2.58199999999988	0.363	5.89400000000023	0	0
2.24499999999989	0.0240000000000009	4.54199999999946	0	0
2.8119999999999	0.498999999999995	6.5	0	0
2.40000000000009	0.0529999999999973	5.02499999999964	0	0
2.89399999999978	0.168999999999983	6.30999999999949	0	0
2.31700000000001	0.169000000000011	5.07999999999993	0	0
2.4989999999998	0.408000000000015	5.82600000000002	0	0
2.65700000000015	0.309000000000026	6.29100000000017	0	0
2.08199999999988	0.0730000000000075	4.22899999999936	0	0
2.72800000000007	0.545000000000016	6.50800000000072	0	0
2.72699999999986	0.244	5.91399999999976	0	0
3.03600000000006	0.62700000000001	7.25900000000001	0	0
2.46199999999999	0.378999999999991	5.61399999999958	0	0
2.47900000000027	0.248999999999995	5.70199999999932	0	0
2.89500000000044	0.562999999999988	6.56600000000071	0	0
2.70199999999977	0.585999999999984	6.52599999999984	0	0
3.01099999999997	0.294000000000011	6.37100000000009	0	0
2.77700000000004	0.346000000000004	6.34000000000015	0	0
2.51200000000017	0.185000000000002	5.28800000000047	0	0
2.77700000000004	0.633999999999986	6.82800000000043	0	0
2.30699999999979	0.146999999999991	4.98799999999937	0	0
2.50199999999995	0.501999999999981	6.00699999999961	0	0
2.43299999999999	0.285999999999973	5.34299999999985	0	0
2.58500000000004	0.372000000000014	6.0630000000001	0	0
2.80299999999988	0.572000000000003	6.75500000000011	0	0
2.596	0.388999999999982	6.22599999999966	0	0
2.75500000000011	0.450999999999993	6.36099999999988	0	0
5.35199999999986	0.711000000000013	12.3060000000005	0	0
2.72800000000007	0.38300000000001	6.24099999999999	0	0
2.27799999999979	0.0180000000000007	4.73499999999967	0	0
2.654	0.494	6.26899999999932	0	0
2.95800000000008	0.305000000000007	6.3720000000003	0	0
2.83699999999999	0.753999999999991	6.90899999999965	0	0
2.62899999999991	0.327999999999975	5.9409999999998	0	0
2.95500000000038	0.480999999999995	6.82399999999961	0	0
2.92999999999984	0.405000000000001	6.4320000000007	0	0
2.99900000000025	0.445999999999998	6.57400000000052	0	0
2.92700000000013	0.503000000000014	7.14600000000064	0	0
3.05300000000034	0.336000000000013	6.69399999999951	0	0
2.33300000000008	0.137999999999977	5.14599999999973	0	0
2.55799999999999	0.324000000000012	5.64400000000023	0	0
2.54600000000028	0.258999999999958	5.55699999999979	0	0
4.78899999999976	0.303999999999974	10.0680000000002	0	0
2.26499999999987	0.175999999999988	4.8139999999994	0	0
3.04700000000003	0.413999999999987	6.99200000000019	0	0
2.72899999999981	0.224999999999966	5.99000000000069	0	0
2.77300000000014	0.788000000000011	6.98099999999977	0	0
2.41300000000001	0.243999999999971	5.36499999999978	0	0
2.30400000000009	0.0730000000000359	4.67700000000059	0	0
2.25700000000006	0.0819999999999936	4.79899999999998	0	0
2.82200000000012	0.319999999999993	6.24499999999989	0	0
2.63099999999986	0.317000000000007	5.82700000000023	0	0
6.41599999999971	0.754000000000019	14.0430000000006	0	0
2.529	0.15300000000002	5.36099999999988	0	0
2.92599999999993	0.411999999999978	6.4340000000002	0	0
2.88099999999986	0.23599999999999	5.97999999999956	0	0
2.7470000000003	0.319000000000017	5.83799999999974	0	0
2.59500000000025	0.273000000000025	5.92500000000018	0	0
2.63499999999976	0.325000000000045	6.0029999999997	0	0
2.63599999999997	0.302999999999997	6	0	0
2.721	0.32099999999997	6.13500000000022	0	0
2.95399999999972	0.228000000000009	6.3779999999997	0	0
2.57200000000012	0.324999999999989	5.62099999999919	0	0
2.7829999999999	0.322000000000003	6.30000000000018	0	0
3.10399999999981	0.494000000000028	7.38899999999921	0	0
2.51800000000003	0.199000000000012	5.63000000000011	0	0
2.64899999999989	0.45999999999998	6.27400000000034	0	0
2.48799999999983	0.29200000000003	5.54500000000007	0	0
2.67399999999998	0.350000000000023	6.21299999999974	0	0
2.52300000000014	0.221000000000004	5.47900000000027	0	0
2.44399999999996	0.281000000000006	5.65800000000036	0	0
2.64499999999998	0.403999999999996	6.03300000000036	0	0
4.6840000000002	0.312000000000012	9.57200000000012	0	0
2.87599999999975	0.345000000000027	6.46100000000024	0	0
2.79700000000003	0.51600000000002	6.46100000000024	0	0
3.154	0.509999999999991	6.88299999999981	0	0
2.78099999999995	0.677999999999997	6.60400000000027	0	0
4.24600000000009	0.111999999999966	9.02599999999984	0	0
2.65800000000036	0.252999999999986	5.58399999999983	0	0
3.25900000000001	0.170000000000016	6.5610000000006	0	0
2.51500000000033	0.30400000000003	5.62100000000009	0	0
2.53800000000001	0.456999999999994	6.13199999999961	0	0
2.4670000000001	0.274000000000001	5.61699999999928	0	0
2.65200000000004	0.551000000000045	6.44300000000021	0	0
2.83600000000024	0.644000000000005	7.06800000000021	0	0
2.55600000000004	0.399000000000001	5.92699999999968	0	0
2.92399999999998	0.480000000000018	6.91100000000006	0	0
3.20000000000027	0.937999999999988	8.14399999999932	0	0
2.74400000000014	0.315000000000055	5.82999999999993	0	0
2.67599999999993	0.30400000000003	5.76800000000003	0	0
2.35899999999992	0.216999999999985	4.88500000000022	0	0
2.51999999999998	0.364999999999952	5.87899999999991	0	0
2.60100000000011	0.216000000000008	5.81999999999971	0	0
2.51400000000012	0.187999999999988	5.39199999999983	0	0
2.58500000000004	0.22399999999999	5.4380000000001	0	0
2.76099999999997	0.305999999999983	6.08199999999943	0	0
3.14300000000003	0.218999999999994	6.39000000000033	0	0
3.11400000000003	0.245000000000005	6.57799999999952	0	0
2.78800000000001	0.22199999999998	6.17100000000028	0	0
2.6869999999999	0.30699999999996	5.875	0	0
2.48599999999988	0.242000000000019	5.57700000000023	0	0
2.36900000000014	0.124000000000024	5.11499999999978	0	0
2.49299999999994	0.236000000000047	5.79299999999967	0	0
2.98399999999992	0.25200000000001	6.29499999999916	0	0
2.92700000000013	0.364000000000033	6.3119999999999	0	0
4.91499999999996	0.446000000000026	10.6050000000005	0	0
2.44000000000005	0.228000000000009	5.13100000000031	0	0
2.53899999999976	0.374000000000024	5.71199999999953	0	0
2.57500000000027	0.492999999999995	6.01199999999972	0	0
8.07699999999977	0.858000000000004	17.9870000000001	0	0
2.63099999999986	0.314999999999998	6.00600000000031	0	0
5.43299999999999	0.459000000000003	11.9520000000002	0	0
2.65599999999995	0.279999999999973	5.82399999999961	0	0
2.97299999999996	0.341999999999985	6.65299999999934	0	0
2.3130000000001	0.14100000000002	4.96900000000005	0	0
2.5630000000001	0.326000000000022	5.57300000000032	0	0
2.2510000000002	0.100999999999999	4.45799999999963	0	0
3.48100000000022	0.259000000000015	7.54500000000007	0	0
2.57000000000016	0.244000000000028	5.66200000000026	0	0
2.6869999999999	0.586999999999989	6.45099999999911	0	0
2.49200000000019	0.248999999999967	5.66300000000047	0	0
2.25800000000027	0.146999999999991	4.63500000000022	0	0
3.00399999999991	0.334000000000003	6.4350000000004	0	0
2.3420000000001	0.139999999999986	5.17199999999957	0	0
5.80199999999968	0.88900000000001	13.3249999999998	0	0
2.39900000000034	0.236999999999966	5.29899999999998	0	0
2.58699999999999	0.424000000000035	5.98299999999927	0	0
2.35500000000002	0.0600000000000023	4.97500000000036	0	0
2.44999999999982	0.430999999999983	5.95100000000002	0	0
2.58699999999999	0.485000000000014	6.12599999999929	0	0
2.80199999999968	0.488999999999976	6.69900000000052	0	0
2.6840000000002	0.311999999999955	5.84500000000025	0	0
2.56099999999969	0.408000000000015	5.98699999999917	0	0
2.94100000000026	0.374000000000024	6.51199999999972	0	0
2.46499999999969	0.437000000000012	5.95200000000023	0	0
2.84299999999985	0.229999999999961	6.05499999999938	0	0
2.5630000000001	0.55600000000004	6.56999999999971	0	0
2.53900000000021	0.290999999999997	5.6880000000001	0	0
2.57899999999972	0.483000000000004	6.28099999999995	0	0
2.65800000000036	0.286000000000001	5.88300000000072	0	0
2.38799999999992	0.09699999999998	4.99699999999939	0	0
2.28700000000026	0.152999999999963	4.96200000000044	0	0
2.404	0.317999999999984	5.65799999999945	0	0
2.19799999999987	0.168999999999983	4.95100000000002	0	0
2.53700000000026	0.269000000000005	5.78099999999995	0	0
2.37800000000016	0.355999999999995	5.47400000000016	0	0
2.43499999999995	0.238999999999976	5.48099999999977	0	0
2.76699999999983	0.29000000000002	6.01400000000012	0	0
2.43199999999979	0.113	5.08600000000024	0	0
2.77299999999968	0.432000000000016	6.0659999999998	0	0
2.58299999999963	0.451000000000022	6.10200000000077	0	0
2.69999999999982	0.337000000000046	6.03300000000036	0	0
3.32899999999972	0.493999999999971	7.33199999999943	0	0
2.6220000000003	0.262	5.83699999999953	0	0
2.57999999999993	0.262	5.82799999999952	0	0
2.56399999999985	0.233000000000004	5.82099999999991	0	0
2.64800000000014	0.499000000000024	6.38599999999951	0	0
2.73900000000003	0.336999999999989	6.11999999999989	0	0
2.56399999999985	0.232000000000028	5.45199999999932	0	0
2.59699999999975	0.413999999999987	6.03400000000056	0	0
3.25	0.721000000000004	7.80500000000029	0	0
2.22899999999981	0.0450000000000159	4.44700000000012	0	0
2.65299999999979	0.211999999999989	5.78000000000065	0	0
3.05099999999993	0.377999999999986	6.57999999999993	0	0
2.37199999999984	0.161000000000001	4.78899999999976	0	0
3.04899999999998	0.339999999999975	6.35399999999936	0	0
2.41999999999962	0.211000000000013	5.2489999999998	0	0
2.36900000000014	0.153999999999996	4.99300000000039	0	0
5.63200000000006	0.930000000000007	13.2290000000003	0	0
2.779	0.413000000000011	6.45599999999922	0	0
2.62800000000016	0.489000000000033	6.1889999999994	0	0
2.66800000000012	0.435999999999979	6.21100000000024	0	0
4.55499999999984	0.244000000000028	9.66499999999996	0	0
2.47800000000007	0.252999999999986	5.62800000000061	0	0
2.88400000000001	0.379999999999995	6.59400000000005	0	0
3.05999999999995	0.285000000000025	6.55200000000059	0	0
2.61200000000008	0.257000000000005	5.23700000000008	0	0
2.47199999999975	0.330000000000041	5.27700000000004	0	0
2.64699999999993	0.302999999999997	6.00500000000011	0	0
2.84100000000035	0.545999999999992	6.72900000000027	0	0
2.80000000000018	0.471000000000004	6.42200000000048	0	0
5.09099999999989	0.558999999999969	11.3050000000003	0	0
5.11300000000028	0.232000000000028	10.6030000000001	0	0
5.09099999999989	0.721000000000004	11.7420000000002	0	0
2.32600000000002	0.240999999999985	5.45199999999932	0	0
2.2859999999996	0.0330000000000155	4.5659999999998	0	0
2.64600000000019	0.512999999999977	6.39900000000034	0	0
2.51600000000008	0.225999999999999	5.23500000000058	0	0
2.84899999999971	0.211999999999989	6.05100000000039	0	0
2.55199999999968	0.206000000000017	5.85300000000007	0	0
2.67799999999988	0.403999999999996	5.87700000000041	0	0
2.62099999999964	0.371000000000038	6.17000000000007	0	0
2.45100000000002	0.343000000000018	5.64600000000064	0	0
2.61299999999983	0.22199999999998	5.73700000000008	0	0
2.31699999999955	0.049000000000035	4.82899999999972	0	0
2.35400000000027	0.100999999999999	4.92699999999968	0	0
5.42100000000028	0.593999999999994	11.9610000000002	0	0
2.49299999999994	0.197999999999979	5.72300000000087	0	0
2.49400000000014	0.268999999999949	5.38499999999931	0	0
2.90900000000011	0.199000000000012	5.91199999999935	0	0
2.45599999999968	0.363	5.5610000000006	0	0
2.96500000000015	0.240000000000009	6.5649999999996	0	0
2.8760000000002	0.420000000000016	6.35900000000038	0	0
2.30799999999999	0.137999999999977	4.96900000000005	0	0
2.83400000000029	0.558999999999969	6.88900000000012	0	0
2.58899999999994	0.25200000000001	5.71900000000005	0	0
2.63400000000001	0.254000000000019	5.26199999999972	0	0
2.85100000000011	0.190999999999974	5.88200000000052	0	0
2.98699999999963	0.245999999999981	6.23599999999988	0	0
2.50900000000001	0.220000000000027	5.53999999999996	0	0
2.85699999999997	0.525999999999954	6.48499999999967	0	0
2.5	0.201999999999998	5.55799999999999	0	0
2.63599999999997	0.233000000000004	5.92399999999998	0	0
2.69399999999996	0.382999999999981	6.06899999999951	0	0
3.08300000000008	0.12299999999999	6.55299999999988	0	0
2.60199999999986	0.291999999999973	5.85999999999967	0	0
2.52399999999989	0.411999999999978	5.81800000000021	0	0
2.44500000000016	0.310999999999979	5.39000000000033	0	0
2.68599999999969	0.683999999999969	6.60199999999986	0	0
2.87899999999991	0.423999999999978	6.41899999999987	0	0
2.54700000000003	0.394000000000005	5.8779999999997	0	0
3.03800000000001	0.166999999999973	6.48300000000017	0	0
2.27399999999989	0.12299999999999	4.87100000000009	0	0
2.404	0.25200000000001	5.34699999999975	0	0
2.19100000000026	0.163000000000011	4.82099999999991	0	0
2.68600000000015	0.27800000000002	5.65700000000015	0	0
2.59799999999996	0.346000000000004	5.58299999999963	0	0
2.38599999999997	0.189999999999998	4.89600000000064	0	0
2.32200000000012	0.103999999999985	4.99600000000009	0	0
5.40299999999979	0.576999999999998	11.5380000000005	0	0
2.89099999999962	0.134999999999991	6.05400000000009	0	0
2.66399999999976	0.382999999999981	5.94800000000032	0	0
2.54300000000012	0.188999999999965	5.53099999999995	0	0
2.66300000000001	0.25	6.09500000000025	0	0
2.83100000000013	0.484000000000037	6.81500000000051	0	0
2.38300000000027	0.358000000000004	5.56999999999971	0	0
2.28700000000026	0.149000000000001	4.73099999999977	0	0
3.27700000000004	0.543999999999983	7.52300000000014	0	0
2.85199999999986	0.545999999999992	6.86300000000028	0	0
2.32600000000002	0.261000000000024	5.20199999999932	0	0
2.63100000000031	0.492000000000019	6.42099999999937	0	0
2.42399999999998	0.259000000000015	5.36899999999969	0	0
2.90299999999979	0.423999999999978	6.63299999999981	0	0
3.00300000000016	0.454999999999984	6.34400000000005	0	0
2.86699999999973	0.454000000000008	6.66499999999996	0	0
2.92599999999993	0.379999999999995	6.23300000000017	0	0
3.04700000000003	0.479999999999961	6.97499999999945	0	0
3.14899999999989	0.402999999999963	6.8690000000006	0	0
2.69000000000005	0.461000000000013	6.26500000000124	0	0
2.65999999999985	0.245000000000005	5.82899999999972	0	0
2.24200000000019	0.04200000000003	4.38999999999942	0	0
3.12100000000009	0.228000000000009	6.43999999999869	0	0
2.39800000000014	0.176000000000045	5.01300000000083	0	0
2.45400000000018	0.363999999999976	5.25699999999961	0	0
2.73599999999988	0.521999999999991	6.28299999999945	0	0
2.5920000000001	0.188999999999965	5.67799999999988	0	0
2.90100000000029	0.293000000000006	6.08400000000074	0	0
3.05799999999999	0.560999999999979	7.48600000000079	0	0
3.3420000000001	0.479999999999961	7.30400000000009	0	0
7.75499999999965	0.937999999999988	17.4879999999994	0	0
2.46000000000004	0.139999999999986	5.17699999999968	0	0
2.59299999999985	0.403999999999996	5.89900000000125	0	0
3.04099999999971	0.326000000000022	7.0059999999994	0	0
2.75200000000041	0.415999999999997	6.43599999999969	0	0
2.27799999999979	0.197000000000003	4.98999999999978	0	0
2.66200000000026	0.334000000000003	5.80400000000009	0	0
2.57200000000012	0.368999999999971	6.09499999999935	0	0
2.41800000000012	0.129000000000019	4.84500000000116	0	0
3.20499999999993	0.411000000000001	7.29199999999946	0	0
5.26100000000042	0.301999999999964	11.1350000000002	0	0
3.29799999999977	0.223000000000013	6.77000000000044	0	0
2.63000000000011	0.300000000000011	5.76900000000023	0	0
2.15100000000029	0.105999999999995	4.44200000000092	0	0
2.42599999999993	0.311000000000035	5.33100000000013	0	0
3.61700000000019	0.37700000000001	7.72400000000016	0	0
3.09799999999996	0.680999999999983	7.42900000000009	0	0
2.33699999999999	0.245000000000005	4.95099999999911	0	0
3.10300000000007	0.629999999999995	7.32800000000134	0	0
2.88200000000006	0.113	5.76199999999881	0	0
2.27199999999993	0.00399999999996226	4.48000000000138	0	0
2.91100000000006	0.365999999999985	6.65499999999884	0	0
2.66499999999996	0.579999999999984	6.4989999999998	0	0
2.71499999999969	0.272999999999968	6.19399999999951	0	0
2.75900000000001	0.254999999999995	5.82500000000073	0	0
2.4369999999999	0.197999999999979	5.36599999999999	0	0
2.50800000000027	0.230999999999995	5.45600000000013	0	0
2.57799999999997	0.459000000000003	6.06099999999969	0	0
2.29000000000042	0.0679999999999836	4.71299999999974	0	0
2.65599999999995	0.398000000000025	6.14300000000003	0	0
5.41499999999996	1.18900000000002	13.2080000000005	0	0
2.58399999999983	0.325000000000045	5.89100000000144	0	0
2.55299999999988	0.206000000000017	5.52700000000004	0	0
2.32200000000012	0.264999999999986	5.19900000000052	0	0
2.74400000000014	0.586000000000013	6.69700000000012	0	0
2.94599999999991	0.636000000000024	7.13899999999921	0	0
3.33800000000019	0.365999999999985	7.1309999999994	0	0
2.95899999999983	0.343000000000018	6.71199999999953	0	0
2.86300000000028	0.223000000000013	6.02399999999943	0	0
2.58599999999979	0.229000000000042	5.59500000000116	0	0
2.59299999999985	0.226999999999975	5.7489999999998	0	0
2.34000000000015	0.161000000000001	4.96900000000096	0	0
2.45100000000002	0.221000000000004	5.37299999999959	0	0
2.49299999999994	0.250999999999976	5.46399999999994	0	0
2.72300000000041	0.420999999999992	6.19800000000032	0	0
2.67900000000009	0.206000000000017	5.58899999999994	0	0
4.48199999999997	0.214999999999975	9.68599999999969	0	0
2.50700000000006	0.293999999999983	5.51399999999921	0	0
2.58599999999979	0.15100000000001	5.50400000000081	0	0
2.3420000000001	0.149000000000001	5.00699999999961	0	0
2.55000000000018	0.169999999999959	5.52399999999943	0	0
2.78399999999965	0.745999999999981	7.27099999999882	0	0
3.3739999999998	0.444999999999993	7.93900000000031	0	0
2.4980000000005	0.254000000000019	5.51800000000003	0	0
2.26900000000023	0.075999999999965	5.28699999999844	0	0
2.72500000000036	0.185000000000002	5.6260000000002	0	0
5.1269999999995	0.451999999999998	11.125	0	0
2.5590000000002	0.367999999999995	5.69800000000032	0	0
2.54199999999946	0.262	5.36300000000119	0	0
2.79399999999987	0.262999999999977	6.04999999999927	0	0
3.03399999999965	0.511000000000024	7.28699999999844	0	0
3.38500000000022	0.175999999999988	6.90300000000025	0	0
2.50900000000001	0.158999999999992	5.52800000000025	0	0
2.50099999999929	0.269000000000005	5.70999999999913	0	0
2.57700000000023	0.33099999999996	5.64600000000064	0	0
2.60800000000017	0.185000000000002	5.65699999999924	0	0
2.41299999999956	0.295999999999992	5.82099999999991	0	0
3.05999999999949	0.441000000000031	7.10099999999875	0	0
5.23600000000079	0.418000000000006	11.0910000000003	0	0
2.72699999999986	0.538999999999987	6.56999999999971	0	0
2.53600000000006	0.389999999999986	5.69399999999951	0	0
7.34500000000025	0.723000000000013	16.1849999999995	0	0
2.78200000000015	0.411999999999978	6.28600000000006	0	0
3.48099999999977	0.441000000000031	7.56600000000071	0	0
2.41399999999976	0.187999999999988	5.44599999999991	0	0
2.71600000000035	0.487000000000023	6.39599999999882	0	0
2.73800000000028	0.329999999999984	6.34000000000015	0	0
2.48599999999988	0.473000000000013	5.82100000000173	0	0
2.47199999999975	0.338999999999999	5.60500000000138	0	0
2.6929999999993	0.699000000000012	6.82899999999972	0	0
2.40700000000015	0.142999999999972	5.08899999999994	0	0
2.71000000000004	0.500999999999976	6.34300000000076	0	0
2.32399999999961	0.125999999999976	4.88500000000022	0	0
2.91100000000006	0.175999999999988	6.43600000000151	0	0
2.73299999999927	0.509999999999991	6.4369999999999	0	0
2.58799999999974	0.397999999999968	5.77700000000004	0	0
3.22299999999996	0.48599999999999	7.32600000000093	0	0
2.60999999999967	0.357000000000028	5.64099999999962	0	0
2.52599999999984	0.281000000000006	5.54900000000089	0	0
2.5600000000004	0.437999999999988	5.96199999999953	0	0
2.65499999999975	0.211000000000013	5.7510000000002	0	0
2.8130000000001	0.276999999999987	6.14600000000064	0	0
2.21900000000005	0.107000000000028	4.71899999999914	0	0
2.48100000000068	0.350999999999999	5.77299999999923	0	0
2.86399999999958	0.51400000000001	6.44800000000032	0	0
2.69700000000012	0.30699999999996	6.09200000000055	0	0
3.11899999999969	0.367999999999995	6.73499999999876	0	0
2.35999999999967	0.33499999999998	5.39599999999882	0	0
2.41400000000067	0.240000000000009	5.4479999999985	0	0
3.18199999999979	0.23399999999998	6.60100000000057	0	0
2.81999999999971	0.194000000000017	6.23600000000079	0	0
2.32600000000002	0.0789999999999509	4.81499999999869	0	0
3.02499999999964	0.189999999999998	6.46500000000015	0	0
4.71500000000015	0.460000000000036	10.3619999999992	0	0
3.23300000000017	0.40100000000001	6.9320000000007	0	0
2.40999999999985	0.301999999999964	5.26100000000042	0	0
2.32999999999993	0.173000000000002	4.79299999999967	0	0
2.61899999999969	0.310000000000002	5.82900000000154	0	0
2.66100000000006	0.385999999999967	6.121000000001	0	0
2.73099999999977	0.444999999999993	6.49499999999898	0	0
2.57499999999982	0.311000000000035	5.88500000000022	0	0
2.62400000000071	0.353000000000009	5.96100000000115	0	0
2.57400000000052	0.127999999999986	5.54700000000048	0	0
2.31099999999969	0.0219999999999914	4.56100000000151	0	0
2.51299999999992	0.22399999999999	5.73699999999917	0	0
2.20199999999932	0.06899999999996	4.30899999999929	0	0
2.34099999999944	0.130999999999972	4.96500000000015	0	0
2.55099999999948	0.406999999999982	6.00300000000061	0	0
2.68900000000031	0.464999999999975	6.40200000000004	0	0
2.46100000000024	0.590000000000032	6.07599999999911	0	0
3.50099999999929	0.730000000000018	8.20699999999852	0	0
2.83600000000024	0.478000000000009	6.67000000000007	0	0
2.27399999999943	0.165999999999997	4.71500000000015	0	0
2.32099999999991	0.177000000000021	5.0669999999991	0	0
3.43900000000031	0.567999999999984	7.64900000000125	0	0
3.21900000000005	0.561999999999955	7.34799999999996	0	0
2.71700000000055	0.561999999999955	6.59799999999996	0	0
5.13500000000022	0.954000000000008	12.3189999999995	0	0
2.91499999999996	0.274000000000001	6.45499999999993	0	0
3.04799999999977	0.22399999999999	6.09799999999996	0	0
2.45799999999963	0.230999999999995	5.65700000000106	0	0
2.47300000000087	0.377999999999986	5.52800000000025	0	0
2.92799999999988	0.504000000000019	6.88999999999942	0	0
2.64899999999943	0.509000000000015	6.49200000000019	0	0
2.51699999999983	0.177999999999997	5.34200000000055	0	0
2.83100000000013	0.337999999999965	6.66600000000108	0	0
2.27099999999973	0.153999999999996	5.02000000000044	0	0
2.45100000000002	0.0639999999999645	5.10000000000036	0	0
2.32000000000062	0.187999999999988	5.23500000000058	0	0
2.17500000000018	0.0860000000000127	4.37900000000081	0	0
2.5029999999997	0.365999999999985	5.47799999999916	0	0
2.68900000000031	0.449000000000069	6.25200000000041	0	0
2.88199999999961	0.29200000000003	6.3859999999986	0	0
2.44800000000032	0.168000000000006	5.29999999999927	0	0
2.96300000000065	0.315000000000055	6.64900000000125	0	0
3.03200000000015	0.256000000000085	5.92099999999846	0	0
2.90800000000036	0.211999999999989	6.06400000000031	0	0
2.42600000000039	0.143000000000029	5.26399999999921	0	0
2.44700000000012	0.249000000000024	5.38999999999942	0	0
2.34600000000046	0.09699999999998	4.84000000000015	0	0
2.44000000000051	0.254999999999995	5.45900000000074	0	0
2.42399999999998	0.209999999999923	5.31500000000051	0	0
2.78099999999995	0.605000000000018	6.68500000000131	0	0
2.4409999999998	0.226999999999975	5.29100000000108	0	0
2.76599999999962	0.744000000000028	6.96100000000115	0	0
2.60199999999986	0.36200000000008	5.90399999999863	0	0
2.5019999999995	0.261000000000081	5.54600000000028	0	0
2.30400000000009	0.190000000000055	5.17699999999968	0	0
5.28099999999995	1.12599999999998	12.6100000000006	0	0
2.86300000000028	0.436000000000035	6.4489999999987	0	0
2.57999999999993	0.198999999999955	5.44099999999889	0	0
2.31800000000021	0.150999999999954	5.00600000000122	0	0
2.45800000000054	0.286000000000058	5.74699999999939	0	0
2.51500000000033	0.244000000000028	5.72299999999996	0	0
2.83600000000024	0.402999999999906	6.51500000000124	0	0
2.55599999999959	0.190000000000055	5.43499999999949	0	0
2.65799999999945	0.350999999999999	6.03500000000167	0	0
2.73799999999937	0.402000000000044	6.36700000000019	0	0
2.40700000000015	0.218000000000075	5.41200000000026	0	0
2.45199999999932	0.0989999999999327	5.1260000000002	0	0
2.63199999999961	0.286999999999921	5.98899999999958	0	0
2.76800000000003	0.509000000000015	6.67599999999948	0	0
2.6230000000005	0.252000000000066	6.02299999999923	0	0
2.33600000000024	0.224000000000046	4.82799999999952	0	0
2.98899999999958	0.29099999999994	6.22799999999916	0	0
2.43299999999999	0.216000000000008	5.29100000000108	0	0
2.5630000000001	0.29200000000003	5.81999999999971	0	0
2.50399999999991	0.223999999999933	5.48799999999937	0	0
2.46699999999964	0.213999999999942	5.53699999999844	0	0
2.49600000000009	0.168999999999983	5.46800000000076	0	0
2.63900000000012	0.430999999999926	6.13400000000001	0	0
2.41000000000076	0.339000000000055	5.3119999999999	0	0
2.48099999999977	0.206000000000017	5.22400000000016	0	0
2.89499999999953	0.490000000000009	6.27399999999943	0	0
2.64599999999973	0.355000000000018	5.94900000000052	0	0
2.2559999999994	0.125	4.67200000000048	0	0
2.72400000000016	0.289999999999964	6.46600000000035	0	0
2.36200000000008	0.172000000000025	5.43599999999969	0	0
2.55500000000029	0.220000000000027	5.25600000000122	0	0
2.60400000000027	0.222999999999956	5.44900000000052	0	0
5.36799999999948	0.873000000000047	12.7870000000003	0	0
2.72800000000007	0.356999999999971	6.01900000000023	0	0
2.35300000000007	0.0910000000000082	4.59599999999955	0	0
2.53500000000076	0.379000000000019	5.64899999999943	0	0
2.72699999999986	0.240999999999985	5.8760000000002	0	0
2.46600000000035	0.263000000000034	5.46500000000015	0	0
2.53700000000026	0.259000000000015	5.77900000000045	0	0
2.79299999999967	0.259999999999991	5.77099999999882	0	0
2.92299999999977	0.427999999999997	6.54399999999987	0	0
2.93299999999999	0.152000000000044	5.93100000000049	0	0
2.86300000000028	0.391000000000076	6.34799999999996	0	0
2.71600000000035	0.460000000000036	6.13699999999881	0	0
2.90799999999945	0.560000000000059	6.91599999999926	0	0
2.49099999999999	0.212999999999965	5.04099999999926	0	0
2.52800000000025	0.27800000000002	5.38299999999981	0	0
2.5029999999997	0.216000000000008	5.49200000000019	0	0
2.37199999999939	0.122999999999934	5.09000000000015	0	0
2.53700000000026	0.153999999999996	5.26700000000164	0	0
2.47199999999975	0.431999999999903	5.73599999999897	0	0
2.83199999999943	0.502999999999929	6.46900000000096	0	0
3.20600000000013	0.615000000000009	7.59600000000137	0	0
3.00799999999981	0.703999999999951	7.46600000000035	0	0
2.84100000000035	0.485000000000014	6.64300000000003	0	0
2.64400000000023	0.327999999999975	5.51499999999942	0	0
2.50200000000041	0.40300000000002	5.71600000000035	0	0
2.80799999999999	0.575000000000045	6.59600000000137	0	0
2.64899999999943	0.476999999999975	6.09100000000035	0	0
2.58500000000004	0.329999999999927	5.87799999999879	0	0
2.88799999999992	0.38900000000001	6.53000000000065	0	0
2.74000000000069	0.505999999999972	6.496000000001	0	0
2.77000000000044	0.557000000000016	6.78000000000065	0	0
2.6260000000002	0.425999999999931	5.83799999999974	0	0
2.86799999999948	0.601999999999975	6.96600000000035	0	0
2.58500000000004	0.42999999999995	6.08899999999994	0	0
2.66700000000037	0.530999999999949	6.625	0	0
2.45499999999993	0.270999999999958	5.83300000000054	0	0
2.46399999999994	0.307999999999993	5.53399999999965	0	0
2.39800000000014	0.248000000000047	5.23300000000017	0	0
5.18499999999949	0.526000000000067	11.3209999999999	0	0
2.35499999999956	0.187999999999988	5.1869999999999	0	0
2.36399999999958	0.171999999999912	5.10599999999977	0	0
2.47699999999986	0.408999999999992	5.67000000000007	0	0
2.52499999999964	0.472999999999956	5.90999999999985	0	0
2.5059999999994	0.358000000000061	5.84200000000055	0	0
2.51500000000033	0.485000000000014	6.02300000000105	0	0
2.88400000000001	0.424000000000092	6.55899999999929	0	0
2.56400000000031	0.294000000000096	5.89099999999962	0	0
2.42099999999937	0.173000000000002	4.9320000000007	0	0
2.18299999999999	0.157000000000039	4.65999999999985	0	0
2.75500000000011	0.51400000000001	6.46899999999914	0	0
5.07500000000073	0.481999999999971	10.8950000000004	0	0
2.49199999999928	0.245000000000005	5.48300000000017	0	0
2.6820000000007	0.625	6.19999999999891	0	0
2.52300000000014	0.262000000000057	5.62800000000061	0	0
3.0600000000004	0.482999999999947	7.17000000000007	0	0
2.65599999999995	0.460000000000036	6.27299999999923	0	0
2.77099999999973	0.269000000000005	5.98099999999977	0	0
2.35900000000038	0.250999999999976	5.29199999999946	0	0
2.91799999999967	0.365999999999985	6.27199999999903	0	0
7.73199999999997	0.852999999999952	16.8169999999991	0	0
2.26400000000012	0.119000000000028	4.84300000000076	0	0
2.97400000000016	0.433999999999969	6.8179999999993	0	0
2.91499999999996	0.469999999999914	6.57899999999972	0	0
2.48700000000008	0.216999999999985	5.58500000000095	0	0
2.78300000000036	0.557999999999993	6.80400000000009	0	0
2.30200000000059	0.180999999999926	4.87900000000081	0	0
2.18299999999999	0.0430000000000064	4.52099999999882	0	0
2.5010000000002	0.197999999999979	5.08600000000115	0	0
2.65200000000004	0.558999999999969	6.49099999999999	0	0
2.45600000000013	0.280999999999949	5.27299999999923	0	0
3.16499999999996	0.481000000000108	7.41899999999987	0	0
3.03200000000015	0.338999999999942	6.84599999999955	0	0
2.83699999999953	0.576000000000022	6.83300000000054	0	0
2.76299999999992	0.48599999999999	6.58899999999994	0	0
3.09000000000015	0.546000000000049	7.44700000000012	0	0
3.15899999999965	0.348999999999933	7.00900000000001	0	0
2.61799999999948	0.225999999999999	5.66399999999885	0	0
2.45899999999983	0.170000000000073	5.26800000000003	0	0
2.84199999999964	0.08299999999997	5.95199999999932	0	0
5.09199999999964	0.4849999999999	11.0960000000014	0	0
2.80400000000009	0.355999999999995	6.10099999999875	0	0
2.65399999999954	0.48599999999999	6.17799999999988	0	0
2.86800000000039	0.44399999999996	6.50799999999981	0	0
2.60999999999967	0.577999999999975	6.34100000000035	0	0
2.15399999999954	0.0559999999999263	4.22499999999854	0	0
2.15999999999985	0.0720000000000027	4.35199999999895	0	0
2.62100000000009	0.453999999999951	6.23500000000058	0	0
2.4989999999998	0.515999999999963	6.24099999999999	0	0
2.77499999999964	0.581999999999994	6.64400000000023	0	0
2.49399999999969	0.197999999999979	5.47999999999956	0	0
2.51399999999921	0.361999999999966	5.72299999999996	0	0
2.46099999999933	0.273000000000025	5.44399999999951	0	0
2.52099999999973	0.296999999999912	5.8119999999999	0	0
4.93000000000029	0.288999999999987	10.255000000001	0	0
2.64199999999983	0.476999999999975	6.04700000000048	0	0
5.68299999999999	0.613000000000056	12.875	0	0
2.23400000000038	0.13900000000001	4.63700000000063	0	0
3.72199999999975	0.359000000000037	7.78100000000086	0	0
2.89399999999932	0.670999999999935	6.97699999999895	0	0
2.39099999999962	0.192000000000007	4.95099999999911	0	0
3.07499999999982	0.379999999999995	7.02000000000044	0	0
2.6869999999999	0.310000000000059	5.75300000000061	0	0
2.4409999999998	0.275000000000091	5.62300000000141	0	0
2.58299999999963	0.354000000000042	5.1140000000014	0	0
4.48799999999937	0.30499999999995	9.56700000000092	0	0
5.66199999999935	0.583999999999946	12.473	0	0
2.63199999999961	0.579000000000065	6.52900000000045	0	0
2.75200000000041	0.524999999999977	6.15899999999965	0	0
2.81600000000071	0.32000000000005	5.99699999999939	0	0
2.67399999999998	0.458999999999946	6.29100000000108	0	0
2.48300000000017	0.260999999999967	5.47100000000137	0	0
3.15300000000025	0.460000000000036	7.11499999999978	0	0
2.64499999999953	0.605000000000018	6.36999999999898	0	0
2.81099999999969	0.682000000000016	6.84699999999975	0	0
2.42500000000018	0.159999999999968	5.21000000000095	0	0
2.4399999999996	0.306999999999903	5.43299999999908	0	0
2.30399999999918	0.240000000000009	5.25699999999961	0	0
2.48000000000047	0.145999999999958	5.19700000000012	0	0
2.29500000000007	0.169999999999959	4.90699999999924	0	0
2.50399999999991	0.243000000000052	5.10599999999977	0	0
2.96199999999953	0.115000000000009	6.23500000000058	0	0
2.44000000000051	0.156000000000063	5.23199999999997	0	0
2.16400000000067	0.202999999999975	4.76899999999841	0	0
2.27700000000004	0.199999999999932	4.76499999999942	0	0
2.48499999999967	0.270999999999958	5.60800000000017	0	0
2.53399999999965	0.244000000000028	5.62900000000081	0	0
2.52199999999993	0.305000000000064	5.85000000000036	0	0
2.38100000000031	0.147999999999911	4.92100000000028	0	0
2.40700000000015	0.175999999999931	5.30600000000049	0	0
2.58100000000013	0.353999999999928	6	0	0
2.34099999999944	0.235000000000014	4.92500000000109	0	0
2.37700000000041	0.163999999999987	5.01100000000042	0	0
3.55799999999999	0.524000000000001	8.20499999999993	0	0
2.51900000000023	0.229000000000042	5.77200000000084	0	0
2.60099999999966	0.319999999999936	5.87400000000162	0	0
2.4989999999998	0.204000000000065	5.4940000000006	0	0
2.85599999999977	0.40300000000002	6.6349999999984	0	0
2.75500000000011	0.520999999999958	6.61499999999978	0	0
2.27199999999993	0.152000000000044	4.83799999999974	0	0
2.20100000000002	0.0540000000000873	4.39899999999943	0	0
2.52300000000014	0.245999999999981	5.65899999999965	0	0
2.76400000000012	0.441000000000031	6.28200000000106	0	0
2.77000000000044	0.587999999999965	6.81599999999889	0	0
5.41400000000067	0.384000000000015	11.6630000000005	0	0
2.65100000000075	0.27800000000002	5.77299999999923	0	0
2.42600000000039	0.156999999999925	5.25799999999981	0	0
3.19200000000001	0.180999999999926	6.4320000000007	0	0
2.47699999999986	0.158999999999992	5.25900000000001	0	0
2.7519999999995	0.465000000000032	6.37699999999859	0	0
2.34100000000035	0.22300000000007	5.29199999999946	0	0
5.37899999999991	0.828999999999951	12.1130000000012	0	0
2.72599999999966	0.312999999999988	6.2450000000008	0	0
2.51599999999962	0.257999999999925	5.70000000000073	0	0
2.38400000000001	0.268000000000029	5.375	0	0
2.49399999999969	0.192999999999984	5.46500000000015	0	0
2.27300000000014	0.191000000000031	5.05199999999968	0	0
2.70499999999993	0.149000000000001	5.75400000000081	0	0
2.52199999999993	0.154999999999973	5.5109999999986	0	0
2.71600000000035	0.418000000000006	6.00900000000001	0	0
2.62899999999991	0.479000000000042	6.18599999999969	0	0
2.53700000000026	0.469999999999914	6.10399999999936	0	0
2.64500000000044	0.444999999999936	6.19500000000153	0	0
2.64499999999953	0.217000000000098	5.24199999999837	0	0
5.52500000000055	0.468000000000075	11.8160000000007	0	0
3.02999999999975	0.405999999999949	6.6919999999991	0	0
2.50500000000011	0.196000000000026	5.49099999999999	0	0
2.37700000000041	0.297000000000025	5.11700000000019	0	0
3.01800000000003	0.566000000000031	6.57699999999932	0	0
5.60000000000036	0.795999999999935	9.19399999999951	0	0
2.68100000000049	0.269999999999982	4.38199999999961	0	0
2.8730000000005	0.716999999999985	4.88799999999901	0	0
4.97799999999916	0.697999999999979	7.48999999999978	0	0
2.75900000000001	0.422000000000025	4.20799999999872	0	0
2.99499999999989	0.311000000000035	4.10900000000038	0	0
3.1899999999996	0.54200000000003	4.58699999999953	0	0
2.48599999999988	0.0439999999999827	3.4380000000001	0	0
4.32399999999961	0.483999999999924	5.04999999999927	0	0
2.2489999999998	0.103000000000065	2.95199999999932	0	0
2.08500000000004	0.0740000000000691	2.43299999999908	0	0
5.83300000000054	0.69399999999996	8.128999999999	0	0
4.6269999999995	0.591999999999985	6.15099999999984	0	0
2.22499999999945	0.158000000000015	3.08499999999913	0	0
2.47299999999996	0.197999999999979	3.08599999999933	0	0
2.65999999999985	0.160999999999945	3.85499999999956	0	0
2.13400000000001	0.0910000000000082	3.09799999999996	0	0
2.27999999999975	0.302999999999997	3.31000000000131	0	0
2.17900000000009	0.171000000000049	2.72199999999975	0	0
2.48600000000079	0.385999999999967	3.6200000000008	0	0
2.20399999999972	0.128999999999905	2.90299999999843	0	0
2.81800000000021	0.156000000000063	3.48600000000079	0	0
2.3809999999994	0.151000000000067	3.09000000000015	0	0
2.38600000000042	0.424000000000092	3.51999999999862	0	0
2.94300000000021	0.421999999999912	4.27499999999964	0	0
3.11499999999978	0.30600000000004	4.22600000000057	0	0
2.36599999999999	0.375	3.26900000000023	0	0
2.27599999999984	0.236999999999966	2.90200000000004	0	0
2.11300000000028	0.0739999999999554	2.78300000000127	0	0
2.63000000000011	0.32000000000005	3.94200000000092	0	0
3.07200000000012	0.265999999999963	4.22299999999996	0	0
3.41899999999987	0.664999999999964	5.4330000000009	0	0
3.17100000000028	0.25100000000009	4.25900000000001	0	0
4.74200000000019	0.386999999999944	6.26900000000023	0	0
4.37800000000061	0.126999999999953	5.8119999999999	0	0
3.20899999999983	0.31899999999996	4.42399999999907	0	0
2.18599999999969	0.0839999999999463	2.78499999999985	0	0
2.39399999999932	0.278999999999996	3.26900000000023	0	0
2.21599999999944	0.176000000000045	2.99499999999898	0	0
2.45399999999972	0.228000000000065	3.51699999999983	0	0
2.26100000000042	0.0670000000000073	2.72999999999956	0	0
2.34199999999964	0.115000000000009	3.23099999999977	0	0
2.26499999999942	0.124000000000024	3.14599999999882	0	0
2.46699999999964	0.248000000000047	3.41499999999905	0	0
2.51900000000023	0.36099999999999	3.53400000000147	0	0
2.64399999999932	0.189999999999941	3.60199999999895	0	0
2.52199999999993	0.278999999999996	3.5630000000001	0	0
3.18199999999979	0.206000000000017	4.03099999999904	0	0
4.85900000000038	0.599000000000046	5.26599999999962	0	0
2.50399999999991	0.244000000000028	2.69300000000112	0	0
2.50999999999931	0.475000000000023	2.78999999999905	0	0
2.26800000000003	0.119000000000028	2.16400000000067	0	0
2.28999999999996	0.303999999999974	2.46800000000076	0	0
2.19500000000062	0.227999999999952	2.48899999999958	0	0
2.33199999999943	0.162000000000035	2.25200000000041	0	0
2.36000000000058	0.27800000000002	2.45600000000013	0	0
4.52099999999973	0.448000000000093	4.74799999999959	0	0
2.27899999999954	0.184999999999945	2.40400000000045	0	0
2.41100000000006	0.524000000000001	2.44999999999891	0	0
2.38999999999942	0.169999999999959	2.42299999999886	0	0
2.41899999999987	0.126999999999953	2.49700000000121	0	0
2.44200000000001	0.153999999999996	2.46000000000095	0	0
2.36299999999937	0.232999999999947	2.46899999999914	0	0
4.875	0.347999999999956	4.76599999999962	0	0
2.3739999999998	0.139999999999986	2.39399999999841	0	0
