3.007	0.944999999999999	2.762	0	0
3.574	1.913	3.095	0	0
2.708	1.128	2.828	0	0
3.004	1.314	2.991	0	0
3.096	2.391	2.606	0	0
2.665	1.031	2.624	0	0
2.874	1.051	2.798	0	0
3.749	2.151	3.409	0	0
3.60300000000001	1.59099999999999	3.191	0	0
3.584	1.59	2.938	0	0
3.125	1.411	2.82899999999999	0	0
3.79600000000001	2.426	3.16800000000001	0	0
2.988	1.667	2.711	0	0
3.8	1.27	3.205	0	0
3.13200000000001	0.997	2.617	0	0
3.506	1.056	3.214	0	0
2.994	1.41	2.71299999999999	0	0
3.654	2.137	3.006	0	0
3.21299999999999	1.52000000000001	2.726	0	0
2.83999999999997	1.166	2.55199999999999	0	0
3.518	1.489	3.084	0	0
3.19800000000001	1.871	2.91200000000001	0	0
3.02000000000001	1.3	2.80200000000002	0	0
3.214	2.008	2.541	0	0
3.15000000000001	1.515	2.78099999999998	0	0
3.339	1.18900000000001	2.88200000000001	0	0
2.958	1.355	2.53	0	0
2.99499999999998	1.405	2.61199999999999	0	0
2.458	0.704999999999998	2.52499999999998	0	0
3.24299999999999	2.411	2.637	0	0
2.40700000000001	0.869	2.55599999999998	0	0
2.51300000000001	0.436000000000007	2.52000000000001	0	0
2.738	0.900000000000006	2.68699999999998	0	0
3.596	1.13	3.26100000000002	0	0
3.57900000000001	1.61	3.03	0	0
3.65600000000001	1.49499999999999	3.07499999999999	0	0
3.577	2.291	3.12799999999999	0	0
3.33699999999999	1.73699999999999	2.75	0	0
2.983	1.053	2.63500000000005	0	0
3.17699999999996	1.172	2.79199999999997	0	0
3.70499999999998	2.05100000000002	3.346	0	0
2.71600000000001	1.154	2.79400000000004	0	0
2.64700000000005	1.352	2.76999999999998	0	0
2.79899999999998	1.16800000000001	2.786	0	0
2.93900000000002	1.489	2.69999999999999	0	0
2.67000000000002	0.546000000000021	2.60600000000005	0	0
3.56900000000002	1.43300000000002	3.28700000000003	0	0
2.82499999999999	1.44500000000002	2.601	0	0
3.14299999999997	1.696	2.67099999999999	0	0
2.51100000000002	0.855999999999995	2.29399999999998	0	0
2.67099999999999	0.460000000000008	2.56200000000001	0	0
3.44499999999999	2.46600000000001	2.75200000000001	0	0
3.62700000000001	2.14500000000001	3.06400000000002	0	0
3.39400000000001	1.22799999999998	2.92900000000003	0	0
2.77800000000002	0.745000000000005	2.69400000000002	0	0
3.41399999999999	1.17699999999999	3.21600000000001	0	0
3.18199999999996	0.889999999999986	2.935	0	0
3.35000000000002	1.83800000000002	2.875	0	0
2.90100000000001	1.666	2.54700000000003	0	0
2.68000000000001	0.783999999999992	2.81	0	0
2.90099999999995	1.06800000000001	2.608	0	0
3.88499999999999	3.47	3.40100000000001	0	0
3.03899999999999	0.871000000000009	3.02999999999997	0	0
2.51300000000003	0.798000000000002	2.71200000000005	0	0
3.23399999999998	1.11799999999999	2.64699999999999	0	0
3.31099999999998	1.79399999999998	3.01100000000002	0	0
3.12700000000001	1.762	2.80799999999999	0	0
3.12900000000002	1.58800000000002	2.85599999999999	0	0
2.87899999999996	1.51900000000001	2.79599999999999	0	0
2.52100000000002	0.688999999999993	2.70600000000002	0	0
3.04899999999998	0.620999999999981	2.774	0	0
3.58100000000002	1.91499999999999	3.16699999999997	0	0
3.19400000000007	1.29400000000001	2.78100000000001	0	0
3.21500000000003	1.98499999999999	2.94	0	0
3.25199999999995	1.40199999999999	2.97699999999998	0	0
3.11099999999999	1.274	3.07799999999997	0	0
3.07799999999997	1.61000000000001	2.81	0	0
3.39999999999998	1.584	2.94000000000005	0	0
3.06899999999996	1.12900000000002	2.86900000000003	0	0
3.31600000000003	1.39300000000003	3.11700000000008	0	0
3.45300000000009	1.52100000000002	3.03599999999994	0	0
3.32100000000003	1.82299999999998	3.10800000000006	0	0
3.24599999999998	1.34699999999998	2.91600000000005	0	0
2.94600000000003	1.363	2.91099999999994	0	0
2.60399999999993	1.452	2.45100000000002	0	0
3.15099999999995	1.77699999999999	2.91800000000001	0	0
2.56799999999998	0.999000000000024	2.45299999999997	0	0
3.18700000000001	2.15999999999997	2.57000000000005	0	0
2.77200000000005	1.05599999999998	2.84100000000001	0	0
2.95799999999997	1.19299999999998	2.88299999999992	0	0
2.80899999999997	0.807000000000016	2.57799999999997	0	0
2.73099999999999	0.783999999999992	2.62700000000007	0	0
2.63199999999995	1.08100000000002	2.63100000000009	0	0
2.99599999999998	1.709	2.54200000000003	0	0
2.99799999999993	1.73899999999998	2.77699999999993	0	0
2.74799999999993	0.757000000000005	2.67399999999998	0	0
2.37800000000004	0.616999999999962	2.48299999999995	0	0
2.63600000000008	0.824000000000012	2.57799999999997	0	0
3.15800000000002	1.92399999999998	2.81799999999998	0	0
3.40200000000004	1.339	2.79999999999995	0	0
2.66800000000001	0.909999999999968	2.64100000000008	0	0
3.36899999999991	1.21000000000004	2.87800000000004	0	0
3.56299999999999	2.53399999999999	2.83399999999995	0	0
2.88999999999999	1.30899999999997	2.6400000000001	0	0
2.75599999999997	1.17700000000002	2.47299999999996	0	0
3.16800000000001	1.529	2.69499999999994	0	0
2.84199999999998	1.39300000000003	2.90099999999995	0	0
3.65299999999991	2.38099999999997	3.09199999999998	0	0
2.99699999999996	1.80599999999998	2.77999999999997	0	0
3.8309999999999	0.963000000000022	3.71000000000004	0	0
3.08300000000008	1.69499999999999	2.60900000000004	0	0
2.91300000000001	1.79199999999997	2.73599999999999	0	0
2.68700000000001	1.315	2.601	0	0
3.58100000000002	1.51499999999999	3.32799999999997	0	0
3.14699999999993	1.49799999999999	3.072	0	0
3.57500000000005	1.13499999999999	3.65599999999995	0	0
3.16699999999992	1.13799999999998	2.803	0	0
2.82000000000005	0.551999999999964	2.78700000000003	0	0
2.98099999999999	0.743999999999971	3.06200000000001	0	0
3.21199999999999	1.45799999999997	3.07600000000002	0	0
3.76300000000003	2.45499999999998	3.221	0	0
3.303	1.63200000000001	3.23500000000001	0	0
3.25099999999998	1.36700000000002	2.80200000000002	0	0
4.04100000000005	2.06299999999999	3.66200000000003	0	0
3.29700000000003	1.33499999999998	3.10399999999993	0	0
3.226	1.10700000000003	2.97399999999993	0	0
3.11199999999997	1.548	2.846	0	0
3.01299999999992	0.68100000000004	2.83299999999997	0	0
2.81799999999998	1.08499999999998	2.61199999999997	0	0
2.83600000000001	1.35599999999999	2.72899999999993	0	0
3.00699999999995	1.637	2.745	0	0
3.22300000000007	1.178	3.12599999999998	0	0
3.56299999999999	1.86400000000003	3.08299999999997	0	0
2.63299999999992	1.096	2.42099999999994	0	0
2.83100000000002	2.07499999999999	2.5150000000001	0	0
2.92700000000002	1.69200000000001	2.64599999999996	0	0
2.99599999999998	1.47399999999999	2.61500000000001	0	0
2.78899999999999	1.70400000000001	2.45000000000005	0	0
2.75	1.83600000000001	2.59300000000007	0	0
3.07599999999991	2.77600000000001	2.73799999999994	0	0
2.87099999999998	1.137	2.57300000000009	0	0
2.61899999999991	0.827000000000055	2.72500000000002	0	0
3.45699999999988	2.75600000000003	2.86500000000001	0	0
2.83699999999999	1.19799999999998	2.40300000000002	0	0
3.2360000000001	1.20999999999998	2.73599999999999	0	0
3.10500000000002	0.968000000000018	3.11500000000001	0	0
3.28800000000001	2.02999999999997	2.87	0	0
2.92399999999998	0.704999999999984	2.93399999999997	0	0
3.19000000000005	1.39100000000002	2.94499999999994	0	0
3.03199999999993	1.762	2.56599999999992	0	0
2.91499999999996	1.17599999999993	2.74099999999999	0	0
3.74000000000001	1.803	3.45000000000005	0	0
3.08500000000004	1.86599999999999	2.89599999999996	0	0
2.81999999999994	0.951999999999998	2.86900000000003	0	0
3.07600000000002	1.20800000000008	2.80200000000013	0	0
2.875	1.28200000000004	2.69000000000005	0	0
2.61899999999991	0.856999999999971	2.75700000000006	0	0
2.72600000000011	1.11799999999994	2.81099999999992	0	0
3.35500000000002	2.05499999999995	2.96300000000019	0	0
2.96299999999997	0.695999999999913	3.00199999999995	0	0
3.51699999999983	1.28500000000008	3.0630000000001	0	0
2.86600000000021	1.05099999999993	2.69800000000009	0	0
3.47299999999996	1.39700000000005	3.38300000000004	0	0
3.73299999999995	3.20800000000008	3.40000000000009	0	0
2.971	1.16100000000006	2.63199999999983	0	0
3.18000000000006	1.80200000000002	2.65099999999984	0	0
3.17600000000016	1.99900000000002	2.85900000000015	0	0
2.81899999999996	1.31599999999992	2.73199999999997	0	0
3.22000000000003	1.64599999999996	2.94699999999989	0	0
2.96000000000004	0.990999999999985	2.77599999999984	0	0
2.63000000000011	1.35400000000004	2.39799999999991	0	0
3.19100000000003	1.61299999999994	2.78699999999981	0	0
3.14099999999985	1.82299999999998	3.01299999999992	0	0
3.05500000000006	0.826000000000022	3.01900000000001	0	0
2.93100000000004	1.101	2.68399999999997	0	0
2.93000000000006	0.793000000000006	2.95800000000008	0	0
3.19999999999982	2.50400000000002	2.87900000000013	0	0
2.93299999999999	1.19299999999998	2.99399999999991	0	0
3.29200000000014	1.40999999999997	3.20100000000002	0	0
3.00500000000011	1.12299999999993	3.03099999999995	0	0
2.43999999999983	0.550000000000068	2.48000000000002	0	0
3.14599999999996	1.32500000000005	3.02099999999996	0	0
2.69800000000009	0.760999999999967	2.62300000000005	0	0
2.50900000000001	0.408999999999992	2.38900000000012	0	0
3.72399999999993	3.125	3.12599999999998	0	0
3.01600000000008	1.00599999999997	3.02499999999986	0	0
3.45900000000006	1.33199999999999	3.23699999999985	0	0
3.202	1.60799999999995	2.84500000000003	0	0
3.00799999999981	0.892000000000053	2.87599999999998	0	0
3.17699999999991	1.12300000000005	2.94000000000005	0	0
3.19600000000014	1.74799999999993	2.94900000000007	0	0
2.798	0.697999999999979	2.78500000000008	0	0
3.29299999999989	2.56700000000001	2.89699999999993	0	0
3.55999999999995	1.88099999999997	3.02099999999996	0	0
3.42200000000003	1.01200000000006	3.03800000000001	0	0
3.01600000000008	1.13199999999995	2.58499999999981	0	0
3.29999999999995	1.726	2.82999999999993	0	0
3.61500000000001	1.55599999999993	3.22000000000003	0	0
2.6110000000001	0.606999999999971	2.44399999999996	0	0
3.49800000000005	2.74400000000003	3.14300000000003	0	0
3.87699999999995	1.40800000000002	3.26700000000005	0	0
3.471	1.27200000000005	3.16599999999994	0	0
3.26099999999997	1.298	3.05399999999986	0	0
3.25999999999999	1.76400000000001	2.93200000000002	0	0
3.67499999999995	1.38900000000001	3.28300000000013	0	0
2.95800000000008	1.70100000000002	2.95299999999997	0	0
2.75599999999986	0.791999999999916	2.84400000000005	0	0
2.81600000000003	1.2349999999999	2.85500000000002	0	0
3.27400000000011	2.03999999999996	2.90300000000002	0	0
3.44900000000007	2.41700000000003	2.86200000000008	0	0
3.78199999999993	2.48799999999994	3.17599999999993	0	0
3.18100000000004	1.65800000000002	2.80400000000009	0	0
2.85400000000004	1.36899999999991	2.63000000000011	0	0
2.54199999999992	0.961999999999989	2.46900000000005	0	0
2.8309999999999	1.245	2.7349999999999	0	0
3.26099999999997	1.529	3.00399999999991	0	0
2.92200000000003	0.466999999999985	2.827	0	0
2.89400000000001	0.987999999999943	2.77200000000016	0	0
2.63300000000004	1.15600000000006	2.68299999999999	0	0
3.19500000000016	1.173	2.6880000000001	0	0
3.00200000000018	1.24899999999991	2.798	0	0
2.93199999999979	1.52299999999991	2.72999999999979	0	0
3.32500000000005	1.15699999999993	3.17600000000016	0	0
2.89200000000005	0.975999999999999	2.67000000000007	0	0
2.94700000000012	1.20500000000004	2.75300000000016	0	0
3.21199999999999	1.61799999999994	2.65599999999995	0	0
3.43399999999997	0.836999999999989	3.19499999999994	0	0
2.91300000000001	1.05000000000007	2.80600000000004	0	0
3.38200000000006	1.10500000000002	3.37000000000012	0	0
3.16599999999994	1.68299999999999	2.75099999999998	0	0
2.82799999999997	1.22500000000002	2.82799999999997	0	0
2.70800000000008	0.94500000000005	2.78699999999981	0	0
2.73000000000002	1.20000000000005	2.68299999999999	0	0
2.77500000000009	1.45299999999997	2.89300000000003	0	0
2.97299999999996	1.19500000000005	2.83499999999981	0	0
2.81899999999996	1.01900000000001	2.84099999999989	0	0
3.29700000000003	1.55600000000004	3.27399999999989	0	0
2.625	1.19600000000003	2.73699999999985	0	0
3.4079999999999	1.69800000000009	3.01700000000005	0	0
3.39899999999989	1.01900000000001	3.01200000000017	0	0
2.71000000000004	1.25199999999995	2.77199999999993	0	0
3.27300000000014	1.30399999999997	3.00900000000001	0	0
2.77300000000014	1.20699999999999	2.67700000000013	0	0
2.65300000000002	0.802999999999997	2.70699999999988	0	0
2.69100000000003	1.09799999999996	2.87300000000005	0	0
2.91000000000008	2.21999999999991	2.84800000000018	0	0
3.01099999999997	1.43899999999996	2.85699999999997	0	0
2.96299999999997	1.11199999999997	2.68700000000013	0	0
2.96499999999992	1.52700000000004	2.80299999999988	0	0
2.55600000000004	0.868000000000052	2.39400000000001	0	0
2.62200000000007	1.46799999999996	2.67100000000005	0	0
2.93200000000002	1.49900000000002	2.80899999999997	0	0
3.72600000000011	1.82500000000005	3.26800000000003	0	0
2.82399999999984	0.883000000000038	2.70800000000008	0	0
2.77800000000002	1.36900000000003	2.74900000000002	0	0
2.94200000000001	1.59100000000001	2.71100000000001	0	0
2.51599999999985	0.4849999999999	2.46800000000007	0	0
2.97299999999996	1.27299999999991	2.577	0	0
2.93900000000008	1.22900000000004	2.45299999999997	0	0
2.64399999999978	0.702999999999975	2.5619999999999	0	0
3.173	0.969000000000051	2.94499999999994	0	0
3.18899999999985	1.71399999999994	2.97899999999981	0	0
3.16800000000012	1.19899999999996	3.04899999999998	0	0
2.69499999999994	1.08699999999999	2.73900000000003	0	0
2.80600000000004	0.733999999999924	2.83600000000001	0	0
3.2360000000001	1.13599999999997	2.84399999999982	0	0
3.10500000000002	1.71399999999994	2.74299999999994	0	0
3.51700000000005	1.75699999999995	3.0139999999999	0	0
2.88699999999994	1.65800000000002	2.74000000000001	0	0
3.08400000000006	1.20500000000004	2.83299999999986	0	0
3.31700000000001	1.55399999999997	3.00199999999995	0	0
2.45499999999993	0.793000000000006	2.41100000000006	0	0
2.81400000000008	1.12	2.702	0	0
2.75900000000001	1.25700000000006	2.59799999999996	0	0
3.43799999999987	1.322	3.27199999999993	0	0
2.77600000000007	1.36800000000005	2.82899999999995	0	0
2.73099999999999	1.40499999999997	2.55600000000004	0	0
2.68999999999983	0.769000000000005	2.81600000000003	0	0
2.60100000000011	0.66700000000003	2.7360000000001	0	0
2.6400000000001	0.781000000000063	2.59899999999993	0	0
2.58300000000008	1.25099999999998	2.40999999999985	0	0
2.81700000000001	1.48300000000006	2.61799999999994	0	0
3.49199999999996	2.15700000000004	2.89599999999996	0	0
3.15000000000009	1.49400000000003	2.74299999999994	0	0
2.75900000000001	1.40899999999999	2.7829999999999	0	0
2.95299999999997	0.938999999999965	2.68499999999995	0	0
2.78499999999985	1.47000000000003	2.56500000000005	0	0
3.68899999999985	2.34199999999998	3.06400000000008	0	0
2.70600000000013	1.21100000000001	2.61800000000017	0	0
2.55799999999999	0.92999999999995	2.75600000000009	0	0
2.9989999999998	1.02999999999997	2.78099999999995	0	0
3.07099999999991	0.65300000000002	2.77400000000011	0	0
2.54599999999982	0.480000000000018	2.58600000000001	0	0
3.07400000000007	1.173	2.83699999999999	0	0
2.97199999999975	0.924999999999955	2.95799999999986	0	0
2.61500000000024	0.755999999999972	2.51800000000003	0	0
3.404	1.53300000000002	2.78700000000003	0	0
3.25900000000001	1.7639999999999	3.18100000000004	0	0
3.49800000000005	1.47799999999995	2.91599999999994	0	0
3.20900000000029	1.68799999999999	2.89100000000008	0	0
3.55699999999979	1.44799999999998	3.26200000000017	0	0
2.971	1.399	2.71100000000001	0	0
3.4079999999999	1.42200000000003	2.79999999999995	0	0
3.00500000000011	1	2.77600000000007	0	0
2.94700000000012	0.886999999999944	2.77300000000014	0	0
3.36399999999958	1.67999999999995	2.94499999999994	0	0
3.48100000000022	0.94500000000005	3.42200000000003	0	0
3.42200000000003	2.779	3.09799999999996	0	0
3.13900000000012	1.48799999999994	2.64499999999998	0	0
2.87300000000005	1.08800000000008	2.97199999999998	0	0
3.09799999999996	1.55600000000004	2.85199999999986	0	0
2.73799999999983	0.957000000000107	2.82299999999987	0	0
3.50699999999961	0.924999999999955	3.19899999999961	0	0
3.47299999999996	1.923	2.95100000000002	0	0
3.36900000000014	1.35600000000022	2.99800000000005	0	0
3.8449999999998	1.8420000000001	3.47400000000016	0	0
2.92700000000013	1.3159999999998	2.75699999999961	0	0
2.92900000000009	0.951999999999998	2.66000000000031	0	0
3.35599999999977	2.71499999999992	2.86200000000008	0	0
3.02800000000025	0.996999999999844	2.779	0	0
3.55600000000004	1.10599999999999	3.51000000000022	0	0
3.56399999999985	2.21599999999989	3.05099999999993	0	0
4.04199999999992	2.14400000000001	3.5920000000001	0	0
3.19000000000005	1.798	2.85500000000002	0	0
3.33399999999983	1.69499999999994	2.80999999999995	0	0
2.94499999999971	0.912000000000035	2.97800000000007	0	0
3.36099999999988	1.05199999999991	3.04399999999987	0	0
3.15599999999995	1.87999999999988	2.86400000000003	0	0
3.13299999999981	2.40699999999993	3.02700000000004	0	0
3.03900000000021	1.99900000000002	2.72699999999986	0	0
2.53700000000026	0.564000000000078	2.42899999999963	0	0
2.74099999999999	1.32799999999997	2.56799999999976	0	0
2.71300000000019	0.98700000000008	2.55799999999999	0	0
3.48300000000017	1.76699999999983	2.90200000000004	0	0
3.28999999999996	1.02800000000002	3.34299999999985	0	0
2.87199999999984	1.70499999999993	2.66499999999996	0	0
2.97399999999971	1.19500000000016	2.99800000000005	0	0
2.88300000000027	1.28800000000001	2.75599999999986	0	0
3.23199999999997	1.15900000000011	2.84899999999971	0	0
2.98100000000022	0.798000000000002	3.01499999999987	0	0
3.60499999999956	1.346	3.19699999999966	0	0
3.28800000000001	2.58999999999992	2.9369999999999	0	0
2.98000000000002	1.73700000000008	2.73799999999983	0	0
3.23900000000003	1.19100000000003	2.87000000000035	0	0
2.98399999999992	0.890999999999849	2.84400000000005	0	0
3.09099999999989	1.34199999999987	2.90999999999985	0	0
3.16300000000001	0.911000000000058	3.10199999999986	0	0
3.15099999999984	1.39800000000014	3.02700000000004	0	0
3.27199999999993	1.51300000000015	2.79700000000003	0	0
3.18599999999969	1.63400000000001	2.82700000000023	0	0
4.23299999999972	1.84199999999987	3.82900000000018	0	0
2.84099999999989	1.19900000000007	2.6840000000002	0	0
3.17700000000013	1.39100000000008	2.72699999999986	0	0
3.46599999999989	1.84500000000003	3.11500000000024	0	0
3.58199999999988	1.76299999999992	3.22800000000007	0	0
3.47800000000007	1.94900000000007	3.11900000000014	0	0
3.3159999999998	1.05799999999999	2.9670000000001	0	0
3.22900000000027	1.43799999999987	2.92200000000003	0	0
4.00599999999986	1.61899999999991	3.67399999999998	0	0
3.6579999999999	1.654	3.34900000000016	0	0
3.1569999999997	2.029	2.7199999999998	0	0
3.23000000000002	1.85500000000002	2.75700000000006	0	0
3.3760000000002	1.86799999999994	2.97400000000016	0	0
2.65200000000004	1.45299999999997	2.72199999999975	0	0
2.82299999999987	1.04300000000012	2.93899999999985	0	0
3.27200000000039	2.06500000000005	2.84799999999996	0	0
2.85899999999992	1.51299999999992	2.78999999999996	0	0
2.70100000000002	0.737999999999829	2.55700000000024	0	0
3.23799999999983	2.03499999999985	2.98900000000003	0	0
2.70100000000002	1.06600000000003	2.58600000000024	0	0
3.54799999999977	1.50500000000011	3.23800000000028	0	0
2.88700000000017	1.29500000000007	2.71100000000024	0	0
3.56399999999985	2.11199999999985	3.10199999999986	0	0
3.44800000000032	2.04199999999992	3.08899999999994	0	0
3.80399999999963	1.74299999999994	3.49099999999999	0	0
3.06800000000021	0.960000000000036	2.83699999999999	0	0
3.45499999999993	0.882000000000062	3.23599999999988	0	0
3.07799999999997	1.18299999999999	2.76399999999967	0	0
3.43700000000035	1.44100000000003	3	0	0
3.38000000000011	1.75200000000018	3.11000000000013	0	0
3.01099999999997	1.82499999999982	3.01099999999997	0	0
3.37899999999991	1.76800000000003	3.02600000000029	0	0
2.79899999999998	1.12400000000002	2.59299999999985	0	0
3.51600000000008	1.10799999999995	3.42999999999984	0	0
3.08100000000013	1.01800000000003	2.92399999999998	0	0
3.46199999999999	1.02800000000002	3.00499999999965	0	0
3.44100000000026	1.27800000000002	3.4369999999999	0	0
2.91499999999996	1.19599999999991	2.61999999999989	0	0
3.12899999999991	1.18900000000008	2.93100000000004	0	0
3.09099999999989	1.31999999999994	2.99600000000009	0	0
2.8739999999998	0.958999999999833	2.83300000000008	0	0
3.57899999999972	0.945999999999913	3.23799999999983	0	0
3.35500000000002	1.68299999999999	3.39000000000033	0	0
3.23500000000013	1.51199999999994	2.55600000000004	0	0
3.26200000000017	1.64499999999998	3.2800000000002	0	0
3.49499999999989	1.37599999999998	3.20299999999997	0	0
3.14800000000014	2.08100000000013	2.80700000000024	0	0
3.17700000000013	2.54399999999987	2.83400000000029	0	0
3.27700000000004	1.44800000000009	2.81399999999985	0	0
3.48199999999997	1.25300000000016	2.9409999999998	0	0
3.27500000000009	2.50700000000006	2.98199999999997	0	0
3.01099999999997	1.47600000000011	3.03099999999995	0	0
2.87900000000036	1.46199999999999	2.53099999999995	0	0
3.0619999999999	1.12300000000005	2.88900000000012	0	0
2.75	0.86200000000008	2.6880000000001	0	0
3.83300000000008	4.17900000000009	3.02700000000004	0	0
2.94500000000016	1.67600000000016	2.67200000000003	0	0
3.14199999999983	1.40800000000013	2.88900000000012	0	0
3.096	1.74699999999984	2.81899999999996	0	0
2.96900000000005	1.56600000000003	2.6899999999996	0	0
4.37300000000005	5.37200000000007	3.67300000000023	0	0
3.59799999999996	1.56099999999992	2.90899999999965	0	0
2.98700000000008	1.44899999999984	2.67500000000018	0	0
2.79500000000007	1.0809999999999	2.76999999999998	0	0
2.82699999999977	0.491999999999962	2.75900000000001	0	0
3.21399999999994	1.31799999999998	2.80699999999979	0	0
3.23699999999963	1.15000000000009	2.71100000000024	0	0
3.404	1.02399999999989	3.37900000000036	0	0
2.95100000000002	1.53899999999999	2.60500000000002	0	0
2.62099999999964	1.38999999999987	2.23999999999978	0	0
2.82000000000016	1.71800000000007	2.53800000000001	0	0
2.48399999999992	1.22499999999991	2.26600000000008	0	0
2.66600000000017	1.32900000000018	2.66699999999992	0	0
3.13999999999987	1.43899999999985	2.86400000000003	0	0
2.93100000000004	1.70800000000008	2.69200000000001	0	0
2.96500000000015	0.971000000000004	2.80000000000018	0	0
3.07499999999982	2.28600000000006	3.10300000000007	0	0
3.48299999999972	1.29200000000014	3.01199999999972	0	0
3.58699999999999	2.62000000000012	3.08699999999999	0	0
3.48700000000008	1.9219999999998	2.95899999999983	0	0
3.41499999999996	1.86300000000006	3.03699999999981	0	0
3.16400000000021	1.05200000000013	3.23500000000013	0	0
3.7510000000002	1.89400000000001	3.43000000000029	0	0
3.17199999999957	2.28700000000003	3.07999999999993	0	0
4.34199999999964	2.11899999999991	3.76099999999997	0	0
3.56700000000001	1.02299999999991	2.93900000000031	0	0
2.76899999999978	0.939000000000078	2.48900000000003	0	0
3.86100000000033	2.83400000000006	3.56800000000021	0	0
3.10100000000011	1.24200000000019	2.86299999999983	0	0
3.78900000000021	1.77600000000007	3.11500000000024	0	0
3.02199999999993	1.87900000000013	2.76699999999983	0	0
2.6579999999999	1.02700000000004	2.67200000000003	0	0
2.63999999999987	0.986999999999853	2.44800000000032	0	0
3.19700000000012	0.641000000000076	3.23799999999983	0	0
2.8090000000002	1.13099999999986	2.78800000000001	0	0
2.89900000000034	1.05099999999993	2.6869999999999	0	0
3.17700000000013	2.36500000000001	3.04500000000007	0	0
3.60399999999981	1.76999999999998	2.99399999999969	0	0
3.92300000000023	2.17400000000021	3.35500000000002	0	0
3.94599999999991	2.37200000000007	3.29300000000012	0	0
4.13299999999981	5.43499999999995	3.63700000000017	0	0
2.98599999999988	1.35699999999997	2.83500000000004	0	0
2.78600000000006	1.26099999999997	2.80799999999999	0	0
2.64600000000019	0.770999999999958	2.76600000000008	0	0
4.16300000000001	1.63499999999999	3.84099999999989	0	0
3.36599999999999	1.09300000000007	3.00999999999976	0	0
3.10399999999981	0.79099999999994	3.16799999999967	0	0
3.48800000000028	1.86500000000001	3.21399999999994	0	0
2.98200000000043	1.14100000000008	3.03999999999996	0	0
2.88200000000006	1.35500000000002	2.90999999999985	0	0
3.0359999999996	1.62000000000012	2.71199999999999	0	0
3.16000000000031	2.00900000000001	2.98999999999978	0	0
3.37699999999995	1.54700000000003	3.07600000000002	0	0
2.58400000000029	1.05999999999995	2.58399999999983	0	0
2.76299999999992	0.919000000000096	2.63300000000027	0	0
3.1239999999998	1.50900000000001	3.09999999999991	0	0
2.91200000000026	1.24800000000005	2.86400000000003	0	0
3.15200000000004	0.921000000000049	3.0949999999998	0	0
3.54500000000007	1.71499999999992	2.96199999999999	0	0
2.84000000000015	1.07499999999982	2.71000000000004	0	0
3.0619999999999	1.33500000000004	2.94900000000007	0	0
3.03900000000021	1.45399999999995	2.96599999999989	0	0
3.50199999999995	2.39800000000014	3.16699999999992	0	0
2.67000000000007	1.48300000000017	2.4409999999998	0	0
2.88200000000006	0.674999999999955	2.77099999999973	0	0
3.09400000000005	1.98099999999999	2.96600000000035	0	0
2.62300000000005	1.29199999999992	2.66600000000017	0	0
3.41799999999967	1.86899999999991	3.19599999999991	0	0
4.01000000000022	3.12899999999991	3.58600000000024	0	0
2.69500000000016	0.825000000000045	2.61200000000008	0	0
3.13900000000012	1.22700000000009	2.97299999999996	0	0
3.00300000000016	1.44399999999996	2.71199999999999	0	0
3.529	1.029	3.32499999999982	0	0
3.29099999999971	2.64200000000005	2.95200000000023	0	0
3.5939999999996	2.30299999999988	2.94000000000005	0	0
3.38899999999967	1.64400000000001	3.06799999999976	0	0
3.23799999999983	0.381000000000085	3.25700000000006	0	0
3.43899999999985	1.88699999999994	2.95499999999993	0	0
3.07900000000018	1.65000000000009	2.92000000000007	0	0
2.90100000000029	1.11400000000003	2.91499999999996	0	0
3.19200000000001	2.64400000000001	2.93600000000015	0	0
3.10600000000022	1.27099999999996	2.88700000000017	0	0
3.09799999999996	1.82099999999991	2.75399999999991	0	0
3.45499999999993	1.30099999999993	3.20100000000002	0	0
3.15000000000009	0.912999999999784	2.88999999999987	0	0
2.93299999999999	1.80600000000004	2.86799999999994	0	0
2.62300000000005	0.824000000000069	2.53699999999981	0	0
2.60600000000022	0.401999999999816	2.54400000000032	0	0
2.63200000000006	0.821999999999889	2.58800000000019	0	0
2.77199999999993	1.55899999999997	2.85800000000017	0	0
3.46100000000024	2.03099999999995	3.13099999999986	0	0
2.625	1.14200000000005	2.52000000000044	0	0
3.32200000000012	2.20799999999986	2.79899999999998	0	0
3.85199999999986	3.94399999999996	3.37699999999995	0	0
3.4079999999999	1.10599999999999	2.78700000000026	0	0
3.05999999999995	2.0630000000001	2.63600000000042	0	0
2.77300000000014	0.996000000000095	2.51400000000012	0	0
2.95799999999963	1.11999999999989	2.69999999999982	0	0
2.82199999999966	0.763000000000147	2.73700000000008	0	0
2.82199999999966	0.957000000000107	2.76400000000012	0	0
3.02600000000029	1.72800000000007	2.80000000000018	0	0
2.62899999999991	1.17700000000013	2.50599999999986	0	0
2.30999999999995	0.611999999999853	2.30299999999988	0	0
2.86700000000019	1.22600000000011	2.63400000000001	0	0
2.88999999999987	1.31200000000013	2.62199999999984	0	0
2.76600000000008	1.01099999999997	2.61899999999969	0	0
2.93399999999974	0.905999999999949	2.81799999999976	0	0
3.13999999999987	1.45500000000015	2.73700000000008	0	0
3.88700000000017	1.90800000000013	3.57099999999991	0	0
3.03200000000015	1.2639999999999	3.00099999999975	0	0
3.11699999999973	1.28800000000001	2.6869999999999	0	0
4.0329999999999	1.35300000000007	3.64200000000028	0	0
3.77099999999973	1.43100000000004	3.779	0	0
3.34700000000021	1.48099999999999	3.21199999999999	0	0
2.77700000000004	1.14100000000008	2.79500000000007	0	0
2.67200000000003	0.413999999999987	2.63099999999986	0	0
2.95600000000013	1.16599999999994	2.82699999999977	0	0
2.94499999999971	0.750999999999976	2.8430000000003	0	0
3.53800000000001	1.91200000000003	3.46900000000005	0	0
3.18499999999995	1.22199999999998	2.78899999999976	0	0
2.78899999999976	1.09400000000005	2.83599999999979	0	0
2.64300000000003	0.800999999999931	2.56800000000021	0	0
2.77199999999993	1.45700000000011	2.74399999999969	0	0
2.66699999999992	1.37100000000009	2.61200000000008	0	0
3.17799999999988	1.23299999999995	3.10599999999977	0	0
2.78999999999996	1.01600000000008	2.88099999999986	0	0
3.3720000000003	1.44399999999996	3.21499999999969	0	0
3.28500000000031	1.03899999999999	3.42200000000003	0	0
2.78999999999996	1.27499999999986	2.77700000000004	0	0
3.49900000000025	1.33300000000008	3.13099999999986	0	0
3.07699999999977	1.38699999999994	2.71799999999985	0	0
3.22199999999975	1.11300000000006	3.12100000000009	0	0
3.54099999999971	2.5150000000001	2.90599999999995	0	0
3.06600000000026	1.1400000000001	2.71299999999974	0	0
3.76900000000023	1.76000000000022	3.55299999999988	0	0
3.44799999999987	1.38599999999997	3.04700000000003	0	0
3.19700000000012	1.61900000000014	2.71399999999994	0	0
3.37800000000016	1.23700000000008	3.11599999999999	0	0
3.08299999999963	1.93100000000004	2.81500000000005	0	0
3.13100000000031	1.37900000000013	3.08100000000013	0	0
3.779	1.221	3.47800000000007	0	0
3.94100000000026	1.77599999999984	3.42000000000007	0	0
3.50900000000001	1.84099999999989	3.18899999999985	0	0
3.221	1.48099999999999	2.779	0	0
4.58299999999963	2.09799999999996	3.90800000000036	0	0
3.23699999999963	1.36300000000006	2.71900000000005	0	0
2.75700000000006	1.1869999999999	2.54599999999982	0	0
2.99200000000019	1.77100000000019	2.82000000000016	0	0
3.18299999999999	1.39700000000016	2.99000000000024	0	0
3.13200000000006	1.19700000000012	2.65000000000009	0	0
3.07499999999982	1.62599999999998	2.82200000000012	0	0
3.08999999999969	1.78199999999993	2.6550000000002	0	0
2.91200000000026	1.21800000000007	2.67099999999982	0	0
3.04300000000012	2.21799999999985	2.91899999999987	0	0
2.91400000000021	1.07799999999997	2.67499999999973	0	0
3.17599999999993	1.77800000000002	2.9670000000001	0	0
3.39799999999968	1.26299999999992	3.05799999999999	0	0
3.38400000000001	2.07999999999993	3.1579999999999	0	0
2.98000000000002	1.0440000000001	2.92799999999988	0	0
2.98599999999988	0.899000000000115	2.73599999999988	0	0
2.96199999999999	2.01099999999997	2.58699999999999	0	0
3.07800000000043	1.38300000000004	2.93100000000004	0	0
3.1239999999998	1.54199999999992	2.71799999999985	0	0
3.1239999999998	1.93399999999997	2.91699999999992	0	0
3.44700000000012	1.62599999999998	3.13799999999992	0	0
3.98099999999977	1.33200000000011	3.55099999999993	0	0
3.37899999999991	1.82499999999982	3.03099999999995	0	0
2.76599999999962	1.10699999999997	2.53499999999985	0	0
3.30000000000018	0.919999999999845	3.02999999999975	0	0
3.38200000000052	1.529	3.23700000000008	0	0
2.80500000000029	0.738000000000056	2.5949999999998	0	0
3.44499999999971	2.08300000000008	3.18600000000015	0	0
2.9340000000002	1.32899999999995	2.74399999999969	0	0
3.23700000000008	1.3119999999999	2.75700000000006	0	0
3.15800000000036	1.15599999999995	2.96100000000024	0	0
3.34400000000005	1.73599999999988	2.98599999999988	0	0
3.05699999999979	1.94000000000005	2.80600000000004	0	0
2.84299999999985	1.20700000000011	2.67299999999977	0	0
2.89300000000003	1.62000000000012	2.74299999999994	0	0
3.15400000000045	1.26199999999994	2.96000000000004	0	0
2.92799999999988	1.04600000000005	2.71699999999964	0	0
3.23800000000028	3.12699999999995	2.67999999999984	0	0
3.00200000000041	1.46800000000007	2.65599999999995	0	0
3.54199999999946	1.73299999999995	3.0329999999999	0	0
3.57899999999972	1.71199999999999	3.471	0	0
3.22500000000036	1.01299999999992	2.86099999999988	0	0
3.21299999999974	1.08600000000001	3.39899999999989	0	0
3.32500000000073	1.01199999999994	3.15899999999965	0	0
3.1239999999998	1.64400000000001	2.96000000000004	0	0
2.73000000000047	0.791999999999916	2.74099999999999	0	0
2.99000000000069	1.20299999999997	2.78200000000015	0	0
2.93599999999969	1.58900000000017	2.6869999999999	0	0
2.86300000000028	0.774000000000115	2.76199999999972	0	0
2.84900000000016	1.19100000000003	2.77700000000004	0	0
2.83600000000024	1.17100000000005	2.71199999999999	0	0
2.93099999999959	1.36300000000006	2.91899999999987	0	0
2.92199999999957	0.923999999999978	2.85799999999972	0	0
3.32700000000023	1.62800000000016	2.76899999999978	0	0
3.05799999999999	0.884000000000015	3.07699999999977	0	0
2.93900000000031	1.02500000000009	2.69300000000021	0	0
2.89500000000044	0.678000000000111	2.90999999999985	0	0
2.66399999999976	0.860000000000127	2.75800000000027	0	0
3.35699999999997	2.26900000000001	2.87100000000009	0	0
3.17900000000009	2.71199999999999	2.88500000000022	0	0
3.24200000000019	1.2510000000002	2.80300000000034	0	0
3.86700000000019	1.34099999999989	3.71100000000024	0	0
3.33600000000024	1.89799999999968	3.19700000000012	0	0
2.93299999999999	1.16499999999996	2.79799999999977	0	0
3.38699999999972	1.71799999999985	3.05199999999968	0	0
3.24600000000009	3.17599999999993	3.16199999999935	0	0
2.70899999999983	1.34500000000025	2.75799999999981	0	0
3.06800000000021	1.20199999999977	2.74300000000039	0	0
3.13100000000031	1.42000000000007	2.86599999999999	0	0
3.35300000000007	1.87300000000005	2.98599999999988	0	0
3.15599999999995	1.63000000000011	2.85699999999997	0	0
3.09999999999945	1.13900000000012	3.01400000000012	0	0
2.61599999999999	0.606999999999971	2.60599999999977	0	0
3.07200000000012	1.11000000000013	2.94500000000062	0	0
3.34000000000015	1.75900000000001	2.85599999999977	0	0
3.1820000000007	2.14699999999993	2.94999999999982	0	0
3.15200000000004	1.74699999999984	2.83600000000024	0	0
3.29299999999967	1.5920000000001	3.08600000000024	0	0
2.74499999999989	1.33899999999994	2.68099999999959	0	0
2.78399999999965	1.05299999999988	2.28099999999995	0	0
2.77599999999984	0.465000000000146	2.61499999999978	0	0
2.88799999999992	0.891000000000076	2.92200000000048	0	0
3.61599999999999	1.5930000000003	3.20700000000033	0	0
3.07200000000012	1.36000000000013	2.79700000000048	0	0
4.04500000000007	1.8090000000002	3.58300000000054	0	0
2.98099999999977	1.04599999999982	2.91799999999967	0	0
3.40300000000025	1.55599999999959	2.83199999999943	0	0
3.71699999999964	1.73600000000033	3.30500000000029	0	0
3.19999999999982	1.14600000000019	2.96999999999935	0	0
3.65700000000015	1.38799999999992	3.24200000000019	0	0
3.23700000000008	1.47199999999975	2.78199999999924	0	0
3.20199999999932	1.78200000000015	2.96700000000055	0	0
2.9980000000005	1.58199999999988	2.65299999999934	0	0
3.77099999999973	1.47400000000016	3.26999999999953	0	0
2.99099999999999	0.922000000000025	2.75	0	0
3.6309999999994	0.600999999999658	3.39999999999964	0	0
3.35699999999997	2.09500000000025	2.79599999999937	0	0
3.16199999999935	1.34299999999985	2.88200000000052	0	0
3.69900000000052	1.59900000000016	3.1840000000002	0	0
2.90899999999965	1.38499999999976	2.65700000000015	0	0
2.81099999999969	0.983999999999924	2.86599999999999	0	0
3.64400000000023	1.72600000000011	3.42299999999977	0	0
3.53600000000006	2.00599999999986	2.93099999999959	0	0
3.5019999999995	1.96199999999999	3.05100000000039	0	0
3.86099999999988	1.44300000000021	3.48800000000028	0	0
2.91700000000037	1.19999999999982	2.84500000000025	0	0
3.02600000000075	1.13999999999987	2.95699999999943	0	0
3.33400000000074	0.978999999999814	3.29300000000057	0	0
3.30799999999999	2.42299999999977	3.10000000000036	0	0
3.38200000000052	1.39499999999998	2.87700000000041	0	0
3.20299999999952	1.48299999999972	2.78300000000036	0	0
3.94900000000052	3.31500000000005	3.22000000000025	0	0
3.15200000000004	0.902000000000044	3.03499999999985	0	0
2.80299999999988	0.861999999999625	2.78400000000056	0	0
3.35499999999956	1.37599999999975	2.96500000000015	0	0
2.99600000000009	1.12899999999991	2.82300000000032	0	0
3.26199999999972	1.42900000000009	3.27599999999984	0	0
3.23199999999997	2.11499999999978	2.96399999999994	0	0
3.1889999999994	1.08100000000013	2.89500000000044	0	0
2.64099999999962	0.751999999999953	2.69900000000052	0	0
3.05699999999979	1.82499999999982	2.68000000000029	0	0
3.62100000000009	1.52200000000039	3.11999999999989	0	0
3.22800000000007	1.17999999999984	2.78600000000006	0	0
3.44799999999941	1.48099999999977	3.22499999999945	0	0
2.90800000000036	1.40800000000036	2.7470000000003	0	0
2.86999999999989	1.13899999999967	3.05499999999938	0	0
3.00799999999981	0.797000000000025	2.88400000000001	0	0
2.52099999999973	0.699999999999818	2.56999999999971	0	0
3.28400000000056	1.41699999999992	2.86700000000019	0	0
2.80200000000059	1.56899999999996	2.78000000000065	0	0
2.80699999999979	1.30600000000004	2.64099999999962	0	0
2.83100000000013	1.15999999999985	2.76100000000042	0	0
2.92699999999968	1.00699999999961	2.63600000000042	0	0
2.95899999999983	1.29599999999982	2.81400000000031	0	0
2.84000000000015	0.844000000000051	2.52599999999984	0	0
3.41299999999956	1.96399999999994	2.92199999999957	0	0
3.54899999999998	2.46199999999999	3.24200000000019	0	0
2.89099999999962	1.53699999999981	2.78299999999945	0	0
2.92500000000018	0.91399999999976	2.72800000000007	0	0
3.46000000000004	1.36299999999983	2.89199999999983	0	0
3.02400000000034	1.8449999999998	2.75300000000061	0	0
2.90400000000045	0.929999999999836	2.77599999999984	0	0
2.47900000000027	0.684999999999945	2.58600000000024	0	0
2.55400000000009	1.09899999999971	2.55099999999948	0	0
3.40499999999975	1.35300000000007	3.24099999999999	0	0
3.32300000000032	1.45100000000002	3.07099999999991	0	0
3.1220000000003	1.18399999999974	2.72200000000066	0	0
3.5	1.53499999999985	3.00399999999991	0	0
3.30299999999988	0.971999999999753	2.97099999999955	0	0
2.82899999999972	0.876999999999953	2.8720000000003	0	0
2.76500000000033	1.42099999999982	2.65399999999954	0	0
3.26100000000042	1.46000000000004	3.16600000000017	0	0
2.82300000000032	0.981000000000222	2.72900000000027	0	0
2.82099999999991	0.588000000000193	2.73300000000017	0	0
3.37100000000009	0.945999999999913	3.19599999999991	0	0
2.93499999999949	1.16300000000001	2.80100000000039	0	0
3.56900000000041	1.78099999999995	3.25500000000011	0	0
4.09999999999945	0.903999999999996	4.13000000000011	0	0
3.80000000000018	1.14399999999978	3.44400000000041	0	0
3.38200000000052	1.55200000000013	3.15099999999984	0	0
2.98499999999967	0.98299999999972	2.73899999999958	0	0
3.58600000000024	1.28900000000021	3.35300000000007	0	0
3.26299999999992	1.48100000000022	2.96399999999994	0	0
3.32900000000063	1.44599999999991	2.91700000000037	0	0
3.41299999999956	1.86799999999994	2.97699999999986	0	0
4.09400000000005	2.20299999999997	3.58599999999933	0	0
2.72800000000007	1.38200000000006	2.73199999999997	0	0
3.4399999999996	2.40999999999985	3.08299999999963	0	0
2.80400000000009	1.42399999999998	2.84099999999944	0	0
2.67900000000009	0.98299999999972	2.56700000000001	0	0
3.05799999999999	0.847999999999956	3.08399999999983	0	0
3.30000000000018	2.26700000000028	3.07700000000023	0	0
2.77499999999964	1.16899999999987	2.84500000000025	0	0
2.90700000000015	1.125	2.69700000000012	0	0
3.3130000000001	1.70800000000008	3.04399999999987	0	0
2.73099999999977	0.82300000000032	2.6909999999998	0	0
3.53800000000047	2.22000000000025	2.94700000000012	0	0
2.93199999999979	1.05600000000004	2.77300000000014	0	0
2.82999999999993	1.63299999999981	2.77399999999943	0	0
3.64000000000033	1.47899999999981	3.16700000000037	0	0
3.64399999999932	1.13799999999992	3.20100000000002	0	0
3.21000000000004	1.57400000000007	2.66199999999935	0	0
2.95100000000002	1.24099999999999	2.5630000000001	0	0
2.59600000000046	0.672999999999774	2.64300000000003	0	0
2.56400000000031	1.22299999999996	2.82600000000002	0	0
2.28800000000047	0.726000000000113	2.37899999999991	0	0
2.46000000000004	1.25199999999995	2.47200000000066	0	0
2.48300000000017	0.544000000000324	2.32799999999952	0	0
2.86899999999969	1.17799999999988	2.77599999999984	0	0
3.08900000000085	1.6579999999999	2.52100000000064	0	0
3.3090000000002	1.2800000000002	3.01199999999972	0	0
3.36599999999999	0.913000000000011	2.99099999999999	0	0
3.00799999999981	1.30500000000029	2.92399999999998	0	0
3.6279999999997	2.58599999999979	2.96000000000004	0	0
2.89000000000033	0.504999999999654	2.78099999999995	0	0
3.20899999999983	1.27999999999975	2.84800000000087	0	0
3.40999999999985	1.70400000000018	2.97600000000057	0	0
3.21900000000005	1.40299999999979	3.11300000000028	0	0
2.81700000000001	1.66499999999996	2.73300000000017	0	0
3.04899999999998	0.780999999999949	2.91899999999987	0	0
2.91700000000037	1.55000000000018	3.01699999999983	0	0
2.90200000000004	0.786000000000058	2.73400000000038	0	0
2.8090000000002	0.925999999999931	2.72500000000036	0	0
3.77199999999993	1.29700000000003	3.69599999999991	0	0
3.13599999999951	1.39800000000014	3.0619999999999	0	0
2.87100000000009	1.1279999999997	2.85000000000036	0	0
2.8119999999999	1.3090000000002	2.59499999999935	0	0
3.07600000000002	1.32400000000007	2.86399999999958	0	0
2.70700000000033	1.37300000000005	2.6869999999999	0	0
2.55499999999938	0.996999999999844	2.77399999999943	0	0
2.74799999999959	1.52400000000034	2.72299999999996	0	0
3.02599999999984	1.48900000000003	2.94400000000041	0	0
2.63799999999992	0.786000000000058	2.71399999999994	0	0
2.69400000000041	1.5949999999998	2.60199999999986	0	0
3.08100000000013	1.24200000000019	2.96300000000065	0	0
3.22100000000046	1.17799999999988	2.88500000000022	0	0
2.95199999999932	1.779	2.98900000000049	0	0
2.77000000000044	1.34000000000015	2.81500000000051	0	0
2.7510000000002	1.44100000000026	2.90700000000015	0	0
2.93700000000081	1.33699999999999	2.95499999999993	0	0
3.0659999999998	1.57200000000012	2.83799999999974	0	0
4.06700000000001	2.25900000000001	3.54799999999977	0	0
2.91899999999987	0.771999999999935	2.76800000000003	0	0
3.62299999999959	0.994999999999891	3.53099999999995	0	0
4.07700000000023	1.86200000000008	3.34699999999975	0	0
3.56700000000001	1.16699999999992	3.08100000000013	0	0
3.32499999999982	1.31399999999985	2.82200000000012	0	0
3.13400000000001	1.78600000000006	2.98700000000008	0	0
3.97599999999966	1.57100000000037	3.50900000000001	0	0
3.8779999999997	1.34299999999985	3.25200000000041	0	0
3.14599999999973	1.30700000000024	2.70899999999983	0	0
3.32499999999982	2.54999999999973	2.69200000000001	0	0
2.67799999999988	0.787000000000262	2.44200000000001	0	0
2.82699999999932	1.15599999999995	2.75399999999991	0	0
3.04199999999946	1.46300000000019	2.64599999999973	0	0
3.13100000000031	1.38799999999992	2.84000000000015	0	0
3.08299999999963	1.05000000000018	3.05000000000018	0	0
3.31500000000051	1.38800000000037	2.92000000000007	0	0
3.40500000000065	1.49699999999984	3.09499999999935	0	0
3.92299999999977	0.884000000000015	3.87400000000071	0	0
3.05000000000018	1.55099999999993	3.01599999999962	0	0
3.32500000000073	2.82600000000002	2.82600000000002	0	0
3.21399999999994	2.58699999999999	2.95199999999932	0	0
2.78499999999985	1.17300000000023	2.77999999999975	0	0
3.14199999999983	1.0319999999997	3.13000000000011	0	0
2.80300000000079	0.712999999999738	2.54600000000028	0	0
2.53699999999935	1.0630000000001	2.65499999999975	0	0
2.98499999999967	1.70100000000002	2.96200000000044	0	0
3.14900000000034	1.15700000000015	2.64699999999993	0	0
2.53600000000006	0.9350000000004	2.59900000000016	0	0
2.85600000000068	0.797999999999774	2.53999999999996	0	0
3.28600000000006	1.03400000000011	3.09799999999996	0	0
2.73099999999977	1.13400000000001	2.81700000000001	0	0
3.10199999999986	1.10100000000011	2.96399999999994	0	0
3.41100000000006	1.87899999999991	3.17699999999968	0	0
2.60100000000057	0.833000000000084	2.58799999999974	0	0
2.92300000000068	1.99100000000044	3.07600000000002	0	0
2.66899999999987	1.41699999999992	2.55599999999959	0	0
3.08200000000033	1.45799999999963	2.6850000000004	0	0
3.22800000000007	1.64600000000019	3.02300000000014	0	0
3.10799999999927	1.69000000000005	2.94200000000001	0	0
3.03600000000006	1.02700000000004	2.93199999999979	0	0
3.52999999999975	1.07000000000016	3.12400000000071	0	0
2.51500000000033	1.09699999999975	2.68599999999969	0	0
2.8720000000003	0.648999999999887	2.69800000000032	0	0
2.72200000000066	0.978000000000065	2.70200000000023	0	0
2.6899999999996	0.869999999999891	2.57099999999991	0	0
2.77199999999993	1.34699999999975	2.42699999999968	0	0
2.88400000000001	1.25099999999975	2.96100000000024	0	0
2.93299999999999	0.806999999999789	2.61200000000008	0	0
3.23100000000068	2.58799999999974	2.91200000000026	0	0
2.63799999999992	1.10300000000007	2.32600000000002	0	0
3.11299999999937	2.18600000000015	2.99600000000009	0	0
3.41200000000026	1.79399999999987	2.79800000000068	0	0
2.85999999999967	1.43200000000024	2.66499999999996	0	0
2.76199999999972	0.55600000000004	2.72500000000036	0	0
3.06700000000001	1.19799999999987	2.97400000000016	0	0
3.3760000000002	1.97299999999996	3.05400000000009	0	0
3.3090000000002	2.29199999999992	2.85899999999947	0	0
3.14300000000003	1.50800000000027	2.97900000000027	0	0
2.98099999999977	1.46799999999985	2.89599999999973	0	0
3.11999999999989	1.54599999999982	2.88200000000052	0	0
3.32899999999972	1.40700000000015	3.22199999999975	0	0
2.82799999999952	1.20199999999977	2.90399999999954	0	0
3.32099999999991	2.24099999999999	3.08500000000004	0	0
3.30000000000018	2.60400000000027	2.83100000000013	0	0
3.16700000000037	1.11200000000008	2.91799999999967	0	0
3.03800000000047	1.55199999999968	2.625	0	0
3.11099999999988	1.20099999999957	2.84499999999935	0	0
3.0590000000002	1.20200000000023	2.67299999999977	0	0
3.16399999999976	1.07799999999997	2.96799999999985	0	0
3.08200000000033	1.31299999999965	2.78200000000015	0	0
3.6299999999992	3.25700000000006	2.91299999999956	0	0
3.3130000000001	2	2.81700000000001	0	0
3.32999999999993	1.88900000000012	2.76299999999992	0	0
4.39599999999973	1.62300000000005	3.97000000000025	0	0
3.61800000000039	1.43199999999979	3.10899999999947	0	0
3.23300000000017	1.79599999999982	2.89099999999962	0	0
3.10800000000017	1.36599999999999	2.91600000000017	0	0
2.96399999999994	0.615999999999985	3.11999999999989	0	0
2.83799999999974	1.18000000000029	2.74300000000039	0	0
2.88299999999981	1.57299999999987	2.9380000000001	0	0
3.39199999999983	1.11299999999983	3.21199999999953	0	0
3.30599999999959	1.95700000000033	2.97999999999956	0	0
3.38500000000022	0.666000000000167	3.39600000000064	0	0
3.86999999999989	2.40899999999965	3.35599999999977	0	0
3.43900000000031	1.49000000000024	3.02999999999975	0	0
2.44400000000041	0.860000000000127	2.45900000000074	0	0
3.03399999999965	1.10500000000002	2.92800000000079	0	0
2.9340000000002	1.35200000000032	3.09600000000046	0	0
3.15699999999924	1.76999999999998	3.03000000000065	0	0
2.92900000000009	1.029	2.6869999999999	0	0
2.61999999999989	0.903999999999996	2.4980000000005	0	0
2.89900000000034	1.5930000000003	2.70299999999952	0	0
2.73300000000017	1.09400000000005	2.81700000000001	0	0
2.83899999999994	0.933999999999742	2.63699999999972	0	0
3.38900000000012	2.91100000000006	2.83399999999983	0	0
3.35699999999997	1.72499999999991	2.6899999999996	0	0
2.51600000000053	0.864000000000033	2.72400000000016	0	0
2.96599999999944	0.902999999999793	2.71900000000005	0	0
3.52800000000025	3.28999999999996	3.10100000000057	0	0
2.55499999999938	1.39599999999973	2.57200000000012	0	0
3.03600000000006	1.63700000000017	2.77199999999993	0	0
3.35599999999977	1.10699999999997	3.01099999999951	0	0
3.09900000000016	1.23500000000013	2.95700000000033	0	0
3.38500000000022	1.18100000000004	3.17299999999977	0	0
3.71600000000035	1.54199999999992	3.17500000000018	0	0
2.98000000000047	0.972999999999956	2.89800000000014	0	0
3.77700000000004	1.84800000000041	3.46000000000004	0	0
2.8130000000001	1.32000000000016	2.66200000000026	0	0
2.77899999999954	0.947000000000116	2.75799999999981	0	0
3.44300000000021	1.93600000000015	2.97699999999986	0	0
3.75	1.30099999999993	3.38799999999992	0	0
3.34200000000055	2.00500000000011	3.21900000000005	0	0
2.91399999999976	1.03999999999996	2.60800000000017	0	0
3.21799999999985	1.27499999999964	2.88999999999942	0	0
3.57300000000032	1.39899999999989	3.22800000000007	0	0
3.15599999999995	1.76999999999998	2.89599999999973	0	0
2.75799999999981	0.885999999999967	2.58899999999994	0	0
4.04899999999998	2.07900000000018	3.55400000000009	0	0
2.96200000000044	1.35300000000007	2.55799999999999	0	0
3.22099999999955	2.83199999999988	2.75	0	0
3.14699999999993	1.25499999999965	2.90599999999995	0	0
2.98700000000008	1.02600000000029	2.77399999999943	0	0
2.92200000000048	1.37300000000005	2.79200000000037	0	0
3.57099999999991	1.26699999999983	3.23099999999977	0	0
3.52800000000025	1.97299999999996	2.90200000000004	0	0
2.94999999999982	1.60899999999992	2.6880000000001	0	0
3.44799999999941	1.15900000000011	3.31800000000021	0	0
3.40099999999984	1.46199999999999	2.78699999999935	0	0
3.20499999999993	2.73600000000033	3.07600000000002	0	0
3.98000000000047	1.4069999999997	3.41000000000076	0	0
3.35199999999986	1.79300000000012	3.03600000000006	0	0
3.58800000000065	3.55500000000029	3.01800000000003	0	0
2.77899999999954	1.29599999999982	2.79100000000017	0	0
2.92200000000048	2.00399999999991	2.83799999999974	0	0
3.34699999999975	1.96199999999999	3.13100000000031	0	0
2.84299999999985	0.742000000000189	2.66300000000047	0	0
2.57700000000023	1.00500000000011	2.76000000000022	0	0
2.74200000000019	1.16499999999996	2.61099999999988	0	0
2.83100000000013	1.00399999999991	2.76699999999983	0	0
2.62700000000041	1.36099999999988	2.50700000000052	0	0
3.40200000000004	1.99400000000014	3.41600000000017	0	0
3.07700000000023	0.471999999999753	3.02800000000025	0	0
3.47799999999916	1.23000000000002	3.46100000000024	0	0
3.28099999999995	1.21199999999999	2.86300000000028	0	0
3.45200000000023	1.904	2.95699999999943	0	0
3.51099999999951	1.52099999999973	3.13900000000012	0	0
3.26599999999962	1.89699999999993	2.85900000000038	0	0
3.29500000000007	1.31900000000041	3.33899999999994	0	0
2.54100000000017	0.698999999999614	2.55699999999979	0	0
3.05199999999968	1.72899999999981	3.00500000000011	0	0
2.60799999999927	1.07400000000007	2.57400000000052	0	0
2.4360000000006	0.37900000000036	2.36400000000049	0	0
3.00500000000011	1.09699999999975	2.76900000000023	0	0
2.88799999999992	1.41400000000021	2.875	0	0
2.61099999999988	0.826000000000022	2.49499999999989	0	0
3.64300000000003	0.994999999999891	3.3769999999995	0	0
2.86800000000039	1.11999999999989	2.75399999999991	0	0
3.35799999999927	1.09000000000015	3.07800000000043	0	0
2.83799999999974	1.06799999999976	2.96399999999994	0	0
3.82399999999961	2.07099999999991	3.31700000000001	0	0
2.9409999999998	1.35500000000002	2.88199999999961	0	0
3.04500000000007	1.14600000000019	2.84000000000015	0	0
3.17000000000007	1.69700000000012	2.86999999999989	0	0
2.8130000000001	1.14900000000034	2.82899999999972	0	0
3.28700000000026	1.71599999999989	3.07699999999932	0	0
2.50200000000041	1.33400000000029	2.73099999999977	0	0
2.61000000000058	0.885999999999967	2.78999999999996	0	0
2.82600000000002	1.94799999999987	2.6279999999997	0	0
3.42900000000009	1.82900000000018	2.82099999999991	0	0
3.29500000000007	1.62800000000016	2.77899999999954	0	0
2.74600000000009	0.937000000000353	2.32999999999993	0	0
2.89800000000014	1.39399999999978	2.47800000000007	0	0
2.65599999999995	1.24299999999994	2.54699999999957	0	0
2.76199999999972	1.16400000000021	2.61899999999969	0	0
2.70200000000023	1.26699999999983	2.51299999999992	0	0
3.40200000000004	1.42300000000023	3.05699999999979	0	0
3.25099999999929	2.48700000000008	3.31500000000051	0	0
2.86099999999988	1.2800000000002	2.51899999999932	0	0
2.78899999999976	1.42900000000009	2.54899999999998	0	0
3.01499999999942	1.26800000000003	2.64199999999983	0	0
2.58899999999994	1.18299999999999	2.51400000000012	0	0
2.66599999999926	0.960000000000036	2.67599999999948	0	0
3.21399999999994	2.60399999999981	2.97299999999996	0	0
2.67399999999998	1.67700000000013	2.41200000000026	0	0
2.67399999999998	1.59299999999985	2.58499999999913	0	0
3.82999999999993	2.29500000000007	3.26500000000033	0	0
3.41800000000057	1.50099999999975	2.87100000000009	0	0
3.38400000000001	1.32700000000023	3.15399999999954	0	0
3.63400000000001	1.57700000000023	3.28499999999985	0	0
3.17100000000028	1.30400000000009	2.76300000000083	0	0
3.0639999999994	1.08399999999983	2.72100000000046	0	0
2.78899999999976	1.50199999999995	2.81099999999969	0	0
3.12800000000061	1.39300000000003	2.63799999999992	0	0
2.57200000000012	0.934999999999945	2.66200000000026	0	0
2.7559999999994	1.39699999999993	2.53899999999976	0	0
2.80200000000059	0.946000000000367	2.83500000000004	0	0
2.96000000000004	1.54499999999962	3.02000000000044	0	0
2.88600000000042	1.35800000000017	2.68299999999999	0	0
3.0630000000001	1.29099999999971	2.66600000000017	0	0
2.69499999999971	0.88799999999992	2.8119999999999	0	0
3.40200000000004	1.22900000000027	3.1230000000005	0	0
3.26199999999972	2.4380000000001	2.88799999999992	0	0
2.77599999999984	0.925999999999931	2.64500000000044	0	0
2.64400000000023	0.567999999999756	2.52399999999943	0	0
2.78999999999996	0.779999999999745	2.86999999999989	0	0
2.94599999999991	0.608999999999924	2.90300000000025	0	0
3.17399999999998	0.699000000000069	2.99399999999969	0	0
3.0630000000001	1.45100000000002	2.8739999999998	0	0
3.00500000000011	1.12099999999964	2.68299999999999	0	0
2.63100000000031	0.513999999999669	2.71299999999974	0	0
3.01199999999972	1.20600000000013	2.63300000000072	0	0
2.90400000000045	0.98700000000008	2.91200000000026	0	0
3.15399999999954	1.60300000000007	2.72600000000057	0	0
2.76299999999992	1.11599999999999	2.84800000000087	0	0
3.17699999999968	1.11999999999989	2.92799999999988	0	0
3.21000000000004	1.07500000000027	2.9340000000002	0	0
3.46499999999924	0.731999999999971	3.35100000000057	0	0
4.13299999999981	1.15200000000004	3.89699999999993	0	0
2.97900000000027	1.20699999999988	2.75	0	0
3.66999999999916	1.1869999999999	3.39199999999983	0	0
3.33899999999994	1.93499999999995	3.10699999999997	0	0
2.6269999999995	0.925000000000182	2.79500000000007	0	0
3.14299999999912	1.26600000000008	3.02400000000034	0	0
3.12700000000041	1.77600000000029	2.62899999999991	0	0
