9.18	3.658	13.516	0	0
7.148	3.099	10.289	0	0
7.004	1.621	9.589	0	0
12.682	3.166	17.479	0	0
6.56099999999999	1.934	11.465	0	0
10.014	9.367	11.954	0	0
7.236	1.80099999999999	10.852	0	0
19.854	18.054	25.855	0	0
9.333	6.55199999999999	11.307	0	0
8.45600000000002	5.57899999999999	12.297	0	0
7.471	3.26899999999999	11.666	0	0
6.97499999999999	3.027	10.867	0	0
7.756	3.06699999999999	11.199	0	0
10.139	8.90000000000001	12.535	0	0
6.36000000000001	0.955000000000013	10.109	0	0
13.193	3.834	20.472	0	0
6.976	0.847999999999985	11.176	0	0
6.59399999999999	1.95099999999999	9.786	0	0
15.974	8.73400000000001	22.259	0	0
7.98599999999999	5.41400000000002	12.895	0	0
9.24700000000001	6.37400000000002	12.935	0	0
8.86900000000003	6.37100000000001	10.508	0	0
15.665	8.721	21.451	0	0
6.79599999999999	2.45600000000002	10.3280000000001	0	0
7.39400000000001	3.27000000000001	10.347	0	0
8.21100000000001	6.20400000000001	10.904	0	0
8.26999999999998	4.21299999999999	13.5129999999999	0	0
7.76400000000001	4.53500000000003	12.366	0	0
7.35300000000001	2.202	10.6900000000001	0	0
7.262	3.30700000000002	11.265	0	0
8.45099999999991	5.38499999999999	10.643	0	0
7.02099999999996	1.25900000000001	10.4400000000001	0	0
6.71399999999994	1.66200000000003	8.89699999999993	0	0
7.30099999999993	1.892	8.952	0	0
7.15200000000004	3.21199999999999	9.61000000000001	0	0
9.33900000000006	6.529	11.986	0	0
13.36	4.38300000000004	20.212	0	0
17.2959999999999	11.126	24.197	0	0
10.849	9.57799999999997	13.616	0	0
6.53000000000009	1.29299999999995	11.173	0	0
6.40899999999999	0.769999999999982	8.86899999999991	0	0
14.133	5.67000000000002	20.064	0	0
15.4589999999999	6.17500000000001	22.813	0	0
8.26900000000001	4.66899999999998	11.088	0	0
8.904	5.34499999999997	13.405	0	0
6.55799999999999	1.59300000000002	11.95	0	0
7.81100000000004	3.39999999999998	11.992	0	0
8.05600000000004	4.78500000000003	10.9479999999999	0	0
11.605	10.448	13.241	0	0
7.48800000000006	3.54000000000002	11.2739999999999	0	0
7.40299999999991	2.75600000000003	11.2180000000001	0	0
11.625	11.458	13.0360000000001	0	0
9.00800000000004	4.68899999999996	11.2440000000001	0	0
12.6149999999999	2.87400000000002	20.808	0	0
8.697	5.86099999999999	13.2349999999999	0	0
6.88700000000006	3.48700000000002	9.69299999999998	0	0
11.201	9.13599999999997	14.2930000000001	0	0
7.88800000000003	4.73099999999999	11.2259999999999	0	0
7.62099999999998	2.57600000000002	11.502	0	0
7.13900000000001	2.86699999999996	9.89300000000003	0	0
7.87200000000007	3.221	11.201	0	0
7.2349999999999	3.15800000000002	10.1489999999999	0	0
7.67800000000011	2.51599999999996	10.1260000000002	0	0
8.14899999999989	6.83499999999992	13.085	0	0
14.5330000000001	13.9209999999999	14.9569999999999	0	0
6.86699999999996	2.58799999999997	10.28	0	0
7.44499999999994	1.78499999999997	12.0909999999999	0	0
7.01099999999997	2.36400000000003	11.229	0	0
8.36300000000006	3.08999999999992	13.547	0	0
6.93600000000015	1.65899999999999	10.6490000000001	0	0
11.5510000000002	11.451	13.1470000000002	0	0
8.66800000000012	3.92899999999997	10.9970000000001	0	0
15.5119999999999	8.9670000000001	21.845	0	0
6.82299999999987	2.57799999999997	10.123	0	0
7.91800000000012	3.0630000000001	10.3299999999999	0	0
6.41699999999992	1.52600000000007	10.326	0	0
7.202	1.68899999999996	11.0419999999999	0	0
8.18299999999999	5.15499999999997	12.0069999999998	0	0
17.961	11.1660000000001	24.8050000000001	0	0
7.0300000000002	1.60300000000007	10.048	0	0
7.26499999999987	3.32499999999993	10.2550000000001	0	0
8.21799999999985	4.49299999999994	11.335	0	0
7.47499999999991	2.053	11.7380000000001	0	0
6.49299999999994	1.82399999999996	10.46	0	0
7.39900000000011	2.27200000000005	10.5909999999999	0	0
6.8599999999999	2.47000000000003	10.3340000000001	0	0
7.22000000000003	1.43600000000004	10.519	0	0
6.60100000000011	1.73199999999997	10.0849999999998	0	0
7.12100000000009	1.23900000000003	10.5570000000002	0	0
16.634	10.787	23.9259999999999	0	0
13.6009999999999	3.26599999999996	21.1289999999999	0	0
8.18900000000008	4.31700000000001	12.0480000000002	0	0
8.12800000000016	4.22499999999991	11.8489999999997	0	0
15.3199999999999	8.81000000000006	21.355	0	0
6.596	2.10199999999998	9.24199999999973	0	0
6.904	0.937000000000012	10.9010000000003	0	0
19.0369999999998	3.90899999999999	27.297	0	0
6.41300000000001	1.58699999999999	9.42200000000003	0	0
6.68499999999995	1.27200000000005	9.05999999999995	0	0
7.01199999999994	2.84699999999998	10.163	0	0
8.45699999999988	4.63099999999997	11.8509999999997	0	0
10.7040000000002	8.76700000000005	13.2550000000001	0	0
7.85200000000009	2.68399999999997	10.7420000000002	0	0
7.23500000000013	3.47199999999998	10.7960000000003	0	0
10.287	7.85599999999999	12.444	0	0
6.55899999999997	2.08699999999999	9.471	0	0
6.7940000000001	1.202	10.703	0	0
6.83999999999992	1.80700000000002	9.52300000000014	0	0
7.56200000000013	2.20699999999999	10.3630000000003	0	0
7.02700000000004	2.44299999999998	9.88200000000006	0	0
7.92700000000013	3.15600000000006	11.7820000000002	0	0
13.6020000000001	3.98599999999999	21.2759999999998	0	0
6.0659999999998	0.900999999999954	10.5799999999999	0	0
6.67900000000009	0.557999999999993	11.2719999999999	0	0
6.69900000000007	1.51800000000003	10.1390000000001	0	0
7.91599999999994	3.05200000000002	10.0169999999998	0	0
7.94299999999998	4.37300000000005	10.6390000000001	0	0
7.67400000000021	2.30600000000004	10.5130000000004	0	0
13.701	5.59799999999996	19.7339999999999	0	0
6.74900000000002	2.03800000000001	10.5789999999997	0	0
6.42000000000007	1.22499999999991	7.78200000000015	0	0
12.9390000000001	4.85200000000009	19.7860000000001	0	0
6.91099999999983	1.154	10.7260000000001	0	0
6.7170000000001	1.7059999999999	9.36499999999978	0	0
9.64200000000005	6.94200000000001	14.1489999999999	0	0
6.20899999999983	1.202	8.06700000000001	0	0
6.69599999999991	1.33299999999986	11.2689999999998	0	0
8.67699999999968	5.65300000000002	11.8579999999997	0	0
9.41300000000001	6.73500000000013	12.855	0	0
7.71399999999994	4.63499999999999	10.7379999999998	0	0
10.1060000000002	8.95999999999981	13.6530000000002	0	0
6.45600000000013	1.46599999999989	10.1689999999999	0	0
7.17700000000013	1.41699999999992	11.3290000000002	0	0
7.81799999999976	6.00400000000013	11.0840000000003	0	0
7.94399999999996	3.33600000000001	11.5280000000002	0	0
8.5	6.08699999999999	12.6909999999998	0	0
8.82099999999991	4.41200000000003	12.3869999999997	0	0
7.47600000000011	2.73900000000003	10.4780000000001	0	0
7.10099999999966	2.70000000000005	10.4700000000003	0	0
7.97899999999981	4.49800000000005	11.9930000000004	0	0
7.31400000000031	1.87900000000013	12.6779999999999	0	0
6.38699999999972	1.29899999999998	9.4369999999999	0	0
7.04999999999973	1.82499999999982	10.7049999999999	0	0
6.71099999999979	2.63999999999987	11.0920000000001	0	0
15.4589999999998	6.47299999999996	23.2269999999999	0	0
6.61999999999989	1.34899999999993	8.67900000000009	0	0
7.01300000000037	1.61999999999989	10.0909999999999	0	0
6.55600000000004	1.32299999999987	10.5479999999998	0	0
14.7179999999998	5.71600000000012	21.2440000000001	0	0
7.20399999999972	2.20699999999988	10.6659999999997	0	0
9.06500000000005	6.61199999999985	11.1289999999999	0	0
7.1579999999999	1.99600000000009	11.2509999999997	0	0
20.8389999999999	8.40200000000004	29.7490000000003	0	0
13.4629999999997	4.36799999999994	19.5629999999996	0	0
9.10500000000002	6.91300000000001	12.4200000000001	0	0
6.49200000000019	1.37400000000002	9.29199999999992	0	0
13.6610000000001	3.82299999999987	20.5740000000001	0	0
6.63400000000001	1.35300000000007	9.47600000000011	0	0
7.0300000000002	1.71199999999999	11.047	0	0
8.13000000000011	4.952	11.0529999999999	0	0
10.7179999999998	8.8610000000001	14.4929999999999	0	0
9.57499999999982	7.20700000000011	11.806	0	0
16.6569999999997	10.222	23.402	0	0
6.45900000000029	1.00399999999991	9.26300000000037	0	0
16.6469999999999	10.3420000000001	23.6909999999998	0	0
7.49500000000035	2.37799999999993	11.6819999999998	0	0
14.1190000000001	7.45600000000013	20.8430000000003	0	0
7.25399999999991	3.05400000000009	10.337	0	0
6.41800000000012	0.754000000000133	9.70099999999957	0	0
7.08400000000029	3.85699999999997	11.3430000000003	0	0
7.61099999999988	1.97800000000007	10.5549999999998	0	0
17.7800000000002	12.6370000000002	22.0030000000002	0	0
7.40200000000004	2.78100000000018	9.81800000000021	0	0
6.48199999999997	1.14900000000011	8.88099999999986	0	0
7.62300000000005	3.04999999999995	11.6380000000004	0	0
6.45299999999997	1.74099999999999	11.0000000000005	0	0
8.09000000000015	3.77500000000009	11.6880000000001	0	0
8.34099999999989	5.3889999999999	12.1610000000001	0	0
9.11200000000008	6.37999999999988	12.9499999999998	0	0
7.04099999999971	2.48300000000017	10.0140000000001	0	0
7.39000000000033	1.93299999999999	9.95899999999983	0	0
7.30200000000013	2.61899999999991	10.4980000000005	0	0
7.17299999999977	1.86400000000003	11.3699999999999	0	0
17.942	13.425	23.6880000000001	0	0
7.59299999999985	4.04700000000003	12.8180000000002	0	0
7.88999999999987	4.12000000000012	11.3179999999993	0	0
6.39600000000019	1.92600000000016	10.0529999999999	0	0
7.70400000000018	2.80799999999999	10.4459999999999	0	0
7.12900000000036	2.04100000000017	9.84199999999964	0	0
8.94500000000016	6.45299999999997	12.1019999999999	0	0
9.96199999999999	8.80399999999986	13.6180000000004	0	0
8.07799999999997	3.34999999999991	10.6640000000007	0	0
7.0920000000001	3.31400000000008	10.2280000000001	0	0
8.92999999999984	4.48900000000003	10.2750000000005	0	0
7.26499999999987	3.46699999999987	10.7960000000003	0	0
7.26800000000003	2.173	10.4800000000005	0	0
7.26999999999998	3.30600000000004	10.0259999999998	0	0
10.1770000000001	8.27499999999986	13.4120000000003	0	0
6.77300000000014	2.654	10.1489999999994	0	0
13.9780000000001	4.48099999999999	22.3620000000001	0	0
6.94700000000012	1.52800000000002	10.6859999999997	0	0
7.33300000000008	4.1840000000002	11.5440000000008	0	0
6.92999999999984	1.06400000000008	10.2240000000002	0	0
8.72400000000016	6.21100000000001	12.6999999999998	0	0
8.01500000000033	3.9190000000001	12.1989999999996	0	0
7.02500000000009	3.21199999999999	10.018	0	0
6.96000000000004	1.04600000000005	11.3559999999998	0	0
6.46300000000019	1.43000000000006	10.1330000000007	0	0
9.43100000000004	6.90100000000007	12.3150000000005	0	0
8.32600000000002	5.48700000000008	12.0660000000007	0	0
7.05400000000009	1.39600000000019	9.9989999999998	0	0
7.84400000000005	5.40100000000007	11.5260000000007	0	0
7.67000000000007	2.92900000000009	10.6630000000005	0	0
6.88000000000011	1.81500000000005	9.99799999999959	0	0
8.17500000000018	3.28600000000006	11.9769999999999	0	0
8.46399999999994	4.28200000000015	10.5820000000003	0	0
8.50300000000016	4.65100000000007	11.2489999999998	0	0
8.87699999999995	6.56500000000005	11.665	0	0
8.07699999999977	3.44299999999998	10.3050000000003	0	0
6.94200000000001	2.66399999999999	10.3550000000005	0	0
8.48699999999963	5	11.5240000000003	0	0
8.69600000000037	5.91200000000003	11.2780000000002	0	0
16.6849999999999	10.8610000000001	22.2439999999997	0	0
9.02499999999964	6.73299999999995	11.0940000000001	0	0
10.2190000000001	8.37699999999995	12.1019999999999	0	0
7.07499999999982	2.41399999999999	10.866	0	0
8.4340000000002	4.46800000000007	12.7339999999995	0	0
7.96500000000015	4.02999999999997	11.643	0	0
6.81899999999996	1.39300000000003	10.625	0	0
6.57900000000018	1.43399999999997	10.7530000000006	0	0
7.94300000000021	3.35500000000002	13.2509999999993	0	0
7.01900000000023	2.971	11.165	0	0
8.80200000000013	5.7650000000001	13.7240000000002	0	0
21.1239999999998	7.33800000000019	33.8779999999997	0	0
7.48199999999997	4.17799999999988	10.71	0	0
8.55399999999963	6.12100000000009	10.3580000000002	0	0
14.6179999999999	7.28099999999995	21.2809999999999	0	0
8.04999999999973	4.16000000000008	11.2790000000005	0	0
6.41499999999996	2.46800000000007	9.26199999999972	0	0
6.76900000000023	1.41899999999987	9.64999999999964	0	0
6.37899999999991	1.27500000000009	10.3059999999996	0	0
7.20200000000023	2.20499999999993	11.8240000000005	0	0
6.86000000000013	2.29900000000021	9.1820000000007	0	0
7.08500000000004	1.952	9.5590000000002	0	0
6.78499999999985	1.37299999999982	9.84600000000046	0	0
7.29399999999987	1.53199999999993	11.2889999999998	0	0
22.386	11.3500000000001	31.7039999999997	0	0
8.66000000000031	4.78200000000015	12.1769999999997	0	0
6.56800000000021	1.39100000000008	8.57199999999921	0	0
7.68600000000015	2.93799999999987	10.3729999999996	0	0
8.4699999999998	4.95299999999997	11.6589999999997	0	0
8.45299999999997	4.7170000000001	11.2390000000005	0	0
8.32799999999997	5.56400000000008	13.1120000000001	0	0
7.27700000000004	2.00499999999988	11.0479999999998	0	0
7.33999999999924	3.9079999999999	11.2440000000006	0	0
6.84299999999985	2.27800000000025	9.97000000000025	0	0
14.1140000000005	4.70199999999977	20.0689999999995	0	0
8.81899999999951	7.41199999999981	12.54	0	0
7.49099999999999	3.37899999999991	11.3090000000002	0	0
8.4940000000006	5.40200000000004	12.6460000000006	0	0
7.55999999999949	2.33199999999988	10.9140000000007	0	0
6.84400000000005	2.46799999999985	10.7529999999997	0	0
11.4050000000007	10.212	15.6329999999998	0	0
7.99099999999999	4.596	10.6459999999997	0	0
8.21900000000005	3.58199999999988	12.0340000000006	0	0
14.1660000000002	4.63299999999981	20.6449999999995	0	0
7.12400000000071	2.85200000000032	10.973	0	0
6.71700000000055	1.47499999999991	9.58100000000013	0	0
7.01199999999972	2.69299999999976	9.5659999999998	0	0
6.90499999999975	0.963999999999942	11.7609999999995	0	0
6.69600000000082	2.2829999999999	11.1390000000001	0	0
8.87700000000041	5.6279999999997	12.7640000000001	0	0
6.32800000000043	2.39100000000008	9.03399999999965	0	0
7.25800000000072	1.57200000000012	10.6459999999997	0	0
6.29500000000007	1.375	10.2610000000004	0	0
7.11899999999969	1.37899999999991	9.48699999999917	0	0
6.60900000000038	1.29800000000023	9.61700000000019	0	0
7.875	2.5949999999998	10.3620000000001	0	0
7.06700000000001	3.59099999999989	10.6109999999999	0	0
6.90300000000025	0.960000000000036	9.45900000000074	0	0
7.45400000000063	3.97600000000011	11.0059999999994	0	0
7.64999999999964	2.0329999999999	12.3769999999995	0	0
7.13200000000052	3.67900000000009	10.8990000000003	0	0
8.17399999999998	3.53200000000015	11.4699999999993	0	0
7.86899999999969	5.08200000000033	10.9580000000005	0	0
7.40599999999995	4.52399999999989	11.7799999999997	0	0
15.232	8.92900000000009	23.058	0	0
6.52599999999984	2.37300000000005	9.70000000000073	0	0
8.73899999999958	6.00500000000011	12.0389999999998	0	0
12.1580000000004	12.3629999999998	15.8879999999999	0	0
7.74600000000009	4.54899999999998	9.73400000000038	0	0
10.9129999999996	9.32400000000007	12.2619999999997	0	0
14.5169999999998	5.13900000000012	24.0080000000007	0	0
7.31700000000001	4.01800000000003	11.2190000000001	0	0
7.48599999999988	2.42699999999968	10.067	0	0
7.02199999999993	2.97899999999981	10.0219999999999	0	0
7.91800000000057	3.51499999999987	10.5889999999999	0	0
14.0149999999994	3.73799999999983	19.8720000000003	0	0
7.53200000000015	3.73600000000033	10.6179999999995	0	0
6.04399999999987	0.838999999999942	9.7519999999995	0	0
6.90099999999984	1.56500000000005	10.4580000000005	0	0
6.67299999999977	2.17999999999984	9.98899999999958	0	0
8.0019999999995	3.42200000000003	12.9669999999996	0	0
6.99600000000009	2.65599999999995	10.6319999999996	0	0
10.4949999999999	8.21000000000004	14.2709999999997	0	0
14.2239999999993	4.7529999999997	20.2370000000001	0	0
7.03600000000006	3.51299999999992	9.84700000000066	0	0
7.08100000000013	2.10899999999992	13.3400000000001	0	0
9.17700000000059	6.75399999999991	12.4560000000001	0	0
8.23399999999947	4.37300000000005	12.5550000000003	0	0
7.14800000000014	4.18599999999969	11.1109999999999	0	0
8.48999999999978	4.15200000000004	13.5889999999999	0	0
7.1220000000003	3.5300000000002	11.1630000000005	0	0
7.42600000000039	3.21399999999994	12.4580000000005	0	0
7.8130000000001	4.28400000000011	10.683	0	0
9.16899999999987	6.55700000000024	11.9090000000006	0	0
14.2539999999999	5.26499999999987	23.0470000000005	0	0
7.55799999999999	3.97700000000032	11.5999999999995	0	0
15.3310000000001	6.53400000000011	21.8620000000001	0	0
6.81700000000001	1.01700000000028	9.03300000000036	0	0
19.915	16.223	24.9449999999997	0	0
12.8409999999994	4.83699999999999	20.0799999999999	0	0
6.94799999999941	2.38299999999981	11.4009999999998	0	0
7.76800000000003	4.44999999999982	10.7959999999994	0	0
7.11099999999988	3.86599999999999	11.0119999999997	0	0
8.5029999999997	4.53699999999981	11.3459999999995	0	0
7.41399999999976	3.375	11.1559999999999	0	0
7.06800000000021	2.00599999999986	11.1109999999999	0	0
10.2759999999998	8.47199999999975	11.8429999999998	0	0
13.5119999999997	3.60599999999977	21.4459999999999	0	0
6.9970000000003	1.91600000000017	11.5209999999997	0	0
13.0889999999999	2.66000000000031	19.4539999999997	0	0
7.4950000000008	4.82299999999987	10.5699999999997	0	0
7.56099999999969	3.1869999999999	12.2359999999999	0	0
6.70100000000002	2.61900000000014	10.201	0	0
6.75	2.71199999999999	11.5380000000005	0	0
7.37599999999929	2.5029999999997	11.8890000000001	0	0
8.13000000000011	4.19700000000012	9.77800000000025	0	0
7.95100000000002	4.49600000000009	11.5320000000002	0	0
18.5599999999995	15.2329999999997	26.1730000000007	0	0
6.90399999999954	3.12699999999995	11.2930000000006	0	0
7.82300000000032	2.48300000000017	10.6780000000008	0	0
6.9399999999996	2.85100000000011	9.16100000000006	0	0
15.3449999999993	7.28200000000015	20.8710000000001	0	0
7.38000000000011	1.79899999999998	10.4870000000001	0	0
14.1130000000003	7.05200000000013	19.835	0	0
21.893	10.473	33.6890000000003	0	0
7.09799999999996	3.154	11.2250000000004	0	0
8.36800000000039	4.94299999999976	11.5820000000003	0	0
20.9979999999996	8.77300000000014	29.9499999999998	0	0
6.38600000000042	1.52400000000034	10.0060000000003	0	0
7.73800000000028	4.27199999999993	10.1199999999999	0	0
7.01200000000063	1.30299999999988	11.4189999999999	0	0
6.72199999999975	1.49599999999964	10.5530000000017	0	0
6.97499999999945	1.05600000000004	12.8919999999998	0	0
10.152	7.71799999999985	11.1470000000008	0	0
7.95399999999972	2.35899999999992	11.5930000000008	0	0
6.69500000000062	2.05999999999995	10.0789999999997	0	0
7.80500000000029	3.03499999999985	10.6760000000013	0	0
8.44000000000051	6.30999999999995	12.2149999999983	0	0
15.1730000000007	7.73000000000002	20.5520000000015	0	0
7.50399999999991	3.01200000000017	11.8670000000002	0	0
7.15499999999975	3.36700000000019	9.0679999999993	0	0
8.19700000000012	3.49900000000025	12.4400000000005	0	0
7.58500000000004	3.6550000000002	10.3459999999995	0	0
7.4350000000004	2.57199999999966	11.634	0	0
7.06600000000071	2.74400000000014	9.51800000000003	0	0
6.98300000000017	1.8449999999998	10.527	0	0
7.64500000000044	3.45299999999997	10.360999999999	0	0
6.47199999999975	0.534999999999854	8.27900000000045	0	0
13.5640000000003	2.63200000000006	20.4369999999999	0	0
8.40700000000015	5.15299999999979	12.0769999999993	0	0
23.2749999999996	13.4879999999998	34.4480000000003	0	0
14.3559999999998	5.70600000000013	21.369999999999	0	0
15.9009999999998	8.49400000000014	22.0870000000014	0	0
8.48199999999997	5.63299999999981	12.8140000000003	0	0
9.20899999999983	6.05700000000024	10.6729999999989	0	0
7.46799999999985	2.62900000000036	12.3940000000002	0	0
6.65899999999965	2.22299999999996	10.7289999999994	0	0
7.5659999999998	2.87100000000009	9.84599999999955	0	0
6.39500000000044	1.06700000000001	10.1939999999995	0	0
21.1840000000002	10.4090000000001	32.6769999999997	0	0
7.51600000000053	2.48500000000013	12.8160000000007	0	0
7.55000000000018	3.51699999999983	13.0909999999985	0	0
7.85599999999977	4.78200000000015	10.3389999999999	0	0
30.6890000000003	17.3890000000001	40.9740000000002	0	0
6.03999999999996	0.833999999999833	10.0740000000005	0	0
6.94399999999951	1.71000000000004	11.3200000000015	0	0
17.125	11.3760000000002	25.7119999999995	0	0
7.00999999999931	2.00500000000011	9.87900000000081	0	0
8.61899999999969	3.5329999999999	10.8709999999992	0	0
9.17799999999988	7.08799999999974	12.4350000000013	0	0
12.1319999999996	0.590999999999894	19.6170000000002	0	0
7.45600000000013	2.38199999999961	11.4390000000003	0	0
6.64300000000003	1.90899999999965	10.3249999999989	0	0
7.92900000000009	4.87599999999975	13.4049999999988	0	0
8.96399999999994	6.03900000000021	12.5680000000011	0	0
7.91899999999987	3.29500000000007	11.4500000000007	0	0
7.50799999999981	4.73300000000017	11.9990000000016	0	0
7.55999999999949	4.32500000000027	11.7780000000002	0	0
7.61599999999999	2.65899999999965	10.5759999999991	0	0
8.36299999999937	4.62699999999995	10.2290000000012	0	0
8.35999999999967	3.94599999999991	13.0260000000017	0	0
7.34400000000005	3.04799999999977	9.89300000000003	0	0
15.5079999999998	8.23900000000003	23.1000000000004	0	0
9.23800000000028	5.63400000000001	11.3460000000014	0	0
15.29	7.76299999999992	21.1739999999991	0	0
6.64900000000034	1.51899999999978	8.94499999999971	0	0
6.7470000000003	1.35800000000017	10.8469999999998	0	0
6.46299999999974	1.25099999999975	10.3289999999997	0	0
14.0069999999996	3.39700000000039	20.9269999999997	0	0
6.20200000000023	0.889999999999873	10.6649999999991	0	0
6.34300000000076	1.46100000000024	8.75299999999879	0	0
7.43299999999999	2.35000000000036	10.6409999999996	0	0
10.7909999999993	10.5410000000002	12.6999999999989	0	0
18.2200000000003	12.6960000000004	24.6890000000003	0	0
15.326	6.46099999999979	22.7790000000005	0	0
7.84999999999945	4.2470000000003	11.3330000000005	0	0
8.27199999999993	4.60800000000017	11.878999999999	0	0
7.80200000000059	3.8420000000001	10.8819999999996	0	0
7.5619999999999	3.44500000000016	10.3549999999996	0	0
6.64100000000053	1.70299999999997	11.482	0	0
7.35199999999986	1.81100000000015	11.6299999999992	0	0
16.2510000000002	9.05299999999988	24.9609999999993	0	0
6.52199999999993	1.54799999999977	9.66799999999967	0	0
7.19900000000052	2.18399999999974	11.7440000000006	0	0
6.98300000000017	2.52500000000009	9.65200000000004	0	0
16.6589999999997	9.625	22.7980000000007	0	0
14.1579999999994	5.41300000000001	19.4089999999997	0	0
6.78999999999996	1.84900000000016	11.4390000000003	0	0
7.33699999999953	3.05099999999993	11.8580000000002	0	0
7.10400000000027	2.32299999999987	12.2089999999989	0	0
7.35400000000027	3.28400000000011	10.2530000000006	0	0
9.6239999999998	7.08899999999994	12.7180000000008	0	0
7.47199999999975	4.5590000000002	10.7459999999992	0	0
16.9049999999997	10.683	24.3189999999995	0	0
19.3159999999998	16.48	23.726999999999	0	0
7.03400000000056	1.71399999999994	9.74499999999898	0	0
6.91499999999996	2.32900000000018	11.2540000000008	0	0
13.7560000000003	3.35800000000017	20.9189999999999	0	0
14.4759999999997	6.73399999999992	22.2430000000004	0	0
8.60000000000036	4.07999999999993	12.6170000000002	0	0
8.8179999999993	7.08600000000024	12.3970000000008	0	0
19.1660000000002	14.152	25.1719999999987	0	0
10.5960000000005	8.19300000000021	14.8079999999991	0	0
7.53600000000006	2.84900000000016	11.4890000000014	0	0
10.5190000000002	9.18900000000031	13.1610000000001	0	0
7.63900000000012	3.82799999999997	11.1589999999997	0	0
7.60699999999997	3.65000000000009	10.5040000000008	0	0
8.26000000000022	3.79700000000003	11.8430000000008	0	0
10.0040000000008	8.91399999999976	13.0959999999995	0	0
7.51199999999972	2.12099999999964	11.4380000000001	0	0
7.06099999999969	2.35800000000017	11.0789999999997	0	0
6.97400000000016	1.83799999999974	10.8130000000001	0	0
7.02300000000014	2.59000000000015	9.58400000000074	0	0
6.5659999999998	1.48900000000003	11.4300000000003	0	0
6.84799999999996	1.47000000000025	11.1750000000011	0	0
6.61599999999999	1.83999999999969	9.65400000000045	0	0
10.5839999999998	8.38099999999986	14.2810000000009	0	0
9.54899999999998	6.63199999999961	13.0560000000005	0	0
7.00500000000011	1.83200000000033	12.7480000000014	0	0
16.9989999999998	11.23	25.4300000000003	0	0
7.15999999999985	2.59899999999971	10.0889999999999	0	0
7.27499999999964	2.12899999999991	11.7600000000002	0	0
9.02199999999993	5.54300000000012	11.9089999999997	0	0
6.47400000000016	0.601000000000113	10.226999999999	0	0
8.44899999999961	4.67800000000034	12.4239999999991	0	0
10.1769999999997	8.7199999999998	12.5020000000004	0	0
7.82600000000002	3.17500000000018	8.69399999999951	0	0
7.05000000000018	3.46399999999994	10.0710000000017	0	0
6.53699999999935	1.71199999999999	7.92799999999988	0	0
8.49600000000009	4.88999999999987	11.996000000001	0	0
15.5039999999999	7.59400000000005	23.5980000000018	0	0
7.35399999999936	3.10500000000002	10.9249999999993	0	0
9.30000000000018	6.13499999999976	12.5349999999999	0	0
14.1890000000003	5.95899999999983	20.8439999999991	0	0
29.799	13.518	42.6880000000001	0	0
7.88400000000001	4.29800000000023	10.6700000000001	0	0
6.44399999999951	1.17599999999993	10.0069999999996	0	0
13.9059999999999	5.16899999999987	20.2430000000004	0	0
8.88400000000001	6.27200000000039	11.8049999999985	0	0
14.8909999999996	7.84700000000021	21.4969999999994	0	0
12.8329999999996	3.67900000000009	17.9989999999998	0	0
13.1519999999991	4.27799999999979	19.3140000000003	0	0
6.63000000000011	0.827999999999975	10.253999999999	0	0
15.7619999999997	6.77799999999979	22.6959999999999	0	0
6.76899999999932	2.65000000000009	10.4879999999994	0	0
8.93000000000029	6.30699999999979	12.6229999999996	0	0
8.41200000000026	4.50399999999991	12.5679999999993	0	0
19.1469999999999	14.9370000000004	24.7860000000001	0	0
14.5540000000001	5.49299999999994	22.110999999999	0	0
7.90299999999843	3.82600000000002	10.7430000000004	0	0
6.62200000000121	1.67000000000007	8.42900000000009	0	0
9.58200000000033	8.26299999999992	14.2250000000004	0	0
6.39999999999964	1.58100000000013	8.93000000000029	0	0
8.46399999999994	4.68900000000031	10.7859999999982	0	0
7.93100000000049	4.10400000000027	9.97700000000077	0	0
7.6299999999992	3.78499999999985	11.8819999999996	0	0
6.45499999999993	1.76600000000053	10.2790000000005	0	0
6.98199999999997	1.65099999999984	11.0770000000011	0	0
7.35699999999997	3.29100000000017	10.9160000000011	0	0
7.08899999999994	2.17900000000009	9.89999999999964	0	0
7.92199999999866	3.92000000000007	12.3029999999999	0	0
6.76100000000042	2.00399999999991	10.0579999999991	0	0
7.80799999999908	3.65399999999954	13.4560000000001	0	0
6.53800000000047	1.57299999999941	10.0680000000011	0	0
7.0010000000002	1.20299999999952	10.8680000000004	0	0
6.28600000000006	1.0590000000002	10.5909999999985	0	0
13.8099999999995	5.55799999999999	20.6550000000007	0	0
10.009	9.17999999999938	12.3850000000002	0	0
7.64500000000044	3.11099999999988	12.0909999999985	0	0
6.49300000000039	2.17900000000009	11.0540000000001	0	0
6.88799999999901	1.35000000000036	10.1280000000006	0	0
6.88899999999921	2.27800000000025	10.2209999999995	0	0
18.9500000000007	14.2340000000004	25.6359999999986	0	0
8.5	5.89300000000003	11.9639999999999	0	0
7.36099999999897	2.6190000000006	10.0329999999994	0	0
8.2549999999992	3.60800000000017	12.277	0	0
7.0570000000007	1.93000000000029	10.3230000000003	0	0
7.05299999999988	1.83200000000033	11.1179999999986	0	0
8.57700000000114	5.26800000000003	11.0509999999995	0	0
7.69599999999991	3.2559999999994	9.59699999999975	0	0
16.1560000000009	8.19100000000071	22.8119999999999	0	0
9.6919999999991	7.45199999999932	13.3180000000011	0	0
8.21700000000055	5	11.0730000000003	0	0
17.8069999999989	12.9500000000007	22.4740000000002	0	0
7.09399999999914	3.66600000000017	9.80199999999968	0	0
7.80900000000111	3.09099999999944	12.7529999999988	0	0
6.7489999999998	2.47299999999996	9.34999999999854	0	0
8.0570000000007	4.73899999999958	11.3529999999992	0	0
15.5720000000001	9.12899999999991	21.0840000000007	0	0
6.79799999999886	3.08100000000013	11.7350000000006	0	0
14.223	6.26499999999942	20.9849999999988	0	0
6.60199999999895	0.900000000000546	9.14500000000044	0	0
6.83100000000013	2.09400000000005	10.0990000000002	0	0
7.76900000000023	3.49499999999989	10.7579999999998	0	0
6.70900000000074	1.86099999999988	10.4049999999988	0	0
7.42699999999968	3.29200000000037	10.7350000000006	0	0
7.14000000000124	1.53299999999945	12.6809999999987	0	0
7.7450000000008	3.84400000000005	11.1740000000009	0	0
7.46599999999853	2.69499999999971	12.7700000000004	0	0
7.45300000000134	2.91100000000006	12.3729999999996	0	0
8.26900000000023	5.92399999999998	11.0799999999999	0	0
9.92499999999927	7.53299999999945	12.6789999999983	0	0
9.74599999999919	8.65999999999985	12.237000000001	0	0
13.7179999999989	4.58500000000004	20.5840000000007	0	0
11.0709999999999	9.76800000000003	15.7980000000007	0	0
13.759	4.26499999999942	24.5690000000013	0	0
8.92100000000028	6.61999999999989	12.4380000000001	0	0
7.89199999999983	4.71900000000005	12.8520000000008	0	0
16.393	9.72600000000057	22.5340000000015	0	0
7.78699999999844	3.24799999999959	12.1140000000014	0	0
7.0010000000002	3.66299999999956	10.893	0	0
7.38299999999981	2.52500000000055	11.7580000000016	0	0
10.1970000000001	7.44599999999991	13.2110000000011	0	0
8.81499999999869	6.03799999999956	11.0670000000009	0	0
9.43599999999969	6.40700000000015	13.0360000000001	0	0
8.8070000000007	6.45400000000063	11.4129999999986	0	0
7.56499999999869	2.02199999999993	10.0009999999984	0	0
6.77599999999984	1.94400000000041	9.37900000000081	0	0
21.8089999999993	9.7480000000005	31.9169999999995	0	0
8.04199999999946	3.12199999999939	11.6929999999993	0	0
9.78200000000106	7.84699999999975	12.3870000000006	0	0
8.17000000000007	4.41499999999996	12.4799999999996	0	0
6.63299999999981	1.42100000000028	9.07800000000134	0	0
8.02299999999923	3.42799999999988	12.5820000000003	0	0
8.625	6.29399999999987	12.0370000000003	0	0
16.3429999999989	10.4860000000008	20.8029999999999	0	0
16.610999999999	9.49600000000009	23.6329999999998	0	0
9.20300000000134	6.10800000000017	13.237000000001	0	0
8.39599999999882	5.87800000000061	11.3330000000005	0	0
10.9760000000006	8.42399999999998	13.8540000000012	0	0
7.78600000000006	2.97299999999996	10.0069999999996	0	0
7.71500000000015	4.52900000000045	10.9489999999987	0	0
10.0280000000002	7.65900000000056	13.7080000000005	0	0
9.5049999999992	6.80599999999959	12.9190000000017	0	0
8.39999999999964	6.71299999999974	12.6130000000012	0	0
8.18999999999869	4.04200000000037	13.1419999999998	0	0
17.0059999999994	10.174	24.9210000000003	0	0
16.1650000000009	11.049	23.7479999999996	0	0
7.38800000000083	4.0600000000004	10.4760000000006	0	0
16.0749999999989	9.83899999999994	22.5460000000003	0	0
7.42599999999948	2.79700000000048	10.1710000000003	0	0
10.5360000000001	8.69900000000052	11.878999999999	0	0
7.63600000000042	4.10200000000077	11.4629999999997	0	0
7.02099999999882	1.87100000000009	12.1769999999997	0	0
8.39100000000144	5.25699999999961	11.9529999999995	0	0
8.34899999999834	5.28600000000006	11.8559999999998	0	0
14.8690000000006	7.14000000000033	22.4869999999992	0	0
7.59599999999955	2.4340000000002	10.6220000000012	0	0
8.39200000000164	6.03799999999956	10.6499999999996	0	0
8.59100000000035	5.10900000000038	12.3850000000002	0	0
6.35000000000036	1.22200000000066	11.0729999999985	0	0
6.51000000000022	2.20899999999983	10.9880000000012	0	0
6.88500000000022	1.81099999999969	10.2839999999997	0	0
7.66799999999967	2.50600000000031	11.9079999999994	0	0
9.11599999999999	6.66299999999956	12.1800000000003	0	0
7.38500000000022	2.07700000000023	12.0859999999993	0	0
7.54199999999946	3.65899999999965	11.1009999999987	0	0
7.94300000000112	2.94799999999941	11.5310000000009	0	0
6.55199999999968	2.10699999999997	9.62799999999879	0	0
8.09000000000015	6.06400000000031	11.1149999999998	0	0
8.14000000000124	4.36800000000039	12.8870000000006	0	0
7.70299999999952	2.40999999999985	12.4050000000007	0	0
7.31399999999849	3.89800000000014	10.8870000000006	0	0
7.3859999999986	2.39500000000044	10.0260000000017	0	0
6.99599999999919	1.78700000000026	11.3580000000002	0	0
6.60499999999956	1.80200000000059	9.75900000000001	0	0
7.38400000000001	2.25399999999991	10.5760000000009	0	0
7.83200000000033	3.41199999999935	10.2389999999996	0	0
8.52600000000166	6.30400000000009	12.3260000000009	0	0
16.5689999999995	9.17299999999977	24.384	0	0
16.0010000000002	7.32799999999952	21.5959999999995	0	0
8.11999999999898	3.6269999999995	11.9330000000009	0	0
8.26400000000103	5.36099999999988	10.7819999999992	0	0
7.125	1.38000000000011	11.8590000000004	0	0
6.86000000000058	2.64199999999983	10.6790000000001	0	0
7.01399999999921	1.78700000000026	10.384	0	0
8.97400000000016	4.54700000000048	13.1209999999992	0	0
6.92499999999927	1.26900000000023	9.63600000000042	0	0
7.60699999999997	3.19200000000001	10.7849999999999	0	0
7.17400000000089	1.6860000000006	11.3129999999983	0	0
6.91899999999987	3.25699999999961	9.88600000000042	0	0
7.27599999999984	3.73499999999967	10.4539999999997	0	0
7.72800000000097	3.09200000000055	10.634	0	0
16.0840000000007	8.55199999999968	22.2029999999995	0	0
7.98999999999978	4.43099999999959	10.1499999999996	0	0
7.32200000000012	3.8130000000001	9.83200000000033	0	0
7.60499999999956	2.0029999999997	11.7210000000014	0	0
7.08799999999974	2.73700000000008	8.74099999999999	0	0
7.04800000000068	2.54500000000007	9.42399999999907	0	0
17.9790000000012	11.0749999999998	23.1290000000008	0	0
9.08499999999913	5.77700000000004	12.3700000000008	0	0
12.0879999999997	10.8290000000006	12.3779999999988	0	0
7.12199999999939	1.87100000000009	10.4560000000001	0	0
6.84000000000015	2.72900000000027	9.75300000000061	0	0
6.77400000000125	2.5590000000002	11.3600000000006	0	0
13.866	4.89800000000014	21.9449999999997	0	0
6.86599999999999	1.35199999999986	10.1110000000008	0	0
6.68599999999969	1.72800000000007	11.4939999999988	0	0
7.17100000000028	3.71300000000065	10.2249999999985	0	0
15.9609999999993	10.4690000000001	22.393	0	0
7.19599999999991	1.98000000000047	9.68099999999868	0	0
7.02599999999984	3.10500000000047	9.13300000000163	0	0
10.2109999999993	7.64799999999923	13.5280000000002	0	0
7.15300000000025	2.81099999999969	9.33600000000115	0	0
12.8109999999997	3.57900000000063	17.6409999999996	0	0
15.4509999999991	8.89500000000044	20.7999999999993	0	0
7.68000000000029	4.06800000000021	11.0380000000005	0	0
7.53200000000106	2.4980000000005	9.20099999999911	0	0
7.53699999999844	5.24599999999919	10.3900000000012	0	0
5.96399999999994	0.818000000000211	7.8690000000006	0	0
7.39000000000124	3.15899999999965	12.0550000000003	0	0
13.9479999999985	5.49099999999999	20.3419999999987	0	0
7.6150000000016	2.71999999999935	12.4770000000008	0	0
6.5059999999994	1.69000000000051	8.89900000000125	0	0
8.03100000000086	4.47400000000016	11.6800000000003	0	0
7.10200000000077	3.83200000000033	10.2480000000014	0	0
14.8289999999997	15.8960000000006	15.7620000000006	0	0
7.42900000000009	2.77700000000004	11.5529999999999	0	0
6.58300000000054	2.44999999999982	11.1640000000007	0	0
6.73699999999917	1.78700000000026	10.277	0	0
6.49399999999878	0.863999999999578	10.8600000000006	0	0
7.26300000000083	3.17100000000028	11.4079999999994	0	0
15.1810000000005	6.72299999999996	20.2899999999991	0	0
8.64799999999923	5.60099999999966	11.8040000000001	0	0
7.39199999999983	2.69700000000012	11.8790000000008	0	0
7.05999999999949	3.01199999999972	11.1090000000004	0	0
6.97599999999875	2.84300000000076	11.8770000000004	0	0
7.04799999999886	1.75500000000011	11.7880000000005	0	0
15.9539999999997	9.88600000000042	20.6949999999997	0	0
7.27299999999923	2.45399999999972	12.3339999999989	0	0
6.66400000000067	2.10500000000047	9.73199999999997	0	0
6.64700000000084	1.20600000000013	10.0739999999987	0	0
7.48700000000099	1.78200000000015	11.0259999999998	0	0
6.30099999999948	0.859000000000378	10.2469999999994	0	0
7.22899999999936	3.3809999999994	10.125	0	0
7.55899999999929	2.91699999999946	9.43900000000031	0	0
6.95399999999972	2.02599999999984	10.9969999999994	0	0
7.15200000000004	3.22400000000016	9.91699999999946	0	0
7.48500000000058	3.72300000000087	10.1700000000001	0	0
6.50099999999838	1.18299999999999	11.1499999999996	0	0
13.2179999999989	4.07499999999982	21.512999999999	0	0
7.00300000000061	2.68000000000029	9.81500000000051	0	0
6.01699999999983	1.07800000000043	10.030999999999	0	0
6.64800000000105	1.3159999999998	11.1229999999996	0	0
11.8889999999992	1.80399999999918	15.9349999999995	0	0
7.45700000000033	4.02800000000025	10.0550000000003	0	0
13.3919999999998	6.07499999999982	20.634	0	0
7.91200000000026	3.51199999999972	12.7790000000005	0	0
9	7.23899999999958	13.3640000000014	0	0
14.1939999999995	5.96900000000005	21.6450000000004	0	0
6.75200000000041	2.56099999999969	9.38500000000204	0	0
7.73400000000038	4.3159999999998	11.0720000000001	0	0
7.44400000000132	2.84799999999996	11.6039999999994	0	0
7.07200000000012	2.9940000000006	10.4619999999995	0	0
17.3250000000007	12.2820000000002	21.8029999999999	0	0
19.1700000000001	5.7489999999998	27.6830000000009	0	0
7.09300000000076	1.77700000000004	10.3019999999997	0	0
14.1310000000012	5.5	20.2860000000001	0	0
6.85200000000077	2.68199999999979	9.02599999999802	0	0
12.3719999999994	1.95100000000002	20.3260000000009	0	0
7.2450000000008	3.11200000000008	12.0630000000019	0	0
8.43900000000031	4.8730000000005	12.0240000000013	0	0
8.39200000000164	6.37299999999959	11.5930000000008	0	0
8.54800000000068	4.01200000000063	11.262999999999	0	0
6.88400000000001	1.93900000000031	10.9310000000005	0	0
7.09100000000035	2.86499999999978	11.492000000002	0	0
6.61800000000039	0.618999999999687	9.10100000000239	0	0
6.3859999999986	1.35099999999966	11.2960000000021	0	0
14.4669999999987	6.50600000000031	20.6160000000018	0	0
6.19000000000051	0.943000000000211	10.7940000000017	0	0
12.9300000000003	4.95599999999922	20.6369999999988	0	0
7.63500000000022	4.42300000000068	11.114999999998	0	0
9.21800000000076	6.86700000000019	12.7930000000015	0	0
8.9890000000014	6.69300000000021	12.994999999999	0	0
7.05799999999908	2.59599999999955	10.8510000000024	0	0
7.14199999999983	3.09600000000046	10.601999999999	0	0
7.17799999999988	3.23599999999988	9.65599999999904	0	0
6.55799999999908	1.38499999999931	9.88699999999881	0	0
8.1260000000002	5.64099999999962	10.0110000000022	0	0
14.8799999999992	7.875	18.6759999999995	0	0
6.34700000000157	0.755000000000109	9.10100000000239	0	0
7.20299999999952	1.6239999999998	10.2180000000008	0	0
7.23699999999917	3.07600000000002	9.67299999999886	0	0
7.41100000000006	2.91200000000026	9.44900000000052	0	0
8.65099999999984	5.48199999999997	12.9929999999986	0	0
7.69399999999951	5.16499999999996	10.7559999999976	0	0
6.97800000000097	2.36899999999969	9.52000000000044	0	0
7.71099999999933	3.97400000000016	13.1130000000012	0	0
6.36800000000039	1.38500000000022	9.84100000000035	0	0
6.98799999999937	2.08299999999963	10.8780000000006	0	0
6.96200000000135	1.74499999999989	9.67699999999968	0	0
12.2979999999989	12.0799999999999	12.3040000000001	0	0
13.9590000000007	4.86599999999999	20.7489999999998	0	0
7.59799999999996	3.64099999999962	11.7039999999979	0	0
7.1349999999984	2.8090000000002	11.8389999999999	0	0
7.125	2.24600000000009	10.4159999999974	0	0
6.52000000000044	1.51900000000023	9.00400000000081	0	0
6.54500000000007	1.21800000000076	9.35299999999916	0	0
8.91400000000067	5.59900000000016	12.8220000000001	0	0
9.21299999999974	6.6309999999994	11.0689999999995	0	0
9.17300000000068	5.83200000000033	13.4429999999993	0	0
6.41900000000169	1.82099999999991	11.8499999999985	0	0
13.8389999999999	5.78600000000006	23.239999999998	0	0
10.3040000000001	7.94799999999941	11.8170000000027	0	0
7.34599999999955	2.77299999999923	9.89600000000064	0	0
14.5739999999987	6.69499999999971	21.4540000000015	0	0
8.2400000000016	5.70299999999952	10.7849999999999	0	0
13.0870000000014	1.86099999999988	19.1180000000022	0	0
7.22299999999996	3.42900000000009	12.2540000000008	0	0
7.67200000000048	4.15300000000025	9.80400000000009	0	0
8.92900000000009	5.36999999999989	11.8830000000016	0	0
8.03300000000127	5.76699999999983	10.3840000000018	0	0
8.35900000000038	5.58399999999983	11.4169999999976	0	0
11.5329999999994	9.45299999999952	14.4170000000013	0	0
8.88400000000001	6.53800000000047	12.3969999999972	0	0
10.393	8.57499999999982	11.8250000000007	0	0
7.17400000000089	2.30799999999999	11.7439999999988	0	0
8.16200000000026	4.61200000000008	10.2249999999985	0	0
6.38600000000042	1.53099999999995	9.68000000000029	0	0
6.78299999999945	1.95499999999993	8.51800000000003	0	0
7.03299999999945	3.59900000000016	10.4039999999986	0	0
8.07999999999993	5.19800000000032	12.1590000000033	0	0
7.5	3.46799999999985	12.1749999999993	0	0
15.726999999999	7.59799999999996	22.1889999999985	0	0
14.4490000000005	6.09600000000046	20.2369999999974	0	0
13.9380000000001	4.32499999999982	20.5240000000013	0	0
6.81500000000051	2.47199999999975	9.04999999999927	0	0
7.7400000000016	3.04400000000078	12.0109999999986	0	0
7.14900000000125	3.22900000000027	9.33699999999953	0	0
6.62699999999859	1.53799999999956	9.84700000000157	0	0
8.52899999999863	4.35699999999997	11.3860000000022	0	0
7.15699999999924	3.06999999999971	10.9119999999966	0	0
7.63500000000022	4	12.6460000000006	0	0
9.0010000000002	6.24200000000019	13.1460000000006	0	0
13.4320000000007	2.67399999999998	20.3189999999995	0	0
15.0569999999989	7.98599999999988	20.6420000000035	0	0
8.79300000000148	5.09699999999975	12.5220000000008	0	0
9.51900000000023	8.78600000000006	12.5519999999997	0	0
9.41100000000006	7.3760000000002	12.4550000000017	0	0
8.32999999999993	4.28499999999985	12.5459999999985	0	0
6.98400000000038	2.92999999999938	9.81299999999828	0	0
17.4480000000003	11.5209999999997	22.9099999999999	0	0
7.93999999999869	4.29299999999967	11.4969999999994	0	0
7.29500000000007	2.78899999999976	10.4499999999971	0	0
8.15399999999863	5.27400000000034	10.9220000000023	0	0
7.01699999999983	2.95700000000033	9.96800000000076	0	0
6.86099999999897	1.05799999999999	11.3179999999993	0	0
6.44999999999891	1.4369999999999	9.64500000000044	0	0
6.55500000000029	1.33799999999974	9.81999999999971	0	0
6.88700000000063	0.806999999999789	11.905999999999	0	0
6.73000000000138	2.04799999999977	10.3660000000018	0	0
8.20600000000013	5.46000000000004	11.0120000000024	0	0
6.8010000000013	3.16399999999976	11.8549999999996	0	0
7.68900000000031	4.17900000000009	11.7609999999986	0	0
8.30600000000049	5.52300000000014	11.8580000000002	0	0
8.79899999999907	7.53700000000026	11.5400000000009	0	0
7.82200000000012	4.80199999999968	11.2330000000002	0	0
7.67399999999907	5.21399999999994	11.0579999999973	0	0
6.39199999999983	1.62700000000041	9.27199999999721	0	0
7.35300000000097	2.83799999999974	11.3420000000006	0	0
7.64800000000105	3.47400000000016	11.4470000000001	0	0
6.60300000000097	2.21399999999994	10.2230000000018	0	0
14.2249999999985	5.22000000000025	23.6049999999996	0	0
5.95799999999872	1.22000000000025	9.08099999999831	0	0
8.89199999999983	5.13400000000001	13.012999999999	0	0
7.56400000000031	3.61299999999937	9.8839999999982	0	0
14.2929999999997	7.22099999999955	21.4130000000005	0	0
21.8780000000006	21.6959999999999	28.599000000002	0	0
9.27000000000044	5.65299999999934	12.3120000000017	0	0
9.4330000000009	7.03999999999996	11.5740000000005	0	0
7.24599999999919	3.16899999999987	11.0859999999993	0	0
7.22799999999916	2.54799999999977	10.9029999999984	0	0
14.5510000000013	8.32099999999991	21.0260000000017	0	0
9.27200000000084	5.03000000000065	11.7250000000022	0	0
15.357	8.49299999999948	20.8080000000009	0	0
8.53700000000026	4.38699999999972	11.6229999999996	0	0
9.72999999999956	6.73599999999988	12.1749999999993	0	0
13.7070000000003	6.6929999999993	21.1179999999986	0	0
6.50300000000061	1.40900000000056	10.3960000000006	0	0
7.50299999999879	3.51899999999932	11.1000000000022	0	0
13.5810000000001	3.26299999999992	21.8369999999995	0	0
6.80999999999949	2.99300000000039	9.78700000000026	0	0
7.03800000000047	1.86499999999978	11.3009999999995	0	0
12.7070000000003	4.26800000000003	18.7379999999976	0	0
9.05299999999988	6.63599999999951	12.2599999999984	0	0
8.20599999999831	6.24799999999959	11.9420000000027	0	0
6.21399999999994	1.57899999999972	8.98800000000119	0	0
8.57799999999952	5.00799999999981	12.3379999999997	0	0
6.56800000000112	1.98700000000008	8.77299999999741	0	0
6.5	1.48400000000038	9.97100000000137	0	0
8.47999999999956	4.5010000000002	12.7279999999992	0	0
7.51200000000063	4.40300000000025	10.4900000000016	0	0
13.4540000000015	3.6880000000001	20.0010000000002	0	0
6.64800000000105	2.09599999999955	10.0109999999986	0	0
7.17299999999886	2.66499999999996	10.7649999999994	0	0
6.82300000000032	2.70899999999983	9.72199999999793	0	0
6.98799999999937	2.31400000000031	9.16899999999805	0	0
8.61299999999937	4.65500000000065	11.7120000000032	0	0
6.70800000000054	1.75699999999961	9.71699999999691	0	0
7.3799999999992	2.73300000000017	10.7700000000004	0	0
6.53700000000026	2.40999999999985	11.5329999999994	0	0
6.97199999999975	2.45399999999972	10.3739999999998	0	0
7.22400000000016	1.8739999999998	11.3259999999973	0	0
16.5589999999993	10.8769999999995	22.1939999999995	0	0
6.98100000000159	1.15300000000025	8.85199999999895	0	0
6.64600000000064	1.67499999999927	10.5699999999997	0	0
19.1089999999986	15.5340000000006	24.9750000000022	0	0
17.9089999999997	13.8119999999999	24.6179999999986	0	0
7.03199999999924	1.125	10.8559999999998	0	0
7.57400000000052	5.07200000000012	11.487000000001	0	0
6.67100000000028	2.18199999999979	9.03700000000026	0	0
8.54800000000068	5.15099999999984	11.0099999999984	0	0
7.59400000000096	4.12700000000041	10.8299999999981	0	0
14.375	6.52800000000025	19.4379999999983	0	0
6.2510000000002	1.44300000000021	7.59800000000178	0	0
6.43000000000029	1.15300000000025	7.78700000000026	0	0
8.10699999999997	5.78400000000056	8.81899999999951	0	0
6.92300000000068	2.00799999999981	7.86899999999878	0	0
8.67000000000007	5.01500000000033	10.7799999999988	0	0
6.62099999999919	1.75	8.48099999999977	0	0
6.76499999999942	2.80000000000018	7.74699999999939	0	0
14.5680000000011	6.18199999999979	16.6990000000005	0	0
6.76299999999901	1.59900000000016	7.19599999999991	0	0
6.77999999999884	1.23000000000047	7.54400000000169	0	0
13.3419999999987	4.85299999999916	16.7970000000023	0	0
6.98899999999958	0.759000000000015	8.74799999999959	0	0
7.03100000000086	2.9360000000006	7.97399999999834	0	0
7.68000000000029	4.74200000000019	9.20400000000154	0	0
14.8270000000011	7.96000000000004	16.8330000000024	0	0
6.4260000000013	1.29600000000028	8.28900000000067	0	0
6.95099999999911	1.10699999999997	8.56400000000212	0	0
6.45499999999993	1.41200000000026	8.40400000000227	0	0
8.03499999999985	5.36099999999988	9.21500000000015	0	0
7.27099999999882	2.79899999999998	8.54300000000148	0	0
6.8239999999987	2.10099999999966	8.85000000000218	0	0
6.80900000000111	1.32200000000012	7.44599999999991	0	0
8.47200000000157	5.97800000000007	8.63000000000102	0	0
13.8209999999999	4.0590000000002	15.7659999999996	0	0
7.00900000000001	2.54900000000089	9.31499999999869	0	0
7.78100000000086	2.53099999999995	9.8849999999984	0	0
6.68000000000029	1.80299999999988	7.51000000000204	0	0
6.56899999999951	1.74399999999969	8.8169999999991	0	0
6.05999999999949	0.699000000000524	8.3080000000009	0	0
6.08100000000013	1.07700000000023	8.44800000000032	0	0
8.29299999999967	4.42200000000048	9.44800000000032	0	0
19.7839999999997	5.59699999999975	23.3520000000026	0	0
12.777	4.02099999999973	16.7249999999985	0	0
6.61000000000058	1.51099999999951	8.27499999999782	0	0
7.98099999999977	5.33299999999963	9.48700000000099	0	0
6.95499999999993	2.44399999999951	8.53900000000067	0	0
15.2520000000004	9.17500000000018	17.75	0	0
6.3739999999998	1.62899999999991	7.68099999999686	0	0
7.35899999999856	3.77100000000064	8.78700000000026	0	0
7.20999999999913	2.66499999999996	8.75800000000163	0	0
7.8690000000006	3.41800000000057	8.69700000000012	0	0
7.69999999999891	4.1239999999998	9.68699999999808	0	0
7.46299999999974	2.64300000000003	9.93800000000192	0	0
6.8130000000001	2.39800000000014	8.22800000000279	0	0
13.2619999999988	2.03499999999985	15.8150000000023	0	0
14.9099999999999	7.51800000000003	15.8880000000026	0	0
7.69800000000032	2.90700000000015	8.93000000000029	0	0
6.44999999999891	1.32300000000032	7.39700000000084	0	0
8.39600000000064	3.6880000000001	10.6980000000003	0	0
6.34299999999894	2.29100000000017	7.46800000000076	0	0
7.64500000000044	2.48900000000049	8.9900000000016	0	0
7.5	4.16300000000047	9.33299999999872	0	0
7.68000000000029	4.39800000000014	9.94499999999971	0	0
7.45800000000054	2.70100000000002	8.30900000000111	0	0
6.01100000000042	0.865999999999985	7.98700000000099	0	0
7.01800000000003	1.55400000000009	8.86200000000099	0	0
7.1260000000002	3.47299999999996	9.51699999999983	0	0
7.14999999999964	2.54500000000007	8.58899999999994	0	0
7.45099999999911	2.13600000000042	10.0010000000002	0	0
7.0729999999985	2.92300000000068	9.04900000000271	0	0
7.31899999999951	2.49299999999948	8.71600000000035	0	0
7.04299999999967	3.10599999999977	7.35699999999997	0	0
6.5619999999999	1.65499999999975	7.020999999997	0	0
6.57500000000073	1.72000000000025	6.94000000000233	0	0
6.22099999999955	1.02700000000004	6.24700000000303	0	0
8.03199999999924	3.31200000000081	7.85699999999997	0	0
12.996000000001	3.32900000000063	13.4190000000017	0	0
6.40200000000004	1.55299999999988	6.57399999999689	0	0
19.9009999999998	6.125	21.2330000000002	0	0
6.50300000000061	1.72899999999936	6.94900000000052	0	0
6.14999999999964	1.3159999999998	6.93699999999808	0	0
6.69300000000112	2.03899999999976	7.84800000000178	0	0
6.51999999999862	1.36499999999978	6.58899999999994	0	0
6.79000000000087	1.4369999999999	7.8650000000016	0	0
7.02100000000064	3.0649999999996	7.68999999999869	0	0
6.72600000000057	2.3739999999998	7.11899999999878	0	0
7.00900000000001	2.91200000000026	7.03600000000006	0	0
6.19499999999971	1.11099999999988	6.40699999999924	0	0
13.4889999999996	4.16800000000057	13.9369999999981	0	0
6.88500000000022	2.96700000000055	7.10800000000017	0	0
7.86800000000039	4.38199999999961	9.0580000000009	0	0
6.3739999999998	1.4340000000002	6.52699999999822	0	0
6.41899999999987	1.85900000000038	6.72800000000279	0	0
6.04700000000048	0.949999999999818	6.24299999999857	0	0
6.72100000000137	1.84299999999985	7.47499999999854	0	0
12.9179999999997	2.89100000000053	14.018	0	0
6.74099999999999	2.15899999999965	7.05500000000029	0	0
6.84399999999914	2.06400000000031	8.10300000000279	0	0
13.3160000000007	3.69200000000001	14.2640000000029	0	0
6.90500000000065	1.36800000000039	7.70700000000215	0	0
13.7510000000002	5.49300000000039	13.4010000000017	0	0
13.9159999999993	4.46599999999944	16.1399999999994	0	0
7.04099999999926	2.64399999999932	6.68400000000111	0	0
6.58599999999933	0.623999999999796	6.81599999999889	0	0
7.16799999999967	3.28399999999965	6.8650000000016	0	0
7.20299999999952	3.01599999999962	7.3760000000002	0	0
6.10099999999875	1.35800000000017	6.85099999999875	0	0
7.31899999999951	2.98100000000068	7.91100000000006	0	0
6.72800000000097	1.5649999999996	7.59000000000015	0	0
6.32699999999932	1.21000000000004	7.43700000000172	0	0
6.20399999999972	1.44400000000041	7.28600000000006	0	0
7.27000000000044	1.78300000000036	7.62900000000081	0	0
12.5020000000004	2.53799999999956	13.9300000000003	0	0
15.2880000000005	7.08300000000054	16.1580000000031	0	0
12.3829999999998	2.0639999999994	13.9249999999993	0	0
6.44800000000032	1.53000000000065	7.23099999999977	0	0
6.35599999999977	1.62100000000009	6.75400000000081	0	0
13.5779999999995	4.13699999999972	13.273000000001	0	0
6.67900000000009	2.31099999999969	6.24599999999919	0	0
7.38999999999942	2.50600000000031	7.02300000000105	0	0
7.23300000000017	3.35400000000027	6.86300000000119	0	0
13.3040000000001	3.79100000000017	12.8650000000016	0	0
6.78000000000065	1.88000000000011	6.48700000000099	0	0
7.38800000000083	2.33600000000024	7.25800000000163	0	0
6.64599999999882	1.61599999999999	6.04200000000128	0	0
6.50699999999961	1.34500000000025	5.83599999999933	0	0
6.10000000000036	1.1880000000001	5.91200000000026	0	0
7.31899999999951	3.40700000000015	6.79000000000087	0	0
6.92000000000007	2.15299999999934	6.76199999999881	0	0
19.380000000001	4.68900000000031	18.8710000000028	0	0
6.77599999999984	2.45700000000033	6.42699999999968	0	0
12.7000000000007	1.96000000000004	12.4730000000018	0	0
19.7639999999992	4.66600000000017	18.4929999999986	0	0
13.0460000000003	3.97699999999986	11.9840000000004	0	0
13.2930000000015	3.55600000000049	12.976999999999	0	0
12.6630000000005	3.10400000000027	12.7510000000002	0	0
6.3640000000014	1.46999999999935	5.69800000000032	0	0
6.8239999999987	1.49099999999999	6.49099999999817	0	0
13.366	4.4369999999999	13.1000000000022	0	0
6.9419999999991	1.12700000000041	6.63000000000102	0	0
7.83500000000095	4.21699999999964	7.23499999999694	0	0
6.84200000000055	1.22399999999925	6.77599999999802	0	0
6.33899999999994	1.05799999999999	6.27800000000207	0	0
12.4259999999995	2.48599999999988	12.4449999999997	0	0
6.11999999999898	0.791000000000167	6.57199999999648	0	0
7.06600000000071	1.94200000000001	6.72999999999956	0	0
6.72099999999955	1.78200000000015	6.42900000000009	0	0
7.78899999999885	2.73500000000058	7.94599999999991	0	0
6.25600000000122	1.75	6.24499999999898	0	0
6.30999999999949	1.04799999999977	6.2410000000018	0	0
6.78999999999905	2.09699999999975	6.11799999999857	0	0
6.16400000000067	1.02499999999964	6.04299999999785	0	0
13.4980000000032	3.14399999999932	12.6270000000004	0	0
6.54599999999846	2.19000000000051	5.68100000000049	0	0
