15.843	14.37	9.294	0	0
8.337	3.419	6.436	0	0
10.751	6.857	7.06	0	0
9.185	4.591	6.436	0	0
8.56	4.03700000000001	6.558	0	0
8.09400000000001	4.70699999999999	6.289	0	0
8.27499999999999	4.053	6.31399999999999	0	0
7.09200000000001	2.94500000000001	6.53400000000001	0	0
8.458	3.571	6.464	0	0
9.48000000000002	5.248	6.643	0	0
8.35400000000001	3.18899999999999	6.30100000000002	0	0
8.38499999999999	3.423	6.08000000000001	0	0
7.917	5.026	6.40600000000001	0	0
8.65800000000002	3.297	6.392	0	0
8.46200000000002	3.29599999999999	6.36099999999999	0	0
8.95799999999997	3.624	7.03100000000001	0	0
10.535	6.244	7.21700000000001	0	0
9.05000000000001	4.43199999999999	6.46299999999999	0	0
8.70599999999996	3.18900000000002	6.41499999999999	0	0
9.30000000000001	4.94	6.708	0	0
9.79300000000001	4.751	7.02600000000001	0	0
8.19299999999998	3.149	6.13399999999996	0	0
7.83299999999997	2.51400000000001	6.07799999999997	0	0
8.209	2.90799999999999	7.42700000000002	0	0
9.16899999999998	4.65299999999999	6.83499999999998	0	0
9.56800000000004	5.16	7.00900000000001	0	0
8.5	3.30199999999999	6.02999999999997	0	0
8.44199999999995	2.98999999999998	6.51400000000001	0	0
10.606	6.97199999999998	6.47800000000001	0	0
9.13299999999998	5.55700000000002	6.32700000000006	0	0
8.31200000000001	4.34000000000003	6.423	0	0
7.81899999999996	4.20899999999995	6.565	0	0
8.19900000000007	3.053	6.21999999999997	0	0
8.58199999999999	3.16000000000003	7	0	0
8.18299999999999	3.00900000000001	6.476	0	0
8.57900000000006	3.54399999999998	6.26400000000001	0	0
8.32799999999997	3.16200000000003	6.56399999999996	0	0
7.99900000000002	2.75400000000002	5.94799999999998	0	0
10.888	6.59500000000003	7.19200000000001	0	0
8.32099999999991	3.14100000000002	5.97399999999999	0	0
9.75600000000009	5.471	6.18600000000004	0	0
10.018	6.40499999999997	6.11899999999991	0	0
10.136	5.608	6.80499999999995	0	0
9.27499999999998	3.64400000000001	6.44399999999996	0	0
12.3950000000001	9.94200000000001	7.00400000000002	0	0
8.61299999999994	3.23399999999998	6.76800000000003	0	0
8.81600000000003	3.70499999999998	6.20600000000002	0	0
10.221	7.51400000000001	6.322	0	0
9.90600000000006	5.596	6.95399999999995	0	0
8.60400000000004	3.91700000000003	6.17699999999991	0	0
9.08299999999997	4.41900000000004	6.99699999999996	0	0
8.65999999999997	3.96300000000002	6.72699999999998	0	0
8.87400000000002	3.44999999999999	6.61899999999991	0	0
8.30600000000004	2.98200000000003	6.173	0	0
8.78300000000002	3.03900000000004	6.66800000000001	0	0
8.84799999999996	3.286	7.08400000000006	0	0
8.27099999999996	3.07900000000001	6.19399999999996	0	0
8.69400000000007	3.17099999999994	7.11099999999999	0	0
10.449	6.66699999999992	6.27199999999993	0	0
8.80199999999991	3.64800000000002	6.31500000000005	0	0
8.97399999999993	3.41499999999996	6.58899999999994	0	0
8.33300000000008	3.26699999999994	6.21199999999999	0	0
11.4829999999999	6.72400000000005	7.24800000000005	0	0
9.01900000000001	4.09000000000003	5.98799999999994	0	0
8.26999999999998	2.95000000000005	6.44899999999996	0	0
8.24500000000012	2.99400000000003	6.93700000000001	0	0
8.41200000000003	3.452	6.11699999999996	0	0
9	4.19100000000003	7.22900000000004	0	0
7.91399999999999	3.649	6.56600000000003	0	0
8.529	3.18900000000008	6.13599999999997	0	0
8.37900000000013	2.98800000000006	6.23800000000006	0	0
8.24099999999999	3.06899999999996	5.86000000000001	0	0
10.4920000000002	5.86599999999999	6.90199999999993	0	0
8.1389999999999	3.69999999999993	6.54899999999998	0	0
10.768	6.44100000000003	6.65200000000004	0	0
12.4639999999999	10.235	7.06600000000003	0	0
10.6949999999999	6.51300000000003	6.39499999999998	0	0
11.2469999999998	8.18099999999993	7.12299999999993	0	0
8.30999999999995	4.19200000000001	7.02500000000009	0	0
8.91800000000012	5.96800000000007	6.60500000000002	0	0
8.39700000000016	4.73000000000002	7.31200000000001	0	0
9.15599999999995	5.02099999999996	6.13400000000001	0	0
8.74600000000009	4.06200000000001	6.06799999999998	0	0
9.23199999999997	6.15000000000009	7.17499999999995	0	0
8.65200000000004	3.73099999999999	7.154	0	0
8.59699999999998	4.97699999999998	7.25199999999995	0	0
8.28499999999985	3.98699999999997	7.27199999999993	0	0
12.9099999999999	14.561	7.19000000000005	0	0
9.4380000000001	7.56099999999992	6.46800000000007	0	0
10.3309999999999	6.149	6.34400000000005	0	0
8.78300000000013	3.06500000000005	6.88699999999994	0	0
8.99000000000001	3.47400000000005	6.67699999999991	0	0
8.24800000000005	3.23799999999994	6.21800000000007	0	0
8.73500000000013	4.02999999999997	6.73299999999995	0	0
10.798	6.80100000000004	7.13599999999997	0	0
7.66200000000003	3.24000000000001	6.48199999999997	0	0
8.28600000000006	3.64400000000001	6.08300000000008	0	0
10.008	6.33299999999997	6.54099999999994	0	0
9.96199999999999	4.82100000000003	7.03600000000006	0	0
7.93899999999985	3.19200000000001	6.14400000000001	0	0
8.42599999999993	6.03399999999999	7.19800000000009	0	0
7.85400000000004	2.49099999999999	7.74399999999991	0	0
8.33199999999988	3.34299999999996	6.19500000000016	0	0
8.82199999999989	2.91799999999989	6.71100000000001	0	0
9.45400000000018	7.32900000000006	7.55899999999997	0	0
9.66200000000003	4.47900000000004	6.50800000000004	0	0
8.18100000000004	3.88299999999992	6.19299999999998	0	0
8.702	3.02099999999996	7.10599999999999	0	0
8.82199999999989	3.92399999999998	6.33200000000011	0	0
8.46100000000001	3.58299999999997	6.17399999999998	0	0
8.10400000000004	3.10799999999995	5.923	0	0
10.3510000000001	6.21699999999998	6.47499999999991	0	0
7.9190000000001	2.96600000000001	6.53800000000001	0	0
10.0329999999999	5.077	6.66099999999983	0	0
8.38799999999992	3.17199999999991	6.74000000000001	0	0
10.3810000000001	6.43899999999985	6.60200000000009	0	0
8.52800000000002	3.18900000000008	6.53500000000008	0	0
8.596	3.52300000000014	6.07299999999987	0	0
8.30700000000002	3.15100000000007	7.14700000000016	0	0
9.40700000000015	4.3599999999999	6.29000000000019	0	0
8.07299999999987	3.43200000000002	6.55199999999991	0	0
11.6210000000001	7.77500000000009	7.72199999999998	0	0
8.03800000000001	3.05899999999997	6.37400000000002	0	0
8.66200000000026	3.05999999999995	6.34900000000016	0	0
11.1110000000003	8.03300000000013	6.64999999999986	0	0
8.76099999999997	5.30400000000009	6.23900000000003	0	0
8.29500000000007	5.19200000000001	6.23299999999995	0	0
8.73100000000022	3.94499999999994	6.11899999999991	0	0
8.22599999999966	2.68100000000004	6.76199999999994	0	0
8.89699999999993	6.86700000000019	6.673	0	0
8.57099999999991	3.471	7.29299999999989	0	0
7.61899999999969	2.80099999999993	6.01999999999998	0	0
8.43700000000035	4.23500000000013	6.35099999999989	0	0
9.13599999999997	7.54399999999987	7.20800000000008	0	0
7.79300000000012	3.94399999999996	6.29200000000014	0	0
8.44499999999971	3.24900000000002	6.24000000000001	0	0
7.51099999999997	2.80799999999999	5.93299999999999	0	0
10.2070000000003	5.93299999999999	6.47800000000007	0	0
8.42599999999993	3.45499999999993	6.66599999999994	0	0
7.99299999999994	2.59099999999989	6.79500000000007	0	0
8.45299999999997	3.31600000000003	6.29299999999989	0	0
9.17000000000007	3.51700000000005	6.89999999999986	0	0
8.65000000000009	3.35099999999989	6.42100000000005	0	0
8.75399999999991	3.2829999999999	6.87800000000016	0	0
9.14300000000003	4.8119999999999	6.64400000000001	0	0
8.88999999999987	3.96400000000017	6.10400000000004	0	0
9.72199999999975	4.71199999999999	7.423	0	0
8.08100000000013	3.08699999999999	5.99700000000007	0	0
9.59799999999996	3.98000000000002	7.35799999999995	0	0
9.31200000000035	4.87699999999995	6.20100000000002	0	0
8.68599999999969	3.23299999999995	6.66699999999992	0	0
9.90200000000004	6.11899999999991	6.30500000000006	0	0
9.35400000000027	4.82899999999995	6.82199999999989	0	0
8.7170000000001	5.24300000000017	6.65599999999995	0	0
8.94300000000021	4.15000000000009	6.49699999999984	0	0
10.5800000000004	6.34799999999996	7.08999999999992	0	0
8.32999999999993	3.24799999999982	5.94299999999998	0	0
9.32499999999982	4.00999999999999	7.35400000000004	0	0
10.7370000000001	5.78699999999981	6.57099999999991	0	0
10.1849999999999	6.74800000000005	7.60699999999997	0	0
7.86799999999994	2.29599999999982	6.58899999999994	0	0
8.01800000000003	3.17899999999986	6.19200000000001	0	0
8.35300000000007	3.27300000000014	6.67799999999988	0	0
8.00399999999991	3.01699999999983	6.59300000000007	0	0
8.56399999999985	3.02999999999997	6.71199999999999	0	0
8.05799999999999	3.13000000000011	6.94900000000007	0	0
10.4769999999999	5.82899999999995	6.71000000000004	0	0
9.38800000000037	4.98099999999999	6.49699999999984	0	0
8.95800000000008	5.76600000000008	6.67800000000034	0	0
8.20800000000008	3.19000000000005	6.19200000000001	0	0
8.22499999999991	3.13800000000015	6.2489999999998	0	0
8.64900000000034	3.30899999999997	6.49499999999989	0	0
8.22599999999966	3.03400000000011	6.63500000000022	0	0
8.93600000000015	5.51600000000008	6.97099999999955	0	0
8.26200000000017	4.0469999999998	6.42999999999984	0	0
8.69700000000012	3.37400000000002	7.02399999999989	0	0
8.96199999999999	5.44399999999996	7.15200000000004	0	0
8.3119999999999	3.05799999999999	6.63300000000027	0	0
8.75500000000011	2.96699999999987	6.47899999999981	0	0
8.26699999999983	4.73000000000002	6.79399999999987	0	0
8.54500000000007	3.05999999999995	6.50799999999981	0	0
8.5949999999998	5.55000000000018	7.471	0	0
8.82100000000037	3.28199999999993	6.98999999999978	0	0
8.11000000000013	2.94100000000003	6.1239999999998	0	0
8.43299999999999	3.56200000000013	6.6909999999998	0	0
8.68200000000024	3.2969999999998	6.59999999999991	0	0
8.44200000000001	3.34900000000016	6.28400000000011	0	0
8.56799999999976	3.1880000000001	6.08899999999994	0	0
8.26200000000017	3.26499999999987	6.00799999999981	0	0
8.83199999999988	3.46000000000004	6.89100000000008	0	0
7.52700000000004	3.51800000000003	5.92500000000018	0	0
8.14599999999973	3.40200000000004	6.06400000000031	0	0
8.83699999999999	3.86500000000001	6.26999999999998	0	0
8.62199999999984	3.18000000000006	6.26699999999983	0	0
7.39699999999993	2.96400000000017	6.31800000000021	0	0
8.04599999999982	2.63699999999994	5.87100000000009	0	0
8.04999999999973	3.07500000000005	6.31400000000031	0	0
9.16000000000031	3.91200000000003	6.63500000000022	0	0
10.4250000000002	5.60299999999984	7.23500000000013	0	0
8.68399999999974	4.19799999999987	6.38400000000001	0	0
8.64899999999989	3.18499999999995	6.56500000000005	0	0
8.93499999999995	4.4670000000001	6.68599999999969	0	0
10.1909999999998	6.58999999999992	6.59000000000015	0	0
7.98199999999997	3.05599999999981	6.20299999999997	0	0
8.89899999999989	4.33700000000022	5.95199999999977	0	0
9.98900000000003	5.53500000000008	6.8420000000001	0	0
8.04000000000042	2.98299999999995	5.95899999999983	0	0
8.60100000000011	3.88299999999981	6.44900000000007	0	0
11.4319999999998	8.83400000000006	7.34999999999991	0	0
9.3130000000001	4.51700000000005	6.69299999999976	0	0
8.25800000000027	3.36999999999989	6.12899999999991	0	0
9.53200000000015	5.24000000000001	6.74099999999999	0	0
7.74299999999994	2.82500000000005	6.04700000000003	0	0
8.91300000000001	5.95699999999988	6.51499999999987	0	0
8.07499999999982	5.03899999999999	6.2819999999997	0	0
8.36200000000008	4.76299999999992	6.45500000000038	0	0
8.49099999999999	5.09500000000003	6.44000000000005	0	0
8.23700000000008	3.029	6.35300000000007	0	0
9.27300000000014	5.66100000000006	6.54799999999977	0	0
6.9079999999999	2.74700000000007	6.6239999999998	0	0
10.5920000000001	6.23400000000015	6.63400000000001	0	0
7.74400000000014	2.6880000000001	5.88799999999992	0	0
8.77700000000004	3.09300000000007	7.01699999999983	0	0
8.29100000000017	3.20299999999997	6.18600000000015	0	0
8.23700000000008	2.89600000000019	7	0	0
8.5590000000002	3.11000000000013	6.59000000000015	0	0
8.17599999999993	2.94700000000012	5.60899999999992	0	0
9.03800000000001	5.96199999999999	7.29599999999982	0	0
8.36000000000013	4.75399999999991	6.81400000000031	0	0
12.1389999999997	9.75800000000004	7.8130000000001	0	0
8.94700000000012	4.39300000000003	6.71300000000019	0	0
8.38200000000006	3.13499999999999	6.47699999999986	0	0
9.02599999999984	6.70199999999977	6.62699999999995	0	0
8.31700000000001	4.13600000000042	7.22200000000021	0	0
8.27500000000009	4.9369999999999	7.01699999999983	0	0
8.22499999999991	4.39900000000034	7.22000000000025	0	0
8.28399999999965	5.74399999999969	7.09999999999991	0	0
8.78600000000006	5.62599999999975	7.16499999999996	0	0
9.08300000000008	4.58500000000004	6.41699999999992	0	0
8.24299999999994	4.57400000000007	7.32400000000007	0	0
7.56899999999951	4.48099999999977	6.74699999999984	0	0
8.98799999999937	4.5	6.79199999999992	0	0
8.21699999999964	3.05299999999988	6.92499999999973	0	0
8.55199999999968	3.96900000000005	6.9079999999999	0	0
8.7529999999997	3.12099999999964	6.74900000000025	0	0
8.54700000000048	4.89800000000014	6.45900000000029	0	0
10.3900000000003	5.49400000000014	7.31399999999985	0	0
8.07399999999961	2.81899999999996	6.52799999999979	0	0
8.7470000000003	4.83600000000024	7.58899999999994	0	0
7.64300000000003	2.63700000000017	6.0630000000001	0	0
8.01699999999983	3.40200000000004	7.17500000000018	0	0
10.0069999999996	6.37599999999975	6.46399999999994	0	0
8.63600000000042	4.40900000000011	6.53999999999996	0	0
8.52900000000045	3.10300000000007	6.20000000000027	0	0
9.13799999999992	3.55200000000013	6.95399999999972	0	0
9.54500000000007	5.05400000000009	6.66300000000001	0	0
8.60599999999977	3.26199999999972	6.71000000000004	0	0
8.22299999999996	4.37899999999991	6.28300000000036	0	0
9.10699999999997	4.9699999999998	6.98800000000028	0	0
9.37899999999991	5.45299999999997	6.96199999999999	0	0
8.65700000000015	5.37800000000016	6.49699999999984	0	0
8.30999999999949	4.85200000000032	6.47000000000025	0	0
8.89400000000023	3.45100000000002	6.63000000000011	0	0
7.91100000000006	2.9369999999999	6.65200000000004	0	0
9.0639999999994	4.78900000000021	7.04300000000012	0	0
11.826	9.57700000000023	7.08399999999983	0	0
8.55100000000039	3.13799999999992	6.45100000000002	0	0
7.77400000000034	2.51600000000008	6.36100000000033	0	0
8.98000000000047	2.86799999999994	6.78899999999976	0	0
8.36800000000039	3.60399999999981	5.90499999999975	0	0
9.21300000000065	4.06399999999985	6.91800000000012	0	0
7.84900000000016	3.15999999999985	6.14199999999983	0	0
9.07999999999993	3.70200000000023	6.69900000000007	0	0
8.69599999999991	3.28999999999996	6.45800000000008	0	0
8.89599999999973	3.73599999999988	6.55400000000009	0	0
7.9389999999994	3.96100000000024	5.95399999999972	0	0
8.88400000000001	4.98499999999967	6.77300000000014	0	0
9.95499999999993	6.24299999999994	6.47299999999996	0	0
8.19800000000032	3.51800000000003	6.53200000000015	0	0
8.16200000000026	3.07200000000012	5.74599999999964	0	0
8.25399999999991	3.05600000000004	6.07199999999966	0	0
10.8459999999995	6.90000000000009	6.71000000000004	0	0
10.701	8.59500000000025	7.07599999999957	0	0
9.51299999999992	6.17699999999968	7.16899999999987	0	0
8.51199999999972	5.62199999999984	6.42900000000009	0	0
8.70799999999963	3.79700000000003	7.27199999999993	0	0
12.3110000000006	9.64199999999983	6.76400000000012	0	0
8.71500000000015	3.32200000000012	6.59400000000005	0	0
8.19900000000052	3.29399999999987	6.35199999999986	0	0
8.80100000000039	3.32499999999982	6.71799999999985	0	0
8.54100000000017	3.66100000000006	6.67800000000034	0	0
7.94300000000021	3.11599999999999	6.83600000000024	0	0
8.46299999999974	3.83699999999999	6.23100000000022	0	0
9.07499999999982	3.94799999999987	6.89400000000023	0	0
8.23499999999967	4.39999999999964	6.55099999999993	0	0
8.65699999999924	5.29700000000003	6.96099999999979	0	0
8.05799999999999	2.86000000000013	5.85500000000002	0	0
8.5630000000001	3.47599999999966	6.21100000000024	0	0
7.90899999999965	3.19900000000007	5.68100000000004	0	0
10.3289999999997	7.19599999999991	6.33199999999988	0	0
9.22800000000007	5.23300000000017	6.53099999999995	0	0
7.08799999999974	2.33899999999994	6.81500000000005	0	0
8.41499999999996	6.01800000000003	7.09400000000005	0	0
6.91699999999946	3.53600000000006	6.55500000000029	0	0
9.32399999999961	6.99800000000005	6.9369999999999	0	0
9.82400000000052	6.30200000000013	6.904	0	0
8.54500000000007	3.88899999999967	6.346	0	0
8.75799999999981	3.76999999999998	6.40300000000025	0	0
8.37299999999959	5.54800000000023	6.42599999999993	0	0
8.1909999999998	3.11599999999999	6.20499999999993	0	0
8.34100000000035	4.471	6.49200000000019	0	0
9.41600000000017	3.66499999999996	7.36299999999983	0	0
8.96299999999974	4.32400000000007	6.67399999999998	0	0
9.84900000000016	7.42200000000003	7.07600000000002	0	0
9.00800000000072	5.95299999999997	6.75800000000027	0	0
10.1059999999998	5.33199999999988	7.46799999999985	0	0
9.60699999999997	6.91000000000031	6.56899999999996	0	0
8.27599999999984	3.51999999999998	6.53699999999981	0	0
9.69999999999982	5.92099999999982	6.30699999999979	0	0
9.69499999999971	7.3430000000003	6.9340000000002	0	0
7.9409999999998	3.25699999999961	6.09900000000016	0	0
9.65000000000055	6.46200000000044	7.52100000000019	0	0
8.65000000000055	3.76099999999997	6.73299999999972	0	0
7.23300000000017	1.93900000000031	7.01900000000023	0	0
8.3149999999996	5.07900000000018	6.70999999999958	0	0
8.91399999999976	5.90599999999995	7.92600000000039	0	0
9.27399999999943	7.14399999999978	7.45500000000038	0	0
8.21200000000044	4.01400000000012	7.77300000000014	0	0
7.84299999999985	4.06999999999971	6.38900000000012	0	0
7.10599999999977	3.0010000000002	7.42700000000013	0	0
7.55499999999938	4.03800000000001	6.28899999999976	0	0
9.34200000000055	3.97400000000016	7.24399999999969	0	0
9.57400000000052	6.03099999999995	6.90099999999984	0	0
9.05400000000009	4.45899999999983	7.66700000000037	0	0
8.05699999999979	3.44300000000021	6.51699999999983	0	0
9.15599999999995	3.68900000000031	7.02700000000004	0	0
7.95899999999983	2.89700000000039	5.84299999999985	0	0
8.59899999999925	3.02599999999984	6.65899999999965	0	0
8.39500000000044	5.05200000000013	6.53900000000067	0	0
8.68799999999919	3.01999999999998	6.55500000000029	0	0
8.83399999999983	3.80100000000039	6.47100000000046	0	0
9.22700000000077	4.77500000000009	6.9380000000001	0	0
7.90499999999975	3.10300000000007	5.9970000000003	0	0
12.1940000000004	9.42200000000003	7.40699999999924	0	0
7.07899999999972	2.42599999999993	5.85500000000047	0	0
8.36200000000008	2.72500000000036	6.71799999999985	0	0
8.00900000000001	5.02300000000014	6.25699999999961	0	0
8.28800000000047	3.51099999999997	6.42500000000018	0	0
7.36899999999969	2.79799999999977	6.00500000000011	0	0
9.16200000000026	4.07900000000018	6.64800000000014	0	0
7.92399999999998	3.9050000000002	6.67699999999968	0	0
8.5639999999994	4.48399999999992	7.07600000000002	0	0
7.5059999999994	2.51299999999992	6.13600000000042	0	0
8.94800000000032	3.75399999999991	7.46100000000024	0	0
8.81700000000001	3.91000000000031	6.57300000000032	0	0
9.42999999999938	3.46500000000015	7.14599999999973	0	0
9.73799999999937	5.60899999999992	6.40799999999945	0	0
10.6359999999995	7.45600000000013	7.26299999999992	0	0
7.9380000000001	3.64200000000028	7.54600000000028	0	0
7.39100000000053	3.66699999999992	6.8760000000002	0	0
7.93900000000031	2.82600000000002	6.72400000000016	0	0
9.45100000000002	7.11299999999983	7.0570000000007	0	0
8.08199999999943	4.08500000000004	6.42000000000007	0	0
8.66899999999987	5.30000000000018	6.95600000000013	0	0
8.52800000000025	4.17499999999973	7.10599999999977	0	0
8.77100000000064	5.49299999999994	6.80099999999948	0	0
8.54899999999998	3.19900000000007	6.93599999999969	0	0
9.17399999999998	4.87300000000005	7.57900000000063	0	0
9.87100000000009	5.17900000000009	7.52100000000064	0	0
8.36899999999969	2.89699999999993	6.48300000000017	0	0
7.33399999999983	2.05600000000004	7.50999999999931	0	0
7.66100000000006	3.35800000000017	6.27300000000014	0	0
8.51600000000053	4.36100000000033	7.17100000000028	0	0
7.92500000000018	2.99600000000009	6.08500000000004	0	0
7.57200000000012	3.03400000000011	6.8070000000007	0	0
8.15799999999945	3.67900000000009	6.50900000000001	0	0
9.04299999999967	3.52300000000014	6.52899999999954	0	0
7.91399999999976	3.17599999999993	6.23599999999988	0	0
8.77199999999993	3.52099999999973	6.65999999999985	0	0
8.12299999999959	2.94900000000007	6.24200000000019	0	0
8.79600000000028	3.96799999999985	6.66200000000026	0	0
9	4.49099999999999	6.48599999999988	0	0
8.40200000000004	3.37000000000035	6.10300000000007	0	0
8.30400000000009	3.58999999999969	6.28600000000006	0	0
10.8940000000002	8.91100000000006	7.08600000000024	0	0
6.98400000000038	3.9680000000003	6.00799999999981	0	0
8.43199999999979	4.57400000000007	6.52599999999984	0	0
7.96600000000035	3.4369999999999	6.18900000000031	0	0
8.65400000000045	3.40200000000004	6.53200000000015	0	0
9.8090000000002	6.17800000000034	6.61599999999999	0	0
10.2919999999995	5.98799999999983	6.93900000000031	0	0
8.13599999999951	2.73600000000033	6.20499999999993	0	0
8.41200000000026	3.09099999999989	6.20100000000002	0	0
8.26099999999951	3.07600000000002	6.46099999999933	0	0
8.34100000000035	3.67799999999988	6.13699999999972	0	0
7.82399999999961	3.08899999999994	6.32700000000023	0	0
8.22099999999955	4.67999999999984	6.71500000000015	0	0
7.50799999999981	3.25999999999976	6.0570000000007	0	0
8.47400000000016	3.52400000000034	6.88299999999981	0	0
8.16599999999926	3.42500000000018	6.43099999999959	0	0
7.03299999999945	2.55899999999974	6.26599999999962	0	0
8.57700000000023	5.70899999999983	6.82300000000032	0	0
7.26499999999942	2.78400000000011	6.68900000000031	0	0
9.09400000000005	5.49199999999973	6.90999999999985	0	0
7.88200000000052	3.69200000000001	7.39000000000033	0	0
8.73000000000047	3.97200000000021	6.55199999999968	0	0
8.37700000000041	4.15800000000036	7.20399999999972	0	0
8.29799999999977	3.04899999999998	6.46799999999985	0	0
7.40400000000045	2.54300000000012	7.09799999999996	0	0
10.1239999999998	5.85400000000027	6.96799999999985	0	0
8.22099999999955	4.25199999999995	6.85099999999966	0	0
7.96299999999974	4.04400000000032	6.95999999999913	0	0
8.23800000000028	4.01699999999983	7.90499999999975	0	0
10.4709999999995	6.81700000000001	7.30000000000018	0	0
9.1820000000007	5.83799999999974	7.53700000000026	0	0
10.6400000000003	8.21799999999985	6.84000000000015	0	0
9.41400000000067	5.00900000000001	7.35300000000007	0	0
9.3090000000002	6.20899999999983	7.31700000000001	0	0
11.6500000000005	10.3920000000003	7.59000000000015	0	0
8.80400000000009	5.95699999999988	6.97099999999955	0	0
9.28399999999965	6.8119999999999	7.44100000000071	0	0
9.36200000000008	5.85600000000022	6.53899999999976	0	0
10.8279999999995	8.43499999999995	7.6190000000006	0	0
7.39699999999993	3.22200000000021	7.95100000000002	0	0
8.69499999999971	4.12900000000036	7.54899999999998	0	0
8.44699999999921	5.92599999999993	6.90899999999965	0	0
9.65499999999975	3.48099999999977	7.48599999999988	0	0
9.11499999999978	7.62199999999984	6.7519999999995	0	0
8.77299999999923	5.77199999999993	7.08600000000024	0	0
7.63199999999961	2.76299999999992	5.99600000000009	0	0
8.72800000000007	3.51200000000017	6.53700000000026	0	0
9.03600000000006	5.09699999999975	6.59299999999985	0	0
9.55999999999949	6.40000000000009	6.73999999999978	0	0
7.79399999999987	3.06200000000035	6.17699999999968	0	0
8.00399999999991	3.10999999999967	6.3130000000001	0	0
7.6279999999997	2.90299999999979	6.1840000000002	0	0
7.88599999999951	3.32400000000007	6.35900000000038	0	0
8.33699999999953	3.50700000000006	6.21900000000005	0	0
8.55099999999948	3.19700000000012	6.25800000000072	0	0
9.02300000000014	4.10799999999972	7.41200000000026	0	0
7.92699999999968	4.36799999999994	6.39499999999953	0	0
7.54899999999998	2.8739999999998	6.07399999999961	0	0
8.72400000000016	3.55099999999993	6.70399999999972	0	0
8.39899999999943	4.16800000000012	6.49399999999969	0	0
12.232	10.5789999999997	7.34299999999985	0	0
7.96500000000015	3.20700000000033	6.56099999999969	0	0
8.83700000000044	3.05299999999988	7.13899999999921	0	0
8.46500000000015	2.94399999999996	6.46500000000015	0	0
9.09200000000055	3.35300000000007	6.55600000000049	0	0
8.32400000000052	3.41499999999996	6.58799999999974	0	0
8.73199999999997	3.35299999999961	6.54100000000017	0	0
8.49799999999959	2.95200000000023	6.17000000000007	0	0
8.9340000000002	3.16899999999987	6.26500000000033	0	0
8.4380000000001	3.35500000000002	6.13700000000063	0	0
10.0299999999997	5.13700000000017	6.76500000000033	0	0
8.15299999999934	3.10899999999992	6.27799999999934	0	0
8.60300000000007	3.12899999999991	6.32300000000032	0	0
7.85300000000007	3.04800000000023	5.84400000000005	0	0
10.2950000000001	5.30200000000013	7.39699999999993	0	0
10.7539999999999	7.95199999999977	6.7529999999997	0	0
8.46899999999914	3.4380000000001	6.04599999999937	0	0
8.41499999999996	3.40300000000025	6.19999999999982	0	0
11.0709999999999	7.05899999999974	6.94900000000052	0	0
9.01800000000003	5.01800000000003	6.57799999999952	0	0
8.47400000000016	4.33399999999983	7.52599999999984	0	0
9.67600000000039	4.94200000000001	6.24900000000071	0	0
10.3949999999995	6.41200000000026	7.23099999999977	0	0
9.10500000000047	5.04199999999946	6.48599999999988	0	0
7.88800000000083	2.89800000000014	6.69899999999961	0	0
7.35300000000007	3.02199999999993	5.91499999999996	0	0
7.49799999999959	3.58299999999963	6.64100000000053	0	0
7.09600000000046	3.26699999999983	6.02700000000004	0	0
7.36299999999937	2.16499999999996	6.8779999999997	0	0
7.88800000000083	3.75999999999931	6.02999999999975	0	0
7.91899999999987	2.83100000000013	6.81099999999969	0	0
8.61800000000039	5.22899999999936	6.41300000000047	0	0
10.201	5.73599999999988	6.71600000000035	0	0
8.73000000000047	3.45900000000074	6.72900000000027	0	0
7.74099999999999	2.34900000000016	6.97899999999936	0	0
8.53299999999945	3.23999999999978	6.6299999999992	0	0
7.56700000000001	2.74300000000039	6.82999999999993	0	0
7.35699999999997	3.32700000000023	5.94899999999961	0	0
8.53300000000036	2.61499999999978	6.6279999999997	0	0
8.09400000000005	2.9369999999999	6.27300000000014	0	0
8.71199999999953	3.08899999999994	6.7519999999995	0	0
8.3739999999998	3.01100000000042	6.16100000000006	0	0
8.625	3.19700000000012	7.04600000000028	0	0
8.25799999999981	4.51999999999953	6.23899999999958	0	0
8.71600000000035	3.49699999999939	6.1880000000001	0	0
8.60599999999977	3.94900000000052	5.87100000000009	0	0
9.27799999999934	3.95499999999993	7.23599999999988	0	0
9.55899999999929	7.25200000000041	7.03200000000015	0	0
8.5739999999987	4.45900000000074	6.55000000000018	0	0
8.34200000000055	5.07200000000012	6.34699999999975	0	0
8.41299999999865	3.50999999999931	6.32900000000063	0	0
8.90600000000086	6.84299999999985	6.20100000000002	0	0
7.39300000000003	2.35400000000027	6.51000000000022	0	0
7.46399999999994	2.76500000000033	6.54100000000017	0	0
9.12900000000081	4.8119999999999	6.58799999999974	0	0
8.15500000000065	2.94800000000032	5.98599999999988	0	0
8.59599999999955	3.00799999999981	6.59199999999964	0	0
10.2790000000005	5.23700000000008	6.64999999999964	0	0
11.9190000000017	9.16399999999976	7.53899999999976	0	0
8.86599999999999	5.21199999999953	6.1889999999994	0	0
8.73199999999997	3.37100000000009	6.72699999999986	0	0
8.57799999999952	3.35999999999967	6.11200000000008	0	0
8.55199999999968	3.04500000000007	6.43199999999979	0	0
8.10399999999936	3.25400000000081	5.82799999999952	0	0
8.61499999999978	3.18599999999969	6.36599999999999	0	0
10.1890000000003	5.65399999999954	6.48499999999967	0	0
8.9429999999993	4.19399999999951	6.59799999999996	0	0
8.40900000000147	3.36399999999958	6.68100000000049	0	0
8.91600000000108	3.59400000000005	6.50600000000031	0	0
7.6150000000016	3.69599999999991	6.28300000000036	0	0
8.04700000000048	3.71799999999985	6.26699999999983	0	0
9.32699999999932	5.64800000000014	6.15500000000065	0	0
9.25900000000001	6.26800000000003	7.08899999999994	0	0
8.63899999999921	3.62199999999939	6.45499999999993	0	0
10.3499999999985	9.68199999999979	7.04600000000028	0	0
12.1750000000011	11.4049999999997	7.30600000000049	0	0
7.58799999999974	3.32600000000002	6.52300000000014	0	0
7.4940000000006	2.95400000000063	6.02600000000075	0	0
10.0630000000001	6.02800000000025	7.11800000000039	0	0
9.97800000000097	6.4399999999996	7.44200000000001	0	0
9.63900000000103	4.96599999999944	6.70399999999972	0	0
9.14600000000064	4.77899999999954	6.43700000000081	0	0
9.27100000000064	4.91899999999987	6.48700000000008	0	0
9.31800000000112	5.5639999999994	6.94400000000041	0	0
8.97900000000118	4.20599999999922	7.40200000000004	0	0
8.4369999999999	3.72199999999975	7.08500000000004	0	0
9.64499999999862	6.27700000000004	7.1899999999996	0	0
9.73599999999897	7.09499999999935	6.53999999999996	0	0
8.47900000000118	3.09599999999955	6.55499999999938	0	0
9.2559999999994	6.71600000000035	6.7489999999998	0	0
9.0570000000007	3.97999999999956	6.29299999999967	0	0
8.47100000000137	2.90499999999975	6.25	0	0
10.2690000000002	7.99099999999999	7.33500000000004	0	0
7.91100000000006	3.53399999999965	6.40999999999985	0	0
9.47199999999975	4.25699999999961	6.66200000000026	0	0
8.62700000000041	3.23400000000038	6.81400000000031	0	0
8.5010000000002	3.45600000000013	6.50399999999991	0	0
8.35499999999956	3.18199999999979	6.23000000000047	0	0
8.70499999999993	2.84500000000025	6.39300000000003	0	0
8.13400000000001	2.89999999999964	6.76900000000023	0	0
8.60399999999936	2.90999999999985	6.13199999999961	0	0
9.1260000000002	5.21100000000024	6.84600000000046	0	0
8.69399999999951	5.69599999999991	7.33600000000024	0	0
9.51299999999901	7.00900000000001	6.96199999999953	0	0
8.13700000000063	3.35599999999977	6.91700000000037	0	0
7.96800000000076	3.26299999999992	6.61300000000028	0	0
9.18100000000049	4.04899999999998	7.1899999999996	0	0
9.49700000000121	5.22400000000016	6.43199999999979	0	0
10.116	6.04500000000007	6.93599999999969	0	0
10.2919999999995	8.22800000000007	6.79100000000017	0	0
9.01200000000063	3.42000000000007	7.30699999999979	0	0
11.0799999999999	8.03299999999945	6.72100000000046	0	0
9.378999999999	4.31700000000001	6.82200000000012	0	0
8.02499999999964	3.35500000000047	6.13200000000052	0	0
10.2309999999998	7.96799999999985	7.08500000000004	0	0
8.46399999999994	3.77499999999964	6.29400000000078	0	0
8.30400000000009	3.40999999999985	6.64400000000023	0	0
9.91899999999987	5.57499999999982	6.55099999999948	0	0
8.52000000000044	3.34599999999955	6.41599999999926	0	0
11.6440000000002	9.14300000000003	7.48800000000028	0	0
9.7549999999992	4.07300000000032	6.8130000000001	0	0
8.75699999999961	3.73700000000008	6.81299999999919	0	0
9.65400000000045	5.36899999999969	7.0059999999994	0	0
7.95399999999972	4.70800000000054	6.64799999999923	0	0
8.34599999999955	4.30100000000039	6.69999999999982	0	0
9.42100000000028	5.87899999999991	6.15800000000036	0	0
8.78699999999844	4.07899999999972	7.44700000000012	0	0
8.40799999999945	3.48700000000008	6.22699999999986	0	0
8.61700000000019	3.04500000000007	7.2519999999995	0	0
9.496000000001	5.98300000000017	6.52199999999993	0	0
9.05600000000049	3.93199999999979	6.95700000000033	0	0
7.38299999999981	2.80999999999949	6.63699999999972	0	0
8.95700000000033	4.18900000000031	7.1929999999993	0	0
8.58300000000054	3.3090000000002	6.4369999999999	0	0
8.89900000000125	3.02099999999973	6.89000000000033	0	0
8.70999999999913	4.20600000000013	6.15399999999954	0	0
8.41600000000108	3.38299999999981	6.77299999999923	0	0
8.16899999999987	3.09699999999975	6.43900000000031	0	0
8.32699999999932	4.09600000000046	6.96300000000065	0	0
9.51599999999962	4.45700000000033	7.16000000000076	0	0
8.41399999999885	3.14800000000014	6.74399999999969	0	0
8.28000000000065	3.02199999999993	6.55999999999949	0	0
9.52400000000125	5.39199999999983	7.09799999999996	0	0
9.66599999999926	5.74300000000039	6.4409999999998	0	0
9.94399999999951	4.62299999999959	7.55299999999988	0	0
8.33400000000074	3.25699999999961	6.4340000000002	0	0
8.46399999999994	3.69399999999951	6.4380000000001	0	0
9.79299999999967	5.48499999999967	6.5600000000004	0	0
10.4989999999998	6.60099999999966	7.20700000000033	0	0
7.55500000000029	4.07799999999952	6.55799999999999	0	0
8.78500000000167	4.59299999999985	7.1190000000006	0	0
7.6200000000008	4.09799999999996	6.20700000000033	0	0
8.82200000000012	4.4340000000002	6.51800000000003	0	0
8.58200000000033	4.23599999999988	6.23899999999958	0	0
9.2510000000002	4.28600000000006	7.20100000000002	0	0
8.91200000000026	3.90399999999954	6.34900000000016	0	0
9.13400000000001	5.2510000000002	6.82099999999991	0	0
8.42000000000007	3.74000000000069	6.68599999999969	0	0
7.7599999999984	3.51499999999942	6.86300000000028	0	0
8.29999999999927	3.04899999999998	6.125	0	0
8.48700000000099	3.11500000000069	6.91300000000047	0	0
8.82799999999952	7.11799999999948	6.76500000000033	0	0
8.67900000000009	4.46800000000076	6.71100000000024	0	0
8.90000000000146	4.52500000000055	6.40399999999954	0	0
9.24699999999939	4.17300000000068	6.82999999999993	0	0
8.16299999999865	3.24600000000009	6.09799999999996	0	0
8.77700000000004	3.58399999999983	6.3760000000002	0	0
8.6830000000009	3.28500000000076	6.3730000000005	0	0
10.7919999999995	6.84699999999975	6.82200000000012	0	0
8.57600000000093	3.97000000000025	6.67299999999977	0	0
8.27399999999943	4.75399999999991	6.66100000000006	0	0
9.40899999999965	5.09000000000015	7.16800000000057	0	0
8.48899999999958	3.78399999999965	6.05100000000039	0	0
8.35299999999916	4.3769999999995	6.94999999999982	0	0
8.19800000000032	3.44700000000012	5.99499999999989	0	0
8.92799999999988	4.73500000000058	6.56899999999951	0	0
8.15099999999984	3.21900000000005	6.01199999999972	0	0
9.75200000000041	4.77199999999993	7.21999999999935	0	0
8.24399999999878	5.59999999999945	6.96199999999953	0	0
9.96000000000095	5.39899999999943	6.82200000000012	0	0
8.125	3.02599999999984	6.54899999999998	0	0
9.27800000000025	5.36000000000058	6.36699999999928	0	0
9.48600000000079	5.98499999999967	7.52599999999984	0	0
9.63700000000063	5.95499999999993	6.75900000000001	0	0
8.37099999999919	3.88799999999992	6.78600000000006	0	0
7.15799999999945	2.42600000000039	5.82999999999993	0	0
8.29799999999886	3.34499999999935	6.15700000000015	0	0
8.07999999999993	2.90900000000056	6.15899999999965	0	0
8.64899999999943	3.18599999999969	6.68199999999979	0	0
8.59499999999935	3.27500000000055	5.94799999999941	0	0
8.54399999999987	2.82599999999911	6.45499999999993	0	0
9.86699999999837	5.95399999999972	6.76300000000083	0	0
8.54799999999886	3.4989999999998	6.47499999999945	0	0
8.45999999999913	2.83900000000085	6.49099999999999	0	0
9.16099999999824	4.44599999999991	6.08700000000044	0	0
10.2399999999998	5.85699999999997	6.87100000000009	0	0
8.11799999999857	4.97000000000025	6.75300000000061	0	0
8.10499999999956	3.92799999999988	7.68900000000031	0	0
7.1869999999999	2.88799999999992	6.09000000000015	0	0
9.1200000000008	6.30500000000029	7.38299999999981	0	0
9.86599999999999	7.09999999999945	7.11999999999989	0	0
10.6640000000007	6.90799999999945	7.78600000000006	0	0
8.3640000000014	3.12100000000009	6.36200000000008	0	0
7.59399999999914	2.51899999999932	6.8110000000006	0	0
8.08300000000054	3.14399999999932	6.57600000000002	0	0
9.21500000000015	3.79799999999977	7.07999999999993	0	0
8.68100000000049	4.97499999999945	6.85199999999986	0	0
11.4160000000011	9.82300000000032	7.6309999999994	0	0
10.1599999999999	6.73500000000058	6.89699999999993	0	0
9.71099999999933	4.4389999999994	7.15300000000025	0	0
9.22700000000077	5.13400000000001	6.23799999999937	0	0
9.77200000000084	7.0600000000004	6.82999999999993	0	0
9.24499999999898	4.69400000000041	7.07600000000002	0	0
8.03199999999924	3.82399999999961	6.60300000000007	0	0
9.44999999999891	5.71099999999933	6.80100000000039	0	0
9.02800000000025	4.1279999999997	6.42900000000009	0	0
8.07900000000154	3.07299999999941	6.36599999999999	0	0
10.5240000000013	5.89900000000034	6.51999999999953	0	0
8.26899999999841	3.21099999999933	6.50600000000122	0	0
9.06099999999969	3.84500000000025	6.9369999999999	0	0
7.51200000000063	3.03899999999976	5.92099999999846	0	0
8.72999999999956	3.10100000000057	6.42599999999948	0	0
8.33700000000135	3.71599999999944	6.07599999999911	0	0
7.97200000000157	3.09900000000016	6.94700000000012	0	0
10.5250000000015	7.16100000000006	6.0719999999983	0	0
8.66900000000169	3.61800000000039	6.64400000000023	0	0
8.38500000000022	3.0019999999995	6.28800000000047	0	0
9.32400000000052	3.94300000000021	6.90499999999884	0	0
8.9419999999991	3.41299999999956	6.59400000000096	0	0
7.72900000000118	2.87899999999991	5.95399999999972	0	0
8.91399999999885	3.10999999999967	6.54600000000028	0	0
9.40699999999924	4.60199999999986	6.47999999999956	0	0
8.54400000000169	3.13599999999951	6.53000000000065	0	0
8.48799999999937	3.30999999999949	6.44900000000052	0	0
10.4239999999991	6.81800000000021	7.38000000000102	0	0
8.58100000000013	4.41200000000026	6.66899999999987	0	0
8.90699999999924	3.84599999999955	7.1919999999991	0	0
7.36399999999958	3.72699999999986	6.45600000000013	0	0
9.43400000000111	6.03999999999996	6.71799999999894	0	0
9.11399999999958	4.45700000000033	6.17900000000009	0	0
8.76200000000063	4.00699999999961	7.04800000000068	0	0
7.84900000000016	2.6190000000006	7.06400000000031	0	0
8.40999999999985	3.66799999999967	6.66499999999905	0	0
7.81500000000051	3.24399999999969	6.3080000000009	0	0
7.73300000000017	3.01800000000003	6.56099999999969	0	0
8.35199999999895	3.23700000000008	6.46699999999873	0	0
7.57599999999911	2.96599999999944	6.34200000000055	0	0
9.03900000000067	4.3809999999994	6.4369999999999	0	0
8.59300000000076	2.90300000000025	6.35200000000077	0	0
8.79200000000128	3.17500000000018	7.06999999999971	0	0
8.21899999999914	3.32800000000043	6.07200000000012	0	0
8.36800000000039	3.20600000000013	6.49099999999999	0	0
9.64699999999903	5.69700000000012	6.72099999999955	0	0
9.04800000000068	6.50800000000072	6.59499999999935	0	0
7.55999999999949	3.9340000000002	6.51100000000042	0	0
9.49599999999919	7.53400000000056	6.86299999999937	0	0
7.29700000000048	2.73099999999977	6.51000000000022	0	0
7.95399999999972	2.99499999999989	6.05799999999908	0	0
10.0570000000007	6.70499999999993	7.08799999999974	0	0
7.39700000000084	2.625	5.89900000000125	0	0
10.6509999999998	7.01400000000012	7.02299999999923	0	0
9.33300000000054	5.47599999999966	7.16800000000148	0	0
9.07400000000052	3.03100000000086	7.07500000000073	0	0
8.67099999999846	3.36099999999988	6.66899999999987	0	0
8.16300000000047	3.72800000000007	6.1869999999999	0	0
8.52299999999923	3.09499999999935	6.37099999999919	0	0
9.14699999999903	5.06400000000031	6.63699999999881	0	0
10.1720000000005	7.08299999999963	7.37300000000141	0	0
7.69999999999891	2.75399999999991	6.14099999999962	0	0
9.78699999999844	5.58500000000004	7.10599999999977	0	0
7.99499999999898	3.11799999999948	6.41799999999967	0	0
9.26600000000144	4.32900000000063	6.91799999999967	0	0
9.18500000000131	3.86799999999948	6.55199999999968	0	0
8.92699999999968	4.91000000000076	6.16300000000047	0	0
8.89300000000003	3.60300000000007	6.97199999999975	0	0
10.3109999999997	6.18199999999979	6.94399999999951	0	0
9.4479999999985	6.47899999999936	7.32999999999993	0	0
7.71300000000156	3.32600000000002	6.24099999999999	0	0
8.3080000000009	4.00399999999991	6.11399999999958	0	0
8.74299999999857	3.6880000000001	6.55600000000049	0	0
8.80299999999988	3.51699999999983	6.37699999999859	0	0
10.5540000000001	8.56800000000021	7.65699999999924	0	0
8.79500000000007	5.79699999999957	6.49499999999898	0	0
8.00200000000041	2.77999999999975	6.90699999999924	0	0
9.621000000001	5.06900000000041	6.77199999999903	0	0
7.95399999999972	3.44200000000001	6.4369999999999	0	0
8.46399999999994	3.6909999999998	7.16100000000006	0	0
8.54799999999886	3.54200000000037	6.45000000000073	0	0
10.1190000000006	6.83799999999974	6.64999999999964	0	0
9.45299999999952	4.07500000000073	7.27499999999964	0	0
9.54099999999926	4.77199999999993	6.65599999999904	0	0
8.74699999999939	3.6880000000001	6.08300000000054	0	0
9.90499999999884	7.28099999999995	7.70700000000033	0	0
8.3739999999998	3.125	6.53900000000067	0	0
9.05299999999988	5.94499999999971	7.02099999999882	0	0
8.84600000000137	5	6.31599999999889	0	0
9.1260000000002	4.21699999999964	6.9320000000007	0	0
8.75700000000143	5.57300000000032	6.1929999999993	0	0
8.63000000000102	4.18199999999979	6.29799999999886	0	0
8.62200000000121	2.90799999999945	6.55500000000029	0	0
8.53399999999965	3.84599999999955	6.0520000000015	0	0
6.91200000000026	2.9980000000005	6.06499999999869	0	0
8.3799999999992	3.08399999999983	6.62800000000061	0	0
8.33899999999994	4.13899999999921	6.26000000000022	0	0
9.27199999999903	4.49200000000019	7.54500000000007	0	0
9.69599999999991	6.85199999999986	6.64800000000105	0	0
9.00600000000122	5.34599999999955	6.16599999999926	0	0
9.48600000000079	6.35999999999967	6.25799999999981	0	0
11.4969999999994	7.40200000000004	7.17799999999988	0	0
8.83699999999953	5.8739999999998	6.10499999999956	0	0
8.52999999999884	3.09799999999996	7.98999999999978	0	0
8.02500000000146	2.95799999999963	5.82899999999972	0	0
8.90200000000004	4.38600000000042	7.04800000000068	0	0
10.3400000000001	7.8730000000005	6.88400000000001	0	0
7.30799999999908	2.74300000000039	6.121000000001	0	0
8.0619999999999	3.71000000000004	6.63799999999901	0	0
8.79500000000007	5.85099999999966	6.65999999999985	0	0
7.71399999999994	3.13700000000063	6.52599999999984	0	0
8.19900000000052	3.16100000000006	6.19700000000012	0	0
8.26499999999942	3.19499999999971	5.93999999999869	0	0
8.73999999999978	3.0600000000004	6.60699999999997	0	0
10.7969999999987	6.26100000000042	6.52100000000064	0	0
10.4889999999996	5.82600000000002	6.83999999999833	0	0
9.33599999999933	4.39099999999962	6.62299999999959	0	0
8.4369999999999	3.15900000000056	6.09900000000016	0	0
11.0489999999991	7.46299999999974	7.07300000000032	0	0
8.17699999999968	3.58199999999943	5.92099999999846	0	0
11.5759999999991	8.81700000000001	7.43399999999929	0	0
10.1620000000003	6.30299999999988	6.6190000000006	0	0
7.73199999999997	3.37100000000009	6.80500000000029	0	0
10.723	6.26299999999992	6.95799999999872	0	0
9.30500000000029	5.77500000000055	6.33799999999974	0	0
9.56000000000131	5.8119999999999	6.94000000000051	0	0
7.53700000000026	2.77499999999964	6.09200000000055	0	0
9.27599999999984	5.86499999999978	7.28299999999945	0	0
10.0969999999998	6.58299999999963	6.53499999999985	0	0
9.51400000000103	6.47699999999986	6.43900000000031	0	0
9.72499999999854	5.73800000000028	6.82099999999991	0	0
8.08499999999913	3.61800000000039	6.42000000000007	0	0
7.68299999999908	4.76400000000012	6.86399999999958	0	0
7.99599999999919	3.15700000000015	6.79800000000068	0	0
8.60199999999895	4.36499999999978	6.51600000000144	0	0
7.60699999999997	2.97800000000007	6.38600000000042	0	0
8.08100000000013	3.26299999999992	6.13199999999961	0	0
7.97499999999854	4.21900000000005	6.89399999999841	0	0
8.49699999999939	3.7510000000002	6.23500000000058	0	0
8.48999999999978	4.12899999999991	6.04899999999907	0	0
8.45900000000074	3.71000000000004	6.84300000000076	0	0
8.64199999999983	4.64000000000033	6.91100000000006	0	0
8.02599999999984	3.42100000000028	6.14799999999923	0	0
10.9040000000005	8.19200000000001	7.81400000000031	0	0
8.53800000000047	4.02000000000044	5.89599999999882	0	0
10.9610000000011	7.08500000000004	6.71600000000035	0	0
9.84900000000016	5.79100000000017	7.13100000000122	0	0
8.86200000000099	4.54200000000037	5.95000000000073	0	0
8.57599999999911	2.99599999999919	6.89300000000003	0	0
8.42999999999847	3.25600000000031	6.0619999999999	0	0
10.7810000000009	6.41499999999996	6.46900000000096	0	0
8.44500000000153	3.13100000000031	6.47299999999996	0	0
9.77300000000105	3.87199999999939	7.40600000000086	0	0
8.59799999999996	3.4409999999998	6.13999999999942	0	0
8.01800000000003	2.90200000000004	6.29900000000089	0	0
8.72999999999956	3.26999999999953	6.71899999999914	0	0
8.39799999999923	3.03400000000056	6.04399999999987	0	0
7.93000000000029	2.24799999999959	6.23500000000058	0	0
8.15699999999924	3.02800000000025	6.30299999999988	0	0
8.5010000000002	4.19800000000032	6.54699999999866	0	0
8.08199999999852	2.85699999999997	6.72600000000057	0	0
8.54500000000007	3.67500000000018	5.95499999999993	0	0
8.97599999999875	3.96799999999985	6.78000000000065	0	0
8.56999999999971	4.60499999999956	6.26400000000103	0	0
7.79700000000048	3.15300000000025	5.88299999999981	0	0
10.262999999999	6.36300000000028	6.78900000000067	0	0
10.4789999999994	6.62899999999991	6.40400000000045	0	0
9.05899999999929	3.39500000000044	6.80199999999968	0	0
11.8160000000007	7.89099999999962	7.00200000000041	0	0
8.39999999999964	3.1309999999994	6.83300000000054	0	0
8.25799999999981	3.08899999999994	6.31899999999951	0	0
7.25	2.09000000000015	6.16200000000026	0	0
8.28900000000067	3.12899999999991	6.71500000000015	0	0
8.25699999999961	4.34699999999975	6.0630000000001	0	0
10.1119999999992	5.78600000000006	6.9369999999999	0	0
10.8170000000009	7.85999999999967	7.69700000000012	0	0
9.2489999999998	6.17999999999938	6.97199999999975	0	0
10.2839999999997	5.40399999999954	7.96700000000055	0	0
8.71600000000035	4.30299999999988	6.59000000000015	0	0
15.9419999999991	15.4470000000001	8.10299999999916	0	0
9.10599999999977	6.73599999999988	7.44200000000092	0	0
8.87700000000041	3.83299999999963	6.49599999999919	0	0
10.523000000001	6.02199999999993	6.78499999999985	0	0
8.31599999999889	4.27800000000025	6.57700000000114	0	0
10.9579999999987	7.23999999999978	7.48500000000058	0	0
12.9480000000003	11.5940000000001	7.23400000000038	0	0
8.53000000000065	3.64599999999973	6.40500000000065	0	0
10.0450000000001	5.43599999999969	7.06200000000172	0	0
8.31899999999951	5.59099999999944	6.6200000000008	0	0
9.43500000000131	3.95700000000033	7.5010000000002	0	0
9.93199999999888	4.64300000000003	6.72199999999975	0	0
7.79300000000148	2.55999999999949	6.22700000000077	0	0
9.63600000000042	4.32099999999991	6.9489999999987	0	0
8.70800000000054	3.38200000000052	6.91300000000047	0	0
8.67199999999866	3.23100000000068	6.90999999999985	0	0
9.12400000000162	3.90899999999965	6.8130000000001	0	0
10.1689999999999	6.19499999999971	6.6919999999991	0	0
8.49200000000019	3.16100000000006	6.33100000000013	0	0
9.99200000000019	6.25500000000011	6.45999999999913	0	0
9.4989999999998	4.99200000000019	6.22699999999895	0	0
9.63500000000022	3.93299999999999	6.90000000000146	0	0
7.95900000000074	2.88000000000011	6.39999999999964	0	0
10.3299999999999	6.00799999999981	6.70399999999972	0	0
11.9110000000001	6.78000000000065	7.75	0	0
8.70699999999852	4.36000000000058	6.55099999999948	0	0
9.68499999999949	5.63300000000072	6.84599999999955	0	0
8.64099999999962	3.39499999999953	6.32599999999911	0	0
8.68499999999949	3.20900000000074	6.625	0	0
10.2259999999987	5.97900000000027	6.92000000000007	0	0
10.4510000000009	6.55299999999988	6.45600000000013	0	0
9.41200000000026	4.63599999999951	7.22799999999916	0	0
8.34300000000076	3.0649999999996	6.22800000000097	0	0
9.88299999999981	4.89099999999962	6.80899999999929	0	0
8.29299999999967	2.73899999999958	6.60499999999956	0	0
8.99800000000141	5.6820000000007	6.94200000000092	0	0
8.65200000000004	2.76899999999932	6.70400000000154	0	0
7.80099999999948	3.23099999999977	5.79700000000048	0	0
9.6260000000002	5.30400000000009	6.75600000000122	0	0
8.46100000000115	3.22299999999996	7.01000000000022	0	0
11.3810000000012	11.3469999999998	7.45399999999972	0	0
7.54800000000068	2.96100000000024	6.21100000000115	0	0
7.97199999999975	2.62899999999991	7.1820000000007	0	0
9.41399999999885	5.51100000000042	6.64899999999943	0	0
10.723	6.46000000000004	7.39199999999983	0	0
9.35099999999875	4.9399999999996	7.3179999999993	0	0
12.3259999999991	10.1379999999999	7.92000000000007	0	0
8.26900000000023	3.23499999999967	6.3739999999998	0	0
9.48899999999958	4.88900000000012	7.03499999999985	0	0
8.41799999999967	6.34999999999945	6.59799999999996	0	0
12.5329999999994	10.4209999999994	8.07200000000012	0	0
9.22400000000016	4.00900000000001	6.40100000000166	0	0
9.60000000000036	6.24200000000019	6.39700000000084	0	0
9.46099999999933	4.72900000000027	6.86200000000099	0	0
10.4309999999987	5.61099999999988	7.48999999999978	0	0
8.78000000000065	6.35900000000038	6.53799999999865	0	0
9.89700000000084	6.61999999999989	6.79999999999927	0	0
7.95600000000013	5.33899999999994	6.9320000000007	0	0
9.25300000000061	5.59499999999935	6.7400000000016	0	0
8.84200000000055	3.19300000000021	6.58899999999994	0	0
8.17599999999948	2.93900000000031	6.47799999999916	0	0
9.90700000000106	6.02999999999975	6.43599999999969	0	0
10.8459999999995	7.41699999999946	6.70099999999911	0	0
9.54999999999927	6.57899999999972	6.8179999999993	0	0
8.67900000000009	3.70200000000023	6.66600000000108	0	0
9.77399999999943	4.75900000000001	6.67399999999907	0	0
10.0939999999991	6.54600000000028	6.70299999999952	0	0
8.84600000000137	4.20700000000033	6.32200000000012	0	0
9.04199999999946	5.99600000000009	7.27700000000004	0	0
9.16899999999987	5.89800000000014	6.30500000000029	0	0
8.27099999999882	4.19700000000012	6.21900000000096	0	0
10.1509999999998	6.45699999999943	7.03800000000047	0	0
10.2780000000002	6.84000000000015	6.63999999999942	0	0
8.98899999999958	3.0610000000006	6.69100000000071	0	0
9.02399999999943	4.13900000000012	6.23099999999977	0	0
8.34600000000137	3.25500000000011	6.06500000000051	0	0
8.68399999999929	3.31900000000041	6.70499999999993	0	0
8.67799999999988	3.1279999999997	5.89999999999964	0	0
9.9940000000006	6.25200000000041	6.47999999999956	0	0
8.78200000000106	3.8690000000006	6.82499999999891	0	0
9.23300000000017	4.11099999999988	6.92200000000048	0	0
10.8099999999995	7.91399999999976	6.97599999999875	0	0
8.95199999999932	3.15000000000055	6.59399999999914	0	0
8.24499999999898	3.05799999999999	6.2609999999986	0	0
7.12099999999919	2.26599999999962	6.69599999999991	0	0
11.2720000000008	7.66699999999946	7.25400000000081	0	0
9.09200000000055	4.87800000000061	6.47799999999916	0	0
8.51699999999983	3.08899999999994	6.32600000000093	0	0
9.53499999999985	6.0649999999996	7.16600000000108	0	0
8.8179999999993	6.28299999999945	7.11200000000099	0	0
8.78700000000026	4.36099999999897	6.32100000000173	0	0
7.74699999999939	2.34799999999996	6.77400000000125	0	0
9.3080000000009	3.56700000000092	7.11099999999897	0	0
8.65899999999965	3.29200000000128	6.33700000000135	0	0
8.35099999999875	3.19500000000153	6.38800000000083	0	0
9.17400000000089	4.47700000000077	6.79600000000028	0	0
8.07799999999952	2.53499999999985	6.8070000000007	0	0
8.22899999999936	2.67899999999827	7.04100000000108	0	0
9.14400000000023	5.69099999999889	6.51199999999881	0	0
8.31500000000051	3.8130000000001	5.87700000000041	0	0
9.25300000000061	4.23099999999977	6.76100000000042	0	0
8.56600000000071	4.63200000000143	6.80400000000009	0	0
8.29100000000108	3.00700000000143	6.45199999999932	0	0
8.45999999999913	3.23799999999937	6.71600000000035	0	0
9.0059999999994	3.18500000000131	6.93999999999869	0	0
11.8299999999999	7.51800000000003	7.35300000000097	0	0
7.82800000000134	2.86700000000019	6.66700000000128	0	0
8.71999999999935	3.4260000000013	6.31099999999969	0	0
8.95899999999892	3.27900000000045	6.59200000000055	0	0
8.99300000000039	3.36700000000019	6.91100000000006	0	0
8.09399999999914	2.90400000000045	6.57400000000052	0	0
8.05600000000049	3.77399999999943	6.82499999999891	0	0
7.48199999999997	3.5530000000017	6.41100000000006	0	0
8.14400000000023	3.76199999999881	6.22099999999955	0	0
9.46399999999994	5.8130000000001	6.50500000000102	0	0
9.75500000000102	7.33799999999974	6.62699999999859	0	0
8.14300000000003	3.48500000000058	5.98500000000058	0	0
10.9050000000007	7.61100000000079	6.95700000000033	0	0
9.73500000000058	4.48500000000058	7.40799999999945	0	0
8.38899999999921	4.0739999999987	6.35599999999977	0	0
12.9920000000002	11.0899999999983	7.16400000000067	0	0
8.96799999999894	4.04399999999987	6.5669999999991	0	0
8.88200000000143	4.20800000000054	6.5010000000002	0	0
7.9940000000006	2.89300000000003	6.23099999999977	0	0
10.2960000000003	6.39000000000124	7.08300000000054	0	0
10.0560000000005	6.81400000000031	6.74099999999999	0	0
9.3739999999998	6.30599999999868	6.34199999999873	0	0
7.79000000000087	3.58599999999933	6.75900000000001	0	0
6.91699999999946	2.1869999999999	6.51599999999962	0	0
9.83499999999913	6.41200000000026	6.69300000000112	0	0
8.98000000000138	6.29099999999926	6.84000000000015	0	0
8.33799999999974	3.29399999999987	6.12200000000121	0	0
8.21999999999935	3.36999999999898	6.29500000000007	0	0
8.10299999999916	2.91200000000026	6.63199999999961	0	0
8.1989999999987	3.18100000000049	6.69900000000052	0	0
8.95399999999972	3.72400000000016	6.66300000000047	0	0
7.97299999999996	2.84200000000055	6.07999999999993	0	0
7.88100000000122	3.1929999999993	6.23899999999958	0	0
8.76399999999921	3.98300000000017	6.58599999999933	0	0
9.08800000000156	4.67900000000009	6.56899999999951	0	0
8.30899999999929	4.2549999999992	6.34499999999935	0	0
9.10800000000017	4.75200000000041	6.78199999999924	0	0
8.47099999999955	3.85499999999956	6.44100000000071	0	0
8.5570000000007	3.92000000000007	6.04099999999926	0	0
9.70699999999852	4.79100000000108	6.40500000000065	0	0
10.9049999999988	7.64500000000044	7.35300000000097	0	0
10.3480000000018	5.71500000000015	7.52099999999882	0	0
8.18099999999686	3.05099999999948	6.47999999999956	0	0
8.42199999999866	3.19200000000092	6.26900000000023	0	0
9.90899999999965	5.81399999999849	7.20700000000033	0	0
8.08500000000276	4.53600000000006	6.90099999999984	0	0
8.59000000000015	4.39999999999964	6.15099999999984	0	0
10.6630000000005	7.29100000000108	7.72799999999916	0	0
8.1710000000021	2.92400000000089	5.72000000000116	0	0
8.40400000000227	3.4330000000009	5.81099999999969	0	0
8.67900000000009	3.8809999999994	6.88800000000083	0	0
8.73099999999977	3.32499999999891	6.57799999999952	0	0
9.25200000000041	6.86999999999898	6.9260000000013	0	0
8.65899999999965	3.16100000000006	6.16800000000148	0	0
7.53500000000349	3.17199999999866	5.97699999999895	0	0
8.93100000000049	3.22199999999975	7.13199999999961	0	0
8.52000000000044	3.51700000000164	6.07500000000073	0	0
10.8580000000002	6.99099999999999	6.82499999999891	0	0
8.76499999999942	2.84399999999914	6.34699999999975	0	0
8.40099999999802	2.9940000000006	6.59000000000015	0	0
9.86100000000079	6.02499999999964	6.67200000000048	0	0
8.21399999999994	3.92599999999948	6.1140000000014	0	0
10.6320000000014	7.53199999999924	6.73500000000058	0	0
9.75300000000061	5.40300000000025	7.30900000000111	0	0
8.44999999999709	3.35499999999956	6.58399999999892	0	0
