5.05	4.738	4.748	0	0
3.977	1.991	3.92	0	0
3.598	1.558	3.454	0	0
3.883	2.711	3.567	0	0
3.565	1.533	3.66200000000001	0	0
4.113	1.641	3.577	0	0
4.629	2.114	4.376	0	0
3.675	1.634	3.572	0	0
4.065	1.808	3.605	0	0
3.83199999999999	1.64100000000001	3.41800000000001	0	0
3.69499999999999	1.247	3.46300000000001	0	0
3.78	1.622	3.483	0	0
3.848	1.744	3.41800000000001	0	0
3.76600000000001	1.935	3.52799999999999	0	0
4.09400000000001	1.34800000000001	3.746	0	0
3.7	1.14700000000001	3.43899999999999	0	0
4.125	1.654	3.617	0	0
3.53500000000003	1.31	3.595	0	0
3.85900000000001	0.939999999999998	3.75799999999998	0	0
3.512	1.39700000000001	3.11700000000002	0	0
6.89599999999999	3.054	6.52700000000002	0	0
4.309	1.536	3.88999999999999	0	0
3.726	1.217	3.523	0	0
4.04499999999999	1.51700000000001	3.72800000000001	0	0
3.54499999999999	1.325	3.43600000000001	0	0
3.74600000000001	1.70399999999999	3.71599999999998	0	0
3.70899999999997	1.342	3.53800000000001	0	0
3.66600000000003	1.169	3.33799999999999	0	0
3.76299999999998	1.10300000000001	3.62700000000001	0	0
3.643	1.53299999999999	3.309	0	0
3.244	1.04599999999999	3.46000000000001	0	0
3.97899999999998	1.715	3.89600000000002	0	0
3.28699999999998	1.2	3.14700000000002	0	0
3.64000000000001	1.881	3.53700000000001	0	0
3.66999999999996	1.99799999999999	3.57900000000001	0	0
3.71499999999997	1.589	3.96299999999999	0	0
3.87299999999999	1.852	3.44800000000001	0	0
4.01800000000003	1.52499999999999	3.54900000000004	0	0
3.65700000000004	1.31	3.57100000000003	0	0
4.09700000000004	1.91800000000001	4.11599999999999	0	0
3.94499999999999	2.66000000000003	3.71600000000001	0	0
3.93400000000003	1.322	3.71500000000003	0	0
4.11500000000001	1.65699999999998	3.97999999999996	0	0
4.17499999999995	2.221	3.88600000000002	0	0
3.32799999999997	1.13499999999999	3.202	0	0
4.226	1.78100000000001	3.54199999999997	0	0
4.68400000000003	2.72200000000001	4.214	0	0
4.23699999999997	1.77500000000001	3.91200000000003	0	0
3.464	1.58500000000001	3.30199999999996	0	0
4.13400000000001	2.11100000000002	3.786	0	0
3.57600000000002	1.56899999999999	3.42899999999997	0	0
4.267	1.49299999999999	3.84000000000003	0	0
4.005	1.39399999999998	3.96699999999998	0	0
3.61199999999997	1.55799999999999	3.57300000000004	0	0
4.142	1.755	3.774	0	0
3.67399999999998	1.83699999999999	3.58299999999997	0	0
4.40299999999996	2.12	4.04300000000001	0	0
3.99100000000004	2.03200000000001	3.66999999999996	0	0
3.88599999999997	1.67399999999998	3.60399999999998	0	0
4.20600000000002	3.98699999999999	3.959	0	0
3.678	1.32900000000001	3.39999999999998	0	0
3.95600000000002	2.822	3.5	0	0
3.84300000000002	2.08599999999998	3.59699999999998	0	0
4.63600000000002	2.02199999999999	3.78500000000003	0	0
3.98500000000001	1.74200000000002	3.286	0	0
4.40700000000004	1.715	3.88899999999995	0	0
7.83600000000001	2.86699999999999	6.995	0	0
3.529	1.24099999999999	3.69	0	0
3.41699999999997	1.11000000000001	3.19100000000003	0	0
4.36300000000006	1.58000000000001	4.02000000000004	0	0
3.45800000000008	1.411	3.40899999999999	0	0
4.11299999999994	1.959	3.82500000000005	0	0
3.69100000000003	1.84999999999999	3.512	0	0
4.14700000000005	1.554	4.32100000000003	0	0
3.87700000000007	1.78200000000004	3.85899999999992	0	0
3.88799999999992	1.255	3.89699999999993	0	0
4.33799999999997	1.077	4.23799999999994	0	0
4.53599999999994	2.37	3.83400000000006	0	0
3.577	1.91399999999999	3.50599999999997	0	0
3.68299999999999	1.065	3.87	0	0
6.94600000000003	2.56200000000001	6.89200000000005	0	0
3.87900000000002	1.11900000000003	3.58199999999999	0	0
3.59800000000007	1.15199999999999	3.73300000000006	0	0
3.33299999999997	0.807000000000016	3.39400000000001	0	0
3.57300000000009	0.685000000000002	3.40900000000011	0	0
3.63900000000001	1.65000000000003	3.4799999999999	0	0
3.63900000000001	1.47499999999997	3.553	0	0
3.577	0.895000000000039	3.72800000000007	0	0
3.88900000000001	1.637	3.48099999999999	0	0
3.87699999999995	1.548	3.49299999999994	0	0
4.70600000000002	2.21199999999999	4.077	0	0
3.85800000000006	1.90799999999996	3.72699999999998	0	0
3.65599999999995	1.25100000000003	3.59299999999996	0	0
3.928	1.803	3.56500000000005	0	0
4.31799999999998	1.83100000000002	3.81700000000001	0	0
3.41800000000001	1.512	3.4899999999999	0	0
3.37299999999993	1.20699999999999	3.505	0	0
3.66099999999994	0.829999999999984	3.38200000000006	0	0
4.77300000000002	1.72899999999998	4.33799999999997	0	0
3.92400000000009	1.74299999999999	3.43100000000004	0	0
4.30999999999995	3.70999999999998	3.66999999999996	0	0
4.072	3.10599999999999	3.86199999999997	0	0
4.79199999999992	1.10599999999999	4.71699999999998	0	0
4.17600000000004	2.26900000000001	3.72000000000003	0	0
4.20000000000005	2.04699999999997	3.52900000000011	0	0
4.505	2.28099999999995	3.88300000000004	0	0
4.03200000000004	1.45799999999997	3.61500000000001	0	0
4.10299999999995	2.505	3.53499999999997	0	0
4.18999999999994	2.59399999999999	3.38900000000001	0	0
4.09799999999996	1.35300000000001	3.64099999999996	0	0
4.29200000000003	2.44299999999998	3.71000000000004	0	0
4.07600000000002	1.59799999999996	3.524	0	0
4.38200000000006	1.76499999999999	3.74400000000003	0	0
4.2360000000001	1.512	3.625	0	0
3.947	2.34999999999997	3.53199999999993	0	0
4.24800000000005	1.87299999999999	3.64199999999994	0	0
4.21900000000005	2.18100000000004	3.77300000000002	0	0
3.95899999999995	1.625	3.86699999999996	0	0
3.69299999999998	1.85900000000004	3.42700000000002	0	0
4.04599999999994	1.67500000000001	3.84400000000005	0	0
3.68799999999999	1.95400000000001	3.57499999999993	0	0
3.54399999999998	1.30399999999997	3.61799999999994	0	0
3.81399999999996	1.23800000000006	3.57799999999997	0	0
3.67700000000002	1.096	3.74800000000005	0	0
4.00699999999995	1.79000000000002	3.50300000000004	0	0
4.08000000000004	2.63200000000001	3.44600000000003	0	0
4.01599999999996	1.55200000000002	3.34500000000003	0	0
4.09500000000003	1.86400000000003	3.80399999999997	0	0
3.41000000000008	1.05399999999997	3.3309999999999	0	0
3.93600000000004	1.77699999999999	3.64700000000005	0	0
3.52699999999993	1.18299999999999	3.24299999999994	0	0
3.98099999999999	1.31200000000001	3.69900000000007	0	0
7.36900000000003	3.91500000000002	6.50800000000004	0	0
3.60000000000002	1.89100000000002	3.39199999999994	0	0
4.00699999999995	1.37099999999998	3.86700000000008	0	0
3.90199999999993	1.69499999999999	3.54500000000007	0	0
4.96500000000003	3.10899999999998	4.08699999999999	0	0
4.09699999999998	1.20699999999999	3.69799999999998	0	0
4.17100000000005	1.66399999999999	3.601	0	0
4.70299999999997	1.48399999999998	4.53800000000001	0	0
4.14400000000001	1.86400000000003	4.01300000000003	0	0
3.78999999999996	1.56700000000001	3.68500000000006	0	0
3.53099999999995	1.34000000000003	3.23699999999997	0	0
4.07600000000002	1.50999999999999	3.745	0	0
3.62000000000012	1.24299999999999	3.55000000000007	0	0
3.67399999999998	1.26400000000001	3.52800000000002	0	0
3.94600000000014	2.28800000000001	3.56399999999996	0	0
3.93500000000017	1.48599999999999	3.65099999999995	0	0
4.28099999999995	1.95300000000009	3.92399999999998	0	0
3.43299999999999	1.55199999999991	3.18500000000006	0	0
3.66699999999992	1.79300000000001	3.43299999999999	0	0
4.50699999999983	1.64600000000007	4.01300000000015	0	0
3.44100000000003	1.40800000000002	3.22999999999979	0	0
3.91300000000001	1.85900000000004	3.51800000000003	0	0
3.54099999999994	1.64800000000002	3.72800000000007	0	0
3.78200000000015	1.49600000000009	4.10099999999989	0	0
3.98000000000002	1.71999999999991	3.63499999999999	0	0
3.21199999999999	0.697999999999979	3.30799999999999	0	0
3.58399999999983	1.03499999999997	3.42099999999982	0	0
3.173	0.750999999999976	3.00699999999983	0	0
3.67100000000005	1.49899999999991	3.31299999999987	0	0
3.19200000000001	1.43500000000006	3.20399999999995	0	0
3.79700000000003	1.89300000000003	3.27800000000002	0	0
3.99400000000014	1.8180000000001	3.57299999999987	0	0
4.40499999999997	1.43200000000002	4.25500000000011	0	0
3.38099999999986	0.924999999999955	3.45699999999988	0	0
3.77600000000007	1.08199999999999	3.58600000000001	0	0
4.64900000000011	1.92699999999991	4.39100000000008	0	0
4.39999999999986	1.50200000000007	3.97500000000014	0	0
3.86300000000006	1.65999999999997	3.64300000000003	0	0
3.72300000000018	1.72500000000002	3.2650000000001	0	0
3.51999999999998	1.69400000000007	3.44900000000007	0	0
4.59300000000007	2.69299999999998	4.22299999999996	0	0
3.72000000000003	2.63900000000001	3.6110000000001	0	0
3.37599999999998	1.57000000000005	3.38200000000006	0	0
3.18200000000002	1.37099999999998	3.28600000000006	0	0
3.66399999999999	1.12599999999998	3.51099999999997	0	0
3.69899999999984	1.20600000000002	3.779	0	0
3.38400000000001	1.17399999999998	3.02099999999996	0	0
2.97499999999991	1.22900000000004	3.05400000000009	0	0
3.65499999999997	1.34000000000003	3.721	0	0
3.75600000000009	1.101	3.33600000000001	0	0
3.76099999999997	1.72199999999998	3.57400000000007	0	0
4.49199999999996	1.71000000000004	4.37100000000009	0	0
4.11500000000001	1.85400000000004	3.89200000000005	0	0
3.42100000000005	1.15300000000002	3.16800000000012	0	0
3.51400000000012	1.49400000000003	3.38400000000001	0	0
4.69900000000007	2.9910000000001	4.11199999999985	0	0
4.05999999999995	1.76200000000006	3.68799999999987	0	0
4.24200000000019	2.44499999999994	3.548	0	0
3.79700000000003	1.92500000000007	3.17200000000003	0	0
4.00099999999998	3.17600000000004	3.41999999999985	0	0
4.42600000000016	2.20600000000002	4.13900000000012	0	0
4.00900000000001	2.798	3.48000000000002	0	0
4.78499999999985	1.822	4.09300000000007	0	0
3.97300000000018	2.01299999999992	3.47000000000003	0	0
3.99699999999984	1.89800000000002	3.48000000000002	0	0
3.86200000000008	1.55700000000002	3.59899999999993	0	0
3.54299999999989	1.44100000000003	3.46299999999997	0	0
4.0329999999999	1.91999999999996	3.34500000000003	0	0
5.10000000000014	2.12099999999998	4.471	0	0
4.42099999999982	1.93999999999994	3.87699999999995	0	0
3.39599999999996	0.861999999999966	3.22600000000011	0	0
4.51199999999994	1.6579999999999	4.05199999999991	0	0
3.83999999999992	1.029	3.74700000000007	0	0
3.78999999999996	2.30599999999993	3.59299999999985	0	0
3.9670000000001	1.35899999999992	3.89200000000005	0	0
3.69500000000016	1.21900000000005	3.40100000000007	0	0
3.7170000000001	1.56900000000007	3.99000000000001	0	0
3.49900000000002	1.65299999999991	3.27499999999986	0	0
3.654	1.41300000000001	3.5630000000001	0	0
3.5809999999999	1.197	3.7059999999999	0	0
4.05799999999999	1.07600000000002	3.99099999999999	0	0
3.91500000000019	1.82100000000003	3.80300000000011	0	0
3.29200000000014	1.14700000000005	3.30600000000004	0	0
4.00499999999988	2.23799999999994	3.51099999999997	0	0
3.41199999999981	1.25900000000001	3.2829999999999	0	0
3.49299999999994	0.79200000000003	3.51600000000008	0	0
4.15200000000004	2.48800000000006	3.76499999999987	0	0
3.75299999999993	1.67700000000002	3.45600000000013	0	0
3.81800000000021	1.6640000000001	3.64400000000001	0	0
3.89800000000014	1.44600000000003	3.46599999999989	0	0
4.27000000000021	1.94600000000003	3.45600000000013	0	0
4.2940000000001	1.99799999999993	3.86400000000003	0	0
4.16300000000001	1.97900000000004	4.10900000000015	0	0
3.87999999999988	1.46100000000001	3.82899999999995	0	0
3.74699999999984	1.2589999999999	3.38199999999983	0	0
3.89400000000001	1.73399999999992	3.48700000000008	0	0
4.48099999999999	2.49700000000007	4.2829999999999	0	0
3.51900000000001	1.40600000000006	3.43399999999997	0	0
4.08500000000004	2.64499999999998	3.65199999999982	0	0
4.73000000000002	2.68799999999999	4.13699999999994	0	0
4.12400000000002	1.58600000000001	4.08399999999983	0	0
3.48299999999995	0.951999999999998	3.21499999999992	0	0
4.03399999999988	1.95899999999995	3.41899999999987	0	0
7.53499999999985	3.40099999999995	6.47900000000004	0	0
4.26600000000008	2.279	3.57999999999993	0	0
4.11699999999996	2.072	3.71800000000007	0	0
4.29999999999995	2.42999999999995	3.69999999999982	0	0
5.22299999999996	2.57299999999998	4.67499999999995	0	0
4.05400000000009	1.93899999999996	3.93499999999995	0	0
4.029	2.19299999999998	3.38799999999992	0	0
4.07300000000009	1.524	3.76200000000017	0	0
4.36700000000019	1.49700000000007	4.1110000000001	0	0
3.72900000000004	1.64599999999996	3.68299999999999	0	0
3.98000000000002	1.94200000000001	3.68999999999983	0	0
4.04199999999992	1.65599999999995	3.923	0	0
4.66200000000003	1.78899999999999	4.35299999999984	0	0
4.30899999999997	1.59199999999998	3.96299999999997	0	0
4.03800000000001	2.28899999999999	4.03500000000008	0	0
3.88599999999997	1.96699999999998	3.54899999999998	0	0
4.9369999999999	1.99000000000001	4.67200000000003	0	0
3.60799999999995	1.67100000000005	3.49000000000001	0	0
4.65899999999988	1.4369999999999	4.36200000000008	0	0
3.46000000000004	1.13900000000001	3.51900000000001	0	0
3.64600000000019	1.09500000000003	3.74800000000005	0	0
3.55300000000011	0.898000000000025	3.48299999999995	0	0
3.31600000000003	1.12	3.06400000000008	0	0
4.40600000000018	2.3549999999999	3.67499999999995	0	0
4.71499999999992	1.59100000000001	4.24900000000002	0	0
8.07399999999984	4.23099999999999	6.9849999999999	0	0
3.68900000000008	1.91600000000005	3.33000000000015	0	0
3.53799999999978	1.38499999999999	3.13700000000017	0	0
4.03200000000015	2.07800000000009	3.58400000000006	0	0
3.875	1.66100000000006	3.18099999999981	0	0
3.57300000000009	1.70299999999997	3.09100000000012	0	0
3.48599999999988	1.16699999999992	3.32400000000007	0	0
3.99600000000009	1.59500000000003	3.66500000000019	0	0
3.4860000000001	1.33199999999999	3.41300000000001	0	0
3.7650000000001	2.35799999999995	3.58200000000011	0	0
3.56500000000005	1.53300000000002	3.34899999999993	0	0
4.39799999999991	1.67100000000005	3.827	0	0
3.85599999999999	1.68200000000002	3.71300000000019	0	0
4.02999999999997	1.779	3.39599999999996	0	0
3.62899999999991	1.70600000000002	3.40699999999993	0	0
4.09699999999998	1.51800000000003	3.9699999999998	0	0
3.91100000000006	0.932999999999993	3.89400000000001	0	0
3.23199999999997	0.981999999999971	3.24099999999999	0	0
3.67800000000011	1.351	3.34699999999998	0	0
3.69599999999991	1.07399999999996	3.75900000000001	0	0
3.72800000000007	2.52599999999995	3.33400000000006	0	0
3.54100000000017	1.47700000000009	3.44700000000012	0	0
4.07600000000002	2.62300000000005	3.71000000000004	0	0
3.96199999999999	1.495	4.10100000000011	0	0
4.51699999999983	2.63	4.13400000000001	0	0
4.05299999999988	2.10599999999999	3.59300000000007	0	0
4.44200000000001	3.08800000000008	4.00099999999998	0	0
4.72800000000007	1.77699999999993	4.01100000000019	0	0
4.38699999999972	2.28700000000003	3.65900000000011	0	0
4.49300000000039	1.85400000000004	3.70100000000002	0	0
3.9989999999998	1.38599999999997	3.6389999999999	0	0
4.02399999999989	1.471	4.23199999999997	0	0
4.11899999999969	1.33000000000004	3.88200000000006	0	0
3.98300000000017	2.03699999999992	3.47500000000014	0	0
3.58600000000024	1.81899999999996	3.25499999999988	0	0
4.08799999999974	1.69400000000007	3.64499999999998	0	0
3.92199999999957	1.35400000000004	3.51700000000005	0	0
3.721	1.34400000000005	3.39799999999991	0	0
4.14700000000039	2.71900000000005	3.6690000000001	0	0
3.97000000000025	1.63200000000006	3.69599999999991	0	0
4.16700000000037	0.843999999999824	4.03600000000006	0	0
4.16499999999996	1.72400000000016	3.94799999999987	0	0
4.0659999999998	2.07899999999995	3.58899999999994	0	0
7.76400000000012	3.51800000000003	7.15599999999995	0	0
3.75700000000006	1.46000000000004	3.23700000000008	0	0
4.71900000000005	2.37900000000013	3.91499999999996	0	0
4.01699999999983	1.84099999999989	3.37300000000005	0	0
4.654	2.44800000000009	4.30300000000034	0	0
4.00399999999991	2.375	3.46100000000024	0	0
4.67000000000007	1.80799999999999	4.29199999999992	0	0
3.81799999999976	1.86999999999989	3.67900000000009	0	0
4.375	1.95799999999986	4.50499999999965	0	0
3.68100000000004	1.56700000000001	3.17299999999977	0	0
4.09799999999996	1.75199999999995	3.57099999999991	0	0
3.17199999999957	1.03300000000013	3.41800000000012	0	0
3.90899999999965	1.72599999999989	3.7470000000003	0	0
3.49800000000005	1.47599999999989	3.48599999999988	0	0
3.52599999999984	1.58400000000006	3.51999999999998	0	0
3.29599999999982	1.02999999999997	3.18499999999995	0	0
4.0300000000002	1.11699999999996	3.66699999999992	0	0
3.9079999999999	2.51199999999994	3.49900000000025	0	0
3.88400000000001	1.56400000000008	3.35500000000002	0	0
4.02500000000009	2.18900000000008	3.34000000000015	0	0
4.25399999999991	1.76499999999987	3.81899999999996	0	0
3.82400000000007	1.65699999999993	3.41900000000032	0	0
4.0659999999998	1.80999999999995	3.43600000000015	0	0
3.92200000000003	1.35799999999995	3.6260000000002	0	0
3.83599999999979	1.98000000000002	3.19799999999987	0	0
4.14300000000003	2.3119999999999	3.42100000000028	0	0
3.61300000000028	1.78700000000003	3.28899999999976	0	0
4.35399999999981	1.57299999999987	3.53700000000026	0	0
3.779	2.23799999999983	3.2199999999998	0	0
4.03700000000026	1.76299999999992	3.55299999999988	0	0
3.50800000000027	1.44800000000009	3.14600000000019	0	0
4.56299999999965	2.36799999999994	3.95899999999983	0	0
4.27199999999993	1.89500000000021	4.16699999999992	0	0
3.73299999999972	1.61400000000003	3.22900000000027	0	0
3.92700000000013	1.67200000000003	3.28400000000011	0	0
3.94000000000005	1.23400000000015	3.45800000000008	0	0
4.81700000000001	2.19200000000001	4.36699999999973	0	0
3.78500000000031	1.50600000000009	3.45299999999997	0	0
4.05400000000009	1.5139999999999	3.74299999999994	0	0
3.92099999999982	1.70399999999995	3.61500000000024	0	0
3.67500000000018	1.173	3.71000000000004	0	0
3.68499999999995	2.08300000000008	3.54500000000007	0	0
4.16300000000001	1.8130000000001	3.93499999999995	0	0
3.66900000000032	1.58300000000008	3.38599999999997	0	0
6.59999999999991	2.64699999999993	6.60399999999981	0	0
3.55599999999959	0.7650000000001	3.6260000000002	0	0
3.28699999999981	0.981999999999971	3.49599999999964	0	0
3.30999999999995	1.60300000000007	3.33099999999968	0	0
3.24800000000005	1.31700000000001	3.22499999999991	0	0
3.88900000000012	2.16599999999994	3.74400000000014	0	0
3.38300000000027	0.751999999999953	3.404	0	0
3.51599999999962	1.08399999999983	3.48000000000002	0	0
3.94499999999971	2.30199999999991	3.82799999999997	0	0
4.08699999999999	1.68099999999981	3.81800000000021	0	0
4.25700000000006	2.91399999999999	3.73000000000002	0	0
4.46399999999994	2.22299999999996	3.87100000000009	0	0
3.86500000000024	1.78499999999985	3.5920000000001	0	0
3.90099999999984	1.83200000000011	4.02700000000004	0	0
3.70000000000027	1.60500000000002	3.47800000000007	0	0
3.56999999999971	1.87899999999991	3.33699999999999	0	0
3.94000000000005	1.59199999999987	3.83100000000013	0	0
3.7529999999997	2.02599999999984	3.154	0	0
3.74099999999999	1.58799999999997	3.70100000000002	0	0
4.63599999999997	4.41799999999989	4.06400000000031	0	0
4.15599999999995	1.46499999999992	3.95499999999993	0	0
3.91100000000006	1.96499999999992	3.73700000000008	0	0
4.35500000000002	4.04399999999987	3.78099999999995	0	0
3.32199999999966	1.04899999999998	3.08399999999983	0	0
4.01999999999998	1.67000000000007	3.70699999999988	0	0
4.28499999999985	1.72500000000014	3.76800000000003	0	0
3.51800000000003	1.46699999999987	3.22499999999991	0	0
4.08399999999983	1.99299999999994	3.69599999999991	0	0
3.73999999999978	1.19600000000014	3.69799999999987	0	0
3.93499999999995	1.78800000000001	3.60799999999972	0	0
3.59099999999989	1.53099999999995	3.13799999999992	0	0
3.35999999999967	1.00299999999993	3.47399999999971	0	0
4.62199999999984	1.86800000000017	4.28999999999996	0	0
3.35300000000007	1.38800000000015	3.1909999999998	0	0
3.37899999999991	1.279	3.38200000000006	0	0
4.03800000000001	1.45399999999995	4.15499999999975	0	0
3.61700000000019	1.01400000000012	3.42700000000013	0	0
4.45400000000018	2.06700000000001	3.72499999999991	0	0
3.35500000000002	1.23099999999999	3.25900000000001	0	0
3.98799999999983	1.25600000000009	3.7510000000002	0	0
3.8130000000001	1.73199999999997	3.56100000000015	0	0
3.74900000000025	1.97899999999981	3.34100000000035	0	0
4.42999999999984	1.40600000000018	4.0949999999998	0	0
3.69000000000005	1.88900000000012	3.6609999999996	0	0
4.09799999999996	1.471	3.39100000000008	0	0
3.62400000000025	1.98399999999992	3.30400000000009	0	0
4.13599999999997	1.91599999999994	3.52700000000004	0	0
4.07000000000016	2.43700000000013	3.62899999999991	0	0
4.20099999999957	1.92399999999998	3.65000000000009	0	0
4.02500000000009	1.88699999999994	3.47299999999996	0	0
4.16999999999962	1.58000000000015	3.91900000000032	0	0
3.81099999999969	2.125	3.57099999999991	0	0
7.55299999999988	3.45400000000018	6.53700000000026	0	0
4.90300000000025	1.46299999999997	4.3159999999998	0	0
3.80199999999968	1.75700000000006	3.37699999999995	0	0
3.61599999999999	1.13499999999999	3.59699999999975	0	0
3.99800000000005	1.58500000000004	3.54600000000028	0	0
3.93599999999969	1.90499999999997	3.73799999999983	0	0
3.61999999999989	1.61099999999988	3.33399999999983	0	0
3.80000000000018	1.50199999999995	3.28499999999985	0	0
3.90900000000011	2.71100000000001	3.471	0	0
4.59799999999996	2.423	3.76200000000017	0	0
4.42900000000009	2.10899999999992	3.82700000000023	0	0
3.89900000000034	1.58600000000001	3.61400000000003	0	0
4.84899999999971	2.30500000000006	4.20899999999983	0	0
4.37300000000005	2.048	4.02199999999993	0	0
3.60599999999977	1.16099999999983	3.52700000000004	0	0
3.77399999999989	1.31400000000008	3.28800000000001	0	0
3.85300000000007	1.35499999999979	3.83600000000024	0	0
3.45200000000023	1.50900000000001	3.16000000000031	0	0
3.53500000000031	0.917999999999893	3.38999999999987	0	0
3.27300000000014	1.18599999999992	3.14499999999998	0	0
4.65000000000009	2.01999999999998	4.11599999999999	0	0
3.53999999999996	1.96199999999999	3.27999999999975	0	0
3.83399999999983	1.55099999999993	3.31799999999976	0	0
4.16899999999987	1.89300000000003	3.72999999999956	0	0
7.53200000000015	3.673	6.94900000000007	0	0
4.41899999999987	2.0300000000002	3.80699999999979	0	0
4.69799999999987	2.18200000000002	4.25600000000031	0	0
4.00300000000016	2.28500000000008	3.52300000000014	0	0
3.33100000000013	1.721	3.23900000000003	0	0
3.87899999999991	1.54899999999998	3.42799999999988	0	0
3.68499999999995	1.20700000000011	3.50399999999991	0	0
3.81899999999996	1.82100000000014	3.38999999999987	0	0
3.94800000000032	2.02800000000002	3.58099999999968	0	0
4.78600000000006	1.5139999999999	4.346	0	0
5.04300000000012	2.50999999999999	4.39600000000019	0	0
3.9970000000003	1.51299999999992	3.67099999999982	0	0
3.61900000000014	1.48500000000013	3.16100000000006	0	0
3.68199999999979	1.04300000000012	3.57700000000023	0	0
3.91699999999992	1.92900000000009	3.57499999999982	0	0
3.73300000000017	1.26100000000019	3.32100000000037	0	0
3.74199999999973	2.00199999999995	3.51900000000023	0	0
3.91800000000012	1.46499999999992	3.79999999999973	0	0
3.53300000000036	1.46299999999997	2.99599999999964	0	0
3.51000000000022	1.47299999999996	3.18399999999974	0	0
3.70800000000008	1.33699999999999	3.56399999999985	0	0
3.64699999999993	1.97499999999991	3.14900000000034	0	0
3.36499999999978	1.6719999999998	3.22399999999971	0	0
3.84700000000021	2.346	3.37100000000009	0	0
4.14199999999983	1.7639999999999	3.96399999999994	0	0
3.51000000000022	1.62599999999998	3.49099999999999	0	0
4.16300000000001	2.45900000000006	3.64100000000008	0	0
3.61900000000014	1.375	3.8130000000001	0	0
3.5600000000004	0.847999999999956	3.44000000000005	0	0
4.14199999999983	2.11799999999994	3.77700000000004	0	0
3.46000000000004	1.61400000000003	3.43499999999995	0	0
3.83199999999988	1.67599999999993	3.55100000000039	0	0
3.47600000000011	1.11500000000001	3.25499999999965	0	0
3.33500000000004	1.03300000000013	3.25900000000001	0	0
4.03900000000021	1.5920000000001	3.80799999999999	0	0
3.86799999999994	1.29899999999998	3.74699999999984	0	0
3.34500000000025	0.97199999999998	3.29799999999977	0	0
3.53600000000006	2.23199999999997	3.25900000000001	0	0
3.56899999999996	1.60899999999992	3.04399999999987	0	0
3.11699999999973	1.05400000000009	3.11500000000024	0	0
3.11499999999978	0.873000000000047	3.18299999999999	0	0
3.17700000000013	1.09100000000012	3.24099999999999	0	0
3.64800000000014	1.12799999999993	3.61399999999958	0	0
3.65800000000036	1.24000000000001	3.27300000000014	0	0
3.41800000000012	1.52799999999979	3.29200000000037	0	0
4.14800000000014	2.00400000000013	3.82899999999972	0	0
3.69300000000021	1.45700000000011	3.44999999999982	0	0
3.73500000000013	1.54600000000005	3.25599999999986	0	0
3.92900000000009	1.05400000000009	3.63200000000006	0	0
3.52099999999973	1.09999999999991	3.40200000000004	0	0
4.48799999999983	2.3900000000001	3.94499999999971	0	0
3.70600000000013	1.31400000000008	3.1909999999998	0	0
3.69700000000012	1.31799999999998	3.70899999999983	0	0
3.84400000000005	2.92800000000011	3.64100000000008	0	0
3.61900000000014	1.80199999999991	3.45900000000029	0	0
4.16600000000017	1.64200000000005	3.98200000000043	0	0
4.12599999999975	1.75800000000004	3.88700000000017	0	0
3.87300000000005	1.78600000000006	3.55699999999979	0	0
7.96799999999985	4.07299999999987	7.29599999999982	0	0
4.54599999999982	2.33500000000004	3.875	0	0
4.56700000000001	1.5010000000002	4.2510000000002	0	0
3.80600000000004	1.37400000000002	3.33800000000019	0	0
4.73900000000003	2.13900000000012	4.29799999999977	0	0
4.47600000000011	1.72299999999996	4.11700000000019	0	0
4.66699999999992	3.10899999999992	3.86499999999978	0	0
4.76399999999967	2.23799999999983	4.05200000000013	0	0
3.65599999999995	1.36099999999988	3.26899999999978	0	0
4.05999999999995	1.6110000000001	3.83699999999999	0	0
4.07299999999987	2.26800000000003	3.88900000000012	0	0
4.13499999999976	1.6909999999998	3.98600000000033	0	0
3.18900000000031	1.10599999999999	3.24800000000005	0	0
3.88099999999986	1.05300000000011	3.82100000000037	0	0
3.78999999999996	1.94700000000012	3.27399999999989	0	0
4.85300000000007	2.55999999999995	4.46099999999979	0	0
4.20100000000002	1.49699999999984	3.82299999999987	0	0
3.91499999999996	1.327	3.75	0	0
4.56700000000001	1.86699999999996	4.29599999999982	0	0
3.71799999999985	1.46699999999987	3.50900000000001	0	0
4.60800000000017	2.56299999999987	3.9970000000003	0	0
4.49800000000005	2.06099999999992	3.83600000000024	0	0
4.31399999999985	2.00999999999999	3.79399999999987	0	0
3.84899999999971	1.83699999999999	3.22699999999986	0	0
4.79500000000007	1.39499999999998	4.64800000000014	0	0
4.08899999999994	1.69200000000001	3.71500000000015	0	0
4.08800000000019	2.23699999999985	4.11999999999989	0	0
4.53499999999985	2.53899999999999	4.44000000000005	0	0
7.21599999999989	2.49400000000014	6.62599999999975	0	0
4.16400000000021	1.37400000000002	4.02800000000025	0	0
4.01599999999962	1.36699999999996	3.72900000000027	0	0
3.4340000000002	1.71400000000017	3.1550000000002	0	0
3.6909999999998	1.53200000000015	3.53200000000015	0	0
4.06899999999996	0.993999999999915	3.88299999999981	0	0
4.33600000000024	1.55400000000009	3.88599999999997	0	0
3.654	1.97399999999993	3.51000000000022	0	0
3.65100000000029	1.66700000000014	3.55899999999974	0	0
4.34899999999971	2.25900000000001	4.029	0	0
3.92200000000003	1.73099999999999	3.59400000000005	0	0
3.39200000000028	1.61899999999991	3.33500000000004	0	0
4.02599999999984	1.63400000000001	4.07299999999987	0	0
3.95899999999983	1.28900000000021	3.53400000000011	0	0
3.82700000000023	1.39400000000001	3.54700000000003	0	0
4.28399999999965	2.2650000000001	4.14300000000003	0	0
3.95899999999983	1.52999999999997	3.71500000000015	0	0
3.82499999999982	2.19299999999998	3.7199999999998	0	0
4.06100000000015	1.07199999999989	4.02600000000029	0	0
4.15599999999995	1.50400000000013	3.73199999999997	0	0
3.53699999999981	1.17499999999995	3.13599999999997	0	0
3.93700000000035	1.82499999999982	3.66799999999967	0	0
4.61099999999988	1.75600000000009	4.17599999999993	0	0
3.76900000000023	1.53400000000011	3.30200000000013	0	0
3.66699999999992	1.10199999999986	3.57999999999993	0	0
3.98300000000017	1.21399999999994	3.55000000000018	0	0
3.88899999999967	1.66499999999996	3.81400000000031	0	0
5.54099999999971	1.95700000000011	4.82799999999997	0	0
4.33100000000013	1.40200000000004	4.10800000000017	0	0
3.99099999999999	1.17399999999998	4.18499999999995	0	0
3.96099999999979	1.9860000000001	3.88699999999972	0	0
3.91899999999987	2.70000000000005	3.28800000000001	0	0
4.69599999999991	3.14400000000001	4.02399999999989	0	0
3.471	1.7360000000001	3.20800000000008	0	0
3.7170000000001	1.46499999999992	3.44500000000016	0	0
3.79600000000028	1.23300000000017	3.61699999999973	0	0
4.05499999999984	1.84999999999991	3.61799999999994	0	0
3.83300000000008	1.79000000000019	3.49699999999984	0	0
3.84799999999996	1.84799999999996	3.30400000000009	0	0
4.27399999999989	2.00400000000013	3.7470000000003	0	0
4.32099999999991	2.43200000000002	3.86400000000003	0	0
4.60399999999981	2.88499999999999	4.13599999999997	0	0
4.03200000000015	1.21500000000015	3.86000000000013	0	0
3.47699999999986	1.52500000000009	3.0329999999999	0	0
3.779	1.44900000000007	3.79299999999967	0	0
3.48900000000003	1.11899999999991	3.36700000000019	0	0
4.16799999999967	2.22000000000003	3.33899999999994	0	0
3.68200000000024	1.47600000000011	3.09299999999985	0	0
4.69999999999982	2.07099999999991	4.06700000000001	0	0
4.98199999999997	2.93799999999987	4.2489999999998	0	0
3.41600000000017	1.09999999999991	3.23999999999978	0	0
3.8100000000004	1.31999999999994	3.47199999999975	0	0
3.74499999999989	1.41000000000008	3.67999999999984	0	0
3.72600000000057	1.17499999999995	3.47600000000011	0	0
3.87099999999919	2.06700000000001	3.35699999999997	0	0
3.34299999999985	1.06899999999996	3.49000000000024	0	0
4.15499999999975	1.77499999999986	3.846	0	0
3.87700000000041	1.72400000000016	3.48599999999988	0	0
3.47099999999955	1.58899999999994	3.26699999999983	0	0
4.37899999999991	2.29399999999987	4.21099999999979	0	0
3.54099999999926	1.10699999999997	3.61499999999978	0	0
3.99799999999959	1.37599999999998	3.95399999999972	0	0
4.07200000000012	1.34799999999996	4.03099999999995	0	0
4.36499999999978	3.82599999999979	3.64599999999973	0	0
4.0010000000002	1.94200000000001	3.55200000000013	0	0
4.10299999999916	2.01600000000008	3.875	0	0
3.95700000000033	1.52600000000007	3.59299999999985	0	0
7.01799999999912	2.27199999999993	6.87000000000035	0	0
3.78000000000065	1.28800000000001	3.80899999999974	0	0
4.01100000000042	2.31799999999998	3.71100000000024	0	0
3.89199999999983	1.875	3.53800000000001	0	0
4.11899999999969	1.29099999999994	3.94500000000016	0	0
4.97400000000016	1.94800000000009	4.66100000000006	0	0
3.76800000000003	1.64200000000005	3.77100000000019	0	0
3.89199999999983	1.75099999999998	3.77399999999989	0	0
3.97499999999945	1.95700000000011	3.43499999999995	0	0
3.29100000000017	1.18399999999997	3.30600000000004	0	0
4.86499999999978	1.47599999999989	4.63099999999986	0	0
3.40300000000025	1.29899999999998	3.61299999999983	0	0
4.04899999999998	1.94799999999987	3.49699999999984	0	0
4.65299999999934	2.2650000000001	4.41200000000026	0	0
3.63299999999981	2.24199999999996	3.64300000000003	0	0
4.15999999999985	1.57600000000002	3.74199999999973	0	0
4.36599999999999	1.64100000000008	3.9380000000001	0	0
3.56400000000031	1.13499999999999	3.57099999999991	0	0
3.69300000000021	2.05999999999995	3.26800000000003	0	0
4.29100000000017	2.06700000000001	4.10900000000038	0	0
4.1190000000006	1.83400000000006	3.83899999999994	0	0
4.28699999999935	2.00399999999991	3.65300000000025	0	0
3.91199999999935	1.73599999999988	3.73100000000022	0	0
3.6880000000001	1.56099999999969	3.68600000000015	0	0
4.00900000000001	1.87100000000009	3.43100000000004	0	0
3.93900000000031	1.05200000000013	4.05200000000013	0	0
3.24099999999999	1.20000000000027	3.25500000000011	0	0
3.28299999999945	0.902000000000044	3.38400000000001	0	0
4.22000000000025	2.08699999999999	3.75500000000011	0	0
3.7510000000002	1.16600000000017	3.27700000000004	0	0
3.84699999999975	1.90499999999975	3.55800000000045	0	0
3.80199999999968	0.820999999999913	3.75699999999961	0	0
4.56400000000031	1.73100000000022	4.21500000000015	0	0
4.15800000000036	2.07699999999977	3.54299999999967	0	0
4.23000000000047	1.53899999999976	3.59999999999945	0	0
3.9389999999994	1.64599999999973	3.62299999999959	0	0
4.49300000000039	2.57000000000016	3.67499999999927	0	0
4.20899999999983	2.37800000000016	3.46499999999924	0	0
4.78899999999976	3.19599999999991	4.43000000000029	0	0
7.35600000000068	2.64200000000028	6.99099999999999	0	0
4.89000000000033	1.63100000000031	4.3760000000002	0	0
3.8690000000006	2.00700000000006	3.58600000000024	0	0
3.4980000000005	1.346	3.60099999999966	0	0
4.12299999999959	1.27100000000019	3.72899999999936	0	0
4.14499999999953	2.0590000000002	3.51500000000033	0	0
4.2440000000006	1.67200000000003	3.85499999999956	0	0
4.17999999999938	1.92599999999993	3.71300000000065	0	0
3.86899999999969	2.19900000000007	3.63199999999961	0	0
3.35500000000047	0.980999999999767	3.41799999999967	0	0
3.78799999999956	1.38099999999986	3.48300000000017	0	0
3.6880000000001	0.896999999999935	3.63000000000011	0	0
3.82800000000043	1.49199999999973	3.72599999999966	0	0
5.47400000000016	1.42099999999982	4.96399999999994	0	0
3.75	1.08399999999983	3.68900000000031	0	0
3.6299999999992	1.80099999999993	3.46200000000044	0	0
3.36499999999978	1.47800000000007	3.17799999999988	0	0
4.39700000000084	3.21099999999979	3.94399999999951	0	0
3.42900000000009	1.15499999999975	3.32999999999993	0	0
3.59200000000055	2.1550000000002	3.31600000000071	0	0
4.22499999999945	2.03400000000011	3.89199999999983	0	0
3.77199999999993	0.990999999999985	3.59400000000005	0	0
3.89000000000033	2.08500000000004	3.74399999999969	0	0
3.89799999999923	1.5630000000001	3.97600000000057	0	0
3.67900000000009	1.5659999999998	3.36700000000019	0	0
3.34799999999996	1.31799999999976	3.26699999999983	0	0
3.97800000000007	1.53499999999985	3.93099999999959	0	0
3.50900000000001	1.58500000000004	3.27299999999923	0	0
3.28800000000047	1.28900000000021	3.3130000000001	0	0
4.14300000000003	2.40299999999979	3.65099999999984	0	0
3.55500000000029	1.28600000000006	3.46700000000055	0	0
3.47999999999956	1.00399999999991	3.3139999999994	0	0
4.18799999999919	1.49299999999994	4.00900000000001	0	0
4.18000000000029	1.64599999999973	3.72500000000036	0	0
3.63300000000072	1.154	3.64999999999964	0	0
4.96999999999935	1.85800000000017	4.89800000000014	0	0
3.7480000000005	1.60100000000011	3.45200000000023	0	0
3.4389999999994	1.06500000000005	3.35099999999966	0	0
4.08399999999983	0.76299999999992	3.96800000000076	0	0
4.01299999999992	2.05899999999974	3.69200000000001	0	0
4.28300000000036	1.70199999999977	4.07600000000002	0	0
4.27000000000044	1.53499999999985	4.07000000000062	0	0
3.54799999999977	1.83399999999983	3.39999999999964	0	0
4.01299999999992	2.01899999999978	3.65399999999954	0	0
4.08199999999943	1.48000000000002	4	0	0
3.6840000000002	1.44599999999991	3.32600000000002	0	0
4.34900000000016	2.34700000000021	3.64000000000033	0	0
4.33200000000033	1.80499999999984	3.67500000000018	0	0
4.21299999999974	1.85000000000036	3.70499999999993	0	0
3.41399999999976	1.16100000000006	3.61400000000049	0	0
4.14800000000014	1.9079999999999	3.95100000000002	0	0
3.78200000000015	1.63799999999992	3.5	0	0
3.80600000000049	1.49099999999999	3.51000000000022	0	0
4.01099999999951	1.55099999999993	3.89199999999983	0	0
3.66499999999996	1.81700000000001	3.4340000000002	0	0
3.625	1.33300000000008	3.63000000000011	0	0
3.56999999999971	1.31700000000001	3.3739999999998	0	0
3.78800000000047	2.0659999999998	3.47400000000016	0	0
4.21500000000015	1.2819999999997	3.94899999999961	0	0
4.40800000000036	2.30200000000013	3.82200000000012	0	0
3.94800000000032	2.21100000000024	3.65300000000025	0	0
4.29700000000048	1.98900000000003	3.88699999999972	0	0
3.85199999999986	1.88499999999976	3.44899999999961	0	0
3.8769999999995	1.81500000000005	3.42299999999977	0	0
3.51299999999992	1.38900000000012	3.40099999999984	0	0
3.5	1.4699999999998	3.05000000000018	0	0
4.20899999999983	3.07000000000016	3.88999999999942	0	0
3.98300000000017	1.21600000000035	3.78000000000065	0	0
4.01299999999992	1.89599999999973	3.76200000000063	0	0
3.78499999999985	1.22899999999981	3.60499999999956	0	0
4.24299999999948	2.26099999999997	3.64199999999983	0	0
4.00700000000052	1.50499999999965	3.57900000000063	0	0
4.30599999999959	1.57200000000012	3.90200000000004	0	0
4.1850000000004	1.83899999999994	3.80599999999959	0	0
3.94999999999982	1.69000000000005	3.48300000000017	0	0
4.33799999999974	2.29899999999998	3.73800000000028	0	0
8.05500000000029	3.15200000000004	7.33600000000024	0	0
3.5	1.4670000000001	3.38700000000063	0	0
3.56700000000001	1.04899999999998	3.37400000000071	0	0
4.49499999999989	2.01300000000037	4.35699999999997	0	0
3.66499999999996	1.54999999999973	3.27800000000025	0	0
3.74499999999989	1.60399999999981	3.63000000000011	0	0
3.96500000000015	1.84000000000015	4.14499999999953	0	0
3.73700000000008	1.65599999999995	3.38599999999951	0	0
4.02499999999964	2.26099999999997	3.65200000000004	0	0
4.08100000000013	2.00900000000001	4.3139999999994	0	0
4.47200000000066	2.07000000000016	4.0619999999999	0	0
3.98099999999977	2.16700000000037	3.32899999999972	0	0
4.23800000000028	1.75599999999986	3.88600000000042	0	0
4.39200000000073	2.18600000000015	3.84699999999975	0	0
4.08300000000054	1.60800000000017	3.66100000000006	0	0
4.41799999999967	1.87400000000025	3.86300000000028	0	0
3.6220000000003	0.914999999999964	3.30400000000009	0	0
4.31700000000001	2.37099999999964	3.76899999999932	0	0
3.90100000000075	2.15099999999984	3.49499999999989	0	0
3.99000000000069	1.65900000000011	3.61700000000019	0	0
3.75399999999991	1.6239999999998	3.55799999999999	0	0
5.04500000000007	1.84299999999985	4.60599999999977	0	0
4.17100000000028	2.03999999999996	3.46399999999994	0	0
4.21600000000035	2.18299999999999	3.8119999999999	0	0
4.60400000000027	2.5619999999999	3.85099999999966	0	0
3.48700000000008	1.40900000000011	3.5029999999997	0	0
4.28899999999976	1.65499999999975	4.22400000000016	0	0
4.64900000000034	2.79600000000028	3.83699999999953	0	0
3.8110000000006	1.49000000000024	3.42000000000007	0	0
4.22200000000066	2.10999999999967	3.78500000000076	0	0
4.50699999999961	1.92299999999977	4.09699999999975	0	0
4.98799999999937	2.471	4.20100000000002	0	0
4.31600000000071	2.51999999999998	3.62700000000041	0	0
4.17000000000007	1.59899999999971	3.73700000000008	0	0
3.80699999999979	1.67000000000007	3.57399999999961	0	0
3.76699999999983	1.24099999999999	3.34400000000005	0	0
4.71100000000024	1.6579999999999	4.26999999999953	0	0
3.23700000000008	1.46199999999999	3.22999999999956	0	0
4.10099999999966	1.94799999999987	3.41499999999996	0	0
4.6190000000006	2.24099999999999	4.07200000000012	0	0
3.95299999999952	2.10200000000032	3.33699999999953	0	0
4.1269999999995	2.18899999999985	3.36200000000008	0	0
7.73000000000047	3.1260000000002	7.14300000000003	0	0
3.53800000000047	1.5659999999998	3.21199999999953	0	0
4.03899999999976	1.4369999999999	3.63400000000001	0	0
4.29899999999998	1.67699999999968	4.22900000000027	0	0
4.1840000000002	2.55799999999999	3.57899999999972	0	0
3.77999999999975	1.63999999999987	3.5619999999999	0	0
3.8739999999998	1.65099999999984	3.79700000000048	0	0
4.29100000000017	2.84699999999975	3.68199999999979	0	0
4.20399999999972	0.904999999999745	3.88599999999951	0	0
7.60699999999997	2.94700000000012	7.16499999999996	0	0
3.87100000000009	1.65599999999995	3.77100000000064	0	0
3.56400000000031	1.41399999999976	3.54100000000017	0	0
4.51199999999972	1.51299999999992	3.92099999999937	0	0
3.50399999999991	1.23799999999983	3.17699999999968	0	0
3.49099999999999	1.13999999999987	3.34799999999996	0	0
4.10599999999977	1.25900000000001	3.80500000000029	0	0
3.59299999999985	0.94399999999996	3.50500000000011	0	0
3.69999999999982	0.895999999999731	3.81400000000031	0	0
3.94300000000021	1.46399999999994	3.4989999999998	0	0
3.44799999999941	0.6550000000002	3.51100000000042	0	0
4.09400000000005	1.60500000000002	3.63900000000012	0	0
4.47699999999986	2.40000000000009	3.92700000000059	0	0
4.24499999999989	1.85300000000007	3.95300000000043	0	0
3.90999999999985	1.37100000000009	3.69400000000041	0	0
4.25500000000011	1.50300000000016	4.04200000000037	0	0
3.88799999999992	1.57399999999961	3.45399999999972	0	0
3.79599999999937	1.2529999999997	3.57499999999982	0	0
4.26800000000003	1.875	3.59199999999964	0	0
3.44200000000001	1.26000000000022	3.45600000000013	0	0
3.83300000000054	1.97600000000011	3.4380000000001	0	0
4.98199999999997	1.97899999999981	4.33200000000033	0	0
3.60099999999966	1.48799999999983	3.61599999999999	0	0
3.63400000000001	1.77500000000009	3.53699999999935	0	0
3.47000000000025	0.60799999999972	3.46699999999964	0	0
4.01999999999953	1.52700000000004	3.75399999999991	0	0
4.06099999999969	1.20299999999997	3.80699999999979	0	0
4.29799999999977	1.33599999999979	3.75	0	0
3.69200000000001	0.88399999999956	3.42900000000009	0	0
4.01299999999992	1.3420000000001	3.85800000000017	0	0
4.77899999999954	1.9680000000003	4.25999999999931	0	0
5.13500000000022	1.59700000000021	4.43199999999979	0	0
5.03899999999976	1.66899999999987	4.84899999999925	0	0
4.35000000000036	2.12900000000036	4.03499999999985	0	0
4.05200000000059	0.853000000000065	3.86400000000049	0	0
3.78200000000015	1.63800000000037	3.6309999999994	0	0
4.09699999999975	1.70199999999977	4.1269999999995	0	0
4.06500000000051	2.11000000000013	3.76900000000023	0	0
4.09900000000016	1.82299999999987	3.56700000000001	0	0
3.50200000000041	1.48799999999983	3.34299999999985	0	0
4.78700000000026	1.3739999999998	4.36500000000069	0	0
4.84900000000016	3.01299999999992	4.07700000000023	0	0
4.10500000000047	2.02100000000019	3.53200000000015	0	0
4.59499999999935	2.03699999999981	4.21499999999924	0	0
4.26599999999962	1.96600000000035	4.0630000000001	0	0
3.80500000000029	2.05499999999984	3.49200000000019	0	0
3.50600000000031	1.02100000000019	3.40700000000015	0	0
4.05400000000009	1.41699999999992	3.72299999999996	0	0
2.95499999999993	0.92699999999968	2.98899999999958	0	0
3.22800000000007	1.00800000000027	3.31700000000001	0	0
4.5630000000001	1.70400000000018	4.38200000000052	0	0
3.40800000000036	1.12100000000009	3.49699999999939	0	0
4.50500000000011	1.80200000000013	3.77800000000025	0	0
4.17300000000068	2.0930000000003	3.8179999999993	0	0
3.5630000000001	1.71799999999985	3.16699999999946	0	0
4.86099999999988	1.50900000000001	4.34299999999985	0	0
3.97900000000027	1.10899999999992	3.92499999999927	0	0
3.90400000000045	1.28800000000001	3.55399999999918	0	0
3.92900000000009	1.54199999999992	3.71300000000065	0	0
4.41699999999946	1.59400000000005	4.17300000000068	0	0
3.76199999999972	1.92399999999998	3.48199999999997	0	0
3.8760000000002	1.48800000000028	3.64199999999983	0	0
4.19400000000041	1.71399999999994	3.89000000000033	0	0
4.10400000000027	1.8130000000001	3.51299999999992	0	0
3.94999999999982	1.83100000000013	3.42299999999977	0	0
5.0619999999999	2.60200000000032	4.61799999999948	0	0
4.18199999999979	2.41699999999992	3.68299999999999	0	0
3.5	1.40900000000011	3.42000000000007	0	0
4.81900000000041	3.67000000000007	4.26200000000063	0	0
4.23599999999988	2.04300000000012	3.77000000000044	0	0
3.45600000000013	1.23399999999992	3.15300000000025	0	0
4.2510000000002	1.36899999999969	3.84099999999944	0	0
4.0010000000002	1.8119999999999	4.03499999999985	0	0
3.69799999999941	1.75300000000016	3.63000000000011	0	0
3.55699999999979	1.36999999999989	3.43299999999999	0	0
4.85300000000007	1.78399999999965	4.18000000000029	0	0
3.64400000000023	1.29899999999998	3.625	0	0
4.14100000000053	1.1869999999999	3.98000000000047	0	0
3.75500000000011	1.73099999999977	3.36999999999989	0	0
3.57299999999941	0.965000000000146	3.39499999999953	0	0
3.35600000000068	0.603999999999814	3.50900000000001	0	0
3.32200000000012	1.44799999999987	3.1830000000009	0	0
3.76599999999962	1.03800000000001	3.85900000000038	0	0
3.10999999999967	1.17200000000003	3.04399999999987	0	0
3.60100000000057	0.898000000000138	3.40800000000036	0	0
4.02899999999954	1.88799999999992	3.78400000000056	0	0
3.68000000000029	1.58800000000019	3.39499999999953	0	0
3.9340000000002	1.16499999999996	3.6929999999993	0	0
3.81800000000021	0.885999999999967	3.77900000000045	0	0
3.45899999999983	1.42799999999988	3.32399999999961	0	0
3.18599999999969	1.28400000000011	3.38700000000063	0	0
4.22200000000066	2.07099999999991	3.74300000000039	0	0
3.29700000000048	1.23999999999978	3.53900000000067	0	0
3.65700000000015	1.75500000000011	3.13000000000011	0	0
4.52499999999964	1.42599999999993	4.14300000000003	0	0
3.45100000000002	1.11999999999989	3.55000000000018	0	0
3.02499999999964	0.949000000000069	3.0590000000002	0	0
4.19000000000051	1.23000000000002	3.87099999999919	0	0
3.44799999999941	1.64800000000014	3.47299999999996	0	0
3.61099999999988	1.54800000000023	3.30699999999979	0	0
4.19599999999991	2.01799999999957	4.12700000000041	0	0
3.80200000000059	2.07400000000007	3.70800000000054	0	0
3.96099999999933	1.79299999999967	3.49600000000009	0	0
3.92399999999998	1.85100000000011	3.91600000000017	0	0
3.83699999999953	1.56399999999985	3.23899999999958	0	0
4.34500000000025	2.11899999999969	3.65300000000025	0	0
4.64000000000033	1.34799999999996	4.6269999999995	0	0
4.05100000000039	1.94399999999996	3.46599999999944	0	0
4.06500000000051	1.60300000000007	3.67399999999998	0	0
4.19599999999991	1.68899999999985	4.15000000000055	0	0
3.78500000000076	1.33800000000019	3.5010000000002	0	0
3.5659999999998	0.899999999999636	3.39900000000034	0	0
4.01499999999942	1.64999999999964	3.46399999999994	0	0
4.04500000000007	1.98399999999992	3.48900000000049	0	0
4.42500000000018	1.82000000000016	3.91599999999926	0	0
4.27500000000055	1.33899999999994	3.98499999999967	0	0
4.77400000000034	2.67399999999998	4.02500000000055	0	0
3.78499999999985	1.95399999999972	3.33100000000013	0	0
3.85900000000038	2.06800000000021	3.28500000000076	0	0
3.65999999999985	1.79600000000028	3.35200000000077	0	0
4.01400000000012	2.60299999999961	3.40200000000004	0	0
5.1889999999994	2.05799999999999	4.59899999999925	0	0
4.17199999999957	1.79600000000028	3.82600000000002	0	0
3.41600000000017	1.346	3.53200000000015	0	0
4.26000000000022	1.39400000000023	3.92800000000079	0	0
3.57199999999921	1.18200000000024	3.41500000000087	0	0
3.88599999999951	1.44499999999971	3.91599999999926	0	0
3.27599999999984	1.32900000000018	3.14699999999993	0	0
3.25399999999991	1.33100000000013	3.09499999999935	0	0
4.27400000000034	2.01099999999997	3.77300000000014	0	0
3.8130000000001	1.68899999999985	3.34200000000055	0	0
4.14000000000033	1.89600000000019	3.52800000000025	0	0
4.28700000000026	1.63800000000037	4.06800000000021	0	0
3.89699999999993	1.68299999999999	3.4340000000002	0	0
3.75400000000081	1.75800000000027	3.63500000000022	0	0
4.21099999999933	1.19399999999996	4.22899999999936	0	0
3.27700000000004	1.36899999999969	3.4360000000006	0	0
3.57800000000043	2.79099999999971	3.52599999999984	0	0
4.23700000000008	2.17399999999998	4.21499999999924	0	0
4.06999999999971	2.37000000000035	3.38000000000011	0	0
4.14099999999962	2.69599999999991	3.3760000000002	0	0
3.96200000000044	1.41699999999992	4.00999999999931	0	0
3.78600000000006	1.56899999999996	3.26200000000063	0	0
3.90799999999945	1.40900000000011	3.49499999999989	0	0
4.21900000000005	2.21399999999994	3.69599999999991	0	0
3.15599999999995	1.05400000000009	2.88299999999981	0	0
3.8159999999998	1.75900000000001	3.52399999999943	0	0
3.19200000000001	1.04600000000028	3.25500000000011	0	0
3.89499999999953	1.14699999999993	3.63000000000011	0	0
3.99399999999969	2.04399999999987	3.58299999999963	0	0
4.14300000000003	2.16499999999996	3.91899999999987	0	0
3.20700000000033	1.26600000000008	3.15899999999965	0	0
4.13499999999931	1.36599999999999	4.11899999999969	0	0
3.91399999999976	1.53999999999996	3.46899999999914	0	0
4.37700000000041	1.86400000000003	3.77900000000045	0	0
3.92599999999948	1.90599999999995	3.62299999999959	0	0
3.90800000000036	1.76800000000003	3.78999999999996	0	0
4.18299999999999	0.949000000000069	4.30100000000039	0	0
6.8690000000006	2.11000000000013	6.7480000000005	0	0
3.60500000000047	2.03499999999985	3.22000000000025	0	0
3.46399999999994	1.44700000000012	3.16799999999967	0	0
3.47800000000007	1.22600000000011	3.33600000000024	0	0
4.47199999999975	1.82399999999961	4.17800000000079	0	0
3.53399999999965	1.42000000000007	3.28700000000026	0	0
3.83300000000054	1.47200000000021	3.51699999999983	0	0
4.29600000000028	1.76699999999983	4.1190000000006	0	0
4.47500000000036	1.77599999999984	3.72199999999975	0	0
3.92900000000009	0.962999999999738	3.63100000000031	0	0
3.74600000000009	1.68200000000024	3.13700000000063	0	0
4.10099999999966	1.84900000000016	3.58400000000074	0	0
4.34799999999996	1.82499999999982	4.17000000000007	0	0
3.85000000000036	1.58299999999963	3.40299999999934	0	0
3.9369999999999	0.771000000000186	3.91699999999946	0	0
4.60699999999997	1.31600000000026	4.24200000000019	0	0
3.9940000000006	1.46199999999999	3.49200000000019	0	0
4.66499999999996	1.7489999999998	4.3779999999997	0	0
4.73800000000028	1.74300000000039	4.44700000000012	0	0
3.8159999999998	2.37100000000009	3.46699999999964	0	0
4.29600000000028	2.73000000000002	3.76699999999983	0	0
3.73999999999978	1.24200000000019	3.57800000000043	0	0
4.09400000000005	1.68600000000015	3.78199999999924	0	0
4.05599999999959	2.11099999999988	3.88199999999961	0	0
3.65700000000015	1.35800000000017	3.31800000000021	0	0
3.38100000000031	1.25900000000001	3.02800000000025	0	0
4.07200000000012	1.65499999999975	4.09700000000066	0	0
3.84400000000005	2.03399999999965	3.48099999999977	0	0
4.35100000000057	2.21900000000005	3.7529999999997	0	0
4.51099999999951	2.37100000000009	4.06800000000021	0	0
4.26400000000012	2.64399999999978	3.64800000000014	0	0
4.28700000000026	1.44100000000026	3.95399999999972	0	0
4.61499999999978	1.71900000000005	3.89400000000023	0	0
3.65999999999985	1.43199999999979	3.03499999999985	0	0
3.87400000000071	1.75500000000011	3.31800000000021	0	0
3.41700000000037	0.911999999999807	3.23700000000008	0	0
3.72800000000007	0.705000000000382	3.94100000000071	0	0
4.49699999999939	2.16699999999992	4.23100000000068	0	0
3.94700000000012	1.33300000000008	3.62100000000009	0	0
4.23999999999978	2.6840000000002	4.29100000000017	0	0
3.50900000000001	1.10999999999967	3.40700000000015	0	0
3.95200000000023	1.24000000000024	3.48100000000068	0	0
4.45499999999993	1.89699999999993	4.00400000000081	0	0
3.95899999999983	1.74699999999984	3.54999999999927	0	0
3.8119999999999	1.9369999999999	3.23800000000028	0	0
3.40300000000025	1.13200000000006	3.22500000000036	0	0
3.80699999999979	2.21799999999985	3.55299999999988	0	0
3.89300000000003	1.55400000000009	3.59500000000025	0	0
3.27199999999993	1.61500000000024	3.39300000000003	0	0
3.2510000000002	0.666999999999916	3.17999999999938	0	0
4.78600000000006	3.62300000000005	4.04699999999957	0	0
3.97999999999956	1.50500000000011	3.53999999999996	0	0
3.55200000000059	1.1840000000002	3.6279999999997	0	0
3.97800000000007	1.01999999999998	3.93599999999969	0	0
3.75699999999961	0.802999999999884	3.63799999999992	0	0
3.21499999999924	0.816000000000258	3.28099999999995	0	0
3.74799999999959	1.8449999999998	3.79799999999977	0	0
3.37899999999991	1.81500000000005	3.25	0	0
3.48499999999967	1.40200000000004	3.50800000000072	0	0
4.17900000000009	1.76199999999972	3.63599999999951	0	0
3.8159999999998	1.83899999999994	3.34299999999985	0	0
3.80600000000049	1.92699999999968	3.26599999999962	0	0
3.38299999999981	1.19900000000007	3.08899999999994	0	0
4.06600000000071	1.78200000000015	3.49600000000009	0	0
3.84400000000005	1.62699999999995	3.55200000000059	0	0
4.02499999999964	1.78800000000001	3.66399999999976	0	0
3.64000000000033	2.11300000000028	3.75500000000011	0	0
4.17299999999977	1.77800000000025	3.66100000000006	0	0
3.60999999999967	1.52599999999984	3.35899999999947	0	0
4.13299999999981	2.54499999999962	3.97599999999966	0	0
3.82499999999982	1.0300000000002	3.72899999999936	0	0
3.67000000000007	1.9409999999998	3.40000000000055	0	0
3.5029999999997	1.09299999999985	3.27899999999954	0	0
3.96399999999994	2.03499999999985	3.55299999999988	0	0
3.82799999999952	2.63700000000017	3.37100000000009	0	0
4.6239999999998	1.33199999999988	4.20299999999952	0	0
3.51499999999942	1.11100000000033	3.37899999999991	0	0
3.61800000000039	1.99100000000044	3.4980000000005	0	0
4.07399999999961	1.41499999999996	3.83899999999994	0	0
4.11099999999988	1.51099999999997	3.76100000000042	0	0
4.29799999999977	1.4399999999996	3.94999999999982	0	0
4.20100000000002	2.30200000000013	3.76899999999932	0	0
4.21000000000004	1.88400000000001	3.57200000000012	0	0
4.30799999999999	2.16499999999996	3.71299999999974	0	0
3.94700000000012	1.60300000000007	3.42699999999968	0	0
3.80500000000029	1.76099999999997	3.57800000000043	0	0
4.04699999999957	1.04100000000017	3.85599999999977	0	0
3.72100000000046	1.08699999999999	3.5679999999993	0	0
3.97400000000016	1.51600000000008	3.78099999999995	0	0
4.49600000000009	1.84899999999971	3.92799999999988	0	0
4.01499999999942	1.87699999999995	3.77799999999934	0	0
4.4350000000004	2.87800000000016	3.66300000000047	0	0
4.59400000000005	2.37199999999984	3.76199999999972	0	0
4.19500000000062	2.32299999999987	3.58699999999953	0	0
4.29700000000048	1.66300000000001	3.64999999999964	0	0
3.91600000000017	1.89499999999998	3.39400000000023	0	0
4.55799999999999	3.19399999999996	3.72900000000027	0	0
3.70499999999993	1.36499999999978	3.71000000000004	0	0
3.99499999999989	2.15700000000015	3.46799999999985	0	0
3.51800000000003	2.17299999999977	3.0590000000002	0	0
