15.13	6.238	15.382	0	0
13.407	5.745	14.156	0	0
14.114	6.526	14.594	0	0
14.547	8.88699999999999	15.485	0	0
12.571	4.041	12.846	0	0
11.015	5.10599999999999	11.855	0	0
10.5	3.107	11.027	0	0
10.722	4.08200000000001	11.101	0	0
12.307	2.973	13	0	0
13.565	3.288	14.032	0	0
9.983	1.40499999999999	9.815	0	0
12.137	2.916	12.058	0	0
12.676	3.45	12.844	0	0
10.962	4.28100000000001	11.409	0	0
10.137	2.98699999999999	10.244	0	0
10.417	2.834	10.699	0	0
10.29	3.255	10.861	0	0
13.336	5.065	13.923	0	0
10.4280000000001	3.10900000000001	11.049	0	0
9.96199999999999	2.84700000000001	10.2860000000001	0	0
6.17399999999998	1.75700000000001	6.34900000000005	0	0
12.4390000000001	3.971	12.7860000000001	0	0
11.9589999999999	3.61000000000001	12.173	0	0
10.8049999999999	2.053	10.9649999999999	0	0
10.206	2.04899999999998	10.312	0	0
12.5590000000001	3.63899999999998	13.0369999999999	0	0
12.694	4.58799999999999	13.039	0	0
12.3639999999999	5.10900000000001	13.057	0	0
10.5010000000001	1.935	10.647	0	0
9.85900000000004	1.91	9.69599999999991	0	0
9.91200000000003	1.91300000000001	9.98500000000001	0	0
10.1420000000001	1.95700000000002	10.355	0	0
12.422	3.02100000000002	12.659	0	0
10.3580000000001	1.57499999999999	10.438	0	0
12.3870000000001	3.435	12.496	0	0
12.5550000000001	3.88	12.995	0	0
10.005	1.46499999999997	10.048	0	0
12.4300000000001	3.42399999999998	13.018	0	0
10.274	3.63600000000002	10.7539999999999	0	0
10.1659999999999	2.98000000000002	10.5710000000001	0	0
10.192	1.42600000000004	10.2850000000001	0	0
11.9349999999999	2.87600000000003	12.3009999999999	0	0
10.1669999999999	3.173	10.7939999999999	0	0
10.319	2.87399999999997	10.6190000000001	0	0
13.152	4.67399999999998	13.8030000000001	0	0
12.838	4.95400000000001	13.192	0	0
13.018	5.55500000000001	13.6280000000002	0	0
6.01199999999994	1.59899999999999	6.28599999999983	0	0
10.521	3.21700000000004	11.0330000000001	0	0
10.606	1.75900000000001	10.6700000000001	0	0
12.327	3.06199999999995	12.5039999999999	0	0
11.078	1.786	11.1970000000001	0	0
10.193	2.56	10.454	0	0
6.04499999999985	1.17099999999999	6.19900000000007	0	0
10.3700000000001	3.01099999999997	10.5060000000001	0	0
13	3.18700000000001	13.1999999999998	0	0
13.058	4.12899999999996	13.4189999999999	0	0
10.1769999999999	3.791	10.8690000000001	0	0
12.8109999999999	4.82299999999998	13.308	0	0
12.3010000000002	4.40199999999999	13.038	0	0
10.337	2.48999999999995	10.576	0	0
10.1500000000001	2.44999999999999	10.3869999999999	0	0
12.9019999999998	5.01999999999998	13.4680000000001	0	0
10.587	3.59999999999997	10.9480000000001	0	0
9.971	2.803	10.461	0	0
10.346	3.40300000000002	11.0060000000001	0	0
12.3599999999999	3.77299999999997	13.0030000000002	0	0
12.21	3.09999999999997	12.6290000000001	0	0
10.4880000000001	3.30399999999997	10.778	0	0
10.2740000000001	3.27699999999993	10.7619999999999	0	0
12.4589999999998	3.80700000000002	12.9430000000002	0	0
10.3800000000001	3.49099999999999	10.896	0	0
9.93200000000002	2.68799999999999	10.5629999999999	0	0
12.7250000000001	4.221	13.4280000000001	0	0
5.98299999999995	1.28600000000006	6.16300000000001	0	0
6.54899999999998	2.40900000000011	6.71100000000001	0	0
5.8929999999998	1.50700000000006	6.03700000000003	0	0
9.97299999999996	2.97500000000002	10.498	0	0
12.1369999999999	3.08199999999999	13.0129999999999	0	0
12.0929999999998	2.43900000000008	12.348	0	0
10.0720000000001	1.63599999999997	10.1290000000004	0	0
12.4939999999999	4.32000000000005	13.4110000000001	0	0
9.93100000000004	1.83500000000004	9.92300000000023	0	0
12.2830000000004	3.51900000000001	12.6510000000003	0	0
12.5150000000003	3.70800000000008	12.75	0	0
12.6439999999998	4.01300000000003	12.931	0	0
13.0770000000002	4.94200000000001	13.7830000000004	0	0
12.6640000000002	4.28999999999996	13.0900000000001	0	0
12.4410000000003	2.21400000000006	12.2149999999997	0	0
6.13799999999992	1.13199999999995	6.21300000000019	0	0
11.431	2.80499999999995	11.5749999999998	0	0
10.0419999999999	1.57899999999995	10.04	0	0
12.357	4.01099999999997	12.931	0	0
12.6889999999999	5.14100000000008	13.174	0	0
11.7429999999999	2.22799999999995	11.377	0	0
10.2869999999998	1.86099999999999	10.326	0	0
10.3070000000002	3.35900000000004	10.6660000000002	0	0
12.9089999999997	4.40899999999999	13.5550000000003	0	0
10.6260000000002	3.50799999999992	10.9430000000002	0	0
12.7080000000001	3.62900000000002	13.2909999999997	0	0
6.06700000000001	1.01800000000003	6.14499999999998	0	0
6.05499999999984	1.68700000000001	6.31500000000005	0	0
10.3219999999997	3.34199999999998	10.5889999999999	0	0
10.3020000000001	3.05099999999993	10.538	0	0
13.9279999999999	2.26099999999997	13.7130000000002	0	0
10.1179999999999	2.85000000000002	10.5309999999999	0	0
13.1150000000002	5.11500000000001	13.7690000000002	0	0
10.2219999999998	3.39200000000005	10.6399999999999	0	0
12.2810000000004	3.875	12.5550000000003	0	0
11.0929999999998	3.38499999999999	11.3579999999997	0	0
12.6109999999999	4.45799999999997	13.2200000000003	0	0
12.7109999999998	4.24000000000001	13.0080000000003	0	0
6.00300000000016	1.24000000000001	6.11300000000028	0	0
12.2380000000003	3.10199999999998	12.5350000000003	0	0
12.5720000000001	4.41199999999992	12.864	0	0
10.3600000000001	3.56500000000005	10.9090000000001	0	0
12.1309999999999	3.57499999999993	12.5	0	0
12.5769999999998	4.35500000000002	12.931	0	0
10.4830000000002	3.52499999999998	11.0239999999999	0	0
12.4989999999998	3.96600000000001	13.1399999999999	0	0
12.2090000000003	2.39400000000001	12.4920000000002	0	0
12.9450000000002	4.02999999999997	13.2139999999999	0	0
12.3469999999998	3.69399999999996	12.6619999999998	0	0
12.4030000000002	3.99199999999996	12.7629999999999	0	0
10.2580000000003	3.89499999999998	10.8319999999999	0	0
12.433	3.78800000000001	12.9870000000001	0	0
10.6329999999998	3.58199999999999	10.9299999999998	0	0
12.527	4.923	13.5509999999999	0	0
10.1120000000001	3.01400000000001	10.6439999999998	0	0
12.5639999999999	4.44500000000005	13.154	0	0
12.4490000000001	3.57899999999995	12.9379999999996	0	0
12.326	3.47500000000002	12.5569999999998	0	0
10.268	2.07100000000003	10.5630000000001	0	0
12.5820000000003	5.78100000000006	13.1210000000001	0	0
11.1060000000002	3.89999999999998	11.4770000000003	0	0
12.3499999999999	3.94499999999994	12.9030000000002	0	0
10.049	2.61800000000005	10.5300000000002	0	0
13.5849999999996	3.649	13.8429999999998	0	0
12.7249999999999	4.04299999999989	13.3510000000001	0	0
6.17599999999993	1.81499999999983	6.35400000000027	0	0
12.7060000000001	4.10200000000009	13.2060000000001	0	0
12.7220000000002	5.02299999999991	13.3870000000002	0	0
10.663	2.97000000000003	10.8449999999998	0	0
10.5679999999998	2.62699999999995	10.9279999999999	0	0
12.5770000000002	4.73700000000008	13.0439999999999	0	0
12.9580000000001	5.298	13.3879999999999	0	0
10.201	3.12699999999995	10.7219999999998	0	0
10.3580000000002	3.27399999999989	10.6640000000002	0	0
10.0390000000002	2.02600000000007	10.1599999999999	0	0
10.1849999999999	2.96599999999989	10.4200000000001	0	0
12.2419999999997	3.23699999999985	12.5520000000001	0	0
10.5010000000002	3.8119999999999	11.1550000000002	0	0
10.1769999999997	2.15700000000015	10.3100000000004	0	0
12.6710000000003	5.84799999999996	13.0639999999999	0	0
10.6129999999998	3.66700000000014	10.9059999999999	0	0
12.404	3.38800000000015	12.625	0	0
10.7130000000002	2.13200000000006	10.7850000000003	0	0
9.76800000000003	2.20100000000002	10.0900000000001	0	0
12.1639999999998	4.34099999999989	12.7990000000009	0	0
13.1309999999999	5.50399999999991	13.9080000000004	0	0
10.2079999999996	2.97299999999996	10.4099999999999	0	0
10.0029999999997	2.47800000000007	10.1930000000002	0	0
10.7100000000005	2.37800000000016	11.3099999999995	0	0
6.04600000000028	1.47500000000014	6.20700000000033	0	0
13.357	3.92899999999986	13.6509999999998	0	0
10.1840000000002	2.55600000000004	10.7380000000003	0	0
10.5100000000002	3.1579999999999	10.692	0	0
10.607	2.34699999999998	10.9710000000005	0	0
12.5709999999999	3.51599999999985	12.7910000000002	0	0
6.19300000000021	1.2829999999999	6.24399999999969	0	0
12.991	4.50600000000009	13.7080000000005	0	0
9.95600000000013	1.95499999999993	9.84199999999964	0	0
12.8040000000001	4.24099999999999	13.3130000000001	0	0
10.8550000000005	4.60899999999992	11.0320000000002	0	0
12.6009999999997	4.74900000000002	13.049	0	0
12.5019999999995	3.43399999999997	12.6180000000004	0	0
12.3629999999994	4.07300000000009	12.6349999999993	0	0
12.8400000000001	4.02900000000022	13.1199999999999	0	0
10.5340000000006	3.00900000000001	10.8570000000009	0	0
5.92399999999998	0.745999999999867	5.86299999999937	0	0
10.2299999999996	1.54299999999989	10.1589999999997	0	0
12.7879999999996	3.02599999999984	12.9679999999998	0	0
6.4340000000002	1.1400000000001	6.40700000000015	0	0
12.1300000000001	2.57099999999991	12.3299999999999	0	0
5.88500000000022	0.590000000000146	5.78600000000006	0	0
13.1109999999999	5.06400000000008	13.549	0	0
13.2839999999997	4.05799999999999	13.8249999999998	0	0
9.98599999999988	3.00399999999991	10.3820000000005	0	0
10.7160000000003	3.53500000000008	11.2939999999999	0	0
12.5540000000001	3.9820000000002	13.2160000000003	0	0
10.6000000000004	3.37599999999998	10.75	0	0
13.1589999999997	4.54899999999998	14.1490000000003	0	0
10.1270000000004	2.42099999999982	10.6859999999997	0	0
11.9610000000002	2.0139999999999	12.107	0	0
13.0260000000007	3.13900000000012	13.3779999999997	0	0
10.29	2.202	10.4210000000003	0	0
12.7299999999996	3.99299999999994	13.2080000000005	0	0
10.8270000000002	3.62799999999993	10.9970000000003	0	0
10.2239999999993	2.82999999999993	10.5520000000006	0	0
12.3550000000005	4.85899999999992	13.1620000000003	0	0
13.6229999999996	4.75700000000006	14.1939999999995	0	0
12.4080000000004	3.44799999999987	12.9139999999998	0	0
10.2879999999996	2.81499999999983	10.3959999999997	0	0
12.3679999999995	3.04899999999998	12.527	0	0
12.6280000000006	4.19800000000009	12.9489999999996	0	0
6.32299999999941	1.82400000000007	6.58500000000004	0	0
12.8789999999999	4.60699999999997	13.107	0	0
12.7060000000001	5.52399999999989	13.4629999999997	0	0
12.6229999999996	4.22800000000007	13.5510000000004	0	0
12.8590000000004	2.80099999999993	12.9250000000002	0	0
6.27199999999993	2.02400000000011	6.60399999999936	0	0
12.7790000000005	3.95400000000018	13.2970000000005	0	0
12.4160000000002	5.80499999999984	13.0749999999998	0	0
10.5599999999995	3.65599999999995	11.0950000000003	0	0
12.9380000000001	2.6869999999999	13.0719999999992	0	0
10.4059999999999	4.03500000000008	10.9549999999999	0	0
12.2230000000009	4.35799999999995	12.6199999999999	0	0
12.223	4.36400000000003	12.3130000000001	0	0
10.6790000000001	3.39099999999985	10.8389999999999	0	0
10.4830000000002	3.12799999999993	11.0660000000007	0	0
12	3.06299999999987	12.2489999999998	0	0
6.0019999999995	1.38700000000017	6.04199999999946	0	0
12.4380000000001	3.1690000000001	12.6600000000008	0	0
12.6489999999994	4.49299999999994	13.3029999999999	0	0
12.1300000000001	3.82400000000007	12.4500000000007	0	0
12.2669999999998	4.13999999999987	12.5349999999999	0	0
12.7660000000005	4.35500000000002	13.223	0	0
10.5920000000006	3.65800000000013	10.8890000000001	0	0
10.4779999999992	3.25599999999986	10.8460000000005	0	0
10.1469999999999	3.41799999999989	10.5279999999993	0	0
10.4740000000002	3.46499999999992	10.6999999999998	0	0
6.21100000000024	1.53699999999981	6.44599999999991	0	0
12.1989999999996	3.298	12.6589999999997	0	0
12.3159999999998	3.57200000000012	12.7219999999998	0	0
12.9209999999994	3.10300000000007	12.9160000000002	0	0
10.1559999999999	1.70299999999997	10.2209999999995	0	0
12.3709999999992	3.34900000000016	12.7470000000003	0	0
12.3000000000002	3.67599999999993	12.6189999999997	0	0
12.8369999999995	5.36099999999988	13.3710000000001	0	0
12.4200000000001	3.46399999999994	13.0500000000002	0	0
13.0810000000001	4.81999999999994	13.4709999999995	0	0
6.28899999999976	2.26900000000001	6.61400000000049	0	0
10.6440000000002	3.13300000000004	11.0460000000003	0	0
12.442	4.19699999999989	12.7950000000001	0	0
13.8529999999992	7.4380000000001	14.9280000000008	0	0
10.5260000000007	2.69200000000001	11.0999999999995	0	0
11.259	4.55899999999997	11.7820000000002	0	0
10.1939999999995	3.30400000000009	10.5	0	0
10.7510000000002	3.61599999999999	11.2420000000002	0	0
12.3469999999998	6.42900000000009	13.1030000000001	0	0
12.9250000000002	5.83499999999981	13.085	0	0
11.4039999999995	6.06500000000005	12.2299999999996	0	0
6.79299999999967	2.30099999999993	7.01100000000042	0	0
11.4269999999997	4.88799999999992	11.9389999999994	0	0
10.6450000000004	4.76600000000008	11.5550000000003	0	0
13.2839999999997	5.51300000000015	13.7209999999995	0	0
10.6669999999995	4.52999999999997	11.375	0	0
6.1880000000001	2.24399999999991	6.5610000000006	0	0
10.6180000000004	2.85300000000007	11.1440000000002	0	0
10.7399999999998	3.87799999999993	11.3289999999997	0	0
11.1239999999998	3.2199999999998	11.268	0	0
13.1149999999998	4.52099999999996	13.7399999999998	0	0
10.8310000000001	3.39499999999998	11.1590000000006	0	0
15.1080000000002	9.29500000000007	15.7650000000003	0	0
6.69700000000012	3.74700000000007	7.30400000000009	0	0
13.3420000000006	7.7489999999998	14.0690000000004	0	0
13.3139999999994	6.54600000000005	14.46	0	0
9.68199999999979	0.677000000000135	9.5639999999994	0	0
13.2139999999999	4.66099999999983	14.3050000000003	0	0
11.0510000000004	3.0139999999999	11.2519999999995	0	0
10.6319999999996	2.90800000000013	11.0900000000001	0	0
12.6679999999997	5.52199999999993	13.6629999999996	0	0
12.0889999999999	6.89300000000003	12.7079999999996	0	0
13.4099999999999	6.346	14.2089999999998	0	0
12.3860000000004	3.11200000000008	12.6039999999994	0	0
7.31099999999969	1.42099999999982	7.28999999999996	0	0
12.1970000000001	7.08699999999999	13.0559999999996	0	0
12.2449999999999	3.02499999999964	12.5309999999999	0	0
13.3699999999999	3.49900000000025	13.902	0	0
13.3710000000001	4.5310000000004	14.1580000000004	0	0
10.4130000000005	2.35300000000007	10.8450000000003	0	0
15.0940000000001	7.29500000000007	15.8560000000007	0	0
13.0559999999996	4.63999999999987	13.9270000000006	0	0
13.1170000000002	5.53900000000021	13.4650000000001	0	0
6.19900000000052	1.60399999999981	6.25	0	0
12.25	4.64300000000003	12.7579999999998	0	0
12.2579999999998	3.47700000000032	12.46	0	0
10.8279999999995	2.90299999999979	11.3649999999998	0	0
10.0730000000003	2.54599999999982	10.5050000000001	0	0
13.4059999999999	5.46199999999999	14.2210000000005	0	0
10.8050000000003	1.58300000000008	10.9619999999995	0	0
13.549	4.98800000000028	14.1899999999996	0	0
12.8600000000006	5.22200000000021	13.5619999999999	0	0
10.4430000000002	3.87800000000016	10.826	0	0
11.25	4.82999999999993	11.5739999999996	0	0
14.8410000000003	8.54199999999992	15.4769999999999	0	0
12.7110000000002	3.33599999999979	12.9989999999998	0	0
13.5129999999999	4.00300000000016	13.9529999999995	0	0
12.4359999999997	4.15099999999984	13.3580000000002	0	0
14.0720000000001	5.12800000000016	14.7940000000008	0	0
13.1840000000002	5.98800000000028	13.4409999999998	0	0
12.991	5.33200000000033	13.8919999999998	0	0
7.50399999999991	2.66400000000021	8.03499999999985	0	0
14.6570000000002	6.50799999999981	14.6319999999996	0	0
11.567	4.83199999999988	12.027	0	0
6.03900000000067	1.07699999999977	6.1869999999999	0	0
10.4540000000006	2.69200000000001	10.9669999999996	0	0
14.2669999999998	6.04300000000012	14.5729999999994	0	0
11.4939999999997	6.24800000000005	11.6840000000002	0	0
12.7699999999995	3.64199999999983	12.9639999999999	0	0
11.8070000000007	3.37300000000005	12.1109999999999	0	0
13.1459999999997	4.99399999999969	13.6140000000005	0	0
13.5370000000003	4.61999999999989	14.3970000000008	0	0
10.3860000000004	1.72800000000007	10.5329999999994	0	0
6.08600000000024	0.932999999999993	6.13799999999901	0	0
15.1630000000005	6.6279999999997	15.7849999999999	0	0
14.2080000000005	6.33800000000019	14.2520000000004	0	0
10.9369999999999	3.73900000000003	11.2489999999998	0	0
10.0630000000001	1.30299999999988	10.4520000000011	0	0
10.9040000000005	4.07999999999993	11.2440000000006	0	0
13.0950000000003	4.90099999999984	13.9940000000006	0	0
13.3689999999997	6.15599999999995	13.9299999999985	0	0
11.1309999999994	3.46500000000015	11.6000000000004	0	0
7.28700000000026	1.70699999999988	7.13299999999981	0	0
13.7330000000002	6.09400000000005	14.4130000000005	0	0
15.0419999999995	8.46900000000005	15.9289999999983	0	0
12.875	3.87699999999995	13.5700000000015	0	0
13.0809999999983	6.08999999999969	13.8150000000005	0	0
10.643	3.20299999999997	11.0630000000001	0	0
5.96199999999953	1.23700000000008	6	0	0
10.5730000000003	3.19100000000026	10.9440000000013	0	0
13.3229999999985	4.24600000000009	14.1170000000002	0	0
13.8160000000007	6.92700000000013	14.8539999999994	0	0
13.4539999999997	3.73700000000008	14.0529999999999	0	0
12.2099999999991	3.41700000000037	12.8520000000008	0	0
13.6029999999992	5.7470000000003	14.1939999999995	0	0
10.9300000000003	4.00700000000006	11.3869999999988	0	0
6.08500000000095	1.13599999999997	6.1830000000009	0	0
12.6790000000001	5.19900000000007	13.0619999999999	0	0
6.5059999999994	1.89300000000003	6.60499999999956	0	0
12.8420000000006	4.30700000000024	13.5250000000015	0	0
14.4369999999999	6.98799999999983	15.3280000000013	0	0
13.0280000000002	6.7489999999998	13.8590000000004	0	0
12.9549999999999	5.05400000000009	13.5110000000004	0	0
14.2260000000006	6.64599999999973	15.0429999999997	0	0
13.643	7.8420000000001	14.4419999999991	0	0
13.0739999999987	5.06600000000026	14.0829999999987	0	0
10.7279999999992	4.61599999999999	11.2270000000008	0	0
12.8279999999995	5.90599999999995	13.2759999999998	0	0
10.6149999999998	4.61200000000008	11.2369999999992	0	0
6.26300000000083	2.00899999999956	6.53600000000006	0	0
14.9160000000011	8.21300000000019	14.8819999999996	0	0
10.4650000000001	3.05400000000009	10.8780000000006	0	0
12.902	3.30799999999999	13.6749999999993	0	0
12.8289999999997	3.5630000000001	13.625	0	0
5.99699999999939	0.811999999999898	6.07200000000012	0	0
11.8919999999998	5.14700000000039	12.625	0	0
13.884	4.41300000000001	14.768	0	0
11.1279999999988	4.31799999999976	11.503999999999	0	0
6.51399999999921	2.94399999999996	7.14600000000064	0	0
7.19700000000012	3.45100000000002	7.21800000000076	0	0
6.70399999999972	2.21699999999964	6.91300000000047	0	0
14.2360000000008	5.10699999999997	14.7270000000008	0	0
12.6669999999995	2.64900000000034	13.2470000000012	0	0
10.9549999999999	4.49900000000025	11.7060000000001	0	0
13.9680000000008	7.82899999999972	15.3760000000002	0	0
14.2750000000015	3.82799999999997	14.9140000000007	0	0
14.8289999999997	6.9050000000002	15.5969999999998	0	0
13.9189999999999	4.77299999999968	14.8050000000003	0	0
11.3119999999999	5.39499999999998	11.8439999999991	0	0
12.6049999999996	4	13.5040000000008	0	0
12.3559999999998	3.51400000000012	13.1460000000006	0	0
14.0820000000003	7.24299999999994	14.6280000000006	0	0
12.8169999999991	3.97199999999975	13.357	0	0
14.2379999999994	6.51800000000003	15.0339999999997	0	0
10.9090000000015	5.49500000000035	11.3590000000004	0	0
11.6769999999997	6.30400000000009	11.8700000000008	0	0
11.3949999999986	5.41499999999996	11.9539999999997	0	0
10.9840000000004	5.21500000000015	11.7289999999994	0	0
14.9390000000003	6.96699999999964	15.3189999999995	0	0
13.0839999999989	4.9050000000002	13.7810000000009	0	0
10.5319999999992	3.35199999999986	11.0209999999988	0	0
5.98300000000017	1.25300000000016	6.15899999999965	0	0
13.241	5.67299999999977	13.8060000000005	0	0
16.6509999999998	8.23800000000028	17.4760000000006	0	0
11.3140000000003	4.76500000000033	11.9480000000003	0	0
12.4249999999993	4.15299999999979	12.8380000000016	0	0
11.0679999999993	4.34799999999996	11.9560000000001	0	0
13.1489999999994	3.03699999999981	13.2819999999992	0	0
14.1349999999984	8.20499999999993	14.8899999999994	0	0
13.5750000000007	5.10800000000017	13.8490000000002	0	0
11.2690000000002	5.33199999999988	11.8140000000003	0	0
6.27599999999984	1.47400000000016	6.51599999999962	0	0
15.378999999999	9.04500000000007	15.7549999999992	0	0
13.1170000000002	3.83899999999994	13.2349999999988	0	0
14.7759999999998	7.19100000000026	15.7659999999996	0	0
13.8260000000009	5.29899999999998	14.4079999999994	0	0
12.8860000000004	3.78099999999995	13.1500000000015	0	0
15.1840000000011	7.3090000000002	16.1409999999996	0	0
12.4229999999989	4.69700000000012	13.2749999999996	0	0
12.9170000000013	4.53699999999981	13.4040000000005	0	0
6.15600000000086	2.25199999999995	6.4369999999999	0	0
10.5519999999997	3.55899999999974	10.7289999999994	0	0
10.6700000000001	3.01199999999972	11.1540000000005	0	0
12.9189999999999	4.20200000000023	13.3259999999991	0	0
12.3320000000003	2.81700000000001	12.5329999999994	0	0
6.13199999999961	1.33000000000038	6.38800000000083	0	0
12.527	2.38000000000011	12.5199999999986	0	0
12.9979999999996	4.08400000000029	13.0949999999993	0	0
13.3540000000012	3.28600000000006	13.7610000000004	0	0
12.759	3.875	13.4070000000011	0	0
12.3170000000009	4.08699999999999	12.7870000000003	0	0
11.2060000000001	2.27099999999973	11.3689999999988	0	0
10.5580000000009	3.33800000000019	10.9549999999999	0	0
10.4130000000005	3.00399999999991	10.768	0	0
10.1790000000001	3.29699999999957	10.4070000000011	0	0
12.3860000000004	4.35400000000027	13.0329999999994	0	0
13.4159999999993	5.35300000000007	14.0619999999999	0	0
10.5159999999996	3.52400000000034	10.9429999999993	0	0
12.9079999999994	3.75399999999991	13.1039999999994	0	0
6.21800000000076	1.09900000000016	6.33100000000013	0	0
10.1820000000007	2.33500000000004	10.7810000000009	0	0
13.4419999999991	4.52799999999979	14.018	0	0
12.6859999999997	5.05700000000024	13.0450000000001	0	0
6.1880000000001	0.824000000000069	6.32099999999991	0	0
10.646999999999	2.42700000000013	11.0079999999998	0	0
12.2579999999998	3.20499999999993	12.4580000000005	0	0
10.7150000000001	3.40999999999985	10.8600000000006	0	0
10.6220000000012	3.22499999999991	10.9750000000004	0	0
12.9549999999999	3.70800000000008	13.2620000000006	0	0
12.6080000000002	4.50399999999991	13.384	0	0
13.3689999999988	5.35399999999981	13.9410000000007	0	0
6.16200000000026	1.85500000000002	6.43399999999929	0	0
10.523000000001	2.99099999999999	10.9320000000007	0	0
12.2939999999999	3.56500000000005	13.134	0	0
13.3559999999998	4.11999999999989	13.6319999999996	0	0
12.3360000000011	2.48900000000003	12.4519999999993	0	0
10.5859999999993	3.67999999999984	11.0960000000014	0	0
6.09500000000116	1.79699999999957	6.37299999999959	0	0
12.5019999999986	3.59500000000025	13.1329999999998	0	0
13.155999999999	3.68299999999999	13.6949999999997	0	0
12.3770000000004	3.50099999999975	12.8289999999997	0	0
12.4380000000001	4.09400000000005	12.9359999999997	0	0
10.5460000000003	3.67500000000018	11.0390000000007	0	0
6.56700000000092	1.48000000000002	6.67799999999988	0	0
12.3630000000012	3.83800000000019	12.6819999999989	0	0
10.2530000000006	2.88000000000011	10.6700000000001	0	0
12.1560000000009	4.66300000000001	12.869999999999	0	0
7.68900000000031	3.65599999999995	7.56600000000071	0	0
11.2180000000008	5.91300000000001	11.753999999999	0	0
13.6320000000014	6.18000000000029	14.4850000000006	0	0
12.116	5.36300000000028	12.1419999999998	0	0
13.8140000000003	6.70499999999993	14.3089999999993	0	0
10.6110000000008	1.70700000000033	11.0030000000006	0	0
6.15799999999945	1.41100000000006	6.32999999999993	0	0
6.48199999999997	2.43399999999974	6.67500000000109	0	0
11.3190000000013	6.11200000000008	11.5020000000004	0	0
12.7000000000007	4.00199999999995	13.366	0	0
11.0460000000003	4.78099999999995	11.1749999999993	0	0
13.1509999999998	4.70699999999988	13.8869999999988	0	0
11.0930000000008	4.90000000000009	11.5519999999997	0	0
13.5730000000003	4.11299999999983	14.0069999999996	0	0
6.60900000000038	3.00700000000006	7.17699999999968	0	0
11.0370000000003	4.38100000000031	11.4899999999998	0	0
14.2049999999999	8.10599999999977	14.9439999999995	0	0
10.7690000000002	3.39300000000003	11.1090000000004	0	0
6.84100000000035	3.20500000000038	6.99699999999939	0	0
11.9689999999991	7.02500000000009	12.5889999999999	0	0
12.0900000000001	7.6840000000002	12.4740000000002	0	0
10.6029999999992	3.65599999999995	10.8259999999991	0	0
14.4080000000013	6.06700000000001	14.0760000000009	0	0
6.73699999999917	2.65000000000009	6.90899999999965	0	0
10.5760000000009	3.48199999999997	10.973	0	0
13.1810000000005	3.6869999999999	13.8310000000001	0	0
11.2999999999993	4.61599999999999	11.7569999999996	0	0
13.5299999999988	7.17799999999988	14.3419999999987	0	0
11.0939999999991	3.79700000000003	11.7139999999999	0	0
15.3270000000011	9.67900000000009	16.0159999999996	0	0
11.5380000000005	6.1260000000002	12.5540000000001	0	0
13.4390000000003	5.04500000000007	14.1689999999999	0	0
13.5329999999994	5.92700000000013	14.496000000001	0	0
11.4050000000007	2.83500000000004	11.8520000000008	0	0
14.4150000000009	4.82900000000018	14.6029999999992	0	0
13.1310000000012	5.57000000000016	13.9179999999997	0	0
6.31499999999869	2.05499999999984	6.67900000000009	0	0
14.0549999999985	3.4380000000001	14.5680000000011	0	0
13.3729999999996	5.50399999999991	14.2969999999987	0	0
10.8359999999993	4.19999999999982	11.3559999999998	0	0
15.5040000000008	4.27199999999993	15.9189999999999	0	0
10.6290000000008	3.44200000000001	10.5719999999983	0	0
10.8760000000002	3.79100000000017	11.3950000000004	0	0
13.8919999999998	7.25199999999995	14.1639999999989	0	0
11.0049999999992	4.23499999999967	11.4899999999998	0	0
12.4329999999991	3.91100000000006	12.5340000000015	0	0
10.4439999999995	2.14699999999993	10.6710000000003	0	0
10.2129999999997	2.55199999999968	10.4540000000015	0	0
11.6689999999999	5.88200000000006	12.1540000000005	0	0
6.21099999999933	1.30499999999984	6.34000000000015	0	0
12.7309999999998	3.74499999999989	13.9169999999995	0	0
11.612000000001	4.56099999999969	12.4950000000008	0	0
10.7139999999999	3.24099999999999	11.094000000001	0	0
13.3999999999996	4.47399999999971	13.9240000000009	0	0
11.0409999999993	2.14200000000028	11.2829999999994	0	0
10.777	4.39900000000034	11.3799999999992	0	0
14.2579999999998	7.58600000000024	14.768	0	0
10.6669999999995	4.07899999999972	11.512999999999	0	0
13.5299999999988	5.06800000000021	14.2720000000008	0	0
12.5659999999989	3.21900000000005	13.1769999999997	0	0
13.6579999999994	6.1899999999996	14.1209999999992	0	0
11.5750000000007	2.34699999999975	12.246000000001	0	0
7.13400000000001	3.33600000000024	7.63600000000042	0	0
14.4860000000008	5.01699999999983	14.7180000000008	0	0
10.4519999999993	3.25300000000061	10.7430000000004	0	0
12.9080000000013	5.9970000000003	13.6110000000008	0	0
10.7110000000011	3.61599999999999	11.3080000000009	0	0
13.9760000000006	7.4399999999996	14.8610000000008	0	0
6.85899999999856	2.56700000000001	7.53299999999945	0	0
10.8250000000007	2.98300000000017	11.0340000000015	0	0
11.2250000000004	3.45100000000002	11.598	0	0
13.8379999999997	5.98900000000049	14.0569999999989	0	0
6.42100000000028	2.05200000000059	6.57400000000052	0	0
14.1239999999998	8.07899999999972	14.5120000000006	0	0
12.7630000000008	3.46599999999944	12.9840000000004	0	0
13.5579999999991	6.77700000000004	14.3770000000004	0	0
13.3009999999995	5.32200000000012	14.0499999999993	0	0
13.143	6.60599999999977	13.3400000000001	0	0
11.4439999999995	4.56700000000001	12.0619999999999	0	0
12.9959999999992	6.24499999999989	13.8259999999991	0	0
13.6309999999994	5.89999999999964	14.4830000000002	0	0
10.5650000000005	3.36599999999999	11.0450000000001	0	0
12.4490000000005	3.26199999999972	12.8140000000003	0	0
12.4510000000009	2.74399999999969	12.6180000000004	0	0
12.0259999999998	3.08899999999994	12.4850000000006	0	0
13.0950000000012	3.64300000000003	13.4869999999992	0	0
11.0349999999999	2.74900000000071	11.3379999999997	0	0
6.29000000000087	1.45200000000023	6.40099999999984	0	0
14.0640000000003	3.90100000000075	14.8619999999992	0	0
13.853000000001	3.75500000000011	14.2729999999992	0	0
12.1149999999998	5.49000000000069	12.9200000000001	0	0
10.8410000000003	4.00200000000041	11.3109999999997	0	0
10.2930000000015	1.98400000000038	10.4609999999993	0	0
12.6419999999998	3.48199999999997	13.0109999999986	0	0
12.5249999999996	3.72800000000007	12.764000000001	0	0
13.2999999999993	4.20200000000023	14.0619999999999	0	0
12.8409999999985	4.86899999999969	13.7420000000002	0	0
10.2739999999994	2.60599999999977	10.6800000000003	0	0
13.0419999999995	5.13700000000063	13.6399999999994	0	0
10.8630000000012	3.70799999999963	11.3559999999998	0	0
12.9190000000017	4.60199999999986	13.4459999999999	0	0
10.2220000000016	2.81400000000031	10.4850000000006	0	0
10.9669999999987	4.65099999999984	11.2439999999988	0	0
12.9200000000001	5.02400000000034	14.0320000000011	0	0
10.3330000000005	2.51500000000033	10.7150000000001	0	0
13.0200000000004	2.84000000000015	13.3690000000006	0	0
11.7849999999999	2.12700000000041	11.4450000000015	0	0
13.5149999999994	4.70600000000013	14.2199999999993	0	0
13.3590000000004	6.04799999999977	13.7289999999994	0	0
11.8179999999993	3.03999999999996	11.7350000000006	0	0
10.5480000000007	2.21200000000044	10.4220000000005	0	0
10.5370000000003	2.51600000000053	10.4620000000014	0	0
12.9240000000009	4.21100000000024	13.0220000000008	0	0
14.112000000001	7.34500000000025	13.9500000000007	0	0
12.1839999999993	4.59900000000016	12.9399999999987	0	0
13.1059999999998	4.4989999999998	13.5360000000001	0	0
6.125	1.51500000000033	6.22500000000036	0	0
10.8549999999996	2.90400000000045	10.896999999999	0	0
10.6119999999992	4.38799999999992	11.2650000000012	0	0
6.49700000000121	2.26400000000012	6.47099999999955	0	0
6.01100000000042	0.602999999999156	5.90300000000025	0	0
10.3070000000007	2.35699999999997	10.4480000000003	0	0
12.2710000000006	3.15499999999975	12.3119999999999	0	0
10.8299999999999	2.76800000000003	10.7159999999985	0	0
13.139000000001	3.9409999999998	13.4250000000011	0	0
10.3520000000008	2.88299999999981	10.2129999999997	0	0
13.0859999999993	3.9940000000006	13.4079999999994	0	0
6.35800000000017	1.70600000000013	6.47900000000118	0	0
14.4359999999997	5.72499999999945	14.610999999999	0	0
10.8420000000006	3.38799999999992	11.0409999999993	0	0
10.0650000000005	1.80500000000029	10.0529999999999	0	0
10.8469999999998	1.76099999999951	10.5590000000011	0	0
12.2479999999996	2.18799999999919	12.3960000000006	0	0
10.2039999999997	1.39399999999932	9.91899999999987	0	0
10.3729999999996	2.88699999999972	10.5330000000013	0	0
10.1689999999999	2.1220000000003	10.1260000000002	0	0
13.405999999999	3.00200000000041	13.4709999999995	0	0
13.6839999999993	4.07399999999961	13.6049999999996	0	0
12.351999999999	4.07600000000002	12.6219999999994	0	0
13.473	3.72999999999956	13.5560000000005	0	0
12.9490000000005	3.05600000000049	13.152	0	0
10.759	2.7510000000002	10.8499999999985	0	0
12.762999999999	3.63599999999951	12.7330000000002	0	0
6.10800000000017	1.20400000000063	6.11499999999978	0	0
12.3860000000004	4.26699999999983	12.6540000000005	0	0
10.5750000000007	2.52800000000025	10.7790000000005	0	0
10.9809999999998	3.24399999999969	10.9210000000003	0	0
12.2139999999999	2.82200000000012	12.2620000000006	0	0
6.07400000000052	1.02799999999934	6.20700000000033	0	0
13.1319999999996	4.25	13.0570000000007	0	0
12.2360000000008	3.5029999999997	12.4519999999993	0	0
10.2780000000002	2.72400000000016	10.389000000001	0	0
12.866	3.39000000000033	12.9609999999993	0	0
13.0990000000002	4.32499999999982	13.3119999999999	0	0
10.6479999999992	2.84599999999955	10.4180000000015	0	0
10.4390000000003	2.29500000000007	10.3429999999989	0	0
14.6550000000007	4.49600000000009	15.2350000000006	0	0
10.7470000000012	1.6880000000001	10.5789999999997	0	0
10.6740000000009	1.7559999999994	10.5049999999992	0	0
13.5379999999986	3.63299999999981	13.3520000000008	0	0
6.29600000000028	1.41600000000017	6.24800000000141	0	0
12.8490000000002	3.72799999999916	13.023000000001	0	0
11.2089999999989	3.30000000000018	11.3619999999992	0	0
10.5410000000011	2.80699999999979	10.7569999999996	0	0
10.3250000000007	2.47100000000046	10.3330000000005	0	0
10.5660000000007	2.46199999999953	10.646999999999	0	0
6.09699999999975	1.57999999999993	6.2549999999992	0	0
12.634	3.60099999999966	12.8040000000001	0	0
12.9830000000002	4.73199999999997	13.1940000000013	0	0
12.6760000000013	4.04799999999977	12.6849999999995	0	0
12.116	2.67900000000009	12.3019999999997	0	0
9.93499999999949	1.13900000000012	9.74499999999898	0	0
10.1869999999999	1.34199999999964	9.89799999999923	0	0
13.1139999999996	2.34900000000016	12.8520000000026	0	0
13.7649999999994	1.99099999999999	13.6110000000008	0	0
6.1820000000007	0.453000000000429	6.03700000000026	0	0
10.2019999999993	1.23900000000049	10.0559999999969	0	0
11.8490000000002	1.82300000000032	11.7849999999999	0	0
12.5929999999989	2.57300000000032	12.4700000000012	0	0
12.8999999999996	3.02199999999993	12.8369999999995	0	0
12.6539999999986	3.1860000000006	12.6930000000029	0	0
11.8199999999997	6.60099999999966	12.0610000000015	0	0
13.4260000000013	3.11700000000019	13.4130000000005	0	0
10.2890000000007	2.18299999999999	10.2700000000004	0	0
10.1660000000011	2.4970000000003	10.3040000000001	0	0
7.16300000000047	3.10900000000038	7.25200000000041	0	0
14.5860000000011	4.3100000000004	14.6419999999998	0	0
10.896999999999	4.35399999999936	10.9249999999993	0	0
10.9150000000009	2.90800000000036	10.788999999997	0	0
10.978000000001	3.71000000000004	11.1049999999996	0	0
12.9349999999995	3.02700000000004	12.5859999999993	0	0
12.9290000000001	3.50099999999929	12.643	0	0
10.1949999999997	3.47500000000036	10.5299999999988	0	0
10.9039999999986	3.97599999999966	11.0010000000002	0	0
10.4050000000007	2.80799999999999	10.3630000000012	0	0
11.2419999999984	3.31600000000071	11.0360000000001	0	0
13.1599999999999	4.48400000000038	13.2279999999992	0	0
6.81000000000131	2.00899999999911	6.95999999999913	0	0
14.0200000000004	5.5610000000006	14.1490000000013	0	0
12.6539999999986	4.5659999999998	12.7919999999976	0	0
13.2700000000004	5.94599999999991	13.2309999999998	0	0
13.099000000002	4.66199999999935	13.2810000000027	0	0
12.7289999999994	7.25999999999931	12.5640000000021	0	0
14.6499999999978	7.04299999999967	14.3950000000004	0	0
15.1929999999993	8.54600000000028	14.9730000000018	0	0
13.005000000001	3.57399999999961	13.3139999999985	0	0
13.4089999999997	6.72899999999936	13.5870000000032	0	0
12.6189999999988	3.44700000000012	12.9259999999995	0	0
13.1650000000009	4.20700000000033	13.4590000000026	0	0
12.1479999999974	3.54600000000028	12.4599999999991	0	0
10.8449999999975	4.43299999999999	10.9039999999986	0	0
10.8869999999988	3.27999999999975	10.5390000000007	0	0
11.4840000000004	4.64400000000023	11.211000000003	0	0
13.8319999999985	5.5019999999995	13.6949999999997	0	0
10.8119999999981	3.18099999999959	10.75	0	0
14.0640000000021	6.13900000000012	14.2170000000006	0	0
11.1990000000005	4.75799999999981	11.1970000000001	0	0
13.6570000000029	6.25600000000031	14.0040000000008	0	0
10.5980000000018	2.66000000000076	10.6850000000013	0	0
6.33299999999872	0.756999999999607	6.1160000000018	0	0
13.0570000000007	4.02800000000025	13.4120000000003	0	0
15.2219999999979	8.95100000000002	14.9800000000032	0	0
11.898000000001	3.76200000000063	11.5089999999982	0	0
11.3109999999979	3.09699999999975	11.4219999999987	0	0
14.3860000000022	7.5600000000004	14.2299999999996	0	0
12.607	4.16600000000017	12.7959999999985	0	0
12.7880000000005	7.23300000000017	12.0939999999973	0	0
7.13699999999881	3.09600000000046	7.40599999999904	0	0
17.1370000000024	13.6260000000002	16.5930000000008	0	0
12.9510000000009	4.98499999999967	12.7350000000006	0	0
13.380000000001	3.61999999999989	13.3140000000021	0	0
13.8610000000008	5.72100000000046	13.9929999999986	0	0
13.8870000000024	4.38400000000001	14.2000000000007	0	0
14.2340000000004	7.10100000000057	14.4560000000019	0	0
13.5370000000003	5.34099999999944	13.518	0	0
13.4480000000003	5.03499999999985	13.8710000000028	0	0
7.44700000000012	3.4360000000006	7.35499999999956	0	0
16.385000000002	12.759	15.5930000000008	0	0
13.8539999999994	7.05799999999999	14.0789999999979	0	0
14.770999999997	8.39499999999953	14.862000000001	0	0
14.0740000000005	4.27599999999984	14.1949999999997	0	0
13.4840000000004	5.9409999999998	13.7200000000012	0	0
6.73700000000099	3.22100000000046	6.83799999999974	0	0
13.7050000000017	6.14300000000003	13.7530000000006	0	0
7.32099999999991	3.6239999999998	7.33799999999974	0	0
7.05199999999968	3.94200000000001	7.18900000000212	0	0
11.0749999999971	4.65099999999984	10.851999999999	0	0
6.5769999999975	2.67399999999998	6.53099999999904	0	0
11.3170000000027	5.23599999999988	11.0229999999974	0	0
11.6849999999977	5.1909999999998	11.5019999999968	0	0
13.7230000000018	8.31400000000031	13.8310000000019	0	0
10.7989999999991	2.90399999999954	10.8760000000002	0	0
11.6090000000004	4.625	11.6529999999984	0	0
14.2520000000004	6.53600000000006	14.4320000000007	0	0
14.3960000000006	5.41799999999967	14.5119999999988	0	0
10.7359999999971	2.91200000000026	10.6910000000025	0	0
13.3559999999998	4.28800000000047	13.4049999999988	0	0
10.7309999999998	4.19999999999982	10.9500000000007	0	0
13.6339999999982	5.49600000000009	13.7069999999985	0	0
15.4459999999999	11.0839999999998	15.1370000000024	0	0
12.6100000000006	7.05299999999988	12.5169999999998	0	0
11.2950000000019	4.86499999999978	11.2160000000003	0	0
11.0370000000003	4.26900000000023	11.0599999999977	0	0
13.9560000000019	4	13.7170000000006	0	0
6.52699999999822	1.92500000000018	6.48699999999735	0	0
11.512999999999	4.67200000000048	11.398000000001	0	0
13.2040000000015	4.07899999999972	13.5540000000001	0	0
13.2519999999968	4.61899999999969	13.4569999999985	0	0
11.0720000000001	2.96900000000005	11.1830000000009	0	0
13.4969999999994	4.86400000000049	13.7250000000022	0	0
14.1679999999978	6.91199999999935	14.4539999999979	0	0
13.6620000000003	5.70199999999932	13.398000000001	0	0
13.880000000001	5.84199999999964	14.0659999999989	0	0
13.8410000000003	7.13600000000042	14.3609999999971	0	0
13.4229999999989	5.07600000000002	13.8240000000005	0	0
13.9739999999983	8.53099999999995	14.0139999999992	0	0
14.5910000000003	8.60599999999977	14.7860000000001	0	0
6.67399999999907	3.17200000000048	6.77100000000064	0	0
12.7360000000008	6.82099999999991	12.6579999999994	0	0
11.987000000001	6.08399999999983	12.0649999999987	0	0
13.0360000000001	3.71700000000055	13.2109999999993	0	0
13.8149999999987	5.64399999999932	13.6499999999978	0	0
11.010000000002	4.21799999999985	11.0960000000014	0	0
13.4350000000013	7.85400000000027	13.7340000000004	0	0
13.7000000000007	6.27700000000004	14.2080000000024	0	0
13.375	5.87899999999991	13.3480000000018	0	0
6.83000000000175	1.40000000000055	6.80900000000111	0	0
7.1919999999991	4.34699999999975	7.42699999999968	0	0
10.2850000000035	2.02400000000034	10.0729999999967	0	0
10.6049999999996	3.20599999999922	10.7030000000013	0	0
10.5339999999997	4.20699999999943	10.7970000000023	0	0
10.8479999999981	4.1230000000005	11.023000000001	0	0
10.7520000000004	4.22899999999936	10.8450000000012	0	0
13.0740000000005	5.22100000000046	13.0650000000023	0	0
12.8659999999982	3.1850000000004	12.9729999999981	0	0
13.2379999999976	4.17700000000059	13.155999999999	0	0
10.8190000000031	3.40300000000025	10.7569999999978	0	0
12.8080000000009	4.3090000000002	12.8790000000008	0	0
10.4789999999994	3.16799999999967	10.5159999999996	0	0
6.40000000000146	2.15899999999965	6.53100000000268	0	0
10.6589999999997	2.39400000000023	10.4439999999995	0	0
13.030999999999	4.46399999999994	13.0419999999976	0	0
13.2520000000004	3.76200000000063	12.9519999999975	0	0
13.5039999999972	5.10000000000036	13.4350000000013	0	0
13.4249999999993	3.96500000000015	13.0799999999981	0	0
13.0270000000019	4	12.768	0	0
11.8549999999996	6.49399999999969	11.9069999999992	0	0
6.8859999999986	3.88700000000063	7.02000000000044	0	0
13.9979999999996	6.61200000000008	13.7950000000019	0	0
13.1649999999972	5.31900000000041	13.0099999999984	0	0
13.2870000000003	4.50700000000052	13.489999999998	0	0
12.4319999999971	4.89900000000034	12.4680000000008	0	0
12.5910000000003	4.67900000000009	12.400999999998	0	0
7.06000000000131	3.47000000000025	6.84199999999691	0	0
12.0119999999988	7.80999999999949	11.7519999999968	0	0
13.0060000000012	4.1869999999999	13.1640000000007	0	0
13.6039999999994	5.67299999999977	13.7930000000015	0	0
13.9500000000007	7.43100000000049	14.3459999999977	0	0
10.4340000000011	3.07200000000012	10.4570000000022	0	0
14.0139999999992	6.27700000000004	14.3780000000006	0	0
13.6620000000003	5.31700000000001	13.7510000000002	0	0
13.2609999999986	5.14000000000033	13.1939999999995	0	0
10.9079999999994	3.17199999999957	10.7720000000008	0	0
14.1630000000005	6.11700000000019	14.0010000000002	0	0
12.5099999999984	4.40700000000015	12.130000000001	0	0
11.6280000000006	4.47000000000025	11.4159999999974	0	0
11.6770000000033	5.36599999999999	11.3780000000006	0	0
13.5810000000019	5.81500000000051	13.6670000000013	0	0
12.8019999999997	4.36599999999999	12.5869999999995	0	0
12.7099999999991	3.01900000000023	13.0270000000019	0	0
12.0400000000009	6.36000000000058	12.0969999999979	0	0
13.367000000002	3.49600000000009	13.4320000000007	0	0
14.6229999999996	6.5630000000001	14.6630000000005	0	0
13.1090000000004	5.20600000000013	13.4089999999997	0	0
13.7259999999987	4.51000000000022	14.0390000000007	0	0
7.05900000000111	3.125	6.75799999999799	0	0
14.0459999999985	8.77599999999984	14.0489999999991	0	0
14.0819999999985	6.5619999999999	13.8559999999998	0	0
11.2180000000008	3.43199999999979	11.1969999999965	0	0
10.5869999999995	3.85500000000047	10.7189999999973	0	0
13.1709999999985	4.09799999999996	12.9470000000001	0	0
13.5550000000003	7.59100000000035	14.0550000000003	0	0
13.0339999999997	4.37400000000071	13.4200000000019	0	0
11.2060000000019	3.95300000000043	11.2779999999984	0	0
6.9320000000007	1.94500000000062	6.84500000000116	0	0
11.5980000000018	4.56999999999971	11.4049999999988	0	0
13.6080000000002	4.71599999999944	13.4449999999997	0	0
12.8890000000029	5.13200000000052	13.1280000000006	0	0
13.6280000000006	4.59000000000015	13.8860000000022	0	0
13.6589999999997	5.79999999999927	13.8739999999998	0	0
13.9589999999989	8.26999999999953	14.2649999999994	0	0
14.0479999999989	7.46600000000035	14.1210000000028	0	0
14.5630000000019	7.55099999999948	14.4520000000011	0	0
13.0589999999975	5.61799999999948	13.3770000000004	0	0
10.7770000000019	3.69800000000032	10.8369999999995	0	0
14.1389999999992	8.08100000000013	14.2250000000022	0	0
13.6049999999996	5.54300000000057	13.7299999999996	0	0
10.6959999999999	2.80000000000018	10.4979999999996	0	0
13.7829999999994	4.93299999999999	13.5689999999995	0	0
10.5419999999976	3.02999999999975	10.7469999999994	0	0
15.4249999999993	8.34000000000015	15.4729999999981	0	0
13.4010000000017	4.45700000000033	13.2910000000011	0	0
13.9720000000016	6.84599999999955	14.135000000002	0	0
12.6700000000019	7.5630000000001	12.9409999999989	0	0
13.2020000000011	4.32099999999991	13.0819999999985	0	0
13.7070000000022	4.61399999999958	13.7229999999981	0	0
13.5360000000001	4.78799999999956	13.4569999999985	0	0
14.5420000000013	9.44999999999982	14.405999999999	0	0
13.8610000000008	3.66399999999976	13.9520000000011	0	0
13.6080000000002	6.63699999999972	13.8299999999981	0	0
6.76499999999942	2.71800000000076	6.97200000000157	0	0
13.9799999999996	5.48700000000008	14.0449999999983	0	0
14.1790000000001	6.84499999999935	14.5370000000003	0	0
13.6579999999994	5.7529999999997	13.7129999999997	0	0
12.6160000000018	5.02100000000064	12.8739999999998	0	0
13.8349999999991	7.28899999999976	13.9939999999988	0	0
14.7409999999982	9.1899999999996	14.9650000000001	0	0
11.1670000000013	4.11300000000028	10.8739999999998	0	0
11.635000000002	4.98599999999988	11.7779999999984	0	0
11.2610000000022	3.45199999999932	11.637999999999	0	0
11.5829999999987	5.09299999999985	11.4470000000001	0	0
6.56599999999889	2.19999999999982	6.55600000000049	0	0
11.3330000000024	4.60999999999967	11.4349999999977	0	0
11.1000000000022	3.54399999999987	10.992000000002	0	0
12.4390000000021	6.34699999999975	12.398000000001	0	0
14.5249999999978	7.99600000000009	14.4939999999988	0	0
12.974000000002	5.22400000000016	12.7270000000026	0	0
12.2019999999975	7.25	12.0700000000033	0	0
14.612000000001	9.625	14.3630000000012	0	0
7.29499999999825	4.01799999999912	7.01400000000285	0	0
12.4399999999987	4.65999999999985	12.9480000000003	0	0
13.461000000003	7.23099999999977	13.3599999999969	0	0
13.3889999999992	4.9980000000005	13.4780000000028	0	0
11.1359999999986	5.57700000000023	11.2639999999992	0	0
13.494999999999	6.62100000000009	13.4909999999982	0	0
13.3799999999974	5.88699999999972	13.4880000000012	0	0
13.5200000000004	8.00699999999961	13.5489999999991	0	0
12.4579999999987	2.94499999999971	12.4220000000023	0	0
13.0529999999999	4.99699999999939	13.1929999999993	0	0
13.2930000000015	4.72000000000025	13.6680000000015	0	0
12.9599999999991	5.16399999999976	13.1330000000016	0	0
11.9290000000001	7.42399999999998	11.8509999999987	0	0
13.8619999999974	8.25699999999961	13.8429999999971	0	0
13.7590000000018	6.57200000000012	14.0829999999987	0	0
14.3179999999993	6.8809999999994	14.1229999999996	0	0
13.982	8.7450000000008	14.2280000000028	0	0
11.2350000000006	4.27599999999984	11.4510000000009	0	0
12.4169999999976	7.29600000000028	11.9809999999998	0	0
14.1579999999994	8.72800000000007	13.7849999999999	0	0
13.8809999999976	6.77599999999984	13.6659999999974	0	0
10.9549999999981	3.23999999999978	10.8180000000029	0	0
6.60000000000218	2.27699999999913	6.6160000000018	0	0
13.0960000000014	5.19100000000071	12.982	0	0
13.0840000000026	4.16699999999946	13.1530000000021	0	0
10.9900000000016	3.70299999999952	11.2060000000019	0	0
11.6790000000001	6.96900000000005	11.8509999999987	0	0
11.4480000000003	4.10699999999997	11.2249999999985	0	0
13.6800000000003	4.69300000000021	13.2259999999987	0	0
11.1239999999998	4.22699999999986	11.1270000000004	0	0
13.2400000000016	4.40499999999975	13.1399999999994	0	0
13.0010000000002	3.8149999999996	12.3400000000001	0	0
13.3449999999975	5.63000000000011	13.3179999999993	0	0
13.7880000000005	7.39100000000053	13.6620000000003	0	0
10.5590000000011	2.92799999999988	10.3669999999984	0	0
10.8299999999981	3.55999999999949	10.4449999999997	0	0
10.7760000000017	3.88200000000052	10.7099999999991	0	0
14.5010000000002	7.68100000000049	13.6159999999982	0	0
13.0979999999981	4.40400000000045	12.7379999999976	0	0
11.0300000000025	3.97400000000016	10.8389999999999	0	0
13.8509999999987	5.76100000000042	13.393	0	0
13.5649999999987	5.51800000000003	13.6179999999986	0	0
6.39099999999962	0.829999999999927	6.15899999999965	0	0
13.018	3.97299999999996	12.5109999999986	0	0
10.9369999999981	3.83500000000004	10.487000000001	0	0
6.40699999999924	1.5	6.22799999999916	0	0
10.7409999999982	3.82699999999932	10.6499999999978	0	0
11.9860000000008	8.07600000000002	11.8789999999972	0	0
13.7119999999995	4.73799999999937	13.6009999999987	0	0
13.3859999999986	5.27399999999943	13.2170000000006	0	0
10.9249999999993	3.12299999999959	10.7119999999995	0	0
14.1830000000009	6.65899999999965	14.1749999999993	0	0
11.3610000000008	4.30000000000018	11.0889999999999	0	0
6.27200000000084	1.52800000000025	6.16200000000026	0	0
13.3010000000031	4.81500000000051	12.7849999999999	0	0
13.5980000000018	7.96699999999964	13.1569999999992	0	0
10.8709999999992	3.76599999999962	10.4470000000001	0	0
6.31399999999849	1.38199999999961	6.104000000003	0	0
12.7170000000006	4.125	12.6670000000013	0	0
10.775999999998	3.25200000000041	10.5720000000001	0	0
13.7360000000008	6.6880000000001	13.3550000000032	0	0
11.1529999999984	4.06899999999951	10.9850000000006	0	0
13.1270000000004	5.31500000000051	12.4660000000003	0	0
10.5440000000017	3.34999999999945	10.4480000000003	0	0
10.7870000000003	2.70700000000033	10.3999999999978	0	0
14.3290000000015	7.77899999999954	13.8919999999998	0	0
12.5410000000011	2.79799999999977	12.1829999999973	0	0
11.0169999999998	3.69999999999982	10.7079999999987	0	0
12.7839999999997	3.76899999999932	12.9409999999989	0	0
11.9010000000017	1.83000000000084	11.7640000000029	0	0
13.719000000001	5.54500000000007	13.3379999999997	0	0
12.5689999999995	3.18499999999949	12.469000000001	0	0
13.0030000000006	4.10599999999977	12.8790000000008	0	0
10.7570000000014	3.57799999999952	10.4459999999999	0	0
10.9589999999989	3.16799999999967	10.7440000000024	0	0
13.2819999999992	3.53999999999996	12.8090000000011	0	0
13.3139999999985	4.36799999999948	12.7599999999984	0	0
13.0600000000013	4.17799999999988	12.7910000000011	0	0
13.5480000000025	3.68900000000031	13.2710000000006	0	0
10.8499999999985	3.46000000000004	10.7109999999993	0	0
13.1680000000015	5.04500000000007	13.0540000000001	0	0
10.6929999999993	2.28499999999985	10.4089999999997	0	0
11.6099999999969	4.28899999999976	11.232	0	0
13.6690000000017	3.82600000000002	13.0950000000012	0	0
10.8780000000006	3.49499999999989	10.6059999999998	0	0
12.612000000001	3.07600000000002	12.2160000000003	0	0
6.31899999999951	1.47500000000036	6.19399999999951	0	0
13.226999999999	4.59999999999945	12.9379999999983	0	0
14.0859999999993	6.94800000000032	13.9840000000004	0	0
13.1709999999985	4.54899999999998	12.9219999999987	0	0
11.1670000000013	4.22999999999956	10.6049999999996	0	0
13.7479999999996	5.23400000000038	13.4579999999987	0	0
10.9279999999999	2.59399999999914	10.5889999999999	0	0
13.9099999999999	4.80299999999988	13.7119999999995	0	0
12.8839999999982	3.73999999999978	12.655999999999	0	0
13.2020000000011	4.55100000000039	13.2330000000002	0	0
10.7479999999996	3.40700000000015	10.5469999999987	0	0
13.1529999999984	4.47099999999955	12.9110000000001	0	0
12.4050000000025	2.37400000000071	11.6410000000033	0	0
10.5790000000015	2.5739999999987	10.3849999999984	0	0
13.2309999999998	4.76800000000003	12.719000000001	0	0
10.7360000000008	4.20999999999913	10.5449999999983	0	0
12.9120000000003	4.01100000000042	12.4120000000003	0	0
12.857	4.92000000000007	12.7830000000031	0	0
12.0339999999997	4.63899999999921	11.5020000000004	0	0
6.33399999999892	1.7450000000008	6.26699999999983	0	0
11.038999999997	4.01900000000023	10.5790000000015	0	0
13.7910000000011	5.22599999999875	13.1080000000002	0	0
12.3319999999985	3.34200000000055	11.9609999999993	0	0
12.612000000001	5.07300000000032	12.6059999999998	0	0
10.8610000000008	3.2510000000002	10.5200000000004	0	0
11.362000000001	4.92799999999988	10.9510000000009	0	0
14.1670000000013	5.57800000000134	13.6659999999974	0	0
13.1699999999983	5.17699999999968	12.8009999999995	0	0
13.0629999999983	4.63100000000122	13.2710000000006	0	0
12.7300000000032	3.39500000000044	13.1879999999983	0	0
6.26199999999881	1.75	6.56099999999788	0	0
13.1769999999997	6.06900000000132	13.9429999999993	0	0
10.4290000000001	2.79999999999927	11.1539999999986	0	0
6.47799999999916	0.744999999998981	6.54299999999785	0	0
13.0690000000031	5.17400000000089	13.9010000000017	0	0
13.1649999999972	4.53800000000047	13.885000000002	0	0
7.62000000000262	2.30399999999827	7.76200000000244	0	0
12.732	4.32999999999993	12.9350000000013	0	0
10.6610000000001	3.74499999999898	11.1570000000029	0	0
13.3160000000025	4.40500000000065	13.737000000001	0	0
10.7769999999982	2.54199999999946	10.9510000000009	0	0
11.3549999999996	5.38199999999961	11.6280000000006	0	0
14.0550000000003	5.57499999999891	14.6849999999977	0	0
10.3200000000033	2.20000000000073	10.6460000000006	0	0
7.21399999999994	4.64500000000044	7.64500000000044	0	0
12.1569999999992	4.8739999999998	12.6729999999989	0	0
7.36199999999735	0.844999999999345	7.51900000000023	0	0
13.7769999999982	5.4369999999999	14.2250000000022	0	0
12.3849999999984	4.42499999999927	12.9969999999994	0	0
13.3220000000001	5.00600000000122	13.7029999999977	0	0
12.9219999999987	4.38299999999981	13.0119999999988	0	0
10.9490000000005	3.78100000000086	11.2719999999972	0	0
11.0139999999992	3.94399999999951	11.0730000000003	0	0
10.9189999999981	4.09799999999996	11.0329999999994	0	0
7.39899999999761	3.37099999999919	7.77400000000125	0	0
13.9840000000004	6.57200000000012	14.8009999999995	0	0
11.3080000000009	5.84200000000055	11.5019999999968	0	0
13.2999999999993	5.52599999999984	13.994999999999	0	0
13.8940000000002	6.22299999999996	14.494999999999	0	0
13.1749999999993	4.83499999999913	13.4300000000003	0	0
6.19599999999991	1.53600000000006	6.32600000000093	0	0
11.599000000002	6.74799999999959	12.6409999999996	0	0
12.3529999999992	4.91700000000128	12.8329999999987	0	0
14.5320000000029	4.89000000000124	14.7280000000028	0	0
14.4859999999971	7.46700000000055	14.7309999999998	0	0
13.5339999999997	7.26399999999921	14.5349999999999	0	0
14.3240000000005	7.13999999999942	14.7400000000016	0	0
11.0459999999985	3.89900000000125	11.9370000000017	0	0
6.46600000000035	0.778999999998632	6.51799999999639	0	0
12.4830000000002	3.35100000000057	12.5010000000002	0	0
10.3389999999999	2.71900000000096	10.632999999998	0	0
12.8169999999991	5.14199999999983	13.8280000000013	0	0
11.6610000000001	4.75699999999961	11.6139999999978	0	0
11.4160000000011	5.26200000000063	11.5089999999982	0	0
11.9449999999997	3.29500000000007	12.3680000000022	0	0
12.5410000000011	1.42500000000109	12.2860000000001	0	0
10.0499999999993	2.51200000000063	10.3770000000004	0	0
