42.041	25.397	42.531	0	0
18.265	3.56999999999999	18.897	0	0
66.562	44.068	57.934	0	0
47.414	30.484	40.812	0	0
25.122	14.469	23.09	0	0
64.485	32.567	62.519	0	0
40.888	27.6	40.646	0	0
45.769	24.402	45.191	0	0
76.3050000000001	65.127	61.75	0	0
58.2879999999999	24.563	63.466	0	0
79.5539999999999	39.6369999999999	79.9309999999998	0	0
81.3040000000001	37.995	82.6320000000001	0	0
110.082	61.356	105.145	0	0
46.288	26.6859999999999	43.0829999999999	0	0
46.6949999999999	37.3590000000002	34.654	0	0
56.415	24.8609999999999	59.5719999999999	0	0
62.4710000000002	27.587	70.556	0	0
38.4060000000004	25.646	34.3759999999997	0	0
71.6090000000004	32.934	76.3419999999996	0	0
56.7069999999999	20.624	61.433	0	0
25.2230000000004	16.9929999999999	24.3029999999999	0	0
77.3200000000002	37.53	83.4670000000001	0	0
53.768	39.588	44.6979999999999	0	0
82.6950000000002	59.674	78.5429999999997	0	0
58.547	38.5920000000001	57.9599999999996	0	0
50.971	28.0890000000002	50.1309999999999	0	0
27.922	23.3050000000001	20.6770000000001	0	0
95.6329999999998	70.528	83.3650000000002	0	0
64.8359999999998	40.4930000000002	56.9720000000002	0	0
32.5160000000001	14.174	33.48	0	0
49.5370000000003	27.6710000000003	47.5630000000001	0	0
56.049	33.0329999999999	57.134	0	0
27.8830000000003	22.538	23.6929999999998	0	0
32.2060000000001	13.8420000000001	36.174	0	0
55.4200000000001	42.1369999999997	44.9189999999999	0	0
138.258	69.5479999999998	139.677	0	0
70.0630000000001	31.297	72.5739999999996	0	0
85.7179999999998	42.6120000000001	87.8360000000002	0	0
78.3819999999996	30.8989999999999	80.902	0	0
39.1509999999998	22.5329999999999	37.652	0	0
35.7889999999998	20.7310000000002	36.7969999999996	0	0
36.79	17.5160000000001	35.0280000000002	0	0
67.2290000000003	41.355	61.8139999999994	0	0
55.7709999999997	41.5990000000002	44.701	0	0
55.0469999999996	29.6600000000003	57.6170000000002	0	0
27.0440000000008	25.364	23.1630000000005	0	0
40.8879999999999	18.8700000000003	43.3249999999998	0	0
67.6500000000005	39.9929999999999	61.1480000000001	0	0
79.3329999999996	57.7260000000001	66.1979999999994	0	0
86.1979999999994	45.4839999999999	89.1790000000001	0	0
42.3040000000001	24.6119999999996	37.7860000000001	0	0
70.0699999999997	45.3989999999999	62.6629999999996	0	0
92.4750000000004	55.2139999999999	85.7139999999999	0	0
67.4579999999996	40.8009999999999	65.5819999999994	0	0
47.3119999999999	30.8229999999999	46.5050000000001	0	0
101.535	64.4029999999998	94.7669999999998	0	0
88.8220000000001	47.067	86.2629999999999	0	0
41.3889999999992	16.0469999999996	48.2290000000003	0	0
36.4850000000006	23.5509999999995	34.9470000000001	0	0
71.7740000000003	61.7029999999995	54.7740000000003	0	0
61.6850000000004	38.433	56.652	0	0
49.2890000000007	29.6080000000002	49.0900000000001	0	0
19.5150000000003	9.58299999999963	21.8249999999998	0	0
111.291	70.0060000000003	105.839	0	0
52.7979999999998	35.1009999999997	48.6799999999994	0	0
41.9339999999993	22.8230000000003	42.5349999999999	0	0
75.2019999999993	63.7039999999997	59.2870000000003	0	0
56.9779999999992	36.777	54.8249999999998	0	0
36.8109999999997	16.5649999999996	35.6620000000003	0	0
44.5689999999995	21.9309999999996	45.4749999999985	0	0
38.8619999999992	8.89599999999973	46.4370000000017	0	0
73.6149999999998	38.5869999999995	74.0639999999985	0	0
61.505000000001	41.0200000000004	54.4830000000002	0	0
22.4610000000011	13.3069999999998	18.0390000000007	0	0
133.960000000001	73.1719999999996	131.043	0	0
27.607	21.7700000000004	23.1810000000005	0	0
59.7849999999999	24.174	64.6939999999995	0	0
23.0069999999996	10.5020000000004	24.482	0	0
104.904	57.1219999999994	103.395999999999	0	0
31.4679999999989	13.21	35.4280000000017	0	0
45.4560000000001	20.4120000000003	48.0280000000002	0	0
132.585999999999	80.0199999999995	130.955	0	0
36.237000000001	19.732	36.7620000000006	0	0
43.898000000001	27.4099999999999	44.25	0	0
60.643	29.875	61.3510000000006	0	0
62.1129999999994	40.8700000000008	55.4039999999986	0	0
33.6750000000011	12.1999999999998	38.5500000000011	0	0
42.1830000000009	19.7030000000004	45.8700000000008	0	0
66.2150000000001	36.4610000000002	67.3170000000009	0	0
91.1729999999989	46.3819999999996	88.5069999999996	0	0
121.307999999999	84.3560000000007	108.434999999999	0	0
69.6369999999988	40.3580000000002	69.7910000000011	0	0
37.0329999999994	20.5189999999993	35.3009999999995	0	0
48.8940000000002	35.3289999999997	46.6530000000002	0	0
24.0109999999986	19.9789999999994	23.1939999999995	0	0
87.1769999999997	43.3429999999998	89.866	0	0
81.9470000000001	41.4399999999996	85.0460000000003	0	0
18.5030000000006	6.14099999999962	20.5990000000002	0	0
39.5820000000003	16.366	42.994999999999	0	0
22.7970000000005	10.6359999999995	20.6670000000013	0	0
57.1700000000001	34.0900000000001	58.491	0	0
67.6419999999998	39.6549999999997	60.0990000000002	0	0
27.7999999999993	16.2429999999995	24.8270000000011	0	0
21.9879999999994	9.3720000000003	19.9160000000011	0	0
23.25	10.8549999999996	24.4130000000005	0	0
133.782000000001	90.2179999999998	118.547	0	0
65.3690000000006	40.1909999999998	64.1890000000003	0	0
75.9490000000005	58.3809999999994	68.2600000000002	0	0
55.8559999999998	19.509	59.3719999999994	0	0
78.878999999999	57.3800000000001	70.3379999999997	0	0
19.6939999999995	7.30000000000018	19.2219999999998	0	0
68.728000000001	51.3140000000003	58.9860000000008	0	0
85.1299999999992	49.2070000000003	85.0380000000005	0	0
104.893	73.8019999999997	95.0659999999989	0	0
81.8249999999989	49.3580000000002	72.7759999999998	0	0
59.4650000000001	38.2579999999998	53.1679999999997	0	0
46.6440000000002	32.1589999999997	42.7020000000011	0	0
36.2080000000005	19.7020000000011	31.3739999999998	0	0
64.6730000000007	40.1170000000002	60.6260000000002	0	0
48.2020000000011	30.9159999999993	46.5370000000003	0	0
40.6849999999995	14.4400000000005	43.4650000000001	0	0
39.4030000000002	23.0239999999994	37.5820000000003	0	0
63.6569999999992	43.1810000000005	61.353000000001	0	0
40.2729999999992	23.6840000000011	42.9869999999992	0	0
19.402	9.11499999999978	18.8060000000005	0	0
73.3410000000003	54.4589999999989	65.9410000000007	0	0
27.7360000000008	19.7920000000013	26.6260000000002	0	0
37.735999999999	17.2119999999995	41.1889999999985	0	0
32.723	11.7779999999984	36.0790000000015	0	0
73.2820000000011	58.3589999999986	63.1050000000014	0	0
74.5519999999997	58.0990000000002	62.2739999999994	0	0
60.3459999999995	28.5789999999997	58.4660000000003	0	0
66.4689999999991	45.0669999999991	63.1229999999996	0	0
41.0760000000009	17.8940000000002	41.4240000000009	0	0
71.7410000000018	44.1899999999987	67.1509999999998	0	0
21.0679999999993	7.21999999999935	27.5450000000001	0	0
71.6640000000007	49.8700000000008	66.4130000000005	0	0
32.5169999999998	10.7039999999997	34.5349999999999	0	0
105.498	65.598	93.0799999999981	0	0
41.9180000000015	15.8590000000004	47.6719999999987	0	0
71.1600000000035	49.5249999999996	65.0509999999995	0	0
71.219000000001	32.5210000000006	68.3359999999993	0	0
36.0390000000007	19.2010000000009	33.7049999999981	0	0
41.1949999999997	20.0190000000002	40.4549999999981	0	0
104.851000000002	79.9899999999998	90.2180000000008	0	0
67.1589999999997	43.4869999999992	60.0640000000021	0	0
46.4219999999987	36.0419999999995	41.7070000000022	0	0
53.6539999999986	41.0689999999995	46.7429999999986	0	0
97.4609999999993	54.1299999999992	97.7540000000008	0	0
56.3869999999988	29.4680000000008	54.6610000000001	0	0
30.6539999999986	9.8239999999987	32.9919999999984	0	0
69.9419999999991	39.3580000000002	67.6239999999998	0	0
43.7849999999999	19.4939999999988	43.6709999999985	0	0
66.9570000000022	53.1420000000016	54.773000000001	0	0
43.0570000000007	35.7029999999995	36.3619999999974	0	0
87.3410000000003	55.9069999999992	81.364999999998	0	0
71.0099999999984	48.4560000000001	64.3060000000005	0	0
60.5149999999994	26.2489999999998	61.1990000000005	0	0
33.6399999999994	10.9349999999995	38.1270000000004	0	0
81.4419999999991	58.4040000000005	73.5889999999999	0	0
23.4749999999985	12.1280000000006	25.4309999999969	0	0
65.8470000000016	47.1779999999999	60.2569999999978	0	0
54.6869999999981	27.0969999999998	59.0040000000008	0	0
112.157999999999	64.4869999999992	105.738000000001	0	0
58.4979999999996	22.7080000000005	63.5739999999969	0	0
41.5489999999991	20.1659999999993	42.6980000000003	0	0
24.4449999999997	11.9279999999999	26.7000000000007	0	0
67.4180000000015	45.9140000000007	61.4770000000026	0	0
73.4639999999999	45.976999999999	65.7270000000026	0	0
85.9900000000016	51.1530000000002	83.9720000000016	0	0
50.2669999999998	33.9719999999998	46.523000000001	0	0
76.130000000001	42.112000000001	71.1140000000014	0	0
70.9749999999985	55.2270000000008	57.9809999999998	0	0
71.0450000000019	30.505000000001	79.1909999999989	0	0
22.2359999999971	11.3729999999996	22.5580000000009	0	0
41.8430000000008	19.0040000000008	44.0239999999976	0	0
99.1560000000027	63.277	89.8960000000006	0	0
65.1500000000015	37.2819999999992	63.288999999997	0	0
42.7839999999997	24.0740000000005	39.864999999998	0	0
52.1049999999996	36.7810000000009	43.7200000000012	0	0
61.3970000000008	31.369999999999	64.4080000000031	0	0
90.9440000000031	48.5740000000005	86.3300000000017	0	0
86.2560000000012	46.6050000000014	80.9180000000015	0	0
17.7999999999993	5.76100000000042	17.7180000000008	0	0
110.309000000001	61.8080000000009	102.776999999998	0	0
60.4130000000005	30.4560000000001	59.0069999999978	0	0
74.2299999999996	32.0920000000006	78.4209999999985	0	0
23.6549999999988	13.2339999999986	22.4470000000001	0	0
71.5040000000008	46.5679999999993	66.479000000003	0	0
34.5889999999999	34.9269999999997	24.5780000000013	0	0
65.2119999999995	41.9889999999996	61.0469999999987	0	0
86.650999999998	54.2340000000004	82.1460000000006	0	0
58.1239999999998	27.5639999999985	59.5529999999999	0	0
52.4219999999987	31.8170000000009	48.8469999999979	0	0
72.0420000000013	50.027	67.6729999999989	0	0
41.9470000000001	18.893	41.2340000000004	0	0
89.119999999999	48.7530000000006	86.2379999999976	0	0
44.137999999999	21.8369999999995	43.4089999999997	0	0
60.2410000000018	34.5400000000009	59.9660000000003	0	0
52.8179999999993	37.6080000000002	43.7639999999992	0	0
52.2710000000006	22.8619999999992	53.739999999998	0	0
48.739999999998	26.9529999999995	46.3139999999985	0	0
23.882999999998	12.869999999999	22.7510000000002	0	0
40.094000000001	22.1839999999993	44.2150000000001	0	0
41.8940000000002	26.5010000000002	39.5900000000001	0	0
58.4890000000014	31.7980000000007	56.4660000000003	0	0
70.2909999999974	38.2049999999999	65.3529999999992	0	0
34.6140000000014	16.8410000000003	35.9290000000001	0	0
76.4840000000004	26.759	86.1610000000001	0	0
33.8110000000015	8.66300000000047	38.0520000000033	0	0
53.5460000000021	22.0720000000001	57.0239999999976	0	0
36.9910000000018	10.3590000000004	45.2510000000002	0	0
39.4919999999984	18.4440000000013	36.8969999999972	0	0
67.3849999999984	34.8099999999995	66.4890000000014	0	0
66.8019999999997	36.8009999999995	64.3549999999996	0	0
68.0970000000016	34.2630000000008	69.3109999999979	0	0
52.8960000000006	36.625	48.2160000000003	0	0
76.9850000000006	54.2150000000001	66.7659999999996	0	0
55.2969999999987	45.9339999999993	45.1589999999997	0	0
57.0139999999992	30.6679999999997	52.369999999999	0	0
58.5970000000016	40.518	52.9049999999988	0	0
91.0740000000005	70.5909999999985	73.9900000000016	0	0
53.854000000003	39.7779999999984	48.018	0	0
47.7129999999997	42.1940000000013	43.6020000000026	0	0
106.039000000001	54.7520000000004	106.931	0	0
72.119999999999	43.6499999999996	71.018	0	0
100.468000000001	82.3549999999996	82.6909999999989	0	0
76.3889999999992	61.0470000000005	64.3340000000026	0	0
73.1970000000001	53.5779999999977	58.0509999999995	0	0
64.1749999999993	36.7129999999997	61.8709999999992	0	0
21.1590000000033	9.2400000000016	20.3430000000008	0	0
66.3260000000009	39.6489999999976	68.8480000000018	0	0
47.6919999999991	30.6579999999994	42.2119999999995	0	0
54.5590000000011	43.8199999999997	41.8060000000005	0	0
63.9909999999982	34.3739999999998	64.1320000000014	0	0
46.8179999999993	25.619999999999	45.9079999999994	0	0
106.555	58.9400000000023	104.513999999999	0	0
68.4760000000024	45.4830000000002	61.505000000001	0	0
40.8410000000003	21.344000000001	40.255000000001	0	0
58.3370000000032	51.4919999999984	45.9830000000002	0	0
39.0650000000023	23.1719999999987	35.0680000000029	0	0
72.2770000000019	49.1229999999996	60.9229999999989	0	0
41.0380000000005	17.8000000000029	43.7710000000006	0	0
20.3820000000014	9.27399999999761	22.0649999999987	0	0
48.9620000000032	37.9589999999989	41.6699999999983	0	0
65.530999999999	42.497000000003	62.9700000000012	0	0
40.4530000000013	20.7589999999982	40.5450000000019	0	0
55.6130000000012	26.994999999999	58.4710000000014	0	0
63.3739999999998	30.262999999999	62.2030000000013	0	0
34.0339999999997	12.2910000000011	38.0429999999978	0	0
42.4310000000005	23.7659999999996	41.2160000000003	0	0
43.1349999999984	31.8719999999994	39.3389999999999	0	0
100.036	57.9389999999985	97.5750000000007	0	0
65.6830000000009	32.4259999999995	62.8740000000034	0	0
74.3539999999994	38.7119999999995	77.8549999999996	0	0
65.5469999999987	40.5570000000007	64.7009999999973	0	0
25.1689999999981	13.7810000000027	21.5699999999997	0	0
23.4439999999995	10.4509999999973	22.4710000000014	0	0
63.3329999999987	31.2540000000008	61.4779999999992	0	0
43.1739999999991	32.9739999999983	35.762999999999	0	0
62.4809999999998	26.2590000000018	65.9509999999973	0	0
70.7589999999982	44.6280000000006	64.4269999999997	0	0
58.6740000000027	30.9069999999992	55.8520000000026	0	0
61.6669999999976	24.969000000001	62.5489999999991	0	0
38.3830000000016	22.5190000000002	38.5610000000015	0	0
58.2219999999979	42.0639999999985	51.2830000000031	0	0
50.6139999999978	33.5919999999969	46.4459999999999	0	0
47.125	26.6260000000002	47.1219999999994	0	0
96.3309999999983	58.2030000000013	94.2589999999982	0	0
58.487000000001	39.637999999999	54.7000000000007	0	0
41.4660000000003	22.7070000000022	40.9259999999995	0	0
60.612000000001	43.6409999999996	50.2940000000017	0	0
59.5290000000023	30.0339999999997	61.5219999999972	0	0
19.3170000000027	6.27500000000146	22.1690000000017	0	0
98.2330000000002	56.1879999999983	95.3080000000009	0	0
44.198000000004	25.8279999999977	42.768	0	0
68.752999999997	38.6360000000022	67.0060000000012	0	0
59.1039999999994	20.1909999999989	60.5140000000029	0	0
31.3699999999953	9.42599999999948	33.4210000000021	0	0
36.3269999999975	17.5219999999972	38.7740000000049	0	0
51.9629999999961	38.7849999999999	46.0639999999985	0	0
62.398000000001	44.637999999999	54.5580000000045	0	0
59.1180000000022	35.6660000000011	63.8890000000029	0	0
95.0299999999988	77.0499999999993	76.3250000000044	0	0
40.2710000000006	20.643	34.75	0	0
121.683999999994	79.4590000000026	107.036999999997	0	0
28.1779999999999	25.0949999999975	24.0469999999987	0	0
34.3640000000014	17.8339999999989	35.6290000000008	0	0
80.6770000000033	41.135000000002	76.2680000000037	0	0
44.5709999999963	25.1759999999995	43.1410000000033	0	0
76.752999999997	51.1889999999985	69.0299999999988	0	0
83.4259999999995	47.0210000000006	81.9989999999962	0	0
43.6059999999998	24.0819999999985	42.2180000000008	0	0
44.8570000000036	24.6049999999996	45.9019999999946	0	0
53.9400000000023	26.875	57.0199999999968	0	0
117.986000000004	91.9259999999995	95.9429999999993	0	0
45.4219999999987	26.1180000000022	44.8869999999952	0	0
81.1349999999948	46.7669999999998	80.2750000000015	0	0
64.4210000000021	30.9040000000023	63.7930000000051	0	0
64.5529999999999	28.2890000000007	67.7160000000003	0	0
64.2320000000036	31.1870000000017	68.5710000000036	0	0
63.627999999997	42.5580000000009	57.8260000000009	0	0
39.5360000000001	20.1670000000013	40.127999999997	0	0
50.9850000000006	35.4589999999989	43.1749999999956	0	0
36.0890000000072	19.6340000000018	34.2610000000059	0	0
21.6939999999959	10.8460000000014	23.221000000005	0	0
24.8849999999948	16.8929999999964	23.5409999999974	0	0
66.8260000000009	41.4249999999993	61.7940000000017	0	0
40.7999999999956	27.5299999999988	37.4850000000006	0	0
39.4170000000013	26.0229999999974	34.9080000000031	0	0
81.9569999999949	32.4030000000021	85.4079999999958	0	0
41.5780000000013	24.4720000000016	40.3930000000037	0	0
46.122000000003	30.8460000000014	44.476999999999	0	0
73.1030000000028	55.5699999999997	65.5509999999995	0	0
36.1240000000034	22.393	34.6630000000005	0	0
50.9130000000005	36.1399999999994	46.5410000000047	0	0
79.1620000000039	64.6870000000017	58.8379999999961	0	0
23.0410000000047	12.8099999999977	24.7900000000009	0	0
21.7799999999988	9.47999999999956	22.9239999999991	0	0
40.5449999999983	23.8550000000032	39.9100000000035	0	0
27.2099999999991	14.3129999999983	26.9979999999996	0	0
108.078000000001	59.5700000000033	106.072	0	0
97.4609999999957	68.8950000000004	89.1970000000001	0	0
73.2259999999951	49.0299999999988	71.8320000000022	0	0
48.3960000000006	19.502999999997	52.9949999999953	0	0
47.7649999999994	35.117000000002	48.2489999999962	0	0
47.1039999999994	22.8480000000018	48.1039999999994	0	0
86.8270000000048	46.5030000000006	90.9170000000013	0	0
69.760000000002	43.6189999999988	69.3960000000006	0	0
48.5630000000019	29.4279999999999	50.551999999996	0	0
80.9349999999977	46.0840000000026	76.5910000000003	0	0
20.6129999999976	7.35300000000279	22.7610000000059	0	0
41.0910000000003	24.8019999999997	37.4540000000052	0	0
50.015999999996	30.7030000000013	48.5829999999987	0	0
20.5789999999979	6.57099999999991	23.5880000000034	0	0
88.1960000000036	43.0900000000001	88.9729999999981	0	0
58.6569999999992	23.0280000000021	60.5539999999964	0	0
67.997000000003	38.6610000000001	65.8320000000022	0	0
63.7289999999994	42.3910000000033	61.1569999999992	0	0
50.278999999995	30.8820000000014	45.6460000000006	0	0
60.6140000000014	53.0440000000017	50.1719999999987	0	0
95.1080000000002	63.7620000000024	86.5800000000017	0	0
79.8140000000058	54.851999999999	69.372000000003	0	0
21.101999999999	9.1050000000032	23.7589999999982	0	0
55.7309999999998	29.3250000000007	55.3110000000015	0	0
46.7719999999972	26.8110000000015	46.5020000000004	0	0
48.8699999999953	32.9099999999999	45.6560000000027	0	0
61.9540000000052	32.1660000000011	62.5610000000015	0	0
64.070000000007	28.0110000000022	68.0319999999992	0	0
53.8220000000001	43.6929999999993	45.4930000000022	0	0
63.7159999999931	37.2999999999993	62.6809999999969	0	0
21.8640000000014	9.75599999999758	23.2189999999973	0	0
118.078000000001	71.1899999999987	112.171000000002	0	0
64.7030000000013	35.2989999999991	65.5260000000053	0	0
38.4150000000009	16.5879999999997	37.1900000000023	0	0
69.2750000000015	43.1510000000017	67.239999999998	0	0
48.0950000000012	30.5849999999991	47.364999999998	0	0
20.8410000000003	8.68400000000111	20.6739999999991	0	0
131.142999999996	92.650999999998	110.967000000004	0	0
71.1880000000019	46.7510000000002	65.1499999999942	0	0
97.8320000000022	39.0519999999997	104.060000000005	0	0
59.7190000000046	26.9730000000018	60.7200000000012	0	0
86.6690000000017	43.9700000000012	86.6490000000049	0	0
66.0679999999993	47.0810000000019	55.6169999999984	0	0
116.289000000004	83.5550000000003	108.428999999996	0	0
90.2349999999933	44.530999999999	87.0109999999986	0	0
62.8989999999976	37.3280000000013	57.6880000000019	0	0
82.6100000000006	54.2790000000023	76.6680000000051	0	0
21.9809999999998	10.3869999999988	22.4650000000038	0	0
47.8290000000052	27.8510000000024	48.1260000000038	0	0
65.2640000000029	43.2109999999993	60.9209999999948	0	0
74.7169999999969	56.7429999999986	59.9089999999997	0	0
53.6130000000048	28.5869999999995	53.6770000000033	0	0
76.6850000000049	34.3299999999981	83.0120000000024	0	0
58.9770000000062	25.2839999999997	65.038999999997	0	0
39.5350000000035	14.7389999999978	42.8989999999976	0	0
56.5469999999987	34.1949999999997	56.989999999998	0	0
66.1559999999954	34.4779999999992	66.2929999999978	0	0
33.7079999999987	19.3760000000002	32.9089999999997	0	0
112.566000000006	69.1369999999988	104.321000000004	0	0
54.7170000000042	37.0849999999991	51.1959999999963	0	0
62.7649999999994	42.780999999999	58.3300000000017	0	0
31.8280000000013	9.54799999999886	35.4449999999997	0	0
77.6649999999936	59.512999999999	60.0659999999989	0	0
60.9499999999971	28.4480000000003	63.0350000000035	0	0
60.872000000003	38.1050000000032	51.5469999999987	0	0
80.7099999999991	44.2749999999978	76.6630000000005	0	0
92.9930000000022	53.4390000000021	91.0030000000042	0	0
61.625	61.7849999999999	48.2589999999982	0	0
54.8359999999957	18.2769999999982	60.3799999999974	0	0
49.6920000000027	32.1490000000013	45.8830000000016	0	0
65.5410000000047	31.4519999999975	64.0800000000017	0	0
67.7669999999998	36.768	63.8029999999999	0	0
65.3009999999995	32.6419999999998	66.9090000000069	0	0
23.2229999999981	10.755000000001	22.3820000000051	0	0
90.8289999999979	50.4409999999989	89.3630000000048	0	0
40.2490000000034	15.8580000000002	42.2750000000015	0	0
22.4159999999974	13.6219999999994	21.7549999999974	0	0
36.7920000000013	21.9719999999979	37.7369999999937	0	0
72.476999999999	31.635000000002	75.3929999999964	0	0
47.1949999999997	37.6160000000018	35.6700000000055	0	0
61.3609999999971	28.2690000000002	62.9340000000011	0	0
20.6800000000003	7.39500000000044	20.9040000000023	0	0
47.7779999999984	26.9830000000002	45.4930000000022	0	0
22.0369999999966	9.79200000000128	24.1319999999978	0	0
28.5919999999969	21.4490000000005	21.0690000000031	0	0
159.883000000002	72.4680000000008	165.925999999999	0	0
58.510000000002	27.6340000000018	57.0149999999994	0	0
32.2350000000006	13.6399999999994	33.9599999999991	0	0
67.4830000000002	41.9189999999981	61.1530000000057	0	0
43.4819999999963	16.122000000003	48.1039999999994	0	0
61.5529999999999	42.8260000000009	51.2900000000009	0	0
97.775999999998	48.4300000000003	104.317000000003	0	0
41.653999999995	20.2989999999991	41.8570000000036	0	0
40.2910000000047	24.2200000000012	37.7669999999998	0	0
38.6460000000006	23.0879999999997	35.8759999999966	0	0
96.5889999999999	62.3189999999995	90.9210000000021	0	0
18.9830000000002	4.88299999999799	19.3729999999996	0	0
23.4449999999997	12.8209999999999	21.6529999999984	0	0
36.364999999998	19.8389999999999	39.2289999999994	0	0
37.2640000000029	24.387999999999	35.4690000000046	0	0
66.0430000000051	39.9599999999991	62.5790000000052	0	0
86.0639999999985	46.0540000000001	88.4639999999999	0	0
53.0529999999999	37.6779999999999	47.2429999999949	0	0
22.6100000000006	10.2380000000012	24.3419999999969	0	0
63.7239999999947	32.5970000000016	60.8089999999938	0	0
51.3300000000017	31.1860000000015	47.1840000000011	0	0
106.735000000001	52.6959999999999	103.118999999999	0	0
97.224000000002	43.8559999999998	93.6750000000029	0	0
41.9959999999992	18.9669999999969	39.900999999998	0	0
40.4990000000034	18.9410000000025	40.3989999999976	0	0
65.4230000000025	43.5460000000021	51.4960000000065	0	0
17.9130000000005	7.70000000000073	21.1330000000016	0	0
49.1370000000024	28.6679999999978	41.7569999999978	0	0
48.4000000000015	29.3060000000005	38.7980000000025	0	0
37.211000000003	13.9789999999994	38.5659999999989	0	0
54.3559999999998	29.5590000000011	50.4639999999999	0	0
36.612000000001	16.125	35.2920000000013	0	0
36.2339999999967	15.3590000000004	35.1519999999946	0	0
76.3719999999958	32.1229999999996	76.2649999999994	0	0
41.0449999999983	25.497000000003	32.7459999999992	0	0
34.8600000000006	20.9550000000017	29.2020000000048	0	0
42.362000000001	23.1840000000011	35.8770000000004	0	0
54.2029999999941	26.4189999999981	52.9959999999992	0	0
79.1690000000017	36.4670000000006	79.7489999999962	0	0
41.3110000000015	19.9170000000013	42.1180000000022	0	0
43.0640000000058	27.9540000000015	37.0399999999936	0	0
64.3179999999993	34.0470000000023	59.385000000002	0	0
58.7350000000006	22.1090000000004	58.7169999999969	0	0
32.9949999999953	9.46099999999933	36.252999999997	0	0
37.4939999999988	23.3199999999997	34.1719999999987	0	0
56.6260000000038	36.7780000000021	46.0239999999976	0	0
80.1749999999956	44.6620000000003	69.8050000000003	0	0
82.2169999999969	62.351999999999	64.9300000000003	0	0
57.9729999999981	29.1339999999982	56.2209999999977	0	0
101.009999999995	44.8639999999978	93.4259999999995	0	0
74.5950000000012	36.2930000000015	70.625	0	0
69.9869999999937	44.8689999999988	63.2760000000053	0	0
50.877999999997	19.0370000000003	49.4470000000001	0	0
57.823000000004	33.0639999999985	50.4279999999999	0	0
25.2890000000043	21.7200000000012	18.3600000000006	0	0
55.211000000003	28.2129999999997	50.7929999999978	0	0
32.1560000000027	11.101999999999	32.5040000000008	0	0
34.9500000000044	17.2890000000007	30.9890000000014	0	0
47.5780000000013	19.257999999998	48.5879999999961	0	0
37.3799999999974	22.0820000000022	33.6399999999994	0	0
55.4319999999934	38.9510000000009	50.7439999999988	0	0
62.4130000000005	37.0529999999999	53.7949999999983	0	0
25.9700000000012	16.4440000000031	20.6549999999988	0	0
41.1540000000023	23.6349999999984	39.2230000000054	0	0
48.2669999999998	29.4799999999996	42.3300000000017	0	0
44.6280000000042	32.382999999998	42.3179999999993	0	0
16.3190000000031	6.57400000000052	18.0449999999983	0	0
29.0789999999979	10.2799999999988	28.0959999999977	0	0
65.0959999999977	24.7379999999976	61.0919999999969	0	0
53.474000000002	30.0400000000009	48.6059999999998	0	0
43.3689999999988	22.6670000000013	39.5769999999975	0	0
56.9609999999957	29.5010000000038	59.4660000000003	0	0
20.1729999999952	4.19900000000052	24.1979999999967	0	0
22.7359999999971	9.09399999999732	27.3530000000028	0	0
120.061000000002	99.663999999997	105.331999999995	0	0
65.4650000000038	60.1870000000054	56.375	0	0
43.0170000000071	32.4369999999981	39.5360000000001	0	0
23.7660000000033	14.3209999999963	25.8070000000007	0	0
100.252	55.109000000004	105.470000000001	0	0
47.2400000000052	41.400999999998	41.4709999999977	0	0
56.8440000000046	27.7830000000031	62.0460000000021	0	0
49.5720000000001	28.6889999999985	47.6119999999937	0	0
34.4420000000027	18.1829999999973	30.9430000000066	0	0
81.0090000000055	32.2710000000006	79.7520000000004	0	0
63.333000000006	42.4669999999969	56.0570000000007	0	0
42.1619999999966	30.1689999999944	32.8130000000019	0	0
41.487000000001	28.0190000000002	38.1450000000041	0	0
61.663999999997	34.7139999999999	60.9130000000005	0	0
79.7739999999976	60.2899999999936	77.8269999999975	0	0
91.4639999999999	59.9029999999984	89.8459999999977	0	0
49.8609999999971	42.3029999999999	42.4250000000029	0	0
143.084000000003	86.2569999999978	145.139999999999	0	0
44.3430000000008	24.3380000000034	46.5149999999994	0	0
96.5430000000051	94.2160000000003	76.7010000000009	0	0
80.1369999999952	37.0819999999949	86.1219999999958	0	0
109.951000000001	67.6100000000006	116.122000000003	0	0
72.1569999999992	43.0349999999962	71.7550000000047	0	0
72.2130000000034	42.5440000000017	70.2860000000001	0	0
104.394	52.2200000000012	105.781000000003	0	0
59.3929999999964	26.4110000000001	57.6049999999959	0	0
81.9910000000018	46.239999999998	84.6589999999997	0	0
62.989999999998	30.2020000000048	61.1189999999988	0	0
43.1790000000037	16.9249999999956	41.9110000000001	0	0
115.826000000001	67.9219999999987	120.620999999999	0	0
99.1890000000058	85.4669999999969	80.7699999999968	0	0
68.1849999999977	45.476999999999	65.8119999999981	0	0
52.0659999999989	36.9570000000022	52.2409999999945	0	0
42.426999999996	31.890999999996	29.0349999999962	0	0
69.4559999999983	38.7410000000018	62.2799999999988	0	0
64.9289999999964	39.788999999997	63.2119999999995	0	0
60.2540000000008	36.4990000000034	58.0390000000043	0	0
76.4130000000005	46.2819999999992	65.7479999999996	0	0
51.9930000000022	44.9370000000054	37.2289999999994	0	0
90.6839999999938	53.9000000000015	81.3569999999963	0	0
72.1270000000004	22.6859999999942	74.2909999999974	0	0
36.5829999999987	23.0330000000031	32.2139999999999	0	0
37.6670000000013	14.637999999999	37.6859999999942	0	0
63.1560000000027	35.3589999999967	54.9660000000003	0	0
55.7870000000039	24.2419999999984	53.737000000001	0	0
39.1730000000025	13.8220000000001	36.9449999999997	0	0
44.6829999999973	29.1610000000001	39.1719999999987	0	0
64.3249999999971	36.0180000000037	57.8799999999974	0	0
61.8190000000031	28.2379999999976	55.3639999999941	0	0
31.8070000000007	12.6399999999994	31.4270000000033	0	0
53.4079999999958	19.9110000000001	55.9080000000031	0	0
17.7309999999998	5.42499999999563	18.8090000000011	0	0
39.356000000007	16.6790000000037	37.4719999999943	0	0
40.5679999999993	25.7119999999995	36.9309999999969	0	0
36.7450000000099	23.4150000000009	31.9300000000003	0	0
62.3910000000033	32.6229999999996	56.5319999999992	0	0
59.1179999999877	30.1849999999977	57.2850000000035	0	0
52.1089999999967	26.0049999999974	51.5330000000031	0	0
79.0149999999994	33.9650000000038	73.2189999999973	0	0
34.5320000000065	26.3589999999967	29.0910000000003	0	0
75.6929999999993	29.1109999999971	70.0590000000011	0	0
18.9419999999955	8.52899999999499	15.4320000000007	0	0
78.5749999999971	36.400999999998	67.1359999999986	0	0
81.1299999999901	38.226999999999	76.6410000000033	0	0
19.4159999999974	10.7580000000016	19.1990000000005	0	0
18.5490000000136	6.83200000000215	18.5939999999973	0	0
40.291000000012	20.5889999999999	36.6259999999966	0	0
60.0969999999943	29.3110000000015	50.9820000000036	0	0
37.5849999999919	19.8209999999963	33.1189999999988	0	0
57.2599999999948	29.8790000000008	47.7160000000003	0	0
79.9609999999957	37.1070000000036	71.9700000000012	0	0
34.5339999999997	18.1650000000009	30.0329999999958	0	0
37.1750000000029	15.8209999999963	36.7069999999949	0	0
73.9630000000034	31.6030000000028	65.9350000000049	0	0
24.6310000000085	17.3969999999972	21.224000000002	0	0
30.429999999993	13.9979999999996	27.5330000000031	0	0
81.0570000000007	35.5309999999954	72.5910000000003	0	0
31.3699999999953	14.2669999999998	28.3660000000018	0	0
51.3479999999981	32.836000000003	43.1039999999921	0	0
38.8740000000107	20.0340000000069	32.7710000000079	0	0
60.6090000000113	31.7160000000003	53.0939999999973	0	0
61.1300000000047	33.836000000003	51.4239999999991	0	0
33.8640000000014	17.3860000000059	32.0200000000041	0	0
56.4919999999984	35.9389999999985	48.4550000000017	0	0
31.1770000000106	17.622000000003	26.1129999999976	0	0
31.8099999999977	10.8050000000003	30.2810000000027	0	0
50.4300000000076	25.0509999999995	43.2700000000041	0	0
56.6390000000101	34.9120000000039	45.6280000000115	0	0
31.5	12.3410000000003	29.2679999999964	0	0
50.4709999999905	16.1209999999992	48.601999999999	0	0
55.8889999999956	22.851999999999	51.0349999999889	0	0
53.0060000000085	33.9830000000002	42.2990000000136	0	0
37.8270000000048	18.4309999999969	33.80799999999	0	0
59.0439999999944	32.804999999993	51.1929999999993	0	0
102.323000000004	62.0799999999945	85.747000000003	0	0
40.0900000000111	27.4389999999985	30.3469999999943	0	0
53.0590000000084	23.377999999997	53.2259999999951	0	0
42.3029999999999	24.8039999999964	34.6450000000041	0	0
74.1879999999946	41.2260000000024	63.5880000000034	0	0
55.226999999999	20.7419999999984	53.8240000000078	0	0
17.7160000000003	9.32100000000355	16.778999999995	0	0
126.892999999996	96.1010000000024	93.8969999999972	0	0
66.974000000002	47.989999999998	52.6009999999951	0	0
45.4370000000054	26.7649999999994	36.8790000000008	0	0
46.1240000000107	20.9029999999984	41.0740000000078	0	0
36.3600000000006	22.1650000000009	31.7490000000107	0	0
69.8770000000077	38.9409999999989	60.4260000000068	0	0
29.5469999999914	11.5299999999988	26.323000000004	0	0
43.5489999999991	26.4309999999969	34.8380000000034	0	0
48.2130000000034	26.5309999999954	43.3579999999929	0	0
19.0679999999993	8.20799999999872	17.5749999999971	0	0
50.9750000000058	23.2860000000001	42.2510000000038	0	0
73.3960000000079	31.9959999999992	71.1239999999962	0	0
21.1159999999945	13.6750000000029	16.9919999999984	0	0
41.8369999999995	19.1960000000036	37.8929999999964	0	0
65.5559999999969	35.4310000000041	55.4220000000059	0	0
35.3380000000034	24.3389999999999	28.5090000000055	0	0
53.7600000000093	28.0980000000054	46.627999999997	0	0
39.7489999999962	24.8240000000005	35.2019999999902	0	0
55.3059999999969	34.1979999999967	45.9979999999923	0	0
56.8120000000054	34.510000000002	46.3410000000003	0	0
81.7700000000041	43.5520000000033	70.3740000000107	0	0
53.656999999992	24.1160000000018	49.8000000000029	0	0
70.5460000000021	45.8240000000005	55.4809999999998	0	0
78.8369999999995	39.0040000000008	65.0780000000086	0	0
36.7430000000022	14.8449999999939	34.9249999999884	0	0
47.3910000000033	19.4309999999969	45.9099999999889	0	0
51.7619999999879	35.7279999999955	40.0339999999997	0	0
57.8770000000077	28.4869999999937	51.531999999992	0	0
48.224000000002	29.8229999999967	39.0040000000008	0	0
32.278999999995	14.4559999999983	26.6729999999952	0	0
31.2140000000072	14.7969999999987	29.0599999999977	0	0
41.502999999997	23.984000000004	34.3390000000072	0	0
42.2229999999981	20.4660000000003	35.4720000000088	0	0
49.497000000003	36.0020000000004	39.2119999999995	0	0
67.5770000000048	29.2280000000028	62.2949999999983	0	0
36.5589999999938	14.7639999999956	34.2179999999935	0	0
51.5249999999942	26.9920000000056	45.2590000000055	0	0
20.6270000000077	9.13199999999779	17.5279999999912	0	0
49.0749999999971	31.1100000000006	38.0069999999978	0	0
34.7430000000022	16.1880000000019	28.4809999999998	0	0
49.3880000000063	35.7590000000055	37.2929999999906	0	0
38.2440000000061	18.135000000002	35.7929999999906	0	0
17.6290000000008	5.49199999999837	15.1919999999955	0	0
33.349000000002	20.0930000000008	29.9360000000015	0	0
40.2250000000058	26.1549999999988	34.3479999999981	0	0
58.968000000008	40.872000000003	43.8570000000036	0	0
32.9839999999967	19.5900000000038	29.9249999999884	0	0
66.6989999999932	30.4890000000014	60.2409999999945	0	0
49.198000000004	35.1390000000029	39.1059999999998	0	0
72.4930000000022	41.3790000000008	59.4829999999929	0	0
75.7339999999967	31.9879999999976	70.0129999999917	0	0
41.5189999999857	31.8439999999973	28.8220000000001	0	0
38.5300000000134	19.0609999999942	32.9879999999976	0	0
34.2270000000135	19.5970000000016	27.9049999999988	0	0
122.609000000011	52.1460000000006	112.504000000001	0	0
65.6689999999944	24.4419999999955	59.9159999999974	0	0
34.6000000000058	18.9420000000027	27.3910000000033	0	0
63.4609999999957	40.3870000000024	53.2139999999927	0	0
84.9819999999891	49.8370000000068	70.0210000000079	0	0
22.7090000000026	12.2119999999995	20.070000000007	0	0
98.5060000000085	43.7369999999937	85.7599999999948	0	0
44.6380000000063	24.0120000000024	34.346000000005	0	0
23.6190000000061	13.5829999999987	20.2069999999949	0	0
37.7209999999905	14.5009999999966	34.3870000000024	0	0
36.5100000000093	27.3309999999983	30.3859999999986	0	0
48.0780000000086	21.3970000000045	43.2160000000003	0	0
77.8969999999972	31.7130000000034	69.9560000000056	0	0
67.7189999999973	29.3510000000024	64.3359999999957	0	0
47.3809999999939	19.1549999999988	42.0720000000001	0	0
87.7929999999906	45.760000000002	68.8260000000009	0	0
71.5339999999997	23.7050000000017	66.7739999999903	0	0
41.6880000000092	21.2050000000017	35.2169999999896	0	0
81.1889999999985	44.2379999999976	71.9860000000044	0	0
64.2339999999967	34.6690000000017	52.1059999999998	0	0
57.8089999999938	25.2520000000004	53.1240000000107	0	0
99.3830000000016	55.0880000000034	83.0240000000049	0	0
61.2899999999936	36.0610000000015	52.8189999999886	0	0
18.9600000000064	7.98300000000017	16.8240000000078	0	0
62.4510000000009	40.3329999999987	49.4239999999991	0	0
139.979000000007	75.4150000000009	122.833999999988	0	0
35.9539999999979	15.3559999999998	33.5889999999927	0	0
15.5179999999964	4.02400000000489	14.2389999999868	0	0
18.9660000000003	8.36699999999837	16.3059999999969	0	0
67.031999999992	34.9400000000023	55.6730000000098	0	0
79.1040000000066	35.2799999999988	70.4400000000023	0	0
52.0449999999983	41.0250000000015	37.8379999999888	0	0
48.1789999999892	39.2039999999979	30.976999999999	0	0
103.921000000002	69.1680000000051	84.6070000000036	0	0
40.0829999999987	20.0570000000007	36.1059999999998	0	0
43.2899999999936	26.0239999999976	33.9820000000036	0	0
32.3320000000094	16.4780000000028	26.4120000000112	0	0
36.8020000000106	13.5869999999995	33.7700000000041	0	0
72.8949999999895	29.5080000000016	69.6840000000084	0	0
77.7909999999974	33.8479999999981	72.0659999999916	0	0
47.8110000000015	35.0380000000005	35.9890000000014	0	0
34.4529999999941	7.3289999999979	33.6140000000014	0	0
53.9560000000056	19.349000000002	50.1670000000013	0	0
35.8680000000022	25.0570000000007	25.7229999999981	0	0
34.6889999999985	16.9330000000045	30.4879999999976	0	0
50.804999999993	19.247000000003	50.8359999999957	0	0
39.221000000005	28.7180000000008	30.1120000000083	0	0
56.0400000000081	25.3689999999988	48.5810000000056	0	0
65.6459999999934	35.3479999999981	56.5500000000029	0	0
84.1440000000002	53.3179999999993	69.1420000000071	0	0
82.6140000000014	50.125	66.7619999999879	0	0
21.1100000000006	11.7030000000013	16.7430000000022	0	0
51.7130000000034	29.5729999999967	43.5969999999943	0	0
45.1729999999952	28.573000000004	36.6070000000036	0	0
18.6839999999938	8.37700000000041	16.6499999999942	0	0
47.6520000000019	28.1620000000039	38.502999999997	0	0
61.1879999999946	34.3009999999995	53.5149999999994	0	0
16.8850000000093	5.20300000000134	15.9869999999937	0	0
62.5529999999999	40.7079999999987	54.724000000002	0	0
46.7850000000035	25.3189999999959	38.4230000000098	0	0
68.8119999999908	29.2960000000021	84.8410000000003	0	0
102.922999999995	37.6430000000037	145.781999999992	0	0
92.2949999999983	34.4150000000009	110.482000000004	0	0
80.7280000000028	30.8039999999964	97.8530000000028	0	0
109.00499999999	61.5249999999942	117.875	0	0
59.875	22.1140000000014	74.8319999999949	0	0
71.8879999999917	22.4159999999974	85.9449999999924	0	0
46.7339999999967	21.541999999994	61.3949999999895	0	0
37.9250000000029	13.3899999999994	47.1349999999948	0	0
97.955999999991	52.734000000004	108.880999999994	0	0
39.8410000000003	20.2699999999968	39.221000000005	0	0
62.4660000000003	34.6210000000065	54.3059999999969	0	0
62.6219999999885	38.7819999999992	48.7859999999928	0	0
31.877999999997	11.2560000000012	29.426999999996	0	0
59.3429999999935	34.7560000000012	45.9270000000106	0	0
28.0720000000001	12.1920000000027	24.6729999999952	0	0
99.4679999999935	52.6510000000053	83.9660000000003	0	0
65.4349999999977	41.6710000000021	50.6570000000065	0	0
42.9490000000078	29.5740000000005	32.7609999999986	0	0
38.6070000000036	23.4559999999983	33.4139999999898	0	0
57.9349999999977	31.3119999999981	51.7589999999909	0	0
35.4349999999977	10.8669999999984	35.5559999999969	0	0
53.0880000000034	23.8859999999986	52.8319999999949	0	0
44.8189999999886	28.2860000000001	32.3680000000022	0	0
33.9330000000045	21.9400000000023	28.875	0	0
57.5720000000001	38.0699999999997	45.5240000000049	0	0
34.502999999997	21.3759999999966	28.5770000000048	0	0
36.4149999999936	12.8790000000008	35.976999999999	0	0
50.3640000000014	21.1029999999955	47.7880000000005	0	0
57.2319999999891	34.7249999999985	47.8450000000012	0	0
38.4799999999959	17.1939999999959	35.4119999999966	0	0
28.8390000000072	15.5950000000012	25.4159999999974	0	0
41.0910000000003	23.163999999997	34.6330000000016	0	0
37.6460000000079	15.9230000000025	35.2839999999997	0	0
101.358000000007	69.0780000000013	92.2799999999988	0	0
83.218000000008	66.4540000000052	65.1069999999891	0	0
122.820999999996	57.5060000000012	123.134000000005	0	0
67.2179999999935	50.4160000000047	58.2660000000033	0	0
41.9110000000073	18.8320000000022	44.7770000000019	0	0
99.4600000000064	70.2409999999945	79.4930000000022	0	0
85.7960000000021	54.5959999999977	77.2900000000081	0	0
56.7060000000056	26.0810000000056	56.0339999999997	0	0
44.8479999999981	26.9040000000023	43.7590000000055	0	0
40.4619999999995	16.5539999999964	46.3739999999962	0	0
59.3179999999993	19.2150000000038	63.625	0	0
78.224000000002	32.9210000000021	81.8549999999959	0	0
51.2449999999953	38.9859999999971	41.3509999999951	0	0
23.6749999999884	12.9449999999997	23.7060000000056	0	0
83.5089999999909	43.051999999996	84.8660000000091	0	0
73.3390000000072	34.9459999999963	65.7409999999945	0	0
16.4089999999997	4.70700000000215	16.5249999999942	0	0
47.8380000000034	23.3169999999955	48.5179999999964	0	0
50.7820000000065	24.3849999999948	51.3650000000052	0	0
69.8910000000033	36.3570000000036	58.150999999998	0	0
73.0290000000095	37.4620000000068	66.2449999999953	0	0
38.1739999999991	13.6059999999998	37.5570000000007	0	0
38.4719999999943	18.6560000000027	39.2609999999986	0	0
20.6440000000002	7.31399999999849	18.8989999999903	0	0
37.0800000000017	19.4349999999977	35.3349999999919	0	0
37.1209999999992	24.8379999999961	33.5040000000008	0	0
67.6049999999959	41.1489999999976	60.1239999999962	0	0
62.804999999993	34.5619999999981	56.7540000000008	0	0
21.9369999999908	13.3870000000024	19.8479999999981	0	0
66.6610000000073	45.8679999999949	50.875	0	0
22.4170000000013	9.04099999999744	22.4780000000028	0	0
67.3999999999942	37.0859999999957	58.4579999999987	0	0
68.5950000000012	46.6419999999998	58.5190000000002	0	0
23.4799999999959	17.7019999999975	18.773000000001	0	0
21.6180000000022	16.275999999998	19.4159999999974	0	0
49.7090000000026	28.234000000004	44.6460000000079	0	0
41.5950000000012	17.7989999999991	37.6549999999988	0	0
61.0599999999977	27.4189999999944	54.4059999999881	0	0
69.6079999999929	46.9789999999994	57.1140000000014	0	0
81.4170000000013	48.7729999999938	70.6889999999985	0	0
51.7260000000097	24.25	50.3600000000006	0	0
32.6759999999922	14.9069999999992	29.7200000000012	0	0
62.0589999999938	38.3199999999997	53.8830000000016	0	0
25.833999999988	17.2800000000061	21.8150000000023	0	0
42.1169999999984	24.8440000000046	38.4449999999924	0	0
69.2260000000097	40.663999999997	58.9100000000035	0	0
36.8499999999913	24.4650000000038	28.6110000000044	0	0
24.2370000000083	18.2959999999948	20.2419999999984	0	0
63.2839999999997	37.2009999999937	53.2709999999934	0	0
20.5420000000013	9.54299999999785	19.0500000000029	0	0
24.4850000000006	20.5809999999983	18.0599999999977	0	0
36.4400000000023	20.1200000000026	30.3070000000007	0	0
40.1420000000071	18.6860000000015	36.9820000000036	0	0
68.5	51.8600000000006	52.2060000000056	0	0
65.398000000001	37.3770000000004	55.6809999999969	0	0
72.3169999999955	34.0869999999995	69.278999999995	0	0
59.650999999998	36.0839999999953	52.2640000000101	0	0
41.3690000000061	22.2920000000013	37.6330000000016	0	0
84.2859999999928	58.208000000006	69.1879999999946	0	0
36.8289999999979	17.9700000000012	38.6929999999993	0	0
58.7930000000051	46.8960000000006	47.573000000004	0	0
29.7780000000057	16.1370000000024	28.5270000000019	0	0
39.8359999999957	18.7019999999975	36.7649999999994	0	0
19.8700000000099	8.39600000000064	20.7419999999984	0	0
63.1309999999939	38.2030000000013	57.8429999999935	0	0
44.4600000000064	26.9890000000014	36.9820000000036	0	0
40.9850000000006	24.252999999997	36.2299999999959	0	0
78.5779999999941	53.9049999999988	61.6779999999999	0	0
59.6670000000013	29.2379999999976	54.3790000000008	0	0
47.2109999999957	33.3739999999962	41.3909999999887	0	0
55.7630000000063	22.4130000000005	54.1989999999932	0	0
91.7280000000028	32.6829999999973	92.8889999999956	0	0
22.0160000000033	10.1059999999998	20.1209999999992	0	0
65.9830000000075	42.1549999999988	59.7519999999931	0	0
79.8399999999965	41.0409999999974	70.9490000000078	0	0
88.0969999999943	47.1470000000045	87.7200000000012	0	0
79.1640000000043	35.6189999999988	77.372000000003	0	0
41.1119999999937	16.6759999999995	40.7540000000008	0	0
46.9619999999995	32.7609999999986	40.7459999999992	0	0
80.2099999999919	40.1710000000021	75.1740000000136	0	0
99.7020000000048	49.8859999999986	90.8179999999993	0	0
31.1430000000109	15.8910000000033	30.474000000002	0	0
35.5500000000029	19.4619999999995	29.1750000000029	0	0
59.5310000000027	31.7949999999983	55.4510000000009	0	0
55.023000000001	37.109000000004	46.2580000000016	0	0
39.7550000000047	21.0020000000004	36.9379999999946	0	0
96.0099999999948	48.8369999999995	88.622000000003	0	0
55.1239999999962	28.237000000001	52.5969999999943	0	0
49.8289999999979	18.8969999999972	49.3420000000042	0	0
21.3510000000097	11.8899999999994	18.3369999999995	0	0
74.275999999998	33.635000000002	68.7790000000095	0	0
50.9070000000065	36.6450000000041	38.5470000000059	0	0
17.4379999999946	2.61499999999796	19.2390000000014	0	0
59.1670000000013	27.5679999999993	58.4119999999966	0	0
47.2469999999885	30.4210000000021	37.903999999995	0	0
33.3250000000116	14.4380000000019	33.476999999999	0	0
38.8920000000071	22.8440000000046	33.4689999999973	0	0
42.4780000000028	21.872000000003	36.4749999999913	0	0
20.5280000000057	13.3989999999976	16.6549999999988	0	0
45.8300000000017	24.1940000000031	35.8640000000014	0	0
100.478000000003	51.8340000000026	86.3130000000092	0	0
87.625	51.5089999999982	75.8660000000091	0	0
42.4529999999941	26.3969999999972	32.1410000000033	0	0
35.0999999999913	19.640999999996	29.218000000008	0	0
58.8899999999994	31.8790000000008	51.0690000000031	0	0
33.6900000000023	16.7320000000036	25.8690000000061	0	0
89.2680000000109	50.4860000000044	72.1119999999937	0	0
55.5899999999965	26.3149999999951	48.252999999997	0	0
77.1429999999964	33.7160000000003	69.0080000000016	0	0
68.5219999999972	38.3940000000002	53.551999999996	0	0
33.9780000000028	12.5800000000017	30.872000000003	0	0
48.8579999999929	20.1999999999971	42.1359999999986	0	0
57.0950000000012	37.0060000000012	45.9070000000065	0	0
60.6410000000033	37.1869999999981	46.0260000000126	0	0
39.2660000000033	23.6909999999989	31.778999999995	0	0
32.8289999999979	19.903999999995	24.0890000000072	0	0
41.3760000000038	26.8470000000016	31.0489999999991	0	0
35.5250000000087	15.4060000000027	31.0429999999906	0	0
73.5080000000016	35.0040000000008	58.9279999999999	0	0
19.7369999999937	9.59900000000198	17.0339999999997	0	0
60.2320000000036	29.4690000000046	49.4880000000121	0	0
47.5130000000063	22.1670000000013	37.3530000000028	0	0
42.6440000000002	23.7040000000052	34.7359999999899	0	0
58.1779999999999	32.5920000000042	45.7419999999984	0	0
32.0010000000038	19.2410000000018	25.3389999999927	0	0
15.8620000000083	4.79699999999866	12.9619999999995	0	0
37.3270000000048	17.9320000000007	30.4959999999992	0	0
54.9609999999957	40.9500000000044	38.9700000000012	0	0
85.4570000000094	35.8569999999963	74.4179999999906	0	0
72.4869999999937	36.2180000000008	57.9679999999935	0	0
45.1440000000002	19.6899999999951	37.7629999999917	0	0
31.1499999999942	6.60199999999895	28.5110000000132	0	0
66.8780000000115	23.9849999999933	58.5690000000031	0	0
48.8739999999962	24.3199999999997	38.5139999999956	0	0
43.5509999999922	23.898000000001	35.9079999999958	0	0
40.4640000000072	17.7560000000012	33.002999999997	0	0
28.9439999999886	12.8470000000016	24.9520000000048	0	0
27.1820000000007	12.5250000000015	23.6760000000068	0	0
42.5170000000071	23.9059999999954	32.9600000000064	0	0
35.3899999999994	19.6419999999998	29.1110000000044	0	0
63.0190000000002	22.8579999999929	53.7769999999873	0	0
31.025999999998	14.1970000000001	22.8740000000107	0	0
15.5040000000008	2.91999999999825	14.0280000000057	0	0
42.689000000013	19.3870000000024	36.4949999999953	0	0
51.0449999999983	24.8009999999995	39.9119999999966	0	0
77.6230000000069	27.6920000000027	65.2330000000075	0	0
50.2930000000051	21.4119999999966	39.051999999996	0	0
44.1490000000049	20.510000000002	32.8300000000017	0	0
29.4020000000019	12.2719999999972	24.3410000000003	0	0
43.1499999999942	20.4749999999985	31.1659999999974	0	0
37.2459999999992	16.7089999999953	25.7479999999923	0	0
39.3960000000079	15.1789999999964	29.0869999999995	0	0
13.4590000000026	5.86499999999796	11.3739999999962	0	0
39.9809999999998	16.5450000000055	30.1440000000002	0	0
20.4370000000054	7.92199999999866	18.0630000000092	0	0
52.4059999999881	23.4800000000032	37.455999999991	0	0
41.1079999999929	15.474000000002	30.2070000000094	0	0
28.0590000000084	11.5900000000038	21.0040000000008	0	0
33.9320000000007	12.2380000000048	25.8270000000048	0	0
34.7909999999974	11.726999999999	26.1190000000061	0	0
40.3760000000038	16.0420000000013	27.0979999999981	0	0
28.1089999999967	11.7170000000042	19.1310000000085	0	0
14.9089999999997	5.75800000000163	10.1330000000016	0	0
21.8089999999938	10.6630000000005	16.5219999999972	0	0
45.5360000000073	16.166999999994	33.5370000000112	0	0
34.3159999999916	11.8430000000008	25.6759999999922	0	0
48.0149999999994	15.1219999999958	35.5149999999994	0	0
68.5449999999983	27.1710000000021	49.0269999999873	0	0
39.3240000000078	12.8040000000037	29.3559999999998	0	0
22.6540000000095	8.99400000000605	16.2649999999994	0	0
38.6739999999991	10.5190000000002	28.929999999993	0	0
22.3369999999995	8.20900000000256	15.7999999999884	0	0
24.2140000000072	8.99599999999919	16.0999999999913	0	0
45.8310000000056	16.9530000000013	32.3600000000006	0	0
48.9600000000064	16.8509999999951	35.9660000000003	0	0
28.3500000000058	10.8539999999994	19.476999999999	0	0
61.6729999999952	19.3119999999981	45.2449999999953	0	0
34.5510000000068	13.5279999999984	23.4979999999923	0	0
42.5240000000049	15.2450000000026	30.2260000000097	0	0
47.1239999999962	16.3740000000034	34.3369999999995	0	0
52.1130000000121	15.2090000000026	39.1860000000015	0	0
47.1200000000099	15.6700000000055	35.2119999999995	0	0
43.4449999999924	16.3780000000042	30.4109999999928	0	0
24.7649999999994	9.43899999999849	17.648000000001	0	0
22.2299999999959	8.65499999999884	15.6209999999992	0	0
26.2229999999981	7.78300000000309	19.6169999999984	0	0
26.9550000000017	8.25200000000041	19.9250000000029	0	0
51.9019999999873	16.3609999999971	38.9909999999945	0	0
22.974000000002	8.33200000000215	16.3709999999992	0	0
38.1699999999983	13.6500000000015	27.6429999999964	0	0
26.4720000000088	7.44799999999668	19.9649999999965	0	0
50.0120000000024	15.6410000000033	36.976999999999	0	0
13.2859999999928	3.99899999999616	10.3159999999916	0	0
23.0270000000019	8.88299999999435	16.1310000000085	0	0
23.1190000000061	9.29100000000471	16.1900000000023	0	0
31.6589999999997	15.1869999999981	21.1999999999971	0	0
36.1739999999991	12.2119999999995	26.0349999999889	0	0
50.4729999999981	18.0249999999942	36.2880000000005	0	0
32.3850000000093	12.3240000000005	22.1689999999944	0	0
65.1190000000061	18.7039999999979	49.3040000000037	0	0
27.8799999999901	9.58299999999872	20.2410000000091	0	0
57.9499999999971	18.6050000000032	43.4879999999976	0	0
24.7799999999988	8.11499999999796	17.3270000000048	0	0
33.8459999999905	11.0049999999974	26.8910000000033	0	0
12.8729999999923	3.5769999999975	9.82600000000093	0	0
45.2020000000048	17.2910000000047	31.4319999999861	0	0
63.3830000000016	21.1310000000012	45.0940000000119	0	0
25.7200000000012	7.6710000000021	19.877999999997	0	0
47.375	17.1970000000001	35.3640000000014	0	0
52.4279999999999	15.961000000003	39.68299999999	0	0
39.0200000000041	13.976999999999	27.0219999999972	0	0
26.3799999999901	7.39899999999761	19.7010000000009	0	0
36.377999999997	12.9289999999964	25.3649999999907	0	0
51.6750000000029	17.3040000000037	39.4510000000009	0	0
30.8289999999979	11.7860000000001	20.3459999999905	0	0
23.099000000002	8.34499999999389	15.9199999999983	0	0
25.8410000000003	7.90800000000309	19.650999999998	0	0
42.1199999999953	15.0210000000006	29.599000000002	0	0
24.5479999999952	10.7479999999996	17.2830000000104	0	0
39.7540000000008	11.8610000000044	29.9780000000028	0	0
13.4309999999969	3.85800000000017	10.1909999999916	0	0
29.0019999999931	11.4789999999994	20.0859999999957	0	0
25.9619999999995	7.88100000000122	19.7839999999997	0	0
27.0710000000108	10.1610000000001	20.1079999999929	0	0
32.3729999999923	13.2019999999975	21.5280000000057	0	0
15.7390000000014	7.24700000000303	10.5829999999987	0	0
37.648000000001	10.6399999999994	29.3999999999942	0	0
48.4539999999979	16.0610000000015	34.8240000000078	0	0
23.0770000000048	8.02700000000186	16.1460000000079	0	0
36.3859999999986	12.5380000000005	26.4549999999872	0	0
27.1299999999901	10.260000000002	19.2569999999978	0	0
26.3209999999963	10.3889999999956	20.1549999999988	0	0
12.0480000000098	2.92799999999988	9.90800000001036	0	0
21.4800000000105	7.79899999999907	15.9290000000037	0	0
44.8089999999938	20.5180000000037	28.8240000000078	0	0
23.4919999999984	9.0789999999979	16.1169999999984	0	0
13.2869999999966	4.0769999999975	10.1570000000065	0	0
23.9980000000069	8.23500000000058	16.9470000000001	0	0
23.5239999999903	11.7920000000013	16.5329999999958	0	0
52.843000000008	19.7750000000015	36.4210000000021	0	0
38.4470000000001	11.5380000000005	29.1520000000019	0	0
22.9409999999916	7.85499999999593	16.0430000000051	0	0
45.3129999999946	17.9579999999987	31.0599999999977	0	0
22.5739999999932	8.56599999999889	16.0489999999991	0	0
36.0940000000119	11.7560000000012	25.6889999999985	0	0
26.0200000000041	7.40200000000186	19.9250000000029	0	0
13.7399999999907	4.39099999999598	10.0849999999919	0	0
36.8570000000036	12.2350000000006	26.9370000000054	0	0
30.5829999999987	11.1260000000038	21.1600000000035	0	0
26.8930000000109	6.79899999999907	20.1309999999939	0	0
75.8260000000009	25.2020000000048	55.900999999998	0	0
13.5179999999964	4.78500000000349	10.125	0	0
53.1839999999938	18.4639999999999	38.9919999999984	0	0
13.0489999999991	4.49099999999453	10.0790000000125	0	0
55.4980000000069	18.7360000000044	43.2020000000048	0	0
26.5229999999865	11.5529999999999	18.1410000000033	0	0
38.9219999999914	16.9820000000036	27.0409999999974	0	0
26.2350000000006	7.43900000000576	20.2340000000113	0	0
35.3470000000088	11.291999999994	25.224000000002	0	0
78.4969999999885	24.1359999999986	58.4990000000107	0	0
24.9410000000062	7.8859999999986	17.9499999999971	0	0
63.6119999999937	22.1070000000036	45.7469999999885	0	0
45.4790000000066	17.5679999999993	31.8090000000084	0	0
54.3600000000006	17.7479999999996	39.2140000000072	0	0
53.9089999999997	18.7560000000012	40.2079999999987	0	0
22.525999999998	7.6620000000039	15.9229999999952	0	0
59.8300000000017	22.2479999999996	41.6530000000057	0	0
36.9300000000076	12.0190000000002	26.9719999999943	0	0
23.2709999999934	8.35100000000239	16.8859999999986	0	0
23.1260000000038	9.05900000000111	16.0339999999997	0	0
56.400999999998	19.346000000005	41.0010000000038	0	0
