1.396	0.51	1.508	0	0
1.131	0.647	1.488	0	0
1.037	0.396999999999999	1.418	0	0
2.539	1.506	3.245	0	0
1.696	1.525	1.643	0	0
2.419	3.306	2.205	0	0
1.82400000000001	1.832	1.701	0	0
2.015	2.219	2.522	0	0
1.104	0.320999999999998	1.731	0	0
2.757	4.38	3.165	0	0
1.172	0.780000000000001	1.27199999999999	0	0
1.129	0.663999999999994	1.488	0	0
1.098	0.760999999999996	1.303	0	0
1.54900000000001	1.593	1.575	0	0
1.396	1.216	2.051	0	0
1.455	1.097	1.379	0	0
1.718	1.955	1.794	0	0
1.81399999999999	1.866	2	0	0
1.041	0.359000000000002	1.43600000000001	0	0
1.59999999999999	1.332	1.746	0	0
1.458	1.166	1.735	0	0
1.771	1.958	1.81399999999999	0	0
1.03800000000001	0.617000000000004	1.251	0	0
1.23099999999999	0.98299999999999	1.32899999999999	0	0
2.166	2.708	2.61199999999999	0	0
2.077	2.52500000000001	2.07600000000002	0	0
1.11500000000001	0.445000000000007	1.21199999999999	0	0
1.77500000000001	1.771	2.09100000000001	0	0
1.801	1.86000000000001	1.80900000000003	0	0
1.57899999999999	1.741	1.54499999999999	0	0
1.20099999999999	0.844000000000008	1.42700000000002	0	0
1.37700000000001	1.292	1.57300000000001	0	0
2.065	2.515	2.12799999999999	0	0
2.11000000000001	2.255	2.26500000000001	0	0
1.57000000000002	1.625	1.76400000000001	0	0
1.916	2.316	1.96799999999999	0	0
2.10799999999998	2.69799999999999	2.06100000000001	0	0
1.27000000000001	0.929000000000002	1.41499999999999	0	0
1.262	0.777000000000001	1.77499999999998	0	0
1.08200000000002	0.564999999999998	1.303	0	0
1.60500000000002	1.452	1.80200000000002	0	0
1.30100000000002	0.771000000000015	1.601	0	0
1.18299999999999	0.549000000000007	1.32999999999998	0	0
1.26499999999999	0.721000000000004	1.47800000000001	0	0
2.73099999999999	3.61100000000002	2.84	0	0
2.01499999999999	1.99800000000002	2.17000000000002	0	0
2.22400000000002	2.875	2.42599999999999	0	0
2.33099999999999	3.07400000000001	2.31700000000001	0	0
1.85300000000001	2.18899999999999	1.74499999999998	0	0
1.684	1.91900000000001	1.53299999999999	0	0
1.136	0.585999999999984	1.51400000000001	0	0
1.179	0.709000000000003	1.77599999999998	0	0
1.279	0.834000000000003	1.33800000000002	0	0
1.49299999999999	1.44300000000001	1.392	0	0
1.59900000000002	1.529	1.60199999999998	0	0
2.15700000000001	2.92699999999999	2.06	0	0
1.428	0.939999999999998	1.48000000000002	0	0
2.774	3.91899999999998	2.524	0	0
1.55799999999999	1.374	1.71699999999998	0	0
1.643	1.56	1.97300000000001	0	0
0.97999999999999	0.419000000000011	1.42400000000004	0	0
1.113	0.407000000000011	1.40100000000001	0	0
0.970999999999975	0.205000000000013	1.17599999999999	0	0
1.00599999999997	0.329000000000008	1.452	0	0
1.06700000000001	0.466999999999985	1.29399999999998	0	0
1.072	0.538999999999987	1.72000000000003	0	0
1.03000000000003	0.322000000000003	1.18900000000002	0	0
1.428	1.20299999999997	1.99299999999999	0	0
1.22199999999998	0.798000000000002	1.90499999999997	0	0
2.33099999999996	3.321	3.00999999999999	0	0
1.88600000000002	1.988	1.75700000000001	0	0
2.23000000000002	3.02700000000002	2.53899999999999	0	0
1.89299999999997	2.239	1.75799999999998	0	0
1.56900000000002	1.17000000000002	2.15899999999999	0	0
1.17099999999999	0.60499999999999	1.33200000000005	0	0
2.19100000000003	2.92400000000001	2.077	0	0
1.91700000000003	2.50500000000002	2.649	0	0
1.74599999999998	2.14699999999999	1.97199999999998	0	0
2.74900000000002	3.83200000000002	2.81200000000001	0	0
1.89299999999997	2.20799999999997	2.05700000000002	0	0
1.447	1.14800000000002	1.70800000000003	0	0
1.41299999999995	0.994000000000028	1.65800000000002	0	0
2.33999999999997	1.62299999999999	2.83500000000004	0	0
1.19199999999995	1.05100000000004	1.42000000000002	0	0
1.19500000000005	0.803999999999974	1.45299999999997	0	0
2.64000000000004	3.178	2.346	0	0
2.69900000000001	4.25	2.49400000000003	0	0
2.27199999999999	3.18000000000001	2.43700000000001	0	0
1.62900000000002	1.60399999999998	1.68799999999999	0	0
1.964	2.22800000000001	2.27000000000004	0	0
3.33100000000002	3.11799999999999	3.70699999999999	0	0
2.07800000000003	2.202	2.202	0	0
1.55000000000001	1.46600000000001	1.74099999999999	0	0
1.97800000000001	2.69899999999996	2.26900000000001	0	0
2.44499999999999	3.71300000000002	2.76999999999998	0	0
1.81200000000001	1.93600000000004	1.947	0	0
1.22699999999998	1.06600000000003	1.44499999999999	0	0
1.19899999999996	0.663999999999987	1.87700000000001	0	0
1.38099999999997	1.13400000000001	1.45999999999998	0	0
1.13	0.793999999999983	1.45400000000001	0	0
1.79900000000004	1.93099999999998	2.24700000000001	0	0
1.36599999999999	0.918999999999983	1.92699999999996	0	0
1.83000000000004	2.15800000000002	2.00600000000003	0	0
2.68900000000002	3.58800000000002	2.67000000000002	0	0
2.108	2.32799999999997	1.94400000000002	0	0
2.62200000000001	3.40300000000002	2.68300000000011	0	0
2.05700000000002	2.72899999999998	2.26099999999997	0	0
2.702	3.10299999999995	2.55399999999997	0	0
1.92200000000003	2.34200000000004	2.23800000000006	0	0
1.36899999999997	1.10700000000003	1.80700000000002	0	0
2.85399999999998	3.94300000000004	2.7650000000001	0	0
1.34500000000003	1.21000000000004	1.68399999999997	0	0
1.71600000000001	1.85500000000002	2.375	0	0
3.64699999999999	4.70499999999998	3.49199999999996	0	0
1.923	1.37299999999999	2.15999999999997	0	0
2.22399999999999	2.67000000000002	2.19100000000003	0	0
1.46699999999998	1.45499999999998	1.88100000000009	0	0
1.08600000000001	0.562000000000012	1.35600000000011	0	0
1.32300000000004	1.01999999999998	1.63499999999999	0	0
2.23099999999999	2.38100000000003	2.18999999999994	0	0
2.06099999999998	2.95400000000001	2.08299999999997	0	0
0.986999999999966	0.668999999999983	1.37900000000002	0	0
1.90700000000004	2.19299999999998	2.28500000000008	0	0
1.29099999999994	1.13900000000001	1.73199999999997	0	0
1.66499999999996	1.57400000000001	1.97899999999993	0	0
0.942000000000007	0.382000000000005	1.49599999999998	0	0
1.43900000000008	1.28800000000001	1.37699999999995	0	0
2.37800000000004	2.81900000000002	2.64199999999994	0	0
1.26300000000003	1.15600000000001	1.68899999999996	0	0
2.00200000000007	2.47499999999997	2.02199999999993	0	0
1.11500000000001	0.781999999999982	1.39300000000003	0	0
1.04200000000003	0.714999999999975	1.80700000000002	0	0
1.88900000000001	1.90899999999999	2.02800000000002	0	0
2.95499999999993	2.24100000000004	3.36700000000008	0	0
1.07399999999996	0.726999999999975	1.26900000000001	0	0
1.68500000000006	1.66500000000002	1.83399999999995	0	0
1.16200000000003	0.942999999999984	1.35900000000004	0	0
1.56200000000001	1.07799999999997	1.96600000000001	0	0
1.41300000000001	1.37599999999998	1.49700000000007	0	0
1.22299999999996	0.5	2.16399999999999	0	0
1.81500000000005	1.90700000000004	1.9609999999999	0	0
1.226	1.24399999999997	1.40600000000006	0	0
1.03800000000001	0.418000000000006	1.28899999999999	0	0
1.13799999999992	0.436999999999955	1.25699999999995	0	0
1.44799999999998	1.27999999999997	1.73900000000003	0	0
1.14499999999998	0.605999999999995	1.41800000000001	0	0
1.34100000000001	0.976999999999975	2.04600000000005	0	0
1.31500000000005	0.98599999999999	1.73400000000004	0	0
1.03699999999992	0.408999999999992	1.35699999999997	0	0
1.88300000000004	2.20900000000006	2.25	0	0
2.71600000000001	3.62699999999995	2.76099999999997	0	0
1.17099999999994	0.711000000000013	1.63	0	0
1.51400000000001	1.54200000000003	1.74099999999999	0	0
1.20299999999997	0.899999999999977	1.41399999999999	0	0
1.72500000000002	1.89199999999994	2.495	0	0
1.16800000000001	0.830000000000041	1.29499999999996	0	0
0.992999999999938	0.220000000000027	1.30899999999997	0	0
3.33900000000006	4.846	3.27800000000002	0	0
2.11599999999999	2.65700000000004	1.96600000000001	0	0
2.25400000000002	2.49899999999991	2.3660000000001	0	0
2.24099999999999	2.73000000000002	2.65099999999995	0	0
2.08900000000006	2.22500000000002	2.31299999999999	0	0
1.88499999999999	1.71500000000003	1.89400000000001	0	0
2.24800000000005	1.09000000000003	2.673	0	0
1.12600000000009	1.19299999999998	1.50700000000006	0	0
1.14400000000001	0.598999999999933	1.91300000000001	0	0
1.29600000000005	0.822999999999979	1.44100000000003	0	0
1.72199999999998	1.64499999999998	1.88400000000001	0	0
1.08799999999997	0.51400000000001	1.15299999999991	0	0
2.43999999999994	2.98300000000006	2.63400000000001	0	0
2.13	2.57000000000005	2.24099999999999	0	0
1.548	1.82499999999993	1.98500000000001	0	0
2.255	3.06899999999996	2.45699999999999	0	0
2.61199999999997	3.58799999999997	2.63499999999999	0	0
3.02300000000002	3.62699999999995	2.96000000000004	0	0
1.03899999999999	0.84800000000007	1.18799999999999	0	0
1.57400000000007	1.64499999999998	1.65899999999999	0	0
1.56799999999998	2.01300000000003	1.98399999999992	0	0
1.24699999999996	0.847999999999956	1.43700000000001	0	0
1.11200000000008	0.717000000000098	1.24199999999996	0	0
2.07899999999995	2.67700000000002	2.78899999999999	0	0
1.55799999999999	1.5	1.68100000000004	0	0
1.92399999999998	2.63400000000001	2.03700000000003	0	0
1.51599999999996	1.43200000000002	1.75900000000001	0	0
3.505	5.45299999999997	3.61099999999999	0	0
1.41200000000003	1.17599999999993	1.53100000000006	0	0
1.12300000000005	0.620999999999981	1.88	0	0
2.02599999999995	2.55000000000007	2.24099999999999	0	0
1.22500000000002	0.677000000000021	1.34800000000007	0	0
1.28399999999999	0.928999999999974	1.64700000000005	0	0
1.61000000000001	1.70399999999995	1.67399999999998	0	0
1.10399999999993	0.476999999999975	1.36500000000001	0	0
1.29700000000003	0.932000000000016	1.77800000000002	0	0
1.94799999999998	2.53300000000002	1.94500000000005	0	0
2.32299999999998	2.70800000000008	2.33400000000006	0	0
1.38699999999994	1.01599999999996	1.91899999999998	0	0
2.755	3.76999999999998	2.50900000000001	0	0
1.78300000000002	2.03200000000004	1.66999999999996	0	0
1.24400000000003	0.979999999999905	1.58399999999995	0	0
1.14200000000005	0.561000000000035	1.2600000000001	0	0
1.25400000000002	0.5	1.70800000000008	0	0
1.053	0.146999999999935	0.97300000000007	0	0
0.971000000000004	0.0520000000000209	1.47699999999998	0	0
1.26300000000003	0.765999999999963	1.70600000000002	0	0
1.14599999999996	0.668999999999983	1.71199999999999	0	0
0.980999999999995	0.276000000000067	1.39700000000005	0	0
1.35900000000004	0.755999999999972	1.54499999999996	0	0
1.67700000000002	1.72799999999995	1.99000000000001	0	0
1.05599999999993	0.423000000000002	1.07800000000009	0	0
1.55799999999999	1.37899999999991	1.95900000000006	0	0
1.34500000000003	1.154	1.76499999999999	0	0
1.32999999999993	1.22900000000004	1.58399999999995	0	0
1.43999999999994	1.37199999999996	2.12300000000005	0	0
1.40100000000007	1.09400000000005	1.322	0	0
1.96199999999999	0.633000000000038	2.82600000000002	0	0
1.37599999999998	0.907000000000039	1.77699999999982	0	0
4.48099999999999	6.572	3.93600000000015	0	0
2.39400000000001	3.08500000000004	2.44800000000009	0	0
2.048	2.53199999999993	2.26499999999987	0	0
2.13	2.84699999999998	2.27700000000004	0	0
1.173	0.322999999999979	1.36199999999985	0	0
1.178	0.841000000000008	1.32500000000005	0	0
1.97199999999998	2.27999999999997	2.16899999999987	0	0
2.06600000000003	2.69599999999991	2.1690000000001	0	0
1.48599999999999	1.26300000000003	1.73299999999995	0	0
1.19799999999998	0.639999999999986	1.50900000000001	0	0
1.048	0.591000000000008	1.20900000000006	0	0
1.47800000000007	1.41800000000001	1.55099999999993	0	0
1.91300000000001	2.04200000000003	2.23799999999983	0	0
1.03099999999995	0.391999999999939	1.36500000000001	0	0
1.26400000000001	0.960000000000036	1.45700000000011	0	0
1.21400000000006	0.954000000000065	1.75199999999995	0	0
1.06399999999996	0.405000000000086	1.3119999999999	0	0
1.09299999999996	0.652000000000044	1.14899999999989	0	0
2.36399999999992	2.91700000000003	2.60099999999989	0	0
2.07100000000003	2.55799999999999	2.42700000000013	0	0
1.11900000000003	0.570999999999913	1.26099999999997	0	0
1.63400000000001	1.38300000000004	1.87899999999991	0	0
3.01499999999999	4.19299999999998	2.56399999999985	0	0
1.34899999999993	1.125	1.71400000000017	0	0
2.91899999999998	4.16899999999998	3.33899999999994	0	0
2.29200000000003	2.42399999999998	2.07099999999991	0	0
1.69299999999998	2.05700000000002	1.85500000000002	0	0
1.38099999999997	0.936000000000035	1.37100000000009	0	0
2.80499999999995	4.41899999999998	2.77099999999996	0	0
1.48299999999995	1.63499999999999	1.67200000000003	0	0
1.28800000000001	0.701000000000022	1.40499999999997	0	0
1.71299999999997	1.74300000000005	1.86699999999996	0	0
1.34299999999996	1.346	1.62099999999987	0	0
2.16399999999999	2.79399999999998	2.36799999999994	0	0
1.60399999999981	1.702	1.7650000000001	0	0
3.39199999999983	4.73099999999999	3.17999999999984	0	0
2.38799999999992	3.08600000000001	2.42499999999995	0	0
1.61699999999996	1.77200000000005	1.83799999999997	0	0
1.38699999999994	1.10699999999997	2.01900000000001	0	0
1.24000000000001	0.946000000000026	1.35299999999984	0	0
2.08900000000017	2.23199999999997	2.08699999999999	0	0
1.69300000000021	1.92999999999995	2.32799999999997	0	0
1.49900000000002	1.43700000000001	1.60299999999984	0	0
1.19100000000003	0.727999999999952	1.44200000000001	0	0
2.0329999999999	2.68499999999995	2.22299999999996	0	0
2.74299999999994	3.58399999999995	2.64099999999985	0	0
1.43500000000017	1.452	1.67499999999995	0	0
2.58899999999994	3.56799999999998	2.76600000000008	0	0
1.19100000000003	0.73599999999999	1.375	0	0
1.42599999999993	1.49400000000003	1.654	0	0
1.02999999999997	0.663000000000011	1.38200000000006	0	0
1.39499999999998	1.34399999999994	1.49399999999991	0	0
2.74800000000005	3.73799999999994	2.41800000000012	0	0
1.35799999999995	0.791000000000054	1.44300000000021	0	0
2.31899999999996	2.40299999999991	2.60599999999999	0	0
1.13200000000006	0.772000000000048	1.20499999999993	0	0
1.17600000000016	0.45799999999997	1.3130000000001	0	0
2.17499999999995	3.26300000000003	2.49000000000001	0	0
2.14799999999991	2.85900000000004	2.57199999999989	0	0
2.73799999999983	2.82100000000003	2.70399999999995	0	0
1.50400000000013	1.26200000000006	1.64499999999998	0	0
1.63199999999983	1.91399999999999	1.85200000000009	0	0
1.05199999999991	0.38900000000001	1.20499999999993	0	0
1.22500000000014	0.716000000000008	1.55799999999999	0	0
1.02800000000002	0.307999999999993	1.25999999999999	0	0
1.11599999999999	0.480999999999995	1.66600000000017	0	0
1.13699999999994	0.602999999999952	1.12699999999995	0	0
1.18900000000008	0.88799999999992	1.30499999999984	0	0
1.03700000000003	0.350999999999999	1.12899999999991	0	0
1.21599999999989	0.778999999999996	1.52800000000002	0	0
1.22500000000014	0.982999999999947	1.41000000000008	0	0
1.01400000000012	0.413000000000011	1.26900000000001	0	0
1.10100000000011	0.516999999999939	1.30500000000006	0	0
1.09199999999987	0.398000000000025	1.42700000000013	0	0
2.10799999999995	2.75	2.05700000000002	0	0
1.37999999999988	1.01499999999999	1.5150000000001	0	0
1.20400000000018	1.01700000000005	1.78300000000013	0	0
1.04600000000005	0.455000000000041	1.66399999999999	0	0
2.41100000000006	2.63699999999994	2.00800000000004	0	0
2.30700000000002	3.34900000000005	2.452	0	0
2.01599999999985	2.86800000000005	2.54199999999992	0	0
4.10699999999997	5.59399999999994	3.63200000000006	0	0
1.25600000000009	1.17400000000021	1.55999999999995	0	0
3.28899999999999	4.98300000000017	3.00199999999995	0	0
1.49700000000007	1.46799999999985	2.02800000000002	0	0
1.71000000000004	1.73099999999999	1.65200000000004	0	0
2.86799999999994	4.07400000000007	2.92900000000009	0	0
2.12400000000002	2.98199999999997	2.16499999999996	0	0
1.07099999999991	0.569999999999936	1.4340000000002	0	0
1.21100000000001	0.779000000000224	1.76300000000015	0	0
1.12299999999982	0.394999999999982	1.60300000000007	0	0
1.31000000000017	0.963000000000193	1.40899999999988	0	0
1.48199999999997	1.29600000000005	1.58800000000019	0	0
1.14400000000001	0.923999999999978	1.31900000000019	0	0
2.37400000000002	1.27199999999993	2.38999999999987	0	0
1.25800000000004	1.01499999999987	1.40300000000002	0	0
2.14799999999991	2.64599999999996	2.67100000000005	0	0
1.05799999999999	0.654999999999973	1.73299999999995	0	0
3.15200000000004	4.55299999999988	3.27600000000007	0	0
1.46100000000001	1.31799999999998	1.82899999999995	0	0
1.28800000000001	1.29899999999998	1.62099999999987	0	0
1.49500000000012	1.15200000000004	2.00400000000013	0	0
1.18100000000004	1.12400000000002	1.53300000000013	0	0
1.79299999999989	1.75900000000001	1.73400000000015	0	0
3.78899999999999	5.45700000000011	3.75699999999983	0	0
1.9369999999999	2.17000000000007	1.96600000000012	0	0
1.72000000000003	1.67000000000007	1.59100000000012	0	0
3.58799999999997	5.03199999999993	3.68500000000017	0	0
1.17600000000016	0.492999999999938	1.22800000000007	0	0
1.36199999999985	1.17100000000005	1.84400000000005	0	0
0.964999999999918	0.283000000000129	1.46900000000005	0	0
1.09099999999989	0.541000000000167	1.23399999999992	0	0
1.18399999999997	0.988000000000056	1.50699999999983	0	0
1.16399999999999	0.767999999999802	1.10400000000004	0	0
1.69299999999998	1.904	1.80300000000011	0	0
1.24700000000007	0.796000000000049	1.74199999999996	0	0
2.05799999999999	2.92599999999993	2.40000000000009	0	0
1.73800000000006	1.73099999999999	1.77500000000009	0	0
1.07999999999993	0.94399999999996	1.66999999999985	0	0
1.03400000000011	0.563000000000102	1.73199999999997	0	0
1.4820000000002	1.28099999999995	2.02400000000011	0	0
2.01600000000008	2.48099999999999	2.01400000000012	0	0
1.08400000000006	0.576000000000022	1.45000000000005	0	0
1.14599999999996	0.809999999999945	1.51700000000005	0	0
1.56400000000008	1.76900000000001	1.8309999999999	0	0
1.5809999999999	1.79299999999989	2.16899999999987	0	0
2.16499999999996	2.75399999999991	1.99299999999994	0	0
2.72000000000003	3.48199999999997	2.77999999999997	0	0
2.56700000000001	3.80400000000009	2.88199999999983	0	0
2.49099999999999	3.67200000000003	2.60000000000014	0	0
2.05999999999995	2.91799999999989	2.57500000000005	0	0
1.27800000000002	1.17699999999991	1.40899999999988	0	0
1.2639999999999	1.16399999999999	1.846	0	0
1.95900000000006	2.39899999999989	1.798	0	0
1.24300000000017	1.42600000000016	1.61300000000006	0	0
1.24000000000001	0.932000000000016	1.70700000000011	0	0
2.3610000000001	3.43499999999995	2.26700000000005	0	0
1.53499999999985	1.55700000000002	2.37700000000018	0	0
1.55699999999979	1.47599999999989	1.87000000000012	0	0
1.87400000000002	2.46399999999994	2.07499999999982	0	0
1.06899999999996	0.276999999999816	1.202	0	0
1.02200000000016	0.580000000000155	1.452	0	0
1.11699999999996	0.820000000000164	1.35300000000007	0	0
1.67900000000009	1.97900000000004	2.04999999999995	0	0
1.24399999999991	0.981999999999971	1.63200000000006	0	0
1.029	0.360000000000127	1	0	0
1.06500000000005	0.79099999999994	1.20100000000002	0	0
1.92799999999988	2.23900000000003	2.12300000000005	0	0
1.75999999999999	1.55499999999984	2.24399999999991	0	0
1.12300000000005	0.575000000000045	1.3309999999999	0	0
1.57499999999982	1.49000000000001	1.78300000000013	0	0
1.80199999999991	1.89900000000011	1.98500000000013	0	0
2.43399999999997	2.69900000000007	2.10099999999989	0	0
1.61200000000008	1.97699999999986	2.18899999999985	0	0
1.89400000000001	2.32400000000007	2.10599999999999	0	0
2.64799999999991	3.66100000000006	2.82899999999995	0	0
1.33899999999994	1.23500000000013	1.327	0	0
1.34999999999991	1.32999999999993	1.67200000000003	0	0
1.43100000000004	1.375	1.61899999999991	0	0
2.66000000000008	3.50199999999995	2.87400000000002	0	0
2.22900000000004	2.69499999999994	2.30099999999993	0	0
2.41899999999987	3.15900000000011	2.03800000000001	0	0
2.39799999999991	2.89799999999991	2.41699999999992	0	0
1.84500000000003	2.25999999999999	1.75799999999981	0	0
1.09399999999982	0.596000000000004	1.56600000000003	0	0
1.02599999999984	0.41800000000012	1.61400000000003	0	0
2.06700000000001	2.70299999999997	2.09899999999993	0	0
2.07899999999995	2.55899999999997	1.94700000000012	0	0
1.45600000000013	1.02400000000011	1.32499999999982	0	0
1.49300000000017	1.24900000000002	1.53599999999983	0	0
1.03499999999985	0.519000000000005	1.26599999999985	0	0
1.67399999999998	1.87100000000009	1.86699999999996	0	0
1.03200000000015	0.504999999999882	1.08299999999986	0	0
1.2059999999999	0.926000000000158	1.58699999999999	0	0
1.39699999999993	1.13100000000009	1.42200000000003	0	0
1.73800000000006	1.80499999999984	1.52600000000007	0	0
1.63000000000011	1.39100000000008	1.45899999999983	0	0
1.64499999999998	1.64599999999996	1.779	0	0
2.72900000000004	3.68700000000013	2.89300000000003	0	0
1.4079999999999	1.17900000000009	1.5809999999999	0	0
1.54199999999992	1.99199999999996	2.17000000000007	0	0
1.25500000000011	0.773000000000138	1.35300000000007	0	0
1.98500000000013	2.06099999999992	1.94399999999996	0	0
2.1869999999999	2.74400000000014	1.91800000000012	0	0
1.59799999999996	1.73099999999999	1.87599999999998	0	0
3.57299999999987	4.88199999999983	3.28399999999988	0	0
1.31899999999996	0.904999999999973	1.58999999999992	0	0
1.89400000000001	2.39799999999991	2.50199999999995	0	0
1.53699999999981	1.52699999999982	1.94700000000012	0	0
1.54299999999989	1.90900000000011	1.78800000000001	0	0
1.28999999999996	1.02300000000014	1.31899999999996	0	0
1.18399999999997	0.707000000000107	1.3599999999999	0	0
1.05200000000013	0.402000000000044	1.34100000000012	0	0
1.95399999999995	2.48500000000013	2.4079999999999	0	0
1.10300000000007	0.599999999999909	1.37700000000018	0	0
2.48000000000002	3.55099999999993	2.28500000000008	0	0
1.14999999999986	0.636999999999944	1.04099999999994	0	0
1.44399999999996	1.52300000000014	1.67599999999993	0	0
1.65000000000009	2.09700000000021	2.10899999999992	0	0
1.21499999999992	0.812999999999874	1.73900000000003	0	0
1.09699999999998	0.391000000000076	1.57300000000009	0	0
1.76900000000001	1.81600000000003	2.24099999999999	0	0
1.09899999999993	0.490000000000009	1.72299999999996	0	0
1.08699999999999	0.730999999999995	1.33799999999997	0	0
1.07600000000002	0.441000000000031	1.33299999999986	0	0
1.404	1.048	2.00800000000004	0	0
1.30500000000006	1.02099999999996	1.16399999999999	0	0
1.73199999999997	1.89599999999996	2.29500000000007	0	0
1.10599999999999	0.881000000000085	1.34300000000007	0	0
1.64799999999991	1.88499999999999	1.70299999999997	0	0
1.19900000000007	0.663999999999987	1.76299999999992	0	0
1.10699999999997	0.642000000000053	1.41300000000001	0	0
1.11599999999999	0.388999999999896	1.35799999999995	0	0
1.35200000000009	0.874000000000024	1.89799999999991	0	0
1.02700000000004	0.458999999999833	1.00399999999991	0	0
1.1690000000001	0.526000000000067	1.25900000000001	0	0
1.05099999999993	0.251000000000204	1.01999999999998	0	0
1.47700000000009	1.05999999999995	1.76800000000003	0	0
1.25800000000004	1.12400000000002	1.81900000000019	0	0
1.28700000000003	0.852000000000089	1.8760000000002	0	0
1.06500000000005	0.569999999999936	1.33300000000008	0	0
1.25199999999995	0.98700000000008	1.66400000000021	0	0
1.69299999999998	1.9559999999999	1.69799999999987	0	0
1.64400000000001	1.76700000000005	1.80300000000034	0	0
1.077	0.627999999999929	1.45299999999997	0	0
1.13800000000015	0.311000000000149	0.93100000000004	0	0
1.54500000000007	1.47600000000011	1.69900000000007	0	0
1.51299999999992	1.30799999999999	1.67200000000003	0	0
1.69299999999998	1.51700000000005	2.14499999999998	0	0
1.18900000000008	0.457999999999856	1.76700000000028	0	0
1.72800000000007	1.28099999999995	2.20299999999997	0	0
2.34699999999998	2.97199999999998	2.54899999999998	0	0
1.625	1.69200000000001	1.77299999999968	0	0
1.09799999999996	0.861999999999853	1.64399999999978	0	0
2.59699999999998	3.66199999999981	2.57100000000037	0	0
1.46900000000005	0.94399999999996	1.42200000000003	0	0
1.82899999999995	2.20900000000006	1.70800000000008	0	0
1.52100000000019	1.25999999999999	1.36500000000024	0	0
2.19800000000009	2.78999999999996	2.27300000000014	0	0
1.63200000000006	1.26100000000019	2.02700000000004	0	0
2.23900000000003	2.25400000000013	2.50700000000006	0	0
2.00800000000004	2.25600000000009	2.05500000000029	0	0
1.50400000000013	1.57100000000014	1.79199999999992	0	0
2.35899999999992	1.52999999999997	3.57200000000012	0	0
1.55599999999981	0.994999999999891	1.83299999999963	0	0
1.31100000000015	0.832000000000107	1.31700000000001	0	0
1.47699999999986	1.47199999999998	1.60800000000017	0	0
1.68499999999995	1.49599999999987	1.80099999999993	0	0
1.846	2.11299999999983	1.91100000000006	0	0
1.66899999999987	1.56099999999992	1.73900000000003	0	0
1.36599999999999	1.59099999999989	1.52999999999975	0	0
3.5630000000001	4.61599999999999	2.93000000000029	0	0
1.28099999999995	1.27600000000007	1.7829999999999	0	0
1.79899999999998	2.06700000000001	1.71099999999979	0	0
1.12199999999984	0.934999999999945	1.46099999999979	0	0
1.16700000000014	0.548000000000002	1.76800000000003	0	0
1.40300000000002	0.824999999999818	1.60099999999966	0	0
1.14599999999996	1.03100000000018	1.76299999999992	0	0
2.86500000000001	4.03099999999995	2.50399999999991	0	0
2.50399999999991	1.43399999999997	3.04199999999992	0	0
1.27599999999984	1.00900000000001	1.40099999999984	0	0
1.84899999999993	2.06000000000017	1.88899999999967	0	0
2.39599999999996	2.73199999999997	2.15100000000029	0	0
2.70499999999993	3.27099999999996	2.8760000000002	0	0
3.22000000000003	3.846	3.17900000000009	0	0
2.37800000000016	3.49199999999996	2.44100000000026	0	0
1.33199999999988	0.746000000000095	1.24099999999999	0	0
1.92399999999998	2.59500000000003	1.88800000000037	0	0
2.61999999999989	3.49200000000019	2.50799999999981	0	0
2.24900000000002	2.92000000000007	2.04000000000042	0	0
2.48699999999985	3.44900000000007	2.38500000000022	0	0
2.89499999999998	3.875	2.81500000000005	0	0
1.74900000000002	1.85400000000004	1.85399999999981	0	0
1.60799999999995	1.54100000000017	1.55700000000024	0	0
1.54200000000014	1.44699999999989	2.16600000000017	0	0
1.07600000000002	0.310999999999922	1.77399999999989	0	0
1.43499999999995	1.33999999999992	2.08400000000029	0	0
1.13599999999997	0.721000000000004	1.47800000000007	0	0
1.4559999999999	1.56200000000013	1.46499999999969	0	0
2.375	3.34699999999998	2.56999999999971	0	0
2.03999999999996	2.54099999999994	1.91800000000012	0	0
1.02400000000011	0.201000000000022	1.02199999999993	0	0
1.36199999999985	0.779999999999973	1.6880000000001	0	0
1.03999999999996	0.225999999999885	1.596	0	0
1.09300000000007	0.300999999999931	1.3159999999998	0	0
1.01199999999972	0.544999999999845	1.14600000000019	0	0
1.35000000000036	0.747000000000071	1.22499999999991	0	0
1.46300000000019	1.08799999999997	1.86799999999994	0	0
2.29899999999998	2.96400000000017	2.23399999999992	0	0
1.68299999999999	1.66499999999996	1.70699999999988	0	0
1.19799999999987	0.667000000000144	1.86599999999999	0	0
2.18399999999974	3.04199999999992	2.55500000000029	0	0
2.41600000000017	3.23500000000013	2.3449999999998	0	0
1.80600000000004	2.26099999999997	2.0949999999998	0	0
1.22199999999975	0.745000000000118	1.30999999999995	0	0
3.75500000000011	5.52200000000016	3.17800000000034	0	0
1.96900000000005	2.66400000000021	2.33699999999999	0	0
0.956000000000131	0.322000000000116	1.11599999999999	0	0
1.09099999999989	0.304000000000087	1.53400000000011	0	0
1.48000000000002	1.47400000000016	1.50399999999991	0	0
1.81400000000031	1.76800000000003	2.12699999999995	0	0
1.36599999999999	1.12400000000002	1.95299999999997	0	0
2.24800000000005	3.19599999999991	2.75300000000016	0	0
1.93199999999979	2.34400000000005	1.90599999999995	0	0
1.16600000000017	0.836000000000013	1.42099999999982	0	0
1.8130000000001	1.73800000000006	2.38500000000022	0	0
2.21100000000024	2.221	2.37700000000041	0	0
2.25999999999976	2.74900000000002	1.94799999999987	0	0
1.279	1.13599999999997	1.67900000000009	0	0
1.21099999999979	0.941000000000031	1.71100000000024	0	0
2.00700000000006	2.65100000000007	1.96399999999994	0	0
1.59899999999971	1.62699999999995	1.79500000000007	0	0
2.35500000000002	3.44900000000007	2.52500000000009	0	0
1.0920000000001	0.535000000000082	1.42900000000009	0	0
1.28999999999996	0.32100000000014	1.60899999999992	0	0
1.82999999999993	2.1880000000001	2.05699999999979	0	0
2.93600000000015	4.0619999999999	3.17499999999973	0	0
2.67799999999988	3.28500000000008	2.76299999999992	0	0
2.89100000000008	2.22300000000018	3.49800000000005	0	0
1.53699999999981	1.27999999999997	2.27300000000014	0	0
1.08500000000004	0.527000000000044	1.66900000000032	0	0
1.35300000000007	0.948000000000093	1.90599999999995	0	0
1.23800000000028	0.836000000000013	1.55799999999999	0	0
2.46900000000005	3.16599999999994	2.74099999999999	0	0
1.61999999999989	1.96299999999997	1.86400000000003	0	0
1.654	1.88300000000004	1.81899999999996	0	0
1.54000000000042	1.42000000000007	1.58899999999994	0	0
1.66300000000001	1.56899999999996	1.78400000000011	0	0
1.34700000000021	1.17599999999993	1.45299999999997	0	0
1.32300000000032	0.850000000000136	1.19700000000012	0	0
2.154	2.69500000000016	2.1550000000002	0	0
2.40999999999985	2.91000000000008	2.20799999999963	0	0
1.41900000000032	0.978000000000065	1.73900000000003	0	0
1.65999999999985	1.92799999999988	1.91100000000006	0	0
1.26399999999967	0.717999999999847	1.88099999999986	0	0
1.24900000000025	1.19300000000021	1.43399999999974	0	0
3.49699999999984	4.86599999999999	3.12100000000009	0	0
2.38499999999976	3.50199999999995	2.5	0	0
2.80999999999995	4	2.6869999999999	0	0
1.61100000000033	1.37800000000016	1.62000000000035	0	0
1.24099999999999	0.263999999999896	1.13900000000012	0	0
1.27199999999993	1.19599999999991	1.48399999999992	0	0
1.68299999999999	1.94000000000005	2.11799999999994	0	0
1.58399999999983	1.49000000000001	1.94399999999996	0	0
3.10100000000011	4.5780000000002	3.01400000000012	0	0
1.58500000000004	1.46299999999997	1.80200000000013	0	0
1.14199999999983	0.783000000000129	1.30099999999993	0	0
2.4699999999998	1.61599999999999	3.44900000000007	0	0
1.43499999999995	1.72900000000004	2.07299999999987	0	0
1.35300000000007	0.842000000000098	1.6909999999998	0	0
1.02599999999984	0.524000000000342	1.6239999999998	0	0
1.07500000000027	0.255999999999858	1.17200000000003	0	0
1.12899999999991	0.596000000000004	1.62899999999991	0	0
2.25400000000036	3.32900000000018	2.36099999999988	0	0
1.39100000000008	1.1550000000002	1.27599999999984	0	0
1.39800000000014	1.10100000000011	1.48900000000003	0	0
1.23100000000022	1.25499999999965	2.03699999999981	0	0
1.77700000000004	2.3090000000002	2.029	0	0
3.2489999999998	3.41799999999967	3.78600000000006	0	0
1.86999999999989	2.94700000000012	2.23099999999977	0	0
2.05500000000029	2.31800000000021	2.02799999999979	0	0
2.05600000000004	2.17200000000003	2.33799999999974	0	0
2.04999999999973	2.20400000000018	1.87300000000005	0	0
1.17500000000018	0.691000000000258	1.40900000000011	0	0
2.98100000000022	4.44000000000005	3.221	0	0
2.8119999999999	4.35899999999992	3.13700000000017	0	0
2.16599999999971	2.71500000000015	2.7199999999998	0	0
1.16599999999971	0.470000000000255	1.53899999999976	0	0
3.84799999999996	5.50400000000036	3.48700000000008	0	0
1.28500000000031	0.853999999999814	1.56799999999976	0	0
1.34299999999985	1.01900000000023	1.59099999999989	0	0
1.70299999999997	1.65000000000009	2.08399999999983	0	0
1.07999999999993	0.518000000000029	1.36699999999973	0	0
2.0029999999997	2.67299999999977	2.48399999999992	0	0
1.13699999999972	0.6550000000002	1.35600000000022	0	0
1.8119999999999	2.11500000000024	1.99299999999994	0	0
1.56700000000001	1.34900000000016	1.69700000000012	0	0
1.0920000000001	0.73700000000008	1.82700000000023	0	0
1.23499999999967	0.797000000000025	1.69100000000026	0	0
1.80799999999999	1.79300000000012	1.72400000000016	0	0
1.22899999999981	0.967000000000098	1.48000000000002	0	0
0.977999999999611	0.300000000000182	1.56500000000005	0	0
1.05700000000024	0.601999999999862	1.17900000000009	0	0
2.25900000000001	3.27199999999993	2.88699999999972	0	0
1.471	1.40099999999984	1.51900000000023	0	0
1.35800000000017	0.989000000000033	1.73900000000003	0	0
1.94100000000026	2.59699999999975	2.13900000000012	0	0
1.48799999999983	1.03999999999996	1.50900000000001	0	0
2.89599999999973	4.57699999999977	2.99600000000009	0	0
2.7470000000003	4.21199999999999	2.721	0	0
1.1909999999998	0.468000000000302	1.85300000000007	0	0
1.10999999999967	0.597000000000207	1.56299999999965	0	0
1.07999999999993	0.672999999999774	1.22600000000011	0	0
1.2829999999999	1.26299999999992	1.34699999999975	0	0
1.27700000000004	0.851000000000113	1.28700000000026	0	0
1.12899999999991	0.721000000000004	1.16399999999976	0	0
1.26299999999992	0.760999999999967	1.55299999999988	0	0
2.02499999999964	2.56100000000015	1.97600000000011	0	0
1.09799999999996	0.653999999999996	1.48799999999983	0	0
2.9050000000002	4.03699999999981	3.16400000000021	0	0
1.57999999999993	1.60100000000011	1.61599999999999	0	0
2.01499999999987	0.473999999999705	2.45500000000038	0	0
1.16300000000001	0.750999999999749	1.47299999999996	0	0
1.50599999999986	1.31800000000021	2.32199999999966	0	0
1.42999999999984	1.20699999999988	1.34999999999991	0	0
1.17599999999993	0.574999999999818	1.73099999999977	0	0
1.09000000000015	0.592000000000098	1.5949999999998	0	0
2.68100000000004	3.16799999999967	2.33799999999974	0	0
2.82200000000012	4.38700000000017	2.83300000000008	0	0
1.12800000000016	0.856000000000222	1.64600000000019	0	0
1.10399999999981	0.809999999999945	1.28600000000006	0	0
1.61299999999983	1.57400000000007	1.47300000000041	0	0
1.15200000000004	0.694999999999709	1.36500000000024	0	0
1.30500000000029	0.961999999999989	1.69699999999966	0	0
1.46300000000019	1.81899999999996	2.16399999999976	0	0
1.80400000000009	2.38999999999987	1.8760000000002	0	0
2.36799999999994	2.54500000000007	2.33599999999979	0	0
2.91699999999992	4.07900000000018	3.10500000000002	0	0
2.36400000000003	3.33699999999999	2.44599999999991	0	0
2.35100000000011	2.70000000000027	2.65999999999985	0	0
1.9670000000001	2.33099999999968	2.36199999999963	0	0
1.95499999999993	2.5920000000001	2.08699999999999	0	0
1.77100000000019	1.7819999999997	1.83600000000024	0	0
1.13799999999992	0.842999999999847	1.4970000000003	0	0
2.1840000000002	2.72900000000027	2.43399999999974	0	0
1.48399999999992	1.72899999999981	2.17500000000018	0	0
1.34299999999985	1.30099999999993	1.67099999999982	0	0
1	0.139999999999873	1.66799999999967	0	0
1.01800000000003	0.307999999999993	1.57299999999987	0	0
0.971000000000004	0.20699999999988	1.03999999999996	0	0
2.00199999999995	2.2800000000002	2.34899999999971	0	0
1.79400000000032	2.28499999999985	2.32299999999987	0	0
1.08100000000013	0.435999999999694	1.81899999999996	0	0
3.54800000000023	5.41100000000006	3.63999999999987	0	0
1.56700000000001	1.55899999999974	1.59799999999996	0	0
1.07399999999961	0.585000000000036	1.46299999999974	0	0
1.0590000000002	0.398999999999887	1.48599999999988	0	0
1.64499999999998	1.50900000000001	1.64199999999983	0	0
3.30499999999984	4.68100000000004	2.94499999999971	0	0
1.096	0.494000000000142	1.23000000000002	0	0
2.1880000000001	3.17700000000013	2.56700000000001	0	0
2.07499999999982	0.663000000000011	2.90099999999984	0	0
1.30200000000013	0.94399999999996	1.33600000000024	0	0
1.4670000000001	1.14999999999964	1.55299999999988	0	0
1.91700000000037	2.84799999999996	2.19900000000007	0	0
1.14000000000033	0.670999999999822	1.19700000000012	0	0
1.12300000000005	0.856999999999971	1.56100000000015	0	0
3.87899999999991	5.27399999999989	3.37100000000009	0	0
3.53099999999995	4.92099999999982	3.19000000000005	0	0
1.89199999999983	2.25800000000027	2.38799999999992	0	0
2.57600000000002	3.654	2.8760000000002	0	0
1.69700000000012	1.721	2.00199999999995	0	0
1.86600000000044	1.70499999999993	1.75	0	0
2.20100000000002	2.62800000000016	2.63999999999987	0	0
1.24900000000025	1.01500000000033	1.2829999999999	0	0
2.125	2.44000000000005	2.18100000000004	0	0
1.69100000000026	1.9970000000003	1.54500000000007	0	0
3.38799999999992	4.86500000000024	3.19100000000026	0	0
1.16000000000031	1.08100000000013	1.72900000000027	0	0
3.38899999999967	4.48700000000008	3.05099999999993	0	0
1.44899999999961	1.43200000000024	1.68899999999985	0	0
1.91400000000021	2.43499999999995	2.26700000000028	0	0
1.4409999999998	1.28899999999976	1.52499999999964	0	0
1.24099999999999	1.28699999999981	1.78800000000001	0	0
1.18600000000015	0.490000000000236	1.27099999999973	0	0
1.14499999999998	0.588999999999942	1.70399999999972	0	0
1.36599999999999	1.154	1.5920000000001	0	0
1.86599999999999	1.97299999999996	1.70699999999988	0	0
2.04500000000007	2.60600000000022	2.47199999999975	0	0
1.875	2.26299999999992	1.79100000000017	0	0
1.77999999999975	1.89199999999983	2.07000000000016	0	0
1.38700000000017	0.861999999999625	1.24299999999994	0	0
1.1909999999998	0.507000000000062	1.5920000000001	0	0
1.13200000000006	0.86200000000008	1.67800000000034	0	0
1.68099999999959	1.64699999999993	1.62199999999984	0	0
1.22299999999996	1.07700000000023	1.69300000000021	0	0
1.51499999999987	1.5010000000002	1.39000000000033	0	0
1.471	1.13100000000031	1.42700000000013	0	0
1.29700000000003	0.947999999999865	1.63699999999972	0	0
1.66399999999976	1.89599999999973	2.04600000000028	0	0
2.02200000000039	2.44299999999976	2.12400000000025	0	0
1.74299999999994	2.03700000000026	1.72200000000021	0	0
1.32099999999991	0.79300000000012	1.59000000000015	0	0
1.04899999999998	0.734000000000378	1.0949999999998	0	0
1.69599999999991	1.34800000000041	1.44800000000032	0	0
1.18599999999969	0.467000000000098	1.27300000000014	0	0
1.0630000000001	0.36200000000008	1.12300000000005	0	0
1.05700000000024	0.34900000000016	1.35899999999992	0	0
1.17099999999982	0.98700000000008	1.64599999999973	0	0
2.96799999999985	4.32799999999997	3.27799999999979	0	0
1.54899999999998	1.31100000000015	1.99299999999994	0	0
1.62700000000041	1.36799999999994	1.67599999999993	0	0
1.38000000000011	1.24299999999994	1.43600000000015	0	0
1.53400000000011	1.50600000000031	1.72400000000016	0	0
1.17399999999998	0.792999999999665	1.35900000000038	0	0
1.63500000000022	2.08199999999988	2.08899999999994	0	0
1.58500000000004	1.57999999999993	2.15900000000011	0	0
1.25599999999986	0.839000000000397	1.49600000000009	0	0
1.01100000000042	0.416999999999916	1.33999999999969	0	0
1.30499999999984	1.00300000000016	1.65900000000011	0	0
1.61200000000008	1.49600000000009	1.75500000000011	0	0
1.38300000000027	1.11900000000014	1.90999999999985	0	0
1.04800000000023	0.465000000000146	1.35699999999997	0	0
1.13700000000017	0.251000000000204	1.49299999999994	0	0
1.27099999999973	1.02799999999979	1.45699999999988	0	0
2.17399999999998	2.92200000000003	2.44500000000016	0	0
1.25800000000027	0.729000000000269	1.32999999999993	0	0
1.38500000000022	1.29099999999971	1.55999999999995	0	0
1.61799999999994	1.87899999999991	1.74499999999989	0	0
1.92100000000028	2.39100000000008	1.75900000000001	0	0
2.02400000000034	0.925999999999931	2.8119999999999	0	0
1.29600000000028	1.11099999999988	1.26199999999972	0	0
1.49600000000009	1.08800000000019	1.73500000000013	0	0
2.34500000000025	3.03499999999985	2.21199999999999	0	0
1.68100000000004	1.49299999999994	1.75399999999991	0	0
1.64499999999998	1.42999999999984	1.89600000000019	0	0
1.26099999999997	1.17399999999998	1.53700000000026	0	0
1.46900000000005	1.58800000000019	1.69200000000001	0	0
2.0890000000004	2.41499999999996	2.05999999999995	0	0
1.95699999999988	1.94399999999996	1.61500000000024	0	0
1.346	0.975999999999658	1.62099999999964	0	0
1.70299999999997	2.1609999999996	1.846	0	0
1.65000000000009	1.36700000000019	1.81700000000001	0	0
2.52800000000025	3.36699999999973	2.59900000000016	0	0
1.50300000000016	1.52300000000014	1.89600000000019	0	0
0.992999999999938	0.268999999999778	1.27599999999984	0	0
1.03099999999995	0.240999999999985	1.10400000000027	0	0
1.31500000000005	0.909999999999854	2.14100000000008	0	0
2.41799999999967	2.88100000000031	2.69999999999982	0	0
1.69500000000016	1.6909999999998	2.21399999999994	0	0
1.98199999999997	1.95100000000002	2.30699999999979	0	0
1.10399999999981	0.849999999999909	1.29100000000017	0	0
2.76400000000012	3.40900000000011	2.95200000000023	0	0
1.47699999999986	1.29299999999967	1.67900000000009	0	0
1.36200000000008	1.13999999999987	1.77300000000014	0	0
1.50900000000001	1.48000000000002	1.52200000000039	0	0
2.33099999999968	3.08099999999968	2.29599999999982	0	0
2.22899999999981	1.36500000000024	2.86800000000039	0	0
1.23999999999978	0.653999999999996	1.21199999999999	0	0
1.05999999999995	0.485999999999876	1.8090000000002	0	0
1.12900000000036	0.686000000000149	1.3449999999998	0	0
1.39600000000019	1.32600000000002	1.67700000000013	0	0
1.14300000000003	0.532999999999902	1.26300000000037	0	0
1.3119999999999	1.14399999999978	1.81799999999976	0	0
3.0619999999999	4.45499999999993	2.84700000000021	0	0
1.0949999999998	0.356999999999971	1.73000000000002	0	0
2.34000000000015	2.64699999999993	2.30400000000009	0	0
1.4380000000001	1.37300000000005	1.89399999999978	0	0
1.0619999999999	0.492000000000189	1.45900000000029	0	0
1.90800000000036	2.19299999999976	2.56799999999976	0	0
1.17200000000003	0.623000000000047	1.30999999999995	0	0
1.05700000000024	0.514999999999873	1.44700000000012	0	0
1.3449999999998	1.41300000000001	1.96300000000019	0	0
1.78899999999976	1.84699999999975	1.80799999999999	0	0
2.37100000000009	3.4340000000002	2.7470000000003	0	0
3.40099999999984	4.92399999999998	3.26299999999992	0	0
2.36299999999983	2.58399999999983	2.4380000000001	0	0
1.09000000000015	0.559999999999945	1.19799999999987	0	0
1.83799999999974	1.82900000000018	1.96600000000035	0	0
1.61000000000013	1.721	1.5300000000002	0	0
1.32799999999997	1.25999999999976	1.33699999999999	0	0
1.1869999999999	0.692000000000007	1.13000000000011	0	0
1.8090000000002	2.31600000000026	2.20499999999993	0	0
1.80200000000013	2.05400000000009	2.31799999999976	0	0
2.54700000000003	3.52100000000019	2.91499999999996	0	0
0.903999999999996	0.413000000000011	1.12400000000025	0	0
1.38499999999976	1.19599999999991	2.02500000000009	0	0
1.06500000000005	0.454999999999927	1.20299999999997	0	0
1.08100000000013	0.256999999999607	1.59900000000016	0	0
1.49600000000009	1.30499999999984	1.39199999999983	0	0
1.33300000000008	1.18100000000004	1.47600000000011	0	0
1.60100000000011	1.90000000000009	1.48600000000033	0	0
1.13699999999972	0.766000000000076	1.06299999999965	0	0
1.1880000000001	1.17599999999993	1.45800000000008	0	0
2.48000000000002	3.28999999999996	2.68100000000004	0	0
1.26899999999978	1.01099999999997	1.69900000000007	0	0
1.63799999999992	1.94000000000005	1.64400000000023	0	0
1.24000000000024	0.588999999999942	1.4109999999996	0	0
2.28699999999981	2.95000000000027	2.47499999999991	0	0
1.69999999999982	1.14899999999989	1.93900000000031	0	0
2.94800000000032	4.21499999999969	2.84000000000015	0	0
1.10899999999992	0.590000000000146	1.65100000000029	0	0
1.39699999999993	0.961999999999989	1.58100000000013	0	0
2.82200000000012	3.98099999999977	2.41999999999962	0	0
1.40100000000029	1.25999999999976	1.79599999999982	0	0
1.1579999999999	0.72400000000016	1.24400000000014	0	0
1.22600000000011	0.768999999999778	1.42599999999993	0	0
2.94900000000007	3.91699999999992	2.56200000000035	0	0
1.71099999999979	1.55000000000018	1.90599999999995	0	0
3.7829999999999	4.08299999999963	3.88799999999992	0	0
1.40599999999995	1.51700000000028	1.47400000000016	0	0
1.30600000000004	1.0659999999998	1.40700000000015	0	0
1.86400000000003	2.08199999999988	1.67200000000003	0	0
2.17499999999973	3.36500000000024	2.71199999999999	0	0
2.02999999999975	2.875	2.50900000000001	0	0
1.08000000000038	0.52599999999984	1.31100000000015	0	0
1.42300000000023	1.21000000000004	1.90000000000009	0	0
1.42600000000039	1.26800000000003	1.73300000000017	0	0
1.23500000000013	1.10500000000002	1.25500000000011	0	0
0.929000000000087	0.40099999999984	1.23000000000002	0	0
2.04099999999971	0.533000000000357	3.17499999999973	0	0
1.17499999999973	0.317999999999756	1.19999999999982	0	0
1.27599999999984	0.940000000000055	1.48000000000002	0	0
1.06200000000035	0.469000000000051	1.08599999999979	0	0
1.05699999999979	0.387000000000171	1.82999999999993	0	0
1.84099999999989	2.08400000000029	2.2829999999999	0	0
1.34099999999989	0.64200000000028	1.73199999999997	0	0
1.21099999999979	0.582999999999629	1.88999999999987	0	0
1.05300000000034	0.239000000000033	1.375	0	0
1.03500000000031	0.640000000000327	1.16700000000037	0	0
1.35100000000011	1.1609999999996	1.93899999999985	0	0
3.47600000000011	3.17300000000023	4.57200000000012	0	0
2.3130000000001	3.05299999999988	2.10400000000027	0	0
1.13299999999981	0.583000000000084	1.55299999999988	0	0
1.03699999999981	0.579000000000178	1.22499999999991	0	0
1.26899999999978	1.22800000000007	1.65900000000011	0	0
2.06400000000031	2.5010000000002	1.875	0	0
3.34400000000005	5.29999999999973	3.04300000000012	0	0
2.22699999999986	2.91199999999981	2.07400000000007	0	0
1.50099999999975	1.5619999999999	1.79300000000012	0	0
1.05700000000024	0.605000000000018	1.44500000000016	0	0
1.3090000000002	0.814000000000306	1.26499999999987	0	0
1.19800000000032	0.585999999999785	1.35400000000027	0	0
1.13500000000022	0.547999999999774	1.31700000000001	0	0
1.26600000000008	0.976999999999862	1.50399999999991	0	0
1.90200000000004	2.12199999999984	1.83300000000008	0	0
1.58699999999999	1.59799999999996	1.87900000000036	0	0
1.43599999999969	1.10799999999972	1.6579999999999	0	0
2.02500000000009	2.88799999999992	2.09799999999996	0	0
2.35799999999972	3.18299999999999	2.51699999999983	0	0
2.5590000000002	3.72199999999975	2.95599999999968	0	0
2.03399999999965	2.44200000000001	2.42300000000023	0	0
1.77399999999989	1.9369999999999	1.60200000000032	0	0
2.37800000000016	3.35200000000032	2.28899999999976	0	0
2.19799999999987	3.10900000000038	2.30400000000009	0	0
2.06999999999971	2.62699999999995	2.33599999999979	0	0
2.04700000000003	2.53900000000021	2.15200000000004	0	0
1.26400000000012	0.909999999999854	1.46100000000024	0	0
1.53099999999995	1.39399999999978	1.69699999999966	0	0
1.24200000000019	1.00300000000016	1.57299999999987	0	0
2.75999999999976	3.98000000000002	2.6279999999997	0	0
1.25599999999986	0.666999999999916	1.46599999999989	0	0
1.25200000000041	1.1880000000001	1.33100000000013	0	0
1.22199999999975	0.8449999999998	1.61900000000014	0	0
1.93299999999999	2.0590000000002	2.48999999999978	0	0
1.2529999999997	0.897999999999683	1.94000000000005	0	0
1.91499999999996	2.6909999999998	2.62699999999995	0	0
1.33399999999983	1.29100000000017	1.79599999999982	0	0
1.01300000000037	0.230000000000018	0.971000000000004	0	0
1.04700000000003	0.365999999999985	1.46499999999969	0	0
2.02700000000004	2.35100000000011	2.10599999999977	0	0
1.20400000000018	0.766999999999825	1.2489999999998	0	0
1.14199999999983	0.799999999999727	1.58300000000054	0	0
1.09900000000016	0.673999999999978	1.34500000000025	0	0
4.82600000000002	7.03200000000015	4.13100000000031	0	0
2.0300000000002	1.90300000000025	2.06800000000021	0	0
1.41800000000012	1.31399999999985	1.7519999999995	0	0
1.00399999999991	0.308999999999742	1.01699999999983	0	0
1.87699999999995	2.21300000000019	1.875	0	0
1.33200000000033	1.25	1.49099999999999	0	0
2.44200000000001	3.39100000000008	2.38799999999992	0	0
1.33200000000033	1.10099999999966	2.09099999999944	0	0
1.18100000000004	1.35200000000032	1.91300000000047	0	0
1.42699999999968	1.48000000000002	1.64099999999962	0	0
1.03800000000001	0.717999999999847	1.55199999999968	0	0
1.45299999999997	1.26099999999997	1.62100000000009	0	0
1.54100000000017	1.38899999999967	1.53399999999965	0	0
1.21099999999979	0.841999999999643	1.23899999999958	0	0
1.1840000000002	0.552999999999884	2.11299999999937	0	0
3.29000000000042	2.80400000000009	4.20700000000033	0	0
1.62999999999965	1.52500000000009	1.66600000000017	0	0
1.35100000000011	0.954999999999927	2.00799999999981	0	0
1.32000000000016	0.847999999999956	1.55299999999988	0	0
1.0300000000002	0.563999999999851	1.43599999999969	0	0
1.38299999999981	1.47600000000011	1.54399999999987	0	0
1.5300000000002	1.74099999999999	2.07400000000052	0	0
1.28099999999995	1.02099999999973	1.51800000000003	0	0
1.30099999999993	0.646000000000186	1.75500000000011	0	0
1.52500000000009	1.37899999999991	1.6260000000002	0	0
1.50800000000027	1.0329999999999	1.54599999999937	0	0
1.46300000000019	1.28999999999996	2.07199999999921	0	0
1.00499999999965	0.707000000000335	1.41699999999946	0	0
1.34900000000016	1.17599999999993	2.11700000000019	0	0
1.06800000000021	0.333000000000084	1.03799999999956	0	0
1.60500000000002	1.50999999999976	1.73299999999927	0	0
1.24800000000005	0.717000000000098	1.9320000000007	0	0
1.05400000000009	0.431999999999789	1.19200000000001	0	0
1.04099999999971	0.330999999999676	1.35999999999967	0	0
1.51700000000028	1.35199999999986	1.89500000000044	0	0
2.83600000000024	4.62300000000005	3.4989999999998	0	0
0.991999999999734	0.606999999999971	1.11099999999988	0	0
1.84699999999975	1.81700000000001	2.20899999999983	0	0
2.07799999999997	2.40499999999975	2.07499999999982	0	0
1.39799999999968	1.30400000000009	1.76200000000063	0	0
1.20699999999988	0.777000000000044	1.25600000000031	0	0
1.16500000000042	0.639999999999873	1.28800000000047	0	0
1.68399999999974	2.20299999999997	2.01699999999983	0	0
1.30999999999995	1.10300000000007	1.36300000000028	0	0
1.11099999999988	0.429000000000087	1.48599999999988	0	0
2.24000000000024	2.95499999999993	2.53499999999985	0	0
1.1569999999997	0.532999999999902	1.62700000000041	0	0
1.38599999999997	0.927999999999884	1.28499999999985	0	0
1.28400000000011	0.143000000000029	1.54299999999967	0	0
1.24099999999999	0.804000000000087	1.28200000000015	0	0
1.07099999999991	0.601999999999862	1.15399999999954	0	0
1.28799999999956	0.788000000000011	1.90899999999965	0	0
1.21100000000024	0.778999999999996	1.20700000000033	0	0
0.978000000000065	0.268000000000029	1.57900000000063	0	0
1.08699999999999	0.773999999999887	1.26299999999992	0	0
1.39300000000003	1.47400000000016	1.74199999999928	0	0
1.75700000000006	1.71199999999999	1.88100000000031	0	0
1.13299999999981	0.5	1.17199999999957	0	0
1.15900000000011	0.81899999999996	1.22199999999975	0	0
1.09299999999985	0.474999999999909	1.28600000000006	0	0
1.32000000000016	1.21599999999989	1.83500000000004	0	0
1.39699999999993	0.9350000000004	1.97400000000016	0	0
1.69500000000016	1.88899999999967	1.65500000000065	0	0
2.90900000000011	4.13599999999997	2.78499999999985	0	0
1.83399999999983	2.52799999999979	1.875	0	0
1.2859999999996	1.06700000000001	1.46299999999974	0	0
1.15300000000025	0.425000000000182	1.52400000000034	0	0
2.52599999999984	3.16000000000031	2.90099999999984	0	0
1.73500000000013	1.8439999999996	1.92000000000007	0	0
1.74199999999973	1.9989999999998	1.75	0	0
2.16599999999971	3.16899999999987	2.14500000000044	0	0
1.35699999999997	1.26900000000023	1.74300000000039	0	0
1.10800000000017	0.665999999999713	1.39599999999973	0	0
1.21199999999999	0.69399999999996	1.32200000000012	0	0
1.16699999999992	0.709000000000287	1.75399999999991	0	0
1.39300000000003	1.11499999999978	1.35200000000077	0	0
1.54900000000043	1.4670000000001	1.80499999999938	0	0
1.32900000000018	0.878999999999905	1.80199999999968	0	0
1.55000000000018	1.62299999999959	1.46600000000035	0	0
2.89400000000023	2.80100000000039	3.45899999999983	0	0
1.65900000000011	1.77100000000019	1.85000000000036	0	0
1.41599999999971	1.03099999999995	1.68199999999979	0	0
2.30099999999993	3.02700000000004	2.20400000000063	0	0
1.35899999999992	1.18599999999969	1.54600000000028	0	0
1.52500000000009	1.58200000000033	1.72699999999986	0	0
2.15900000000011	3.25999999999976	2.40499999999975	0	0
1.64800000000014	1.65099999999984	1.61599999999999	0	0
2.46399999999994	3.48199999999997	2.69799999999941	0	0
1.23199999999997	0.740999999999985	1.71700000000055	0	0
2.70999999999958	3.5300000000002	2.77599999999984	0	0
2.15999999999985	2.80099999999993	2.0010000000002	0	0
3.5659999999998	5.32699999999977	3.61400000000049	0	0
2.24099999999999	3.15999999999985	2.55300000000079	0	0
1.66100000000006	1.89900000000034	1.76400000000012	0	0
1.0359999999996	0.208000000000084	1.1869999999999	0	0
1.61099999999988	2.02800000000025	1.8739999999998	0	0
1.45600000000013	1.27500000000009	1.70499999999993	0	0
1.94599999999991	2.17599999999993	2.04799999999977	0	0
1.28800000000001	0.606000000000222	1.06999999999971	0	0
1.59500000000025	1.69899999999961	1.52000000000044	0	0
1.29399999999987	0.726000000000113	1.24699999999939	0	0
2.55799999999999	3.48300000000017	2.28099999999995	0	0
1.61799999999994	1.55299999999988	1.96900000000005	0	0
1.11700000000019	0.36200000000008	1.26900000000023	0	0
1.14599999999973	0.837999999999738	1.61899999999969	0	0
1.03800000000001	0.445000000000164	0.984000000000378	0	0
1.45600000000013	1.19900000000007	1.61499999999978	0	0
1.19599999999991	0.722999999999956	1.04799999999977	0	0
3.46500000000015	4.52399999999989	3.15999999999985	0	0
2.07699999999977	2.34900000000016	2.6239999999998	0	0
1.05200000000013	0.771000000000186	1.19599999999991	0	0
1.6579999999999	1.81500000000005	1.6260000000002	0	0
1.1279999999997	0.632000000000062	1.40200000000004	0	0
1.41799999999967	1.04399999999987	2.17699999999968	0	0
1.1260000000002	0.766999999999825	1.43199999999979	0	0
2.07799999999997	2.24800000000005	2.2529999999997	0	0
1.5010000000002	1.57200000000012	1.8760000000002	0	0
1.8420000000001	2.12699999999995	1.71099999999933	0	0
1.11999999999989	0.59900000000016	1.07300000000032	0	0
1.4409999999998	0.903999999999996	1.14300000000003	0	0
2.68100000000004	3.87899999999991	2.19599999999991	0	0
2.63000000000011	3.25399999999991	2.05600000000049	0	0
1.92000000000007	2.00999999999976	1.5590000000002	0	0
2.21500000000015	2.78200000000015	1.8130000000001	0	0
3.77599999999984	5.77100000000019	2.94800000000032	0	0
3.69599999999991	5.79199999999992	2.94999999999982	0	0
1.91800000000012	2.11400000000003	1.54600000000028	0	0
3.13300000000027	4.2199999999998	2.46399999999994	0	0
3.34999999999991	4.89699999999993	2.66100000000006	0	0
3.91300000000001	5.73300000000017	3.03200000000015	0	0
