15.467	1.184	17.244	0	0
16.601	1.399	18.321	0	0
12.073	2.136	13.547	0	0
17.355	1.626	18.823	0	0
15.529	1.708	17.612	0	0
11.65	1.991	13.784	0	0
14.046	1.169	15.297	0	0
13.551	2.643	15.56	0	0
15.396	2.656	17.493	0	0
13.797	0.978999999999999	14.828	0	0
13.33	0.979999999999997	14.565	0	0
20.109	1.394	21.716	0	0
12.623	2.929	14.27	0	0
13.751	1.109	15.607	0	0
11.044	2.035	12.588	0	0
13.923	1.062	15.548	0	0
14.275	3.211	16.973	0	0
16.426	2.073	18.519	0	0
12.985	1.327	14.838	0	0
12.908	1.007	15.063	0	0
14.381	1.385	15.886	0	0
10.6560000000001	0.905999999999992	11.4830000000001	0	0
16.5699999999999	2.08999999999999	18.538	0	0
13.2959999999999	1.218	14.845	0	0
14.146	0.957999999999998	15.599	0	0
13.0379999999999	0.987000000000009	14.303	0	0
13.8050000000001	1.2	15.048	0	0
13.254	1.11799999999999	14.373	0	0
12.912	1.08500000000001	14.436	0	0
13.4849999999999	1.77	15.479	0	0
13.343	1.157	14.504	0	0
23.167	3.27399999999999	26.867	0	0
14.063	1.04000000000001	15.144	0	0
13.848	1.078	15.3530000000001	0	0
10.4459999999999	1.815	11.693	0	0
14.005	2.72500000000001	16.144	0	0
19.8109999999999	4.081	23.05	0	0
13.751	2.498	15.644	0	0
10.2009999999999	1.413	11.684	0	0
18.347	2.244	20.5400000000002	0	0
16.3820000000001	1.36	17.7469999999998	0	0
13.59	1.06799999999998	14.664	0	0
13.804	2.60300000000001	15.538	0	0
14.1699999999998	1.32900000000001	15.645	0	0
13.742	1.22200000000001	15.5160000000001	0	0
10.3489999999999	0.757000000000005	11.1970000000001	0	0
20.2240000000002	1.22199999999998	22.751	0	0
13.7909999999999	1.13300000000001	15.0820000000001	0	0
17.8400000000001	2.756	20.1509999999998	0	0
12.9949999999999	1.16399999999999	14.2159999999999	0	0
22.9949999999999	1.24200000000002	24.3020000000001	0	0
11.7919999999999	2.738	13.748	0	0
14.0450000000001	2.58600000000001	16.8009999999999	0	0
13.7430000000002	1.12299999999999	15.2280000000001	0	0
13.7350000000001	1.00700000000001	14.7869999999998	0	0
11.923	2.77100000000002	13.626	0	0
14.74	3.03	17.1659999999999	0	0
15.3790000000001	2.27900000000002	17.53	0	0
12.7730000000001	1.042	14.1320000000001	0	0
11.405	0.790999999999997	12.2860000000001	0	0
11.5259999999998	1.49700000000001	12.7	0	0
13.954	1.43800000000002	15.4389999999999	0	0
12.9560000000001	1.124	14.0810000000001	0	0
13.4000000000001	1.126	14.556	0	0
15.0350000000001	2.45500000000001	16.98	0	0
12.865	1.227	14.124	0	0
11.2060000000001	0.780000000000001	11.9869999999999	0	0
15.816	1.82599999999999	17.808	0	0
12.9390000000001	1.215	14.3009999999999	0	0
13.6579999999999	1.26900000000001	15.2249999999999	0	0
13.3180000000002	1.096	14.4300000000001	0	0
10.288	0.760999999999996	11.1090000000002	0	0
17.2080000000001	1.304	19.461	0	0
12.6770000000001	1.273	14.6280000000002	0	0
24.7449999999999	2.381	28.1429999999998	0	0
12.5839999999998	1.03299999999999	13.568	0	0
12.4649999999999	1.124	13.5929999999998	0	0
14.279	1.797	15.7869999999998	0	0
13.03	1.221	14.8129999999996	0	0
12.845	1.04900000000001	14.511	0	0
16.6779999999999	1.23400000000001	18.0920000000001	0	0
10.7950000000001	0.712999999999994	11.5140000000001	0	0
13.098	1.19200000000001	14.3240000000001	0	0
12.4269999999999	1.15600000000001	14.085	0	0
11.2819999999999	0.885999999999996	12.2799999999997	0	0
13.2360000000001	1.19200000000001	14.6379999999999	0	0
13.598	1.03800000000001	14.7439999999997	0	0
11.0999999999999	1.95400000000001	12.6509999999998	0	0
13.4259999999999	1.08199999999999	15.2039999999997	0	0
20.3489999999997	3.38499999999999	23.0480000000002	0	0
11.9560000000001	1.54700000000003	13.326	0	0
13.491	2.51100000000002	15.4349999999999	0	0
14.71	3.01600000000002	17.1570000000002	0	0
14.8119999999999	3.166	17.4789999999998	0	0
23.1530000000002	6.72900000000004	27.7420000000002	0	0
14.4009999999998	3.637	20.1849999999999	0	0
17.7469999999998	2.10599999999999	22.1970000000001	0	0
11.5280000000002	1.37299999999999	13.1229999999996	0	0
13.6120000000001	1.06899999999996	15.3230000000003	0	0
14.069	1.26299999999998	15.6400000000003	0	0
10.5430000000001	1.45600000000002	12.0739999999996	0	0
12.0709999999999	1.851	13.1169999999997	0	0
15.701	2.79499999999996	17.8989999999999	0	0
16.2249999999999	1.50900000000001	18.3229999999999	0	0
12.9200000000001	0.964999999999975	13.9169999999999	0	0
11.6750000000002	1.50999999999999	13.2199999999998	0	0
15.1329999999998	1.846	17.5790000000002	0	0
14.0680000000002	1.863	15.703	0	0
13.261	1.31300000000005	14.442	0	0
16.3020000000001	1.69399999999996	18.3489999999997	0	0
13.4940000000001	1.09900000000005	14.9589999999998	0	0
14.5740000000001	1.26299999999998	16.8310000000001	0	0
14.261	1.06300000000005	15.4139999999998	0	0
12.652	1.07800000000003	13.79	0	0
12.491	0.972000000000037	13.7280000000001	0	0
10.8229999999999	0.836999999999989	11.913	0	0
16.732	1.83100000000002	19.5140000000001	0	0
13.8440000000001	1.03499999999997	15.2459999999996	0	0
12.587	1.13400000000001	13.75	0	0
16.4120000000003	1.41000000000003	17.7659999999996	0	0
15.2339999999999	1.28399999999999	16.7820000000002	0	0
21.5750000000003	1.63800000000003	23.9919999999997	0	0
15.4059999999999	3.62899999999996	17.6280000000002	0	0
17.846	2.70700000000005	20.6389999999997	0	0
13.2709999999997	2.18699999999995	15.2459999999996	0	0
13.8200000000002	1.399	15.1239999999998	0	0
14.1119999999996	2.11000000000001	15.864	0	0
11.1239999999998	2.31099999999998	13.739	0	0
18.0430000000001	3.11000000000001	20.9940000000001	0	0
16.6130000000003	1.36599999999999	17.9299999999998	0	0
13.6329999999998	1.19300000000004	15.1330000000003	0	0
13.0050000000001	0.826999999999998	14.3939999999998	0	0
10.422	0.836999999999989	11.6439999999998	0	0
13.6959999999999	1.24200000000002	15.252	0	0
12.4249999999997	2.22699999999998	13.9860000000003	0	0
17.5059999999999	2.916	20.4010000000003	0	0
18.8449999999998	1.702	20.6200000000003	0	0
13.127	1.26999999999998	14.4950000000003	0	0
10.4209999999998	0.834000000000003	11.3429999999998	0	0
14.7489999999998	2.56900000000002	16.8050000000003	0	0
16.0050000000001	1.52000000000004	17.4340000000002	0	0
22.3470000000002	1.31700000000001	23.7069999999999	0	0
10.7240000000002	0.728000000000009	11.4780000000001	0	0
18.6639999999998	1.40499999999997	20.3779999999997	0	0
12.5709999999999	1.971	14.078	0	0
12.6749999999997	2.32600000000002	14.0549999999998	0	0
18.6840000000002	1.55099999999999	20.1970000000001	0	0
13.4249999999997	1.18400000000003	14.5219999999999	0	0
12.2809999999999	1.17699999999996	13.8340000000003	0	0
13.4660000000003	1.072	14.567	0	0
14.152	1.09100000000001	15.6629999999996	0	0
13.8400000000001	1.01700000000005	14.8580000000002	0	0
13.7530000000002	3.053	16.6260000000002	0	0
13.0119999999997	1.95099999999996	15.0929999999998	0	0
6.82400000000007	1.11600000000004	7.79400000000078	0	0
14.52	2.81099999999998	16.8770000000004	0	0
18.0309999999999	2.86699999999996	21.1589999999997	0	0
26.1489999999999	3.03800000000001	29.076	0	0
14.2600000000002	2.23399999999998	15.8290000000006	0	0
13.6790000000001	1.20999999999998	14.951	0	0
12.5940000000001	1.00800000000004	14.125	0	0
12.5680000000002	1.34299999999996	13.9300000000003	0	0
11.0609999999997	0.764999999999986	11.866	0	0
15.1410000000001	1.71199999999999	16.6989999999996	0	0
13.5080000000003	1.78899999999999	15.6150000000007	0	0
13.261	1.24800000000005	14.4979999999996	0	0
11.02	0.767999999999915	11.7939999999999	0	0
13.701	1.28800000000001	15.0110000000004	0	0
15.52	1.35500000000002	17.2419999999993	0	0
12.7190000000001	2.72299999999996	14.8779999999997	0	0
21.2520000000004	4.96600000000001	25.6629999999996	0	0
14.8980000000001	3.15100000000007	17.2389999999996	0	0
13.366	2.56700000000001	15.5720000000001	0	0
11.5659999999998	1.33100000000002	12.4650000000001	0	0
11.4949999999999	2.33199999999999	13.393	0	0
13.7130000000006	1.69200000000001	15.4679999999998	0	0
17.8770000000004	1.14999999999998	19.0649999999996	0	0
11.1820000000007	0.771000000000072	12.1060000000007	0	0
20.3969999999999	1.471	22.317	0	0
16.6040000000003	1.327	18.2380000000003	0	0
15.29	1.58399999999995	16.7610000000004	0	0
14.0510000000004	1.673	16.0379999999996	0	0
12.8829999999998	1.24199999999996	14.5950000000003	0	0
12.5649999999996	1.33799999999997	14.2300000000005	0	0
14.0110000000004	1.21799999999996	15.7139999999999	0	0
10.3279999999995	0.800000000000068	11.6420000000007	0	0
13.2669999999998	1.75300000000004	14.9410000000007	0	0
11.9410000000007	0.927000000000021	13.2169999999996	0	0
16.9619999999995	2.08199999999999	18.9110000000001	0	0
13.3579999999993	1.21899999999994	14.5320000000002	0	0
16.4559999999992	2.11299999999994	18.3209999999999	0	0
12.7510000000002	1.06500000000005	13.9470000000001	0	0
14.6900000000005	1.44100000000003	16.2490000000007	0	0
13.8879999999999	1.09400000000005	15.1750000000002	0	0
15.04	1.81899999999996	17.192	0	0
18.7860000000001	2.76999999999998	21.357	0	0
14.2820000000002	1.18100000000004	15.402	0	0
13.5380000000005	1.08499999999992	14.6700000000001	0	0
14.1480000000001	1.20399999999995	15.4129999999996	0	0
10.3789999999999	0.814999999999941	11.3400000000001	0	0
13.96	1.21500000000003	15.2660000000005	0	0
14.6909999999998	1.27499999999998	16.2240000000002	0	0
15.4320000000007	1.76400000000001	17.6580000000004	0	0
13.0480000000007	1.71800000000007	15.4740000000002	0	0
16.3200000000006	1.15999999999997	17.5619999999999	0	0
16.7420000000002	1.71000000000004	18.3370000000004	0	0
14.6930000000002	3.21799999999996	16.9750000000004	0	0
12.7609999999995	1.24199999999996	13.9369999999999	0	0
11.2110000000002	0.878000000000043	12.4989999999998	0	0
14.165	2.57600000000002	16.4639999999999	0	0
13.3919999999998	2.29200000000003	15.326	0	0
10.5140000000001	0.798000000000002	11.3000000000002	0	0
19.4180000000006	1.63	21.1919999999991	0	0
11.0940000000001	0.878000000000043	12.2039999999997	0	0
16.7550000000001	1.29200000000003	18.1120000000001	0	0
10.2430000000004	0.728999999999928	11.3559999999998	0	0
11.4319999999998	0.699999999999932	12.4669999999996	0	0
13.4070000000002	1.29899999999998	14.9079999999994	0	0
13.7190000000001	1.14300000000003	15.0369999999994	0	0
14.7429999999995	1.25999999999999	16.134	0	0
16.2569999999996	1.20799999999997	17.6190000000006	0	0
12.8900000000003	1.06399999999996	14.4449999999997	0	0
18.7550000000001	1.42099999999994	20.4039999999995	0	0
12.1010000000006	0.760000000000105	12.8969999999999	0	0
14.5869999999995	1.13599999999997	16.0129999999999	0	0
10.6140000000005	0.855999999999995	11.6949999999997	0	0
12.9340000000002	1.12199999999996	14.6470000000008	0	0
19.4580000000005	1.77600000000007	21.2879999999996	0	0
16.4710000000005	1.27199999999993	18.5649999999996	0	0
14.777	1.01300000000003	15.7839999999997	0	0
10.415	0.97199999999998	11.7760000000007	0	0
14.0250000000005	1.36099999999999	15.4400000000005	0	0
13.6030000000001	1.22199999999998	14.8240000000005	0	0
13.7700000000004	1.202	15.4449999999997	0	0
17.1620000000003	1.38099999999997	18.6970000000001	0	0
13.6580000000004	1.28300000000002	15.0839999999998	0	0
10.0990000000002	0.694999999999936	10.6559999999999	0	0
10.9449999999997	0.55499999999995	11.6559999999999	0	0
14.1280000000006	1.1629999999999	15.4380000000001	0	0
6.02799999999934	0.36099999999999	6.82800000000043	0	0
13.7599999999993	1.11400000000003	14.9900000000007	0	0
13.866	0.937000000000012	15.2820000000002	0	0
13.5199999999995	1.18899999999996	15.1450000000004	0	0
13.326	1.11399999999992	14.6959999999999	0	0
24.8029999999999	2.82099999999991	27.5079999999998	0	0
13.5849999999991	1.577	15.6390000000001	0	0
14.1890000000003	2.54899999999998	16.3729999999996	0	0
23.1850000000004	3.12400000000002	26.7470000000003	0	0
13.8279999999995	2.68399999999997	16.3509999999997	0	0
17.1899999999996	2.38799999999992	19.5809999999992	0	0
13.7600000000002	1.07900000000006	14.8599999999997	0	0
13.5420000000004	1.10400000000004	14.7910000000002	0	0
13.7110000000002	1.06200000000001	15.0890000000009	0	0
16.9099999999999	1.30399999999997	18.1220000000003	0	0
13.2089999999998	1.13499999999999	14.4859999999999	0	0
12.9650000000001	1.12799999999993	14.0999999999995	0	0
17.9629999999997	1.51499999999999	19.616	0	0
12.1410000000005	1.125	13.2779999999993	0	0
17.0519999999997	1.20400000000006	19.2270000000008	0	0
13.3760000000002	0.879999999999995	14.625	0	0
10.2449999999999	0.814000000000078	11.451	0	0
13.7119999999995	1.47000000000003	15.1849999999995	0	0
13.2840000000006	1.13	14.6790000000001	0	0
10.6270000000004	0.703000000000088	11.5420000000004	0	0
13.4290000000001	1.30100000000004	14.79	0	0
19.9629999999997	1.44799999999998	22.0810000000001	0	0
13.9039999999995	1.572	15.6459999999997	0	0
13.558	2.35299999999995	15.3679999999995	0	0
13.5520000000006	2.62900000000002	15.8010000000004	0	0
16.5309999999999	2.56299999999999	18.6009999999997	0	0
13.0899999999992	1.16999999999996	14.6260000000002	0	0
13.8609999999999	1.17199999999991	15.4369999999999	0	0
13.5730000000003	1.25099999999998	15.0610000000006	0	0
14.2219999999998	1.20500000000004	15.6090000000004	0	0
13.2580000000007	1.65200000000004	15.4469999999992	0	0
10.3969999999999	1.07299999999998	11.2670000000007	0	0
13.2599999999993	0.973999999999933	14.4750000000004	0	0
13.4409999999998	1.34899999999993	15.0690000000004	0	0
13.5020000000004	1.16200000000003	14.9369999999999	0	0
11.7040000000006	1.03600000000006	12.7560000000003	0	0
13.1260000000002	1.16999999999996	14.299	0	0
14.7919999999995	1.452	16.4350000000004	0	0
11.1310000000003	1.01499999999999	12.2339999999995	0	0
10.8819999999996	1.77600000000007	12.5129999999999	0	0
13.7399999999998	1.19299999999998	15.2350000000006	0	0
14.7240000000002	2.35899999999992	16.6680000000006	0	0
11.1529999999993	0.757999999999925	12.0450000000001	0	0
13.0279999999993	1.09399999999994	14.2709999999997	0	0
11.5460000000003	1.12799999999993	12.643	0	0
13.5070000000005	2.06600000000003	15.259	0	0
14.0769999999993	2.12800000000004	15.6709999999994	0	0
10.6350000000002	0.769999999999982	11.4139999999998	0	0
14.4720000000007	2.89400000000001	16.6169999999993	0	0
10.8030000000008	1.12199999999996	11.9930000000004	0	0
9.875	0.894000000000005	10.6850000000004	0	0
15.3220000000001	1.26599999999996	16.7579999999998	0	0
19.5320000000002	2.13800000000003	22.1330000000007	0	0
16.6630000000005	1.50400000000002	18.2429999999995	0	0
14.0189999999993	0.907000000000039	15.5219999999999	0	0
19.3599999999997	1.34499999999991	20.8670000000002	0	0
13.8780000000006	1.14100000000008	15.0550000000003	0	0
16.2600000000002	1.50299999999993	18.6849999999995	0	0
13.4459999999999	1.26599999999996	14.7739999999994	0	0
13.1019999999999	1.178	14.3060000000005	0	0
13.2460000000001	1.78800000000001	15.2479999999996	0	0
12.585	1.04399999999998	13.637999999999	0	0
12.6300000000001	1.00599999999997	13.601999999999	0	0
19.549	1.62099999999998	21.1399999999994	0	0
14.4470000000001	2.17500000000007	15.9940000000006	0	0
14.8720000000003	3.27499999999998	17.4240000000009	0	0
14.1080000000002	2.03800000000001	15.6170000000002	0	0
17.6670000000004	3.19499999999994	20.6720000000005	0	0
13.8779999999997	2.42100000000005	16.655999999999	0	0
18.9200000000001	2.89600000000007	21.5360000000001	0	0
13.4299999999994	2.05899999999997	14.8529999999992	0	0
14.2659999999996	2.24599999999998	16.1409999999996	0	0
20.0519999999997	3.00099999999998	22.9799999999996	0	0
14.4750000000004	2.77099999999996	16.9530000000013	0	0
11.1880000000001	1.88100000000009	13.0900000000001	0	0
10.9310000000005	2.23500000000001	12.6820000000007	0	0
14.3319999999994	2.00999999999999	16.0720000000001	0	0
13.7610000000004	2.5440000000001	16.0510000000013	0	0
10.1579999999994	1.38599999999997	11.1630000000005	0	0
10.4189999999999	1.95800000000008	12.0519999999997	0	0
16.5929999999998	3.45299999999997	18.8119999999999	0	0
16.8100000000004	3.10199999999998	20.232	0	0
11.9079999999994	1.572	13.982	0	0
14.4290000000001	3.18299999999999	16.8369999999995	0	0
14.3609999999999	2.91599999999994	16.4189999999999	0	0
14.027	1.97000000000003	15.7019999999993	0	0
13.4340000000002	2.25700000000006	15.3690000000006	0	0
21.3449999999993	1.85299999999984	23.646999999999	0	0
14.0159999999996	1.11400000000003	15.6039999999994	0	0
14.2950000000001	1.17399999999998	15.7549999999992	0	0
10.4309999999996	0.864000000000033	11.469000000001	0	0
14.5450000000001	1.1840000000002	16.0109999999986	0	0
13.3649999999998	1.65499999999997	15.621000000001	0	0
15.2179999999998	1.30300000000011	16.6080000000002	0	0
13.6749999999993	1.25800000000004	14.9239999999991	0	0
13.1840000000002	1.49000000000001	14.5599999999995	0	0
13.982	1.01199999999994	15.0709999999999	0	0
13.4760000000006	1.21100000000001	14.7340000000004	0	0
25.2399999999998	2.30999999999995	27.5550000000003	0	0
13.4519999999993	1.048	14.5699999999997	0	0
13.9249999999993	1.61600000000021	15.7459999999992	0	0
13.5110000000004	1.14799999999991	15.2109999999993	0	0
10.7129999999997	1.23800000000006	11.8510000000006	0	0
12.8549999999996	0.987999999999829	13.9089999999997	0	0
13.4850000000006	2.16199999999981	15.7960000000003	0	0
14.7569999999996	1.29999999999995	16.1999999999989	0	0
16.726999999999	1.26199999999994	18.2420000000002	0	0
11.2889999999989	0.946999999999889	12.4390000000003	0	0
10.2029999999995	0.77800000000002	11.268	0	0
13.3719999999994	1.20399999999995	14.5879999999997	0	0
11.7779999999984	2.12099999999987	13.3799999999992	0	0
13.6959999999999	1.28800000000001	15.0249999999996	0	0
15.8140000000003	1.24399999999991	17.726999999999	0	0
10.2429999999986	0.846000000000004	11.4060000000009	0	0
10.3240000000005	0.77599999999984	11.3209999999999	0	0
14.0010000000002	1.37300000000005	15.5990000000002	0	0
16.7790000000005	1.50900000000001	18.0900000000001	0	0
11.2490000000016	1.04199999999992	12.4560000000001	0	0
16.3539999999994	2.71699999999987	19.1410000000014	0	0
13.9850000000006	1.20900000000006	15.3109999999997	0	0
14.1290000000008	0.919000000000096	15.469000000001	0	0
17.1689999999999	1.55600000000004	18.6450000000004	0	0
17.223	1.35000000000014	19.1329999999998	0	0
13.9140000000007	0.967000000000098	15.2909999999993	0	0
14.1219999999994	1.08600000000001	16.0819999999985	0	0
23.3199999999997	1.36799999999994	24.8599999999988	0	0
13.9089999999997	1.04700000000003	15.1849999999995	0	0
13.7090000000007	1.05899999999997	15.3670000000002	0	0
16.009	1.18900000000008	17.9049999999988	0	0
18.3829999999998	1.34400000000005	19.7010000000009	0	0
13.9009999999998	0.990000000000009	14.8899999999994	0	0
15.5839999999989	1.91300000000001	17.7849999999999	0	0
15.1239999999998	2.47700000000009	17.4549999999999	0	0
14.1499999999996	2.43099999999981	16.107	0	0
11.1889999999985	1.36500000000001	12.2909999999993	0	0
14.0609999999997	2.39400000000001	15.9309999999987	0	0
11.3189999999995	0.801999999999907	12.1889999999985	0	0
13.8370000000014	1.13000000000011	15.0609999999997	0	0
14.0969999999998	1.13299999999981	15.2900000000009	0	0
13.1829999999991	1.25800000000004	14.4750000000004	0	0
13.2219999999998	1.32799999999997	14.4189999999999	0	0
12.7710000000006	0.950000000000045	14.3619999999992	0	0
13.241	1.4860000000001	14.6990000000005	0	0
10.366	0.867999999999938	11.2459999999992	0	0
12.8900000000012	1.16499999999996	14.0490000000009	0	0
13.1990000000005	1.16000000000008	14.3600000000006	0	0
13.5669999999991	1.90000000000009	15.1260000000002	0	0
12.5660000000007	1.07600000000002	13.7559999999994	0	0
12.6800000000003	0.926000000000158	14.6979999999985	0	0
11.0739999999987	0.916999999999916	12.2340000000004	0	0
14.9410000000007	3.47499999999991	18.1090000000004	0	0
15.0239999999994	3.04499999999985	17.5470000000005	0	0
14.8010000000013	1.60500000000002	16.4629999999997	0	0
12.7350000000006	3.6690000000001	15.2669999999998	0	0
13.264000000001	2.66500000000019	15.3420000000006	0	0
13.2840000000015	1.07000000000016	14.7879999999986	0	0
13.7400000000016	1.22199999999998	15.143	0	0
18.5560000000005	2.904	21.6610000000001	0	0
12.9060000000009	1.14799999999991	14.1839999999993	0	0
19.0769999999993	1.73399999999992	21.0689999999995	0	0
17.2459999999992	2.68600000000015	19.3979999999992	0	0
12.4250000000011	1.10200000000009	13.4169999999995	0	0
11.3080000000009	0.855999999999995	12.2279999999992	0	0
10.9060000000009	2.22299999999996	12.6589999999997	0	0
17.0329999999994	2.72299999999996	19.1920000000009	0	0
13.2250000000004	2.13100000000009	15.0929999999989	0	0
14.3250000000007	3.05799999999999	16.402	0	0
20.4629999999997	3.68600000000015	23.1399999999994	0	0
12.6270000000004	1.10699999999997	13.5889999999999	0	0
14.1589999999997	2.22899999999981	16.0959999999995	0	0
12.991	1.173	14.3389999999999	0	0
16.3600000000006	1.577	17.9620000000014	0	0
18.1880000000001	1.49000000000001	19.6189999999988	0	0
13.8370000000014	1.12100000000009	15.1760000000013	0	0
21.8899999999994	1.74599999999987	23.9089999999997	0	0
14.0850000000009	1.18899999999985	15.384	0	0
14.4130000000005	1.53600000000006	16.0060000000012	0	0
13.4809999999998	2.15300000000002	15.2779999999984	0	0
12.8770000000004	1.21699999999987	14.030999999999	0	0
17.107	1.22799999999984	18.3549999999996	0	0
13.9229999999989	1.11099999999988	15.473	0	0
13.1119999999992	1.02299999999991	14.1539999999986	0	0
14.2450000000008	0.939999999999827	15.2080000000005	0	0
12.2920000000013	0.980000000000018	13.3100000000013	0	0
13.6990000000005	1.21599999999989	14.9189999999999	0	0
13.0110000000004	2.25599999999986	15.2639999999992	0	0
13.1739999999991	1.18200000000002	14.4189999999999	0	0
11.2700000000004	0.826999999999998	12.232	0	0
14.2669999999998	1.18299999999999	15.4869999999992	0	0
13.5419999999995	1.125	14.6970000000001	0	0
11.8630000000012	1.06000000000017	13.0139999999992	0	0
13.5619999999999	1.45600000000013	15.1010000000006	0	0
14.8279999999995	2.45399999999995	17.1189999999988	0	0
14.1689999999999	1.89199999999983	15.8799999999992	0	0
13.6859999999997	1.20800000000008	15.0859999999993	0	0
19.9740000000002	1.327	21.6970000000001	0	0
11.1009999999987	0.792999999999893	11.9050000000007	0	0
13.8469999999998	1.09799999999996	15.1700000000001	0	0
10.5319999999992	0.838999999999942	11.378999999999	0	0
13.1680000000015	1.2800000000002	14.4650000000001	0	0
16.8359999999993	1.27399999999989	18.7080000000005	0	0
13.3639999999996	1.15200000000004	14.5360000000001	0	0
13.6220000000012	1.34500000000003	14.991	0	0
14.2759999999998	2.63799999999992	16.4449999999997	0	0
13.6919999999991	1.20400000000018	15.2330000000002	0	0
13.4930000000004	1.10899999999992	14.6090000000004	0	0
14.1769999999997	2.50399999999991	16.4279999999999	0	0
14.1589999999997	2.47899999999981	15.9940000000006	0	0
20.9290000000001	3.60400000000004	23.7030000000013	0	0
13.369999999999	1.09100000000012	14.7459999999992	0	0
13.3110000000015	1.06000000000017	14.371000000001	0	0
12.1000000000004	1.048	13.148000000001	0	0
15.9639999999999	1.02399999999989	17.0959999999995	0	0
13.5879999999997	1.25099999999998	14.7139999999999	0	0
14.3909999999996	1.26199999999994	15.6620000000003	0	0
11.4670000000006	0.75200000000018	12.2200000000012	0	0
19.2709999999988	2.03499999999985	21.1860000000015	0	0
20.741	1.7199999999998	22.6669999999995	0	0
14.7970000000005	2.08500000000004	17.5349999999999	0	0
19.4259999999995	1.50400000000013	21.6769999999997	0	0
14.1140000000014	1.05300000000011	15.4369999999999	0	0
10.8870000000006	0.768000000000029	12.0450000000001	0	0
13.969000000001	1.05399999999986	15.2839999999997	0	0
13.6830000000009	1.04899999999998	14.7200000000012	0	0
10.2179999999989	0.735999999999876	11.005000000001	0	0
13.2340000000004	1.10799999999995	14.3790000000008	0	0
10.8809999999994	0.836000000000013	11.7469999999994	0	0
16.8089999999993	1.89999999999986	18.4159999999993	0	0
13.7219999999998	1.23599999999988	14.9639999999999	0	0
13.3700000000008	1.12900000000013	14.764000000001	0	0
13.9879999999994	1.16799999999989	15.2690000000002	0	0
17.1869999999999	1.7650000000001	18.6509999999998	0	0
14.2569999999996	1.92599999999993	15.9050000000007	0	0
13.6749999999993	1.15699999999993	15.0280000000002	0	0
15.2250000000004	1.69599999999991	16.9089999999997	0	0
13.8919999999998	1.22299999999996	15.1319999999996	0	0
11.6310000000012	1.30899999999997	12.8999999999996	0	0
13.6290000000008	0.958000000000084	14.7150000000001	0	0
16.7960000000003	1.63400000000001	18.8199999999997	0	0
11.1280000000006	0.801999999999907	12.3199999999997	0	0
21.9390000000003	1.50900000000001	24.110999999999	0	0
13.9139999999989	1.48000000000002	15.1859999999997	0	0
14.4470000000001	1.14799999999991	15.5879999999997	0	0
15.2219999999998	2.1909999999998	17.0470000000005	0	0
11.2990000000009	1.25900000000001	12.7729999999992	0	0
13.0370000000003	1.16699999999992	14.4930000000004	0	0
14.2510000000002	1.72899999999981	15.7219999999998	0	0
13.0860000000011	1.22299999999996	14.5110000000004	0	0
10.396999999999	0.81899999999996	11.4189999999999	0	0
14.119999999999	1.80399999999986	15.9889999999996	0	0
10.9840000000004	0.807999999999993	11.7860000000001	0	0
13.3409999999985	1.07600000000002	14.4210000000003	0	0
15.2549999999992	1.28300000000013	16.5540000000001	0	0
20.1860000000015	1.85500000000002	23.0460000000003	0	0
14.5650000000005	1.10899999999992	16.1809999999987	0	0
14.5760000000009	1.33500000000004	16.1599999999999	0	0
11.2329999999984	0.80600000000004	12.0780000000013	0	0
16.7720000000008	1.21000000000004	18.0539999999983	0	0
13.5320000000011	1.12099999999987	14.6819999999989	0	0
14.0729999999985	1.16299999999978	15.2450000000008	0	0
11.2509999999984	0.941000000000031	12.3439999999991	0	0
13.9120000000003	0.971000000000004	14.9099999999999	0	0
16.6540000000005	1.27800000000002	17.9840000000004	0	0
19.3019999999997	1.56799999999998	21.2710000000006	0	0
11.3119999999999	1.01599999999985	12.5360000000001	0	0
10.8829999999998	0.845000000000027	11.728000000001	0	0
16.7649999999994	1.20600000000013	18.2139999999999	0	0
13.7179999999989	1.221	15.6620000000003	0	0
15.9490000000005	2.13400000000001	18.6660000000011	0	0
13.6739999999991	0.904999999999973	14.7080000000005	0	0
13.7609999999986	1.18499999999995	15.012999999999	0	0
10.521999999999	0.812000000000126	11.7289999999994	0	0
13.509	1.05299999999988	14.8260000000009	0	0
15.6360000000004	1.20500000000015	17.1569999999992	0	0
18.8959999999988	1.60699999999997	21.5679999999993	0	0
13.652	1.17499999999995	15.0410000000011	0	0
18.2979999999989	1.74399999999991	19.7109999999993	0	0
17.0319999999992	1.66000000000008	19.9490000000005	0	0
13.6830000000009	1.62100000000009	15.6799999999985	0	0
11.6440000000002	2.30600000000004	13.3999999999996	0	0
16.9099999999999	1.45500000000015	18.3269999999993	0	0
13.8490000000002	1.08400000000006	15.3430000000008	0	0
20.1419999999998	2.86799999999994	23.0169999999998	0	0
11.0349999999999	0.807000000000016	12.0070000000014	0	0
13.9750000000004	1.7059999999999	15.4920000000002	0	0
11.4179999999997	0.842999999999847	12.4129999999986	0	0
11.1759999999995	2.58500000000004	12.9689999999991	0	0
12.3420000000006	0.940999999999804	13.1619999999984	0	0
14.0949999999993	1.98900000000003	16.1759999999995	0	0
14.4009999999998	1.68600000000015	16.3280000000013	0	0
14.3230000000003	2.05299999999988	16.1769999999997	0	0
20.0909999999985	5.78099999999995	23.8940000000002	0	0
18.3279999999995	2.51900000000001	20.4249999999993	0	0
14.9440000000013	1.85399999999981	16.762999999999	0	0
12.4430000000011	1.42000000000007	13.7150000000001	0	0
13.8719999999994	1.32400000000007	15.4339999999993	0	0
14.3630000000012	2.23599999999988	16.4340000000011	0	0
14.2870000000003	2.54199999999992	16.5799999999999	0	0
14.7219999999998	1.06699999999978	15.8050000000003	0	0
19.7019999999993	1.49399999999991	21.7429999999986	0	0
11.2489999999998	0.896999999999935	12.1810000000005	0	0
13.7180000000008	1.15700000000015	14.996000000001	0	0
16.6970000000001	1.10100000000011	18.4889999999996	0	0
11.1470000000008	0.884000000000015	12.030999999999	0	0
13.7260000000006	1.20299999999997	14.987000000001	0	0
12.5460000000003	1.15100000000007	14.0519999999997	0	0
12.9560000000001	1.31700000000001	14.2259999999987	0	0
11.5439999999999	0.750999999999976	12.3720000000012	0	0
13.2690000000002	1.30899999999997	14.5600000000013	0	0
13.6100000000006	1.20100000000002	14.9319999999989	0	0
19.2219999999998	1.47400000000016	20.7189999999991	0	0
26.0550000000003	2.21900000000005	28.2450000000008	0	0
14.0850000000009	1.1400000000001	15.277	0	0
12.8909999999996	1.16999999999985	14.1890000000003	0	0
23.2170000000006	2.92700000000013	25.7389999999996	0	0
10.9790000000012	1.15000000000009	12.143	0	0
13.3109999999997	1.125	14.4700000000012	0	0
10.9930000000004	0.858999999999924	11.9430000000011	0	0
16.2519999999986	1.37299999999982	18.0830000000005	0	0
13.6539999999986	2.60400000000004	16.255000000001	0	0
14.4549999999999	0.965999999999894	15.6819999999989	0	0
13.4200000000001	1.23900000000003	14.6880000000001	0	0
13.8199999999997	1.09899999999993	15.1100000000006	0	0
13.7399999999998	1.80400000000009	15.1190000000006	0	0
11.0290000000005	0.801000000000158	12.0259999999998	0	0
20.6810000000005	1.56000000000017	22.1580000000013	0	0
14.1819999999989	2.40599999999995	16.280999999999	0	0
13.1470000000008	1.11500000000001	14.2530000000006	0	0
14.2810000000009	1.22500000000014	15.6540000000005	0	0
13.3839999999982	1.26600000000008	14.8729999999996	0	0
11.0160000000014	0.972999999999956	11.9869999999992	0	0
10.8450000000012	0.826000000000022	11.7549999999992	0	0
12.9039999999986	1.3420000000001	14.1880000000001	0	0
18.3700000000008	1.3130000000001	19.860999999999	0	0
14.4860000000008	1.23800000000006	16.0009999999984	0	0
19.2620000000006	2.0809999999999	21.8640000000014	0	0
20.0939999999991	2.79500000000007	22.7909999999993	0	0
13.6990000000005	1.50999999999999	15.5429999999997	0	0
18.235999999999	1.38300000000004	20.005000000001	0	0
12.3199999999997	0.750999999999976	14.1570000000011	0	0
13.7360000000008	1.18100000000004	14.8990000000013	0	0
19.5100000000002	1.46000000000004	20.9829999999984	0	0
12.0010000000002	1.87099999999987	14.0860000000011	0	0
6.16200000000026	0.4699999999998	6.60800000000017	0	0
13.7820000000011	1.5949999999998	15.6740000000009	0	0
14.8680000000004	2.54700000000003	17.0439999999999	0	0
11.3179999999993	0.748000000000047	12.0680000000011	0	0
15.4879999999994	2.03600000000006	17.2729999999992	0	0
13.9489999999987	1.17200000000003	15.5900000000001	0	0
14.6980000000003	1.06600000000003	15.996000000001	0	0
16.857	1.15499999999997	18.2350000000006	0	0
14.9099999999999	1.33400000000006	16.7360000000008	0	0
13.8460000000014	2.85299999999984	16.2510000000002	0	0
13.2420000000002	2.26800000000003	15.1710000000003	0	0
11.8639999999996	1.45900000000006	13.125	0	0
13.4429999999993	1.78500000000008	15.0669999999991	0	0
20.0360000000001	2.048	21.9629999999997	0	0
11.2669999999998	0.686999999999898	11.8940000000002	0	0
15.1119999999992	1.47600000000011	16.9349999999977	0	0
11.9619999999995	2.36799999999994	14.7910000000011	0	0
16.9549999999999	1.69699999999989	18.7160000000003	0	0
19.7369999999992	1.61400000000003	21.6339999999982	0	0
14.0450000000001	1.0440000000001	15.0020000000004	0	0
13.5810000000001	0.975999999999885	14.8639999999978	0	0
16.764000000001	0.996999999999844	18.4479999999967	0	0
16.7909999999993	1.35900000000015	18.3629999999976	0	0
18.1530000000002	1.73099999999999	20.5399999999972	0	0
15.9629999999997	1.32300000000009	17.3240000000005	0	0
17.2849999999999	2.26999999999998	19.3260000000009	0	0
15.3130000000001	3.07600000000002	17.5570000000007	0	0
14.5159999999996	2.85099999999989	16.2559999999976	0	0
13.7510000000002	1.702	15.2089999999989	0	0
11.2310000000016	0.728999999999814	12.1670000000013	0	0
14.9969999999994	1.08199999999988	16.7049999999981	0	0
18.9840000000004	1.70499999999993	21.0630000000019	0	0
11.1980000000003	0.875999999999976	12.2900000000009	0	0
13.9779999999992	1.16300000000001	15.5039999999972	0	0
14.0679999999993	1.1400000000001	15.4619999999995	0	0
13.4439999999995	1.14799999999991	15.3280000000013	0	0
13.902	1.04500000000007	15.3149999999987	0	0
10.9369999999999	0.836000000000013	11.7930000000015	0	0
11.621000000001	1.66200000000003	12.9730000000018	0	0
14.0730000000003	1.46900000000005	15.4349999999977	0	0
13.2690000000002	1.07200000000012	14.3889999999992	0	0
19.637999999999	1.30899999999997	21.6029999999992	0	0
16.6700000000001	1.21199999999999	18.4850000000006	0	0
17.5029999999988	1.55700000000002	18.9270000000033	0	0
12.8860000000004	1.16100000000006	14.393	0	0
11.0210000000006	1.00999999999999	12.4069999999992	0	0
13.5419999999995	1.08599999999979	15.1820000000007	0	0
16.637999999999	1.43199999999979	18.4030000000021	0	0
17.8229999999985	1.07400000000007	18.9660000000003	0	0
11.246000000001	0.845000000000027	12.0760000000009	0	0
10.1309999999994	0.814999999999827	10.9590000000026	0	0
13.7070000000003	1.20499999999993	15.155999999999	0	0
15.0130000000008	1.46799999999985	17.2619999999988	0	0
17.6399999999994	1.68300000000022	20.637999999999	0	0
10.277	0.623000000000047	11.3660000000018	0	0
6.45999999999913	0.364000000000033	6.82500000000073	0	0
15.6360000000004	1.44799999999987	17.5109999999986	0	0
14.7459999999992	1.46299999999997	16.4559999999983	0	0
12.5959999999995	0.951999999999998	14.0889999999999	0	0
13.5889999999999	1.16000000000008	14.7369999999974	0	0
10.0969999999998	0.777000000000044	10.8869999999988	0	0
16.6380000000008	1.31700000000001	17.9550000000017	0	0
13.360999999999	0.949000000000069	14.5619999999981	0	0
13.3089999999993	1.18299999999999	15.0200000000004	0	0
12.7369999999992	1.02699999999982	14.1729999999989	0	0
13.4940000000006	1.61599999999999	15.4639999999999	0	0
14.6319999999996	2.9849999999999	16.3339999999989	0	0
20.9830000000002	2.30700000000002	23.4540000000015	0	0
12.518	1.17500000000018	13.9520000000011	0	0
16.6919999999991	1.44600000000014	18.0430000000015	0	0
15.5640000000003	1.23900000000003	16.6549999999988	0	0
13.1170000000002	1.83399999999983	14.6449999999968	0	0
16.7690000000002	1.24199999999996	18.2979999999989	0	0
13.0910000000003	1.27100000000019	14.7429999999986	0	0
10.8550000000014	0.789000000000215	11.6529999999984	0	0
12.6499999999996	1.18700000000013	13.7979999999989	0	0
13.1000000000004	1.27500000000009	14.5010000000002	0	0
10.2530000000006	1.01200000000017	11.1820000000007	0	0
10.9009999999998	0.821999999999889	11.9579999999987	0	0
13.1729999999989	1.01999999999998	14.6330000000016	0	0
14.3130000000001	1.23199999999997	15.9549999999981	0	0
15.4259999999995	2.56600000000003	17.885000000002	0	0
14.8349999999991	1.22299999999996	17.4939999999988	0	0
12.9599999999991	1.76999999999998	14.5839999999989	0	0
6.70299999999952	0.395000000000209	7.12900000000081	0	0
15.9629999999997	1.44399999999996	17.4120000000003	0	0
14.0430000000015	1.202	15.2209999999977	0	0
5.76199999999881	0.43100000000004	6.36900000000242	0	0
13.3459999999995	1.23700000000008	15.3739999999998	0	0
16.5550000000003	1.92000000000007	18.9739999999983	0	0
17.4009999999998	2.17599999999993	19.2389999999978	0	0
14.4470000000001	2.30099999999993	16.2819999999992	0	0
5.8839999999982	0.410000000000082	6.46500000000015	0	0
18.898000000001	1.45600000000013	20.6270000000004	0	0
12.6729999999989	1.42599999999993	14.518	0	0
10.6039999999994	0.875999999999976	12.237000000001	0	0
12.7900000000009	1.0920000000001	14.0889999999999	0	0
14.4809999999998	1.34400000000005	15.992000000002	0	0
17.9760000000024	1.5	19.4510000000009	0	0
17.9959999999992	1.45299999999997	19.5380000000005	0	0
12.0810000000019	0.710999999999785	12.8209999999999	0	0
12.6560000000027	1.07700000000023	13.7129999999997	0	0
10.8469999999979	0.807999999999993	12.1959999999999	0	0
10.2239999999983	0.758000000000266	11.0709999999999	0	0
13.2559999999976	1.30099999999993	14.4609999999993	0	0
12.4170000000013	1.05499999999984	13.4639999999999	0	0
17.3909999999996	1.41300000000001	19.1580000000031	0	0
18.2129999999997	2.28499999999985	21.0109999999986	0	0
10.8369999999995	2.39400000000023	12.8819999999978	0	0
13.9549999999981	2.38700000000017	15.8669999999984	0	0
17.1650000000009	5.45299999999997	20.4389999999985	0	0
14.6130000000012	2.57700000000023	16.482	0	0
13.7479999999996	2.41699999999992	15.9739999999983	0	0
14.0339999999997	2.22200000000021	16.2299999999996	0	0
5.9419999999991	0.262000000000171	6.30400000000009	0	0
13.5579999999973	1.13999999999987	14.5740000000005	0	0
13.0910000000003	1.22800000000007	14.4230000000025	0	0
14.5849999999991	2.65200000000004	16.9559999999983	0	0
13.3949999999968	2.02600000000029	15.122000000003	0	0
11.2040000000015	0.827999999999975	12.0439999999981	0	0
12.9650000000001	1.50199999999995	14.5370000000003	0	0
19.7430000000022	1.93899999999985	21.7870000000003	0	0
6.17099999999846	1.24200000000019	7.125	0	0
15.4939999999988	4.61199999999963	18.3640000000014	0	0
13.7380000000012	2.82799999999997	16.4019999999982	0	0
15.9449999999997	2.23099999999977	18.0820000000022	0	0
16.4290000000001	1.94000000000005	18.3340000000026	0	0
16.4789999999994	1.75599999999986	18.5030000000006	0	0
7.00799999999799	0.86200000000008	7.68999999999869	0	0
16.7990000000027	1.49299999999994	18.3859999999986	0	0
13.9219999999987	1.06800000000021	15.0380000000005	0	0
11.1159999999982	2.16899999999987	12.5879999999997	0	0
13.530999999999	1.29500000000007	15.0849999999991	0	0
15.7219999999979	1.72899999999981	17.4279999999999	0	0
16.1829999999973	1.35099999999966	17.7530000000006	0	0
12.8549999999996	2.28999999999996	14.7939999999981	0	0
13.7989999999991	1.17199999999957	15.2389999999978	0	0
12.148000000001	1.13400000000001	13.3420000000006	0	0
11.1539999999986	2.77099999999973	13.3760000000002	0	0
12.4000000000015	1.08799999999974	13.5490000000027	0	0
16.5819999999985	1.42000000000007	18.1810000000005	0	0
13.0930000000008	1.30099999999993	14.2789999999986	0	0
12.7589999999982	1.18599999999969	13.9660000000003	0	0
10.148000000001	0.733000000000175	10.882999999998	0	0
11.2819999999992	1.51299999999992	12.8359999999993	0	0
13.4069999999992	2.39499999999998	15.4449999999997	0	0
13.857	2.14500000000044	16.0049999999974	0	0
10.2359999999971	0.744000000000142	11.2559999999976	0	0
16.3209999999999	1.17200000000003	17.5229999999974	0	0
13.9750000000022	1.23999999999978	15.7959999999985	0	0
13.5010000000002	1.221	15.1270000000004	0	0
12.1839999999975	1.0659999999998	13.7810000000027	0	0
22.9940000000024	2.10500000000002	25.5689999999995	0	0
13.4689999999973	1.25199999999995	14.9259999999995	0	0
13.1719999999987	0.868000000000393	14.4670000000006	0	0
13.336000000003	0.974999999999909	14.4730000000018	0	0
12.8559999999998	1.19700000000012	14.1660000000011	0	0
13.8600000000006	1.03900000000021	15.2540000000008	0	0
15.7219999999979	1.28500000000031	17.0440000000017	0	0
10.8209999999999	0.769000000000233	11.6880000000019	0	0
12.7069999999985	1.154	13.844000000001	0	0
16.8030000000035	1.42800000000034	18.2340000000004	0	0
10.1850000000013	0.849999999999909	11.0089999999982	0	0
21.9099999999999	1.44200000000001	23.5159999999996	0	0
14.4089999999997	1.125	15.4809999999998	0	0
10.1529999999984	0.768000000000029	11.1280000000006	0	0
12.8899999999994	1.04999999999973	14.257999999998	0	0
12.6150000000016	1.02500000000009	13.5819999999985	0	0
13.0579999999973	1.17100000000028	14.7220000000016	0	0
10.2219999999979	0.777000000000044	11.143	0	0
15.9150000000009	1.19399999999996	17.0490000000027	0	0
10.5269999999982	0.840999999999894	11.6680000000015	0	0
13.9049999999988	1.13599999999997	15.0419999999976	0	0
15.5800000000017	1.16100000000006	16.7070000000022	0	0
13.2039999999979	1.13400000000001	14.4470000000001	0	0
14.0460000000021	1.64600000000019	15.6450000000004	0	0
12.726999999999	2.07700000000023	14.0550000000003	0	0
14.6080000000002	2.50700000000006	16.3270000000011	0	0
17.0059999999976	1.75099999999975	19.1850000000013	0	0
12.3090000000011	1.02199999999993	13.5760000000009	0	0
11.0169999999998	0.957999999999629	12.1159999999982	0	0
13.4670000000006	2.44100000000026	16.2970000000023	0	0
13.3029999999999	1.42700000000013	14.6899999999987	0	0
12.7819999999992	1.16699999999992	14.2000000000007	0	0
13.6670000000013	1.36000000000013	15.2400000000016	0	0
16.982	2.84699999999975	19.2520000000004	0	0
16.8890000000029	3.49200000000019	20.1039999999994	0	0
14.132999999998	3.43299999999999	17.1990000000005	0	0
14.0160000000033	2.97299999999996	16.4190000000017	0	0
13.487000000001	2.08300000000008	15.5590000000011	0	0
14.3989999999976	2.09500000000025	16.211000000003	0	0
17.3179999999993	3.27299999999968	19.5159999999996	0	0
20.0540000000001	3.61699999999973	23.1749999999993	0	0
13.7640000000029	3.04700000000003	16.232	0	0
15.0950000000012	1.01699999999983	16.2999999999993	0	0
18.127999999997	3.17599999999993	21.1679999999978	0	0
10.5669999999991	1.72800000000007	12.1059999999998	0	0
17.1349999999984	3.23099999999977	19.7459999999992	0	0
15.1800000000003	1.21399999999994	17.1919999999991	0	0
10.6499999999978	0.79300000000012	11.4439999999995	0	0
13.1450000000004	1.37300000000005	14.6239999999998	0	0
10.6810000000005	0.80600000000004	11.5669999999991	0	0
19.0190000000002	1.63000000000011	21.1800000000003	0	0
13.7040000000015	2.11599999999999	16.094000000001	0	0
10.8109999999979	1.03699999999981	11.9269999999997	0	0
12.1319999999978	1.22699999999986	13.1759999999995	0	0
19.3919999999998	2.29999999999973	21.5279999999984	0	0
15.6939999999995	1.44899999999961	17.117000000002	0	0
12.8410000000003	1.16400000000021	13.9030000000021	0	0
13.1899999999987	1.16899999999987	14.4490000000005	0	0
14.273000000001	1.26700000000028	15.6640000000007	0	0
14.4150000000009	2.3090000000002	16.3280000000013	0	0
11.0279999999984	1.72600000000011	12.6709999999985	0	0
14.0730000000003	2.32500000000027	16.3660000000018	0	0
16.7129999999997	1.6869999999999	18.6369999999988	0	0
13.6209999999992	1.09100000000035	14.8120000000017	0	0
12.898000000001	0.946999999999662	13.8709999999992	0	0
14.7870000000003	1.51200000000017	16.2910000000011	0	0
13.038999999997	1.1220000000003	14.6100000000006	0	0
10.7999999999993	0.813000000000102	11.7659999999996	0	0
17.8460000000014	1.54300000000012	19.5139999999992	0	0
15.9860000000008	1.12899999999991	17.132999999998	0	0
18.6129999999976	1.37199999999984	20.2099999999991	0	0
6.18099999999686	0.858999999999924	7.13999999999942	0	0
13.4379999999983	1.46299999999974	15.2230000000018	0	0
12.7029999999977	1.3119999999999	13.8770000000004	0	0
21.9309999999969	2.94500000000016	25.260000000002	0	0
10.5450000000019	0.669999999999618	11.4439999999995	0	0
12.3029999999999	0.915000000000418	13.3729999999996	0	0
17.0310000000027	2.07200000000012	18.9300000000003	0	0
15.7799999999988	1.45699999999988	17.1589999999997	0	0
13.7750000000015	2.78699999999981	15.9540000000015	0	0
23.604000000003	4.95600000000013	27.6909999999989	0	0
13.5819999999985	2.55600000000004	15.7410000000018	0	0
16.9429999999993	2.69799999999987	19.1490000000013	0	0
10.1270000000004	0.791999999999916	10.9940000000024	0	0
12.7390000000014	1.1840000000002	14.1049999999996	0	0
18.7230000000018	1.42900000000009	20.6389999999992	0	0
13.030999999999	1.20699999999988	14.4419999999991	0	0
13.5550000000003	1.08699999999999	14.6859999999979	0	0
12.8279999999977	1.04500000000007	13.8640000000014	0	0
13.2780000000021	1.12800000000016	14.3909999999996	0	0
13.0410000000011	1.31899999999996	14.3159999999989	0	0
16.2659999999996	1.43599999999969	17.6219999999994	0	0
11.7779999999984	2.20100000000002	13.655999999999	0	0
12.643	1.16000000000031	13.7360000000008	0	0
14.7230000000018	2.51600000000008	16.8789999999972	0	0
13.2079999999987	1.17499999999973	14.8140000000021	0	0
22.3760000000002	2.80799999999999	25.6229999999996	0	0
19.3029999999999	1.98900000000003	21.3420000000006	0	0
16.5119999999988	3.00799999999981	19.137999999999	0	0
14.4869999999974	2.09400000000005	16.3680000000022	0	0
13.711000000003	1.30400000000009	15.0159999999996	0	0
10.8029999999999	0.778999999999996	11.8159999999989	0	0
18.1440000000002	1.81500000000005	19.7400000000016	0	0
14.2829999999994	2.25400000000036	16.6790000000001	0	0
10.637999999999	1.57699999999977	12.2460000000028	0	0
14.7849999999999	1.30600000000004	16.1359999999986	0	0
12.9260000000031	1.09099999999989	14.4259999999995	0	0
16.4210000000021	1.24499999999989	17.8380000000034	0	0
15.0780000000013	2.73900000000003	17.1750000000029	0	0
17.8650000000016	2.154	19.711000000003	0	0
13.4249999999993	2.89199999999983	15.7330000000002	0	0
10.2569999999978	1.10300000000007	11.5190000000002	0	0
14.2669999999998	1.10899999999992	15.387999999999	0	0
14.0950000000012	1.61700000000019	15.4680000000008	0	0
11.1280000000006	0.751000000000204	11.8960000000006	0	0
13.773000000001	1.94800000000032	15.8430000000008	0	0
14.7389999999978	2.3149999999996	16.7760000000017	0	0
17.6270000000004	3.04399999999987	20.0869999999995	0	0
14.2819999999992	1.39499999999998	15.650999999998	0	0
10.3029999999999	0.692000000000007	11.5410000000011	0	0
13.7180000000008	1.1909999999998	15.0760000000009	0	0
10.8379999999997	0.69399999999996	12.0470000000023	0	0
13.1599999999999	1.86299999999983	14.7860000000001	0	0
10.8859999999986	0.538000000000011	11.8190000000031	0	0
19.0720000000001	1.91199999999981	20.8090000000011	0	0
10.1919999999991	0.807999999999993	11.0390000000007	0	0
10.7459999999992	0.752999999999702	11.637999999999	0	0
13.9619999999995	4.26999999999998	15.5759999999973	0	0
13.1839999999975	1.596	13.6840000000011	0	0
12.4729999999981	1.63400000000001	13.3870000000024	0	0
11.2309999999998	1.46000000000004	12.0560000000005	0	0
12.9609999999993	2	13.6850000000013	0	0
17.9350000000013	1.29399999999987	19.1500000000015	0	0
19.9890000000014	3.62800000000016	21.4160000000011	0	0
14.4259999999995	3.11499999999978	16.0320000000029	0	0
10.9979999999996	1.59799999999996	11.1889999999985	0	0
13.2770000000019	2.47800000000007	14.6610000000001	0	0
12.7570000000014	2.60500000000002	13.3529999999992	0	0
13.155999999999	2.81399999999985	14.4830000000002	0	0
11.9020000000019	1.87800000000016	12.0450000000019	0	0
16.7219999999979	4.471	18.2649999999994	0	0
13.6190000000024	2.36200000000008	14.0490000000027	0	0
11.9310000000005	4.72400000000016	13.2260000000024	0	0
6.7970000000023	0.643000000000029	7.14899999999761	0	0
10.3859999999986	1.61699999999973	10.7129999999997	0	0
17.0819999999985	3.28499999999985	18.4099999999999	0	0
13.9140000000007	2.2829999999999	14.8280000000013	0	0
15.3050000000003	2.53700000000026	16.9169999999976	0	0
19.7380000000012	2.57400000000007	20.6530000000021	0	0
20.3940000000002	6.18700000000035	21.7940000000017	0	0
15.2530000000006	2.07799999999997	16.0540000000001	0	0
11.0339999999997	1.12899999999991	11.4379999999983	0	0
13.224000000002	1.82899999999972	14.1499999999978	0	0
14.7380000000012	1.43600000000015	15.5010000000002	0	0
11.3310000000019	0.859000000000378	12.3960000000006	0	0
14.2109999999993	3.17599999999993	15.262999999999	0	0
13.6100000000006	2.82200000000012	14.9369999999981	0	0
18.8040000000001	3.57699999999977	19.6710000000021	0	0
13.7569999999978	1.35399999999981	14.5529999999999	0	0
18.8660000000018	2.17499999999973	19.862000000001	0	0
13.0620000000017	1.20299999999997	13.5889999999999	0	0
14.4269999999997	2.19399999999996	15.2020000000011	0	0
10.4620000000032	1.78600000000006	11.3590000000004	0	0
11.4110000000001	1.46699999999964	11.8739999999998	0	0
19.5969999999979	4.04899999999998	21.2839999999997	0	0
10.8040000000001	1.43199999999979	11.489999999998	0	0
13.0360000000001	1.21399999999994	13.2580000000016	0	0
14.4559999999983	1.70199999999977	15.0319999999992	0	0
16.7049999999981	1.20800000000008	16.9859999999971	0	0
12.9089999999997	2.33299999999963	13.7590000000018	0	0
16.1439999999966	1.85800000000017	16.3230000000003	0	0
13.3729999999996	1.49900000000025	13.9520000000011	0	0
7.08200000000215	3.23100000000022	7.8760000000002	0	0
16.2469999999994	1.00399999999991	17.0830000000024	0	0
14.3909999999996	2.63200000000006	15.1769999999997	0	0
13.6610000000001	2.10599999999977	14.8130000000019	0	0
12.4629999999997	1.05600000000004	12.9890000000014	0	0
15.7530000000006	1.67900000000009	16.5980000000018	0	0
12.9539999999979	1.27500000000009	13.0770000000011	0	0
10.3609999999971	0.992999999999938	11.0169999999998	0	0
11.4239999999991	1.15499999999975	11.7890000000007	0	0
12.7479999999996	1.72800000000007	13.0430000000015	0	0
13.0310000000027	1.3420000000001	12.9700000000012	0	0
10.7069999999985	1.44399999999996	10.5360000000001	0	0
14.224000000002	2.67700000000013	14.4639999999999	0	0
13.3179999999993	1.73500000000013	13.2849999999999	0	0
19.8109999999979	3.22800000000007	19.0289999999986	0	0
14.7510000000002	2.08799999999974	13.8169999999991	0	0
16.4099999999999	2.12599999999975	15.2079999999987	0	0
6.07600000000093	0.615999999999985	5.73800000000119	0	0
11.8529999999992	1.64899999999989	11.1330000000016	0	0
14.1620000000003	3.83799999999974	13.6100000000006	0	0
11.5610000000015	1.61000000000013	10.7929999999978	0	0
10.2369999999974	1.31700000000001	9.92799999999988	0	0
11.1130000000012	1.2180000000003	10.5619999999981	0	0
13.7860000000001	2.48100000000022	12.9760000000024	0	0
13.9239999999991	2.27399999999989	13.0469999999987	0	0
10.976999999999	2.29599999999982	10.2279999999992	0	0
11.0499999999993	1.2170000000001	10.3060000000005	0	0
19.976999999999	4.60800000000017	18.5460000000021	0	0
15.9290000000001	3.32400000000007	15.2919999999976	0	0
13.851999999999	2.32500000000027	13.5360000000001	0	0
10.9439999999995	1.82699999999977	10.7200000000012	0	0
10.2699999999968	1.33399999999983	9.74200000000201	0	0
14.023000000001	1.78999999999996	13.3799999999974	0	0
12.3260000000009	3.60799999999972	12.0420000000013	0	0
16.7049999999981	3.23699999999963	15.5139999999992	0	0
14.3359999999993	2.65200000000004	13.2139999999999	0	0
13.4320000000007	2.72600000000011	12.137999999999	0	0
13.9090000000033	2.45400000000018	12.4860000000008	0	0
13.0169999999998	2.60699999999997	12.0600000000013	0	0
14.2249999999985	2.79999999999973	12.8770000000004	0	0
10.5030000000006	1.52700000000004	9.55500000000029	0	0
13.857	2.37100000000009	12.6270000000004	0	0
13.2259999999987	2.42899999999963	12.1260000000002	0	0
14.510000000002	2.13200000000006	13.1100000000006	0	0
13.2170000000006	2.07699999999977	11.8250000000007	0	0
17.1939999999995	3.13500000000022	15.6009999999987	0	0
14.4830000000002	2.41899999999987	13.0269999999982	0	0
16.3090000000011	3.01700000000028	14.8000000000029	0	0
17.3240000000005	2.92000000000007	15.8610000000008	0	0
14.4639999999999	2.55300000000034	12.4489999999969	0	0
18.2389999999978	2.38599999999997	16.2189999999973	0	0
20.0889999999999	3.61799999999994	17.5060000000012	0	0
14.1339999999982	2.375	12.3149999999987	0	0
14.2939999999981	2.2489999999998	12.5609999999979	0	0
16.1589999999997	2.85300000000007	14.0760000000009	0	0
11.3389999999999	1.78700000000026	9.95600000000195	0	0
13.7769999999982	2.32099999999991	12.1589999999997	0	0
13.8430000000008	2.94799999999987	12.2160000000003	0	0
16.7869999999966	3.38700000000017	14.5200000000004	0	0
13.6610000000001	2.3119999999999	12.0510000000031	0	0
14.244999999999	2.82099999999991	12.3450000000012	0	0
15	3.22299999999996	12.844000000001	0	0
14.3339999999989	2.96900000000005	12.645999999997	0	0
13.9140000000007	2.77399999999989	12.0169999999998	0	0
14.4650000000001	2.44900000000007	12.6919999999991	0	0
13.7959999999985	2.57299999999987	11.8919999999998	0	0
10.6539999999986	1.72399999999971	9.29599999999846	0	0
20.6029999999992	3.76099999999997	17.8200000000033	0	0
10.8209999999999	1.81899999999996	9.44899999999689	0	0
14.1969999999965	2.67499999999973	12.4310000000005	0	0
13.6039999999994	2.61200000000008	11.8600000000006	0	0
16.4929999999986	2.4380000000001	14.5010000000002	0	0
14.395999999997	2.43599999999969	12.4809999999998	0	0
13.9320000000007	2.86499999999978	11.898000000001	0	0
11.6440000000002	2.00799999999981	10.2530000000006	0	0
13.9449999999997	2.58000000000038	11.9660000000003	0	0
10.6510000000017	1.93600000000015	9.19800000000032	0	0
14.239999999998	2.84700000000021	11.9490000000005	0	0
13.7580000000016	2.8739999999998	11.349000000002	0	0
14.6579999999994	2.8760000000002	12.2019999999975	0	0
11.0319999999992	1.95599999999968	9.21800000000076	0	0
14.5329999999994	2.92900000000009	12.2200000000012	0	0
11.0889999999999	2.02399999999989	9.34300000000076	0	0
20.5529999999999	3.63100000000031	17.4779999999992	0	0
15.9239999999991	3.52999999999975	13.362000000001	0	0
14.0790000000015	3.16699999999992	11.7850000000035	0	0
14.3830000000016	2.86700000000019	11.9399999999987	0	0
20.3359999999993	3.36499999999978	17.2720000000008	0	0
11.2890000000007	2.07900000000018	9.38600000000224	0	0
