51.862	32.537	51.159	0	0
47.962	26.898	47.115	0	0
59.147	49.928	46.352	0	0
62.986	48.284	49.1319999999999	0	0
63.587	38.873	59.9950000000001	0	0
41.63	26.42	38.827	0	0
51.798	39.8630000000001	48.699	0	0
65.102	54.073	50.136	0	0
40.3230000000001	28.491	33.74	0	0
62.184	50.987	48.129	0	0
52.4169999999999	41.856	45.252	0	0
49.319	30.223	47.771	0	0
48.6569999999999	31.843	40.3329999999999	0	0
57.866	41.8719999999998	47.451	0	0
48.3869999999999	30.5159999999998	45.7949999999998	0	0
47.605	38.383	43.48	0	0
39.182	18.3230000000001	41.511	0	0
58.9770000000001	46.8109999999999	44.991	0	0
51.2730000000001	31.7850000000001	47.317	0	0
42.875	19.789	40.057	0	0
46.261	27.991	41.8049999999998	0	0
47.3589999999999	27.154	47.0949999999998	0	0
51.105	38.5030000000002	44.5219999999999	0	0
47.348	28.5609999999999	40.3620000000001	0	0
53.7379999999998	37.5909999999999	47.5340000000001	0	0
59.777	39.6499999999999	57.2749999999996	0	0
58.3849999999998	48.52	43.652	0	0
61.3110000000001	45.3290000000002	50.404	0	0
46.8609999999999	31.7240000000002	42.6960000000004	0	0
58.424	41.7080000000001	52.0139999999997	0	0
40.5859999999998	19.7510000000002	43.6370000000002	0	0
59.2289999999998	46.395	46.4400000000001	0	0
50.3990000000003	37.5420000000004	48.1010000000001	0	0
40.835	19.5799999999999	38.1030000000001	0	0
53.7079999999996	41.3919999999998	46.8160000000003	0	0
49.8470000000002	27.6170000000002	51.5810000000001	0	0
51.2260000000001	35.5450000000001	50.6689999999999	0	0
41.5389999999998	25.279	41.395	0	0
57.6589999999997	38.2740000000003	56.944	0	0
51.9620000000004	38.712	43.5599999999999	0	0
57.8780000000006	36.2809999999999	59.1570000000002	0	0
54.098	45.6199999999999	42.4629999999997	0	0
57.1280000000006	49.6589999999997	41.058	0	0
48.6279999999997	29.1779999999999	44.7250000000004	0	0
44.7560000000003	27.7579999999998	46.1549999999997	0	0
58.2419999999993	51.991	44.4560000000001	0	0
57.6909999999998	44.9590000000003	49.7929999999997	0	0
64.2419999999993	53.1480000000001	51.9859999999999	0	0
45.9949999999999	33.683	41.4139999999998	0	0
47.2290000000003	32.5250000000001	40.9920000000002	0	0
55.652	37.7259999999997	48.8530000000001	0	0
42.5829999999996	19.5529999999999	41.4969999999994	0	0
57.4000000000005	41.8589999999999	49.9839999999995	0	0
49.2200000000003	25.6280000000002	46.7939999999999	0	0
60.2150000000001	44.7649999999999	46.0749999999998	0	0
46.7020000000002	30.4179999999997	42.4880000000003	0	0
43.75	27.9430000000002	39.9070000000002	0	0
51.3060000000005	34.1040000000003	47.2969999999996	0	0
55.3720000000003	34.1999999999998	52.1959999999999	0	0
59.9930000000004	48.1499999999996	47.5810000000001	0	0
49.5309999999999	35.8130000000001	44.1639999999998	0	0
64.3109999999997	44.2659999999996	54.491	0	0
48.5349999999999	27.8590000000004	46.0149999999994	0	0
43.1489999999994	24.259	39.6310000000003	0	0
53.6390000000001	36.8240000000005	49.2789999999995	0	0
51.1300000000001	35.8000000000002	46.0280000000002	0	0
51.9690000000001	27.4409999999998	48.2569999999996	0	0
51.4369999999999	31.7210000000005	47.6999999999998	0	0
46.5590000000002	21.3190000000004	46.0640000000003	0	0
47.7109999999993	28.5389999999998	46.1810000000005	0	0
45.8410000000003	32.9079999999994	44.6959999999999	0	0
63.741	53.6530000000002	52.9880000000003	0	0
45.5110000000004	28.049	40.1789999999992	0	0
66.3149999999996	52.9320000000007	53.5159999999996	0	0
59.7360000000008	46.0630000000001	56.4120000000003	0	0
45.6579999999994	24.4480000000003	44.1709999999994	0	0
70.9549999999999	53.1680000000006	62.1169999999993	0	0
65.0830000000005	39.7829999999994	58.1180000000004	0	0
56.3640000000014	47.8739999999998	47.2400000000007	0	0
46.2349999999988	28.0799999999999	44.6869999999999	0	0
39.509	24.5570000000007	41.2559999999994	0	0
57.4789999999994	34.7110000000002	54.5769999999993	0	0
72.6319999999996	64.0330000000004	56.7579999999998	0	0
69.5220000000008	56.7690000000002	55.2399999999998	0	0
51.6099999999988	32.5740000000005	46.5869999999995	0	0
49.3209999999999	20.0440000000008	51.1860000000015	0	0
56.8889999999992	45.6900000000005	49.5349999999999	0	0
66.1130000000012	51.4529999999995	54.9470000000001	0	0
53.3589999999986	34	47.1749999999993	0	0
60.4410000000007	46.9390000000003	54.8330000000005	0	0
55.8510000000006	36.134	50.5059999999994	0	0
48.5760000000009	28.6840000000002	43.6170000000002	0	0
44.2189999999991	27.116	41.2279999999992	0	0
72.4750000000004	59.0660000000007	59.2389999999996	0	0
51.0859999999993	35.7830000000004	44.2780000000002	0	0
53.3279999999995	37.3600000000006	43.5649999999987	0	0
51.7540000000008	41.0999999999995	44.5810000000001	0	0
48.0020000000004	31.1240000000007	46.1540000000005	0	0
64.6550000000007	42.0369999999994	55.110999999999	0	0
53.5709999999999	43.0230000000001	46.485999999999	0	0
80.1589999999997	72.9690000000001	59.8320000000003	0	0
74.3339999999989	71.29	54.3249999999989	0	0
61.4300000000003	40.7190000000001	52.6819999999989	0	0
45.7019999999993	28.0529999999999	45.6459999999988	0	0
57.9079999999994	47.5940000000001	45.0409999999993	0	0
49.639000000001	29.5129999999999	44.9110000000001	0	0
61.366	48.5290000000005	48.9619999999995	0	0
62.2339999999986	53.8010000000004	52.3040000000001	0	0
46.621000000001	32.2349999999997	43.5250000000015	0	0
59.8889999999992	36.7529999999988	56.5609999999997	0	0
39.3599999999988	23.1380000000008	41.0789999999997	0	0
63.2129999999997	41.9089999999997	50.6740000000009	0	0
56.2979999999989	45.5190000000002	47.0720000000001	0	0
47.3690000000006	28.503999999999	45.4290000000001	0	0
62.7909999999993	58.3989999999994	43.7209999999995	0	0
44.1309999999994	23.7090000000007	43.1750000000011	0	0
54.0200000000004	39.7139999999999	45.1029999999992	0	0
48.8459999999995	33.8920000000016	44.2290000000012	0	0
42.9920000000002	31.1020000000008	37.4150000000009	0	0
48.2910000000011	34.9890000000014	47.0460000000003	0	0
54.1790000000001	41.4349999999995	46.1100000000006	0	0
38.5820000000003	18.125	39.2450000000008	0	0
42.616	22.9800000000014	40.2309999999998	0	0
48.353000000001	33.5010000000002	43.6919999999991	0	0
41.6070000000018	25.6010000000006	40.0810000000001	0	0
49.2959999999985	28.7710000000006	42.2989999999991	0	0
65.0969999999998	54.9289999999983	52.219000000001	0	0
42.3520000000008	23.3359999999993	42.4069999999992	0	0
45.030999999999	24.6110000000008	43.7739999999994	0	0
67.5499999999993	60.9130000000005	47.1939999999995	0	0
42.7519999999986	21.1599999999999	46.4650000000001	0	0
54.3860000000004	42.9200000000001	45.4970000000012	0	0
55.2559999999994	41.4179999999997	51.2019999999993	0	0
53.3329999999987	38.9319999999989	42.0999999999985	0	0
63.1119999999992	43.6650000000009	54.2820000000011	0	0
38.7250000000004	21.0259999999998	38.9490000000005	0	0
52.5459999999985	39.1769999999997	45.4679999999989	0	0
39.6040000000012	17.7400000000016	41.6849999999995	0	0
47.1949999999997	28.3470000000016	42.8359999999993	0	0
44.987000000001	25.4319999999989	44.6639999999989	0	0
25.3179999999993	21.2619999999988	20.2270000000008	0	0
51.2739999999994	38.1970000000001	47.0560000000005	0	0
56.6849999999995	47.0960000000014	45.2289999999994	0	0
57.5389999999989	38.2169999999987	52.9249999999993	0	0
58.6509999999998	53.4279999999999	44.4259999999995	0	0
46.9449999999997	33.4880000000012	40.9650000000001	0	0
48.6970000000001	27.125	44.8940000000002	0	0
59.0299999999988	37.6369999999988	57.255000000001	0	0
55.2220000000016	34.6810000000005	50.4969999999994	0	0
49.5600000000013	32.3339999999989	47.5	0	0
52.2249999999985	41.1260000000002	42.8719999999994	0	0
53.0960000000014	41.4920000000002	46.112000000001	0	0
55.8499999999985	39.4329999999991	48.4500000000007	0	0
49.351999999999	35.969000000001	44.2020000000011	0	0
50.9200000000019	28.5950000000012	48.1399999999994	0	0
50.2309999999998	32.1620000000003	46.5210000000006	0	0
45.6490000000013	29.023000000001	41.7210000000014	0	0
47.2590000000018	29.4099999999999	44.6360000000004	0	0
43.7829999999994	27.098	39.994999999999	0	0
44.7360000000008	22.7669999999998	46.5920000000006	0	0
53.8549999999996	33.3829999999998	49.7019999999993	0	0
52.9040000000023	36.4189999999999	46.280999999999	0	0
58.369999999999	44.0370000000003	49.7040000000015	0	0
64.1189999999988	50.1739999999991	54.2899999999972	0	0
62.9029999999984	45.009	54.7510000000002	0	0
46.5329999999994	30.2100000000009	41.2090000000026	0	0
51.6340000000018	36.4540000000015	47.643	0	0
58.4560000000019	38.3009999999995	56.9079999999994	0	0
47.2160000000003	30.2489999999998	42.0550000000003	0	0
46.6919999999991	27.3240000000005	45.9680000000008	0	0
60.1900000000023	48.860999999999	49.4559999999983	0	0
50.898000000001	28.7780000000002	43.2839999999997	0	0
54.0699999999997	37.8229999999985	46.1280000000006	0	0
47.5150000000031	29.8690000000006	41.8970000000008	0	0
44.469000000001	32.094000000001	39.2419999999984	0	0
50.2510000000002	31.4619999999995	46.4639999999999	0	0
48.6980000000003	35.8860000000004	44.239999999998	0	0
43.5689999999995	26.5290000000005	42.0499999999993	0	0
54.8179999999993	37.4269999999997	48.367000000002	0	0
50.0639999999985	37.7599999999984	43.6259999999966	0	0
54.3460000000014	23.4309999999987	54.8299999999981	0	0
46.0709999999999	19.5429999999997	49.3809999999976	0	0
45.650999999998	29.6979999999985	43.1419999999998	0	0
46.1959999999999	27.7959999999985	42.7250000000022	0	0
58.232	46.4759999999987	46.7180000000008	0	0
55.1209999999992	26.3739999999998	55.5229999999974	0	0
40.788999999997	24.0829999999987	38.4560000000019	0	0
47.6599999999999	32.1569999999992	42.7789999999986	0	0
42.9910000000018	27.4159999999993	40.6189999999988	0	0
49.7239999999983	30.3459999999995	48.1409999999996	0	0
53.2340000000004	40.7399999999998	44.4330000000009	0	0
45.9650000000001	20.005000000001	47.2409999999982	0	0
57.2109999999993	42.2070000000003	50.1060000000034	0	0
47.9180000000015	24.3329999999987	46.0139999999992	0	0
49.0770000000011	31.0310000000009	44.2840000000033	0	0
46.2530000000006	28.857	41.0049999999974	0	0
47.4440000000031	24.4500000000007	42.9039999999986	0	0
56.4170000000013	43.0480000000007	48.9850000000006	0	0
54.0190000000002	41.018	44.1239999999998	0	0
62.4089999999997	52.5079999999998	49.0020000000004	0	0
65.0089999999982	53.8410000000003	47.385000000002	0	0
46.1229999999996	31.3539999999994	41.2019999999975	0	0
58.4989999999998	35.5390000000007	58.75	0	0
50.3869999999988	37.1859999999997	42.9439999999995	0	0
50.0149999999994	34.6840000000011	43.3209999999999	0	0
54.3320000000022	39.8369999999995	48.3639999999978	0	0
49.8480000000018	40.0120000000006	44.9530000000013	0	0
53.5069999999978	39.1900000000005	49.273000000001	0	0
50.5840000000026	34.2829999999994	45.4959999999992	0	0
47.9120000000003	31.030999999999	41.0409999999974	0	0
55.1689999999981	37.7790000000005	46.1709999999985	0	0
47.4409999999989	27.1369999999988	46.0280000000021	0	0
52.5900000000001	36.8599999999988	42.1180000000022	0	0
65.4639999999999	62.0290000000005	50.1899999999987	0	0
46.3500000000022	30.1440000000002	43.9249999999993	0	0
62.2540000000008	46.0750000000007	52.1710000000021	0	0
48.0760000000009	24.848	49.3050000000003	0	0
49.9599999999991	32.4140000000007	45.5740000000005	0	0
49.1010000000024	20.7219999999998	49.4589999999989	0	0
48.489999999998	29.244999999999	44.7589999999982	0	0
48.851999999999	30.7240000000002	48.3280000000013	0	0
49.5489999999991	29.4110000000001	46.6180000000022	0	0
50.2070000000022	24.6829999999991	50.7180000000008	0	0
54.5529999999999	37.4349999999977	44.2649999999994	0	0
64.7880000000005	63.5290000000023	46.7129999999997	0	0
66.9150000000009	64.7910000000011	50.4259999999995	0	0
52.9660000000003	47.5220000000008	39.6570000000029	0	0
47.3709999999992	25.1720000000023	48.2439999999988	0	0
36.8459999999977	15.9449999999997	38.6500000000015	0	0
57.6229999999996	42.9689999999973	46.4070000000029	0	0
64.2870000000003	49.4219999999987	54.6499999999978	0	0
63.8019999999997	43.7910000000011	57.4459999999999	0	0
52.1260000000002	36.7619999999988	46.1039999999994	0	0
45.4459999999999	29.2639999999992	47.1620000000003	0	0
60.4200000000019	52.8220000000001	40.2239999999983	0	0
47.268	29.6670000000013	42.7870000000003	0	0
57.8310000000019	48	49.604000000003	0	0
42.1779999999999	19.8379999999997	44.5839999999989	0	0
64.7299999999996	64.0299999999988	48.8389999999999	0	0
58.0630000000019	41.0689999999995	53.9599999999991	0	0
57.6029999999992	45.5529999999999	48.0370000000003	0	0
45.7739999999976	23.1369999999988	45.0510000000031	0	0
52.1980000000003	39.7609999999986	42.9290000000001	0	0
49.2099999999991	26.7139999999999	46.650999999998	0	0
58.2090000000026	33.3630000000012	51.7480000000032	0	0
50.7340000000004	35.3379999999997	42.3799999999974	0	0
56.3389999999999	47.7959999999985	43.732	0	0
53.3369999999995	37.3199999999997	46.7239999999983	0	0
43.7080000000024	32.4780000000028	38.4439999999995	0	0
40.9209999999985	23.3459999999977	40.3040000000001	0	0
55.9489999999969	41.107	48.1169999999984	0	0
44.4470000000001	27.7360000000008	42.3909999999996	0	0
50.3220000000001	34.3859999999986	43.0500000000029	0	0
47.0669999999991	29.336000000003	44.3909999999996	0	0
42.3280000000013	24.005000000001	41.1790000000001	0	0
53.0630000000019	36.6340000000018	45.7300000000032	0	0
43.8339999999989	18.8600000000006	42.0800000000017	0	0
42.3890000000029	18.3729999999996	47.1169999999984	0	0
57.148000000001	40.7999999999993	49.893	0	0
48.268	32.2729999999974	45.9190000000017	0	0
59.9089999999997	46.7180000000008	46.885000000002	0	0
56.0400000000009	36.9650000000001	50.4739999999983	0	0
59.0140000000029	36.6219999999994	54.4689999999973	0	0
53.3859999999986	39.9160000000011	44.3830000000016	0	0
65.7999999999993	55.0810000000019	58.8960000000006	0	0
46.6110000000008	23.5190000000002	49.362000000001	0	0
46.2459999999992	28.0809999999983	41.8209999999999	0	0
51.4390000000021	38.9619999999995	43.5980000000018	0	0
53.525999999998	44.6959999999999	43.8559999999998	0	0
47.0220000000008	28.8220000000001	46.6460000000006	0	0
40.1380000000026	25.4609999999993	37.8659999999982	0	0
75.0349999999999	66.7760000000017	51.5300000000025	0	0
42.5470000000023	30.0339999999997	40.1820000000007	0	0
41.6890000000021	18.7930000000015	42.5010000000002	0	0
43.9850000000006	24.7919999999976	41.9000000000015	0	0
56.3500000000022	43.3610000000008	47.7849999999999	0	0
54.2029999999977	43.0190000000002	50.2780000000021	0	0
57.75	42.1419999999998	49.1520000000019	0	0
56.0619999999981	43.5699999999997	43.8709999999992	0	0
53.3499999999985	34.525999999998	45.8899999999994	0	0
58.0419999999976	36.9090000000033	52.6759999999995	0	0
43.5580000000009	26.3549999999996	39.2079999999987	0	0
54.5419999999976	25.1409999999996	55.4680000000008	0	0
53.2790000000023	40.5480000000025	44.0569999999971	0	0
61.7289999999994	50.1519999999982	50.5329999999994	0	0
51.8190000000031	39.3040000000001	43.4669999999969	0	0
60.1219999999994	49.6850000000013	45.0560000000005	0	0
40.0339999999997	23.2570000000014	40.0169999999998	0	0
67.7129999999997	62.0410000000011	50.2849999999999	0	0
56.1980000000003	32.630000000001	52.9399999999987	0	0
47.599000000002	24.489999999998	48.898000000001	0	0
79.6519999999982	68.3999999999978	67.9040000000023	0	0
51.1409999999996	33.9950000000026	44.7870000000003	0	0
67.3430000000008	55.6640000000007	51.525999999998	0	0
58.7769999999982	46.5779999999977	45.9619999999995	0	0
62.9910000000018	49.4650000000001	49.3019999999997	0	0
63.0720000000001	55.1320000000014	50.2740000000013	0	0
49.0330000000031	30.3159999999989	45.7390000000014	0	0
63.3830000000016	48.5169999999998	50.5659999999989	0	0
39.7229999999981	18.5060000000012	38.7920000000013	0	0
60.226999999999	47.3359999999993	46.5610000000015	0	0
55.1449999999968	43.1159999999982	46.3019999999997	0	0
52.4329999999973	37.9370000000017	44.3029999999999	0	0
57.5370000000039	36.260000000002	54.8820000000014	0	0
54.1020000000062	38.5999999999985	44.4680000000008	0	0
49.3899999999994	31.8739999999998	43.4130000000005	0	0
51.7180000000008	36.4650000000001	46.2060000000019	0	0
42.5959999999977	25.9530000000013	38.6970000000001	0	0
55.3139999999985	41.7819999999992	47.6980000000003	0	0
51.9470000000001	33.2599999999984	44.2819999999992	0	0
50.2700000000041	33.0420000000013	44.9369999999981	0	0
59.1390000000029	36.6660000000011	52.112000000001	0	0
52.2989999999991	36.2460000000028	47.4300000000003	0	0
64.1670000000013	52.0780000000013	47.5590000000011	0	0
44.890999999996	27.7870000000003	39.8069999999971	0	0
49.1320000000051	30.7740000000013	43.9229999999989	0	0
51.7169999999969	39.3459999999977	45.3979999999974	0	0
55.2170000000042	42.494999999999	45.5809999999983	0	0
46.489999999998	27.0800000000017	45.4840000000004	0	0
57.3410000000003	36.7900000000009	50.612000000001	0	0
47.6550000000061	25.8419999999969	45.3420000000006	0	0
42.2739999999976	19.8880000000026	41.4329999999973	0	0
52.262999999999	40.2210000000014	41.4910000000018	0	0
50.7640000000029	34.7210000000014	43.3400000000001	0	0
50.0030000000042	35.2159999999967	46.1919999999991	0	0
41.900999999998	26.5060000000012	38.224000000002	0	0
66.0409999999974	45.2799999999988	57.9439999999995	0	0
48.0630000000019	29.2989999999991	45.3639999999941	0	0
53.8600000000006	35.6640000000007	45.349000000002	0	0
63.916999999994	57.9779999999992	46.0610000000015	0	0
64.5090000000055	47.0509999999995	54.3960000000006	0	0
47.7990000000063	30.1900000000023	44.6739999999991	0	0
50.2410000000018	34.5449999999983	45.3889999999956	0	0
49.6129999999976	36.4190000000017	44.6909999999989	0	0
53.3379999999961	24.6410000000033	52.5030000000042	0	0
42.7039999999979	21.9480000000003	41.9199999999983	0	0
38.4089999999997	21.8940000000002	37.4520000000048	0	0
56.7900000000009	47.2059999999983	46.7799999999988	0	0
56.3609999999971	36.0149999999994	53.9599999999991	0	0
53.8499999999985	44.9939999999988	45.8149999999951	0	0
67.3630000000048	51.9609999999993	53.8840000000055	0	0
46.1730000000025	22.6619999999966	47.1510000000053	0	0
45.5869999999995	26.6530000000021	48.2989999999991	0	0
57.387999999999	47.5550000000003	47.8580000000002	0	0
49.7620000000024	34.9290000000001	42.4249999999956	0	0
46.8479999999981	28.7430000000022	47.112000000001	0	0
56.1779999999999	37.9760000000024	49.9150000000009	0	0
44.8470000000016	29.9979999999996	42.4930000000022	0	0
61.8000000000029	57.5599999999977	44.5770000000048	0	0
52.288999999997	33.3780000000006	45.6640000000043	0	0
57.4979999999996	35.5980000000018	51.2969999999987	0	0
51.5220000000045	32.6239999999998	46.612000000001	0	0
60.676999999996	56.3889999999992	47.8859999999986	0	0
74.0669999999955	66.7459999999992	55.8970000000045	0	0
60.4510000000009	43.0950000000012	51.4510000000009	0	0
55.2900000000009	44.7219999999979	48.7390000000014	0	0
60.5069999999978	52.2949999999983	46.372000000003	0	0
46.7490000000034	32.5250000000015	44.224000000002	0	0
65.9429999999993	58.8240000000005	48.9259999999995	0	0
45.5649999999951	31.4220000000023	42.2669999999998	0	0
62.0789999999979	53.0349999999999	50.3760000000038	0	0
53.7129999999961	31.7050000000017	51.8159999999989	0	0
57.0169999999998	39.9780000000028	49.1789999999964	0	0
63.1670000000013	54.0620000000017	50.9230000000025	0	0
52.2019999999975	23.4739999999983	53.1499999999942	0	0
25.3639999999941	15.7109999999993	25.211000000003	0	0
60.346000000005	34.4340000000011	56.8609999999971	0	0
53.9709999999977	35.9130000000005	44.9919999999984	0	0
49.4150000000009	33.6380000000026	43.9230000000025	0	0
57.9150000000009	51.2170000000006	45.8610000000044	0	0
41.6470000000045	22.2849999999999	41.3819999999978	0	0
47.3179999999993	27.9520000000011	44.1209999999992	0	0
58.073000000004	49.0529999999999	44.9789999999994	0	0
59.551999999996	32.8019999999997	54.4490000000005	0	0
59.609000000004	44.4459999999999	53.2019999999975	0	0
57.0509999999995	48.5499999999993	48.1169999999984	0	0
73.7669999999998	78.1030000000028	52.5579999999973	0	0
45.1920000000027	26.5540000000001	42.2509999999966	0	0
51.6520000000019	37.385000000002	41.9669999999969	0	0
56.6790000000037	40.2669999999998	48.3479999999981	0	0
57.8339999999953	54.9180000000015	44.9100000000035	0	0
62.0920000000042	49.5809999999983	47.5970000000016	0	0
77.6849999999977	73.6870000000017	59.6870000000054	0	0
46.6339999999982	32.7409999999982	41.7710000000006	0	0
50.4700000000012	30.9490000000005	44.1900000000023	0	0
53.9639999999999	40.9650000000001	46.0639999999985	0	0
58.637999999999	46.969000000001	52.0529999999999	0	0
52.1460000000006	32.3410000000003	43.3609999999971	0	0
82.5820000000022	76.7589999999982	56.4399999999951	0	0
50.4809999999998	31.9170000000013	48.0060000000012	0	0
48.1160000000018	39.5709999999999	38.9700000000012	0	0
60.8199999999997	46.8760000000002	53.4629999999961	0	0
60.887999999999	41.3169999999991	56.4749999999985	0	0
46.4620000000068	25.7180000000008	43.4289999999964	0	0
57.4049999999988	45.7380000000012	43.6560000000027	0	0
55.1619999999966	38.5879999999997	48.5420000000013	0	0
45.9429999999993	24.2749999999978	42.650999999998	0	0
51.0950000000012	32.3840000000018	46.1410000000033	0	0
63.0380000000005	40.7790000000023	54.8380000000034	0	0
56.3610000000044	50.7020000000011	42.8729999999996	0	0
57.862000000001	49.025999999998	46.1840000000011	0	0
62.1189999999988	49.6889999999985	51.1270000000004	0	0
54.4830000000002	46.4799999999996	46.3370000000068	0	0
58.6080000000002	52.9049999999988	50.0880000000034	0	0
51.6370000000024	32.8359999999993	45.3869999999952	0	0
50.2509999999966	40.3389999999999	45.1030000000028	0	0
47.1070000000036	30.7049999999981	43.4760000000024	0	0
55.7040000000052	40.4749999999985	46.7379999999976	0	0
44.7790000000023	24.8790000000008	44.2739999999976	0	0
44.5199999999968	25.4419999999991	42.3029999999999	0	0
58.4170000000013	39.9079999999994	52.5759999999937	0	0
47.5270000000019	27.5139999999992	45.3169999999955	0	0
68.0440000000017	57.8280000000013	52.2009999999937	0	0
59.0240000000049	39.1359999999986	54.6549999999988	0	0
40.9930000000022	17.1000000000022	41.4680000000008	0	0
54.1519999999946	28.9300000000003	53.0979999999981	0	0
49.791999999994	28.9249999999993	46.1549999999988	0	0
51.4099999999962	40.3950000000004	42.3399999999965	0	0
42.1349999999948	27.538999999997	38.833000000006	0	0
51.2810000000027	43.2910000000011	45.023000000001	0	0
51.2839999999997	28.7700000000004	48.4440000000031	0	0
50.1309999999939	32.4459999999999	42.1310000000012	0	0
47	32.4360000000015	43.4979999999996	0	0
44.2289999999994	26.3449999999975	42.3179999999993	0	0
55.6790000000037	33.2030000000013	50.1779999999999	0	0
51.351999999999	29.7609999999986	47.7459999999992	0	0
50.2359999999971	35.405999999999	42.8570000000036	0	0
58.1080000000002	44.0370000000003	51.0889999999999	0	0
46.3389999999999	27.7870000000003	42.3150000000023	0	0
47.0440000000017	26.7469999999994	40.6739999999991	0	0
47.5650000000023	29.7259999999987	43.0079999999944	0	0
55.4579999999987	41.6569999999992	49.0949999999939	0	0
57.002999999997	47.8669999999984	44.6940000000031	0	0
52.0059999999939	36.4099999999999	48.2150000000038	0	0
52.6880000000019	37.2849999999999	43.9499999999971	0	0
44.1059999999998	28.5440000000017	41.4749999999985	0	0
47.7860000000001	28.2530000000042	43.8569999999963	0	0
55.4230000000025	36.0210000000006	49.3450000000012	0	0
36.2010000000009	14.7079999999987	38.4680000000008	0	0
53.9819999999963	30.4320000000007	51.2589999999982	0	0
44.0460000000021	24.9370000000054	41.8459999999977	0	0
38.6810000000041	20.9500000000044	38.0400000000009	0	0
49.4650000000038	35.7779999999984	41.5650000000023	0	0
49.1160000000018	36.7580000000016	43.2950000000055	0	0
46.1829999999973	32.122000000003	43.2749999999942	0	0
46.622000000003	27.2419999999984	45.4959999999992	0	0
50.5729999999967	37.1209999999992	45.1280000000042	0	0
74.6719999999987	74.1349999999948	53.3509999999951	0	0
44.5570000000007	21.6880000000019	44.4830000000002	0	0
50.2669999999998	30.887999999999	46.1189999999988	0	0
57.4919999999984	52.6879999999946	44.1440000000002	0	0
54.1720000000059	38.8790000000008	46.7200000000012	0	0
57.1979999999967	38.0290000000023	53.9390000000058	0	0
56.3539999999994	46.4179999999978	49.9380000000019	0	0
55.4919999999984	44.8509999999951	46.2119999999995	0	0
47.3369999999995	27.1870000000054	43.4170000000013	0	0
51.9519999999975	42.3740000000034	44.4910000000018	0	0
48.6440000000002	29.3070000000007	48.0799999999945	0	0
48.1199999999953	31.7560000000012	46.2079999999987	0	0
46.3070000000007	32.5200000000041	41.3539999999994	0	0
50.8940000000002	32.4089999999997	49.0219999999972	0	0
60.1470000000045	38.4040000000023	53.2280000000028	0	0
47.987000000001	28.4209999999948	44.0840000000026	0	0
51.2049999999945	38.5660000000062	46.5169999999998	0	0
46.9420000000027	27.2419999999984	45.5670000000027	0	0
52.6449999999968	41.9689999999973	44.7620000000024	0	0
58.9780000000028	49.0959999999977	48.4159999999974	0	0
52.4210000000021	35.153999999995	44.0820000000022	0	0
44.7430000000022	18.5720000000001	47.3199999999997	0	0
52.8450000000012	35.0840000000026	47.4969999999958	0	0
42.4069999999992	24.6039999999994	41.3190000000031	0	0
49.1320000000051	25.2160000000003	45.5239999999976	0	0
67.0650000000023	63.8790000000008	49.2799999999988	0	0
58.1460000000006	33.5489999999991	54.6020000000062	0	0
50.2770000000019	23.6940000000031	48.8090000000011	0	0
55.2839999999997	34.1310000000012	54.1229999999996	0	0
54.448000000004	36.0699999999997	48.1150000000052	0	0
40.1949999999997	21.278999999995	38.9349999999977	0	0
47.926999999996	37.7609999999986	42.2200000000012	0	0
49.9879999999976	31.9959999999992	49.6050000000032	0	0
53.6520000000019	42.3379999999961	45.2090000000026	0	0
63.2960000000021	44.6199999999953	54.4669999999969	0	0
58.8709999999992	38.663999999997	52.6620000000039	0	0
62.2509999999966	43.3459999999977	59.3419999999969	0	0
44.7560000000012	25.5089999999982	42.3680000000022	0	0
57.1510000000053	40.9059999999954	49.650999999998	0	0
56.7569999999978	43.0149999999994	44.5470000000059	0	0
51.6749999999956	27.765999999996	52.7839999999997	0	0
53.3210000000036	37.0339999999997	45.4619999999995	0	0
55.2330000000002	38.5829999999987	48.8379999999961	0	0
71.2229999999981	65.0560000000041	54.9979999999996	0	0
49.5199999999968	41.3869999999952	42.5690000000031	0	0
40.8400000000038	20.0089999999982	39.8419999999969	0	0
56.3259999999937	45.5	43.653999999995	0	0
53.1160000000018	28.086000000003	49.9170000000013	0	0
54.6140000000014	38.9570000000022	47.8150000000023	0	0
62.3680000000022	49.8960000000006	48.6510000000053	0	0
47.0930000000008	36.4559999999983	41.2690000000002	0	0
48.6689999999944	28.2829999999958	47.1340000000055	0	0
47.5679999999993	23.0040000000008	43.4949999999953	0	0
63.0250000000015	49.801999999996	51.1069999999963	0	0
50.5109999999986	33.6059999999998	44.7669999999998	0	0
57.711000000003	44.8970000000045	50.8259999999937	0	0
50.2489999999962	33.2089999999953	43.8050000000003	0	0
45.9309999999969	25.3740000000034	44.5800000000017	0	0
61.1330000000016	48.0590000000011	50.2109999999957	0	0
43.7160000000003	23.6750000000029	40.875	0	0
53.2189999999973	37.3209999999963	47.3029999999999	0	0
63.7089999999953	49.2909999999974	54.3860000000059	0	0
41.458000000006	25.333000000006	38.4459999999963	0	0
34.3389999999999	13.7350000000006	31.1200000000026	0	0
45.6410000000033	27.6059999999998	39.6540000000023	0	0
52.4289999999964	30.7539999999935	47.5469999999987	0	0
54.6049999999959	26.0169999999998	52.6359999999986	0	0
39.7079999999987	19.6569999999992	38.0959999999977	0	0
39.3139999999985	20.9879999999976	36.7799999999988	0	0
57.6040000000066	42.2700000000041	45.726999999999	0	0
52.7989999999991	44.3190000000031	42.4150000000009	0	0
46.2880000000005	27.1770000000033	38.4729999999981	0	0
51.0279999999984	32.0579999999973	42.6450000000041	0	0
49.6369999999952	34.2119999999995	39.2880000000005	0	0
42.2040000000052	24.5910000000003	37.2469999999958	0	0
50.3889999999956	30.4749999999985	44.4479999999967	0	0
50.0930000000008	32.2990000000063	40.8760000000038	0	0
47.1720000000059	29.6819999999934	44.6290000000008	0	0
43.4470000000001	24.5550000000003	40.9449999999997	0	0
47.9290000000037	32.2640000000029	43.778999999995	0	0
47.3859999999986	33.5270000000019	39.7729999999938	0	0
39.1770000000033	19.903999999995	39.0800000000017	0	0
45.4259999999995	27.8629999999976	42.2929999999978	0	0
44.8719999999958	23.9320000000007	44.5509999999995	0	0
38.8960000000006	17.8969999999972	36.4429999999993	0	0
47.2489999999962	31.8399999999965	37.9989999999962	0	0
42.3220000000001	25.6999999999971	36.7300000000032	0	0
59.4760000000024	39.3410000000003	48.2060000000056	0	0
56.4910000000018	43.6519999999946	42.8070000000007	0	0
48.9519999999975	27.0670000000027	42.0440000000017	0	0
48.8299999999945	37.6500000000015	39.9349999999977	0	0
40.4579999999987	22.2539999999935	36.5250000000015	0	0
39.1170000000056	17.153999999995	39.5489999999991	0	0
56.8929999999964	46.7649999999994	42.4760000000024	0	0
52.0520000000033	34.6240000000034	39.9609999999957	0	0
40.7239999999947	22.7220000000016	35.3940000000002	0	0
49.9000000000015	41.2510000000038	41.5290000000023	0	0
47.5670000000027	31.6189999999988	38.9780000000028	0	0
38.073000000004	18.2030000000013	38.127999999997	0	0
48.5599999999977	27.4069999999992	41.5149999999994	0	0
40.5939999999973	22.1939999999959	36.1940000000031	0	0
64.4579999999987	45.4819999999963	48.2300000000032	0	0
50.5630000000019	28.1440000000002	45.5829999999987	0	0
53.4130000000005	34.9860000000044	45.7050000000017	0	0
46.3070000000007	23.885000000002	40.362000000001	0	0
44.6900000000023	30.6659999999974	40.0820000000022	0	0
48.7469999999958	27.9820000000036	43.3680000000022	0	0
53.1720000000059	33.8300000000017	47.551999999996	0	0
40.7720000000045	20.2079999999987	37.6919999999955	0	0
47.5490000000063	31.8890000000029	39.8849999999948	0	0
49.5380000000005	29.8420000000042	41.8699999999953	0	0
40.3380000000034	23.8969999999972	36.1260000000038	0	0
54.887999999999	42.0809999999983	39.0789999999979	0	0
41.6829999999973	23.6759999999995	35.9670000000042	0	0
45.4300000000003	25.9130000000005	37.6889999999985	0	0
45.1050000000032	30.502999999997	36.6699999999983	0	0
46.5679999999993	30.6239999999962	39.8040000000037	0	0
48.8169999999955	31.9830000000002	45.5010000000038	0	0
55.5780000000013	39.9190000000017	59.0729999999967	0	0
62.6960000000036	44.372000000003	59.9019999999946	0	0
53.8249999999971	37.0910000000003	54.1159999999945	0	0
49.6850000000049	29.4920000000056	53.4660000000003	0	0
53.5539999999964	35.8950000000041	55.6970000000001	0	0
64.2350000000006	55.0299999999988	54.6219999999958	0	0
65.9599999999991	61.5480000000025	52.7490000000034	0	0
54.0630000000019	40.5169999999998	48.2829999999958	0	0
64.8919999999998	47.5840000000026	64.0610000000015	0	0
39.7810000000027	16.8380000000034	40.9259999999995	0	0
48.6920000000027	29.8960000000006	44.9799999999959	0	0
41.2330000000002	27.3739999999962	35.5679999999993	0	0
54.323000000004	43.1909999999989	42.9069999999992	0	0
54.3530000000028	44.4219999999987	40.2989999999991	0	0
61.2829999999958	38.2589999999982	47.6589999999997	0	0
42.2280000000028	21.5109999999986	41.9030000000057	0	0
53.1990000000005	35.6979999999967	44.9290000000037	0	0
68.8729999999996	62.3699999999953	57.5299999999988	0	0
65.6519999999946	66.6270000000004	51.6100000000006	0	0
66.859000000004	51.8400000000038	62.5049999999974	0	0
68.7660000000033	64.9300000000003	53.6779999999999	0	0
65.9439999999959	66.1569999999992	52.6610000000001	0	0
51.3480000000054	35.8810000000012	50.0190000000002	0	0
67.5020000000004	54.3699999999953	65.6840000000011	0	0
52.0009999999966	39.3280000000013	51.0580000000045	0	0
48.101999999999	38.5659999999989	43.0910000000003	0	0
78.7339999999967	63.9800000000032	66.648000000001	0	0
64	55.622000000003	53.4150000000009	0	0
48.7700000000041	31.5290000000023	50.7279999999955	0	0
38.5149999999994	17.7090000000026	41.0590000000011	0	0
55.4830000000075	32.3300000000017	50.3689999999988	0	0
52.1520000000019	36.2810000000027	48.0149999999994	0	0
70.5129999999917	64.5720000000001	54.3119999999981	0	0
48.6089999999967	35.0339999999997	41.3309999999983	0	0
54.8260000000009	36.2700000000041	44.4279999999999	0	0
41.8110000000015	19.9919999999984	37.6589999999997	0	0
43.6039999999921	16.900999999998	48.1359999999986	0	0
50.1100000000006	34.2949999999983	48.849000000002	0	0
51.5720000000001	36.4259999999995	41.461000000003	0	0
48.0529999999999	29.7379999999976	40.1399999999994	0	0
63.8990000000049	42.4320000000007	64.0250000000015	0	0
59.6630000000005	50.5279999999984	51.5199999999968	0	0
45.9379999999946	20.497000000003	43.8660000000018	0	0
61.2719999999972	44.3499999999985	58.583000000006	0	0
63.0629999999946	48.101999999999	57.5959999999977	0	0
62.7869999999966	58.2559999999939	46.1399999999994	0	0
53.2920000000013	36.6450000000041	45.234000000004	0	0
40.2589999999909	23.8700000000026	36.650999999998	0	0
53.4570000000094	33.3029999999999	51.5070000000051	0	0
57.166000000012	41.3499999999985	52.9459999999963	0	0
43.0650000000023	22.1100000000006	40.8790000000008	0	0
44.0850000000064	21.8249999999971	41.6189999999988	0	0
20.5610000000015	7.00699999999779	21.224000000002	0	0
38.3359999999957	27.0330000000031	33.752999999997	0	0
41.8889999999956	23.002999999997	39.8910000000033	0	0
45.7159999999858	25.8799999999974	38.7669999999998	0	0
52.3070000000007	36.7609999999986	41.3459999999977	0	0
48.6530000000057	34.2479999999996	41.2319999999963	0	0
43.2600000000093	26.3770000000004	36.8119999999981	0	0
54.8139999999985	37.0380000000005	40.4069999999992	0	0
42.3319999999949	23.0720000000001	38.9979999999996	0	0
51.7740000000049	29.3709999999992	46.2649999999994	0	0
45.9839999999967	27.9969999999958	39.5560000000041	0	0
41.9860000000044	21.7249999999985	37.5950000000012	0	0
45.0969999999943	32.8839999999982	38.9300000000003	0	0
44.252999999997	27.148000000001	36.3170000000027	0	0
52.9149999999936	29.3770000000004	49.7070000000022	0	0
49.9399999999878	33.1610000000001	37.4300000000003	0	0
35.3950000000041	18.1670000000013	32.6739999999991	0	0
50.2569999999978	31.3369999999995	41.9959999999992	0	0
44.648000000001	26.1540000000023	39.448000000004	0	0
48.8279999999941	24.9230000000025	45.6150000000052	0	0
53.3149999999878	33.5910000000003	46.7259999999951	0	0
47.2799999999988	24.4449999999997	48.9130000000005	0	0
31.7859999999928	13.4459999999963	30.6770000000033	0	0
39.7740000000049	20.2920000000013	37.7980000000025	0	0
53.3300000000017	35.0499999999956	42.1569999999992	0	0
42.5210000000079	17.4770000000062	39.7270000000062	0	0
42.971000000005	22.4459999999963	37.6200000000026	0	0
49.0080000000016	32.6949999999997	38.5180000000037	0	0
48.8609999999899	34.0649999999951	36.6880000000019	0	0
44.9130000000005	20.9300000000003	38.4420000000027	0	0
44.4839999999967	30.2579999999944	34.2839999999997	0	0
46.4899999999907	25.8340000000026	38.0310000000027	0	0
50.2690000000002	34.1750000000029	37.5380000000005	0	0
51.2409999999945	40.0520000000033	35.5440000000017	0	0
55.1779999999999	42.6569999999992	39.6199999999953	0	0
60.7799999999988	41.7580000000016	46.8199999999997	0	0
38.2430000000022	21.8149999999951	32.1599999999962	0	0
48.0580000000045	27.3379999999961	40.4259999999995	0	0
52.4339999999938	34.9429999999993	37.8739999999962	0	0
49.8289999999979	35.538999999997	37.5659999999989	0	0
53.6120000000083	36.377999999997	42.3800000000047	0	0
52.5679999999993	33.4959999999992	41.3530000000028	0	0
58.5299999999988	33.8110000000015	48.4300000000003	0	0
49.5290000000095	36.6809999999969	38.1050000000032	0	0
40.9099999999889	26.1100000000006	32.1589999999997	0	0
59.0270000000019	43.0330000000031	45.0859999999957	0	0
49.5669999999955	34.1859999999942	38.6049999999959	0	0
48.8780000000115	41.7640000000029	33.3469999999943	0	0
45.7200000000012	23.8150000000023	37.7010000000009	0	0
40.0920000000042	20.8919999999998	35.3659999999945	0	0
45.4490000000078	26.625	35.599000000002	0	0
61.5889999999927	48.7670000000071	40.781999999992	0	0
50.351999999999	34.4029999999984	41.9000000000087	0	0
50.6940000000031	35.7559999999939	37.4229999999952	0	0
39.3210000000108	20.2979999999952	35.0219999999972	0	0
42.8589999999967	25.1290000000008	33.8660000000091	0	0
43.6119999999937	25.0400000000009	36.5350000000035	0	0
48.676999999996	36.7819999999992	37.0200000000041	0	0
49.2449999999953	33.8530000000028	38.0020000000077	0	0
36.0190000000002	15.0020000000004	33.5920000000042	0	0
52.8840000000055	43.4930000000022	36.752999999997	0	0
47.6809999999969	30.3929999999964	36.8790000000008	0	0
37.8810000000085	19.4349999999977	33.1520000000019	0	0
33.596000000005	17.7479999999996	27.6699999999983	0	0
33.4180000000051	17.6889999999985	27.8540000000066	0	0
51.6120000000083	41.2960000000021	37.3249999999971	0	0
58.7010000000009	42.9089999999997	44.5380000000005	0	0
49.5180000000109	34.8770000000004	38.4419999999955	0	0
59.6399999999994	44.5640000000058	43.6599999999889	0	0
44.5690000000031	31.6429999999964	32.8110000000015	0	0
55.8349999999919	35.9350000000049	46.7010000000009	0	0
51.4590000000026	36.3300000000017	36.3260000000009	0	0
53.1699999999983	35.7880000000005	42.7829999999958	0	0
43.051999999996	23.0090000000055	34.3300000000017	0	0
48.6630000000005	33.8910000000033	38.1970000000001	0	0
53.554999999993	30.7079999999987	46.4729999999981	0	0
48.7969999999914	29.5570000000007	40.3629999999976	0	0
49.5819999999949	27.4079999999958	40.7100000000064	0	0
44.3810000000085	26.3729999999996	34.7429999999877	0	0
49.9809999999998	35.4439999999959	37.301999999996	0	0
45.3060000000114	27.260000000002	36.9339999999938	0	0
46.1079999999929	21.6909999999989	36.7749999999942	0	0
39.4060000000027	28.7010000000009	29.5460000000021	0	0
46.3880000000063	30.2770000000019	36.8659999999945	0	0
39.6030000000028	21.6440000000002	33.1619999999966	0	0
51.6449999999895	32.1519999999946	42.4719999999943	0	0
43.8209999999963	27.0590000000011	32.6699999999983	0	0
47.8340000000026	36.3199999999997	32.6319999999978	0	0
37.7139999999927	23.8439999999973	30.1940000000031	0	0
48.7569999999978	28.9709999999977	37.6470000000118	0	0
45.6710000000021	27.0790000000052	39.4840000000113	0	0
45.093000000008	29.3450000000012	34.7710000000079	0	0
66.0629999999946	51.6739999999991	44.6009999999951	0	0
44.4679999999935	29.7599999999948	34.2309999999998	0	0
38.7029999999941	22.3799999999974	31.6679999999906	0	0
39.6929999999993	22.9460000000036	32.875	0	0
42.1549999999988	20.8439999999973	37.3399999999965	0	0
50.0740000000078	39.8159999999989	36.1670000000013	0	0
51.1000000000058	29.476999999999	40.9139999999898	0	0
48.2640000000101	30.262999999999	38.2320000000036	0	0
42.2939999999944	24.7940000000017	35.3499999999913	0	0
31.6790000000037	15.9989999999962	29.6839999999938	0	0
63.3190000000031	42.3280000000013	46.3850000000093	0	0
43.6750000000029	23.7309999999998	35.7559999999939	0	0
50.7559999999939	40.9340000000011	35.6120000000083	0	0
39.1549999999988	27.426999999996	33.7139999999927	0	0
37.7920000000013	21.6199999999953	35.2750000000087	0	0
40.8990000000049	26.4579999999987	35.9429999999993	0	0
55.7900000000081	45.398000000001	36.2540000000008	0	0
49.5240000000049	24.788999999997	44.0899999999965	0	0
42.0470000000059	20.9259999999995	34.1739999999991	0	0
45.7479999999923	28.7289999999994	37.051999999996	0	0
47.6959999999963	35.1739999999991	34.0479999999952	0	0
42.8220000000001	23.4459999999963	35.8279999999941	0	0
45.8849999999948	24.9479999999967	36.9250000000029	0	0
55.2920000000013	37.4700000000012	37.656999999992	0	0
45.0339999999997	28.7790000000023	36.3310000000056	0	0
42.5109999999986	30.2059999999983	35.0650000000023	0	0
52.2890000000043	33.5710000000036	41.8269999999902	0	0
55.9579999999987	34.8110000000015	42.3940000000002	0	0
43.3429999999935	28.2189999999973	34.0250000000087	0	0
43.5299999999988	20.0040000000008	38.2550000000047	0	0
44.2179999999935	25.823000000004	34.9899999999907	0	0
40.5369999999966	19.6690000000017	34.0869999999995	0	0
42.0280000000057	26.7099999999991	34.2219999999943	0	0
41	27.8639999999941	32.7850000000035	0	0
46.8450000000012	27.1039999999994	38.4489999999932	0	0
51.8669999999984	31.8329999999987	41.3839999999909	0	0
36.8329999999987	18.2490000000034	31.8239999999932	0	0
46.6560000000027	38.4590000000026	32.5110000000132	0	0
44.6820000000007	25.8069999999934	37.403999999995	0	0
45.9890000000014	31.0309999999954	35.0439999999944	0	0
47.2649999999994	28.073000000004	36.2140000000072	0	0
48.7550000000047	29.760000000002	38.9700000000012	0	0
46.3509999999951	25.0099999999948	38.7679999999964	0	0
39.429999999993	22.6359999999986	31.1319999999978	0	0
55.9660000000003	37.1800000000003	42.6049999999959	0	0
45.3669999999984	26.8099999999977	37.2620000000024	0	0
41.205999999991	20.6930000000066	35.4570000000094	0	0
46.765000000014	27.8929999999964	36.474000000002	0	0
47.2360000000044	30.9159999999974	40.6329999999871	0	0
45.9670000000042	26.8039999999964	37.3969999999972	0	0
46.9059999999881	35.9929999999949	37.2900000000081	0	0
39.8910000000033	21.0580000000045	33.6760000000068	0	0
41.8619999999937	20.8990000000049	38.1190000000061	0	0
50.3279999999941	25.4699999999939	40.7810000000027	0	0
47.3629999999976	28.9130000000005	36.5010000000038	0	0
53.1350000000093	45.1160000000018	37.2549999999901	0	0
52.0120000000024	37.4300000000003	41.6500000000087	0	0
50.7810000000027	38.0720000000001	34.5659999999916	0	0
55.1410000000033	36.3689999999988	42.8960000000079	0	0
34.3029999999999	16.8470000000016	29.2290000000066	0	0
39.7290000000066	21.0699999999997	35.80799999999	0	0
46.7299999999959	28.176999999996	37.8080000000045	0	0
56.9020000000019	32.3890000000029	44.8609999999899	0	0
44.849000000002	25.3919999999998	37.3450000000012	0	0
42.0910000000003	26.3729999999996	32.275999999998	0	0
36.971000000005	23.5770000000048	28.906999999992	0	0
53.1129999999976	38.0179999999964	36.9679999999935	0	0
47.1040000000066	29.4470000000001	33.9729999999981	0	0
37.6899999999878	20.6160000000018	33.3120000000054	0	0
45.1849999999977	18.4049999999988	40.7669999999925	0	0
44.7430000000022	28.012999999999	34.7140000000072	0	0
54.2380000000121	41.864999999998	39.1640000000043	0	0
49.2050000000017	37.3689999999988	38.5479999999952	0	0
42.3139999999985	18.0740000000005	37.1820000000007	0	0
51.2580000000016	30.7320000000036	43.6520000000019	0	0
46.4989999999962	25.5020000000004	40.31700000001	0	0
41.5419999999867	22.9830000000002	36.1039999999921	0	0
56.1620000000112	35.9159999999974	45.8099999999977	0	0
44.8669999999984	27.5550000000003	36.2130000000034	0	0
53.8110000000015	31.6499999999942	45.4919999999984	0	0
48.4569999999949	27.2049999999945	42.1039999999921	0	0
41.7750000000087	24.6580000000031	32.0869999999995	0	0
40.5260000000126	19.8100000000049	32.8499999999913	0	0
47.8509999999951	35.252999999997	33.823000000004	0	0
48.898000000001	31.1940000000031	39.8819999999978	0	0
44.4560000000056	35.2180000000008	34.7909999999974	0	0
42.903999999995	23.1179999999949	33.8220000000001	0	0
48.4180000000051	23.1720000000059	42.9170000000013	0	0
36.1949999999924	18.3999999999942	33.7600000000093	0	0
37.2350000000006	24.1789999999964	32.6520000000019	0	0
32.4590000000026	15.9959999999992	30.9439999999886	0	0
47.6870000000054	30.0849999999991	35.0219999999972	0	0
43.2609999999986	27.0329999999958	37.1830000000045	0	0
40.8319999999949	23.1830000000045	33.6830000000045	0	0
45.7099999999919	27.6970000000001	36.0059999999939	0	0
43.6419999999925	28.8250000000044	35.4400000000023	0	0
48.6009999999951	35.247000000003	36.4919999999984	0	0
40.9729999999981	25.8450000000012	32.4699999999866	0	0
34.7430000000022	17.2540000000008	28.8110000000015	0	0
51.4309999999969	38.1189999999988	38.8429999999935	0	0
41.926999999996	32.9239999999991	32.1429999999964	0	0
46.8090000000084	27.8630000000048	36.9690000000119	0	0
46.221000000005	26.9639999999999	39.8039999999892	0	0
42.6699999999983	24.9779999999955	36.0350000000035	0	0
47.502999999997	25.2440000000061	39.0810000000056	0	0
49.2880000000005	37.7160000000003	37.4679999999935	0	0
51.1889999999985	22.6569999999992	48.0119999999879	0	0
40.7540000000008	32.4620000000068	34.0479999999952	0	0
41.6310000000085	17.6900000000023	38.7419999999984	0	0
40.0100000000093	19.4990000000034	36.3830000000016	0	0
48.6030000000028	36.4780000000028	35.0790000000125	0	0
41.4839999999967	23.9000000000015	34.8310000000056	0	0
42.7930000000051	25.5880000000034	32.3899999999994	0	0
49.8479999999981	33.4700000000012	38.2050000000017	0	0
54.8969999999972	44.9110000000001	37.2150000000111	0	0
45.1679999999906	28.0969999999943	37.2189999999973	0	0
46.4949999999953	35.0239999999976	32.6729999999952	0	0
42.2799999999988	27.7030000000013	37.2620000000024	0	0
41.445000000007	24.9130000000005	33.6000000000058	0	0
42.1330000000016	27.3819999999978	36.023000000001	0	0
63.9860000000044	35.3700000000026	70.226999999999	0	0
49.3390000000072	30.1770000000033	48.4579999999987	0	0
44.2440000000061	17.6199999999953	58.4989999999962	0	0
50.7520000000077	40.226999999999	41.5920000000042	0	0
45.3070000000007	20.0840000000026	50.4180000000051	0	0
54.0489999999991	24.2390000000014	53.3369999999995	0	0
48.2290000000066	18.7129999999961	66.6290000000008	0	0
51.5149999999994	37.502999999997	39.7140000000072	0	0
52.3629999999976	28.4890000000014	62.2939999999944	0	0
44.5090000000055	28.3090000000011	38.9779999999882	0	0
57.3319999999949	19.5699999999997	73.0360000000073	0	0
61.6600000000035	37.4579999999987	55.0470000000059	0	0
41.4860000000044	12.8070000000007	60.400999999998	0	0
48.3319999999949	32.7049999999945	39.8739999999962	0	0
41.8300000000017	14.4579999999987	57.8389999999927	0	0
45.002999999997	21.9070000000065	36.9259999999922	0	0
41.2839999999997	23.0409999999974	36.8360000000102	0	0
50.8769999999931	28.9830000000002	42.4350000000122	0	0
48.1069999999891	27.7330000000002	35.6059999999998	0	0
56.9320000000007	42.7649999999994	46.4079999999958	0	0
56.823000000004	36.3000000000029	44.4229999999952	0	0
41.5859999999957	27.6929999999993	32.3329999999987	0	0
40.4689999999973	23.2330000000002	34.601999999999	0	0
47.1429999999964	29.2680000000037	35.9979999999923	0	0
45.9100000000035	35.0040000000008	34.4600000000064	0	0
45.8570000000036	29.885000000002	36.6149999999907	0	0
44.5629999999946	26.5180000000037	35.0339999999997	0	0
48.4670000000042	37.9890000000014	37.0099999999948	0	0
50.8199999999924	25.762999999999	40.6070000000036	0	0
49.2060000000056	30.262999999999	38.0829999999987	0	0
48.0470000000059	34.9750000000058	37.2309999999998	0	0
35.531999999992	17.1889999999985	28.2049999999872	0	0
42.6390000000101	15.7379999999976	39.5099999999948	0	0
41.0899999999965	24.2050000000017	34.0769999999902	0	0
44.6999999999971	32.1009999999951	33.3110000000015	0	0
43.2749999999942	30.523000000001	30.0160000000033	0	0
40.3399999999965	31.3220000000001	29.0720000000001	0	0
49.7590000000055	27.9959999999992	41.9380000000092	0	0
45.6469999999972	19.9789999999994	41.4649999999965	0	0
39.070000000007	24.3249999999971	33.2810000000027	0	0
51.429999999993	38.2150000000038	38.176999999996	0	0
45.7550000000047	26.7810000000027	44.8320000000094	0	0
47.6359999999986	34.6880000000019	45.2620000000024	0	0
45.5399999999936	30.0689999999959	43.3089999999938	0	0
50.2390000000014	30.8459999999977	48.8890000000101	0	0
58.0349999999889	39.6529999999984	47.9809999999998	0	0
49.0329999999958	36.1209999999992	47.0599999999977	0	0
48.8050000000076	38.3229999999967	44.823000000004	0	0
60.2679999999964	48.8119999999981	43.1800000000076	0	0
59.0920000000042	57.7839999999997	43.3300000000017	0	0
40	20.3229999999967	37.9679999999935	0	0
64.976999999999	55.6530000000057	50.5950000000012	0	0
66.0929999999935	60.0089999999982	48.6469999999972	0	0
51.6499999999942	30.6540000000023	45.0860000000102	0	0
51.5120000000024	41.6239999999962	45.7649999999994	0	0
54.0449999999983	30.5279999999984	52.9100000000035	0	0
50.2729999999865	31.1559999999954	42.0080000000016	0	0
49.5369999999966	32.5849999999991	44.4150000000081	0	0
46.9349999999977	37.6069999999963	36.8369999999995	0	0
53.1940000000031	35.0430000000051	46.6989999999932	0	0
54.3929999999964	39.7180000000008	42.7739999999903	0	0
48.3990000000049	32.1589999999997	44.6670000000013	0	0
49.099000000002	32.6290000000008	44.7620000000024	0	0
36.1370000000024	17.9559999999983	32.3099999999977	0	0
47.9940000000061	31.0350000000035	41.096000000005	0	0
39.5980000000127	18.0690000000031	40.6720000000059	0	0
40.2129999999888	23.8050000000003	37.7189999999973	0	0
57.4459999999963	49.0770000000048	44.2429999999877	0	0
57.0629999999946	42.8050000000003	45.0420000000013	0	0
35.8839999999909	18.2390000000014	34.5690000000031	0	0
41.0390000000043	31.2099999999991	31.7850000000035	0	0
44.4490000000078	22.2019999999975	38.7770000000019	0	0
42.676999999996	23.127999999997	40.1290000000008	0	0
54.3530000000028	39.023000000001	41.2449999999953	0	0
52.0959999999905	42.5080000000016	37.7090000000026	0	0
57.3459999999905	43.1869999999981	42.9320000000007	0	0
51.6330000000016	27.0880000000034	48.2299999999959	0	0
35.531999999992	16.9250000000029	32.9300000000076	0	0
47.2620000000024	33.1059999999998	39.0559999999969	0	0
46.6240000000107	20.1990000000005	46.419000000009	0	0
50.3929999999964	35.3420000000042	38.2960000000021	0	0
49.2829999999958	33.8280000000013	43.3390000000072	0	0
51.4940000000061	37.6080000000002	42.1039999999921	0	0
40.5940000000119	23.4660000000003	35.1820000000007	0	0
55.247000000003	41.7510000000038	39.8790000000008	0	0
43.7179999999935	26.2379999999976	37.1600000000035	0	0
46.7010000000009	25.6109999999971	40.3680000000022	0	0
56.1739999999991	39.9000000000015	48.2690000000002	0	0
42.5310000000027	19.4990000000034	40.5969999999943	0	0
59.221000000005	46.6280000000042	46.3070000000007	0	0
41.5129999999917	30.9029999999984	33.7649999999994	0	0
58.3390000000072	47.5699999999997	44.8369999999995	0	0
46.4600000000064	33.5670000000027	36.7899999999936	0	0
60.7869999999966	51.265999999996	46.0199999999895	0	0
62.9360000000015	53.4409999999989	41.8660000000091	0	0
48.2880000000005	30.7109999999957	40.1929999999993	0	0
50.0860000000102	28.8260000000009	45.823000000004	0	0
46.3099999999977	35.2589999999982	37.6429999999964	0	0
42.0200000000041	22.7350000000006	36.781999999992	0	0
56.2980000000098	43.9270000000033	43.8080000000045	0	0
42.6150000000052	26.3410000000003	37.4100000000035	0	0
47.7230000000127	33.002999999997	37.9179999999906	0	0
56.4049999999988	47.1209999999992	40.4499999999971	0	0
51.3609999999899	26.0910000000003	43.5529999999999	0	0
49.6300000000047	33.974000000002	38.7749999999942	0	0
45.3940000000002	36.4420000000027	36.9729999999981	0	0
56.502999999997	47.1329999999944	39.5439999999944	0	0
47.6370000000024	35.5550000000003	34.8270000000048	0	0
45.6089999999967	28.8439999999973	38.0749999999971	0	0
40.7799999999988	26.8959999999934	32.7309999999998	0	0
49.5020000000077	34.1040000000066	40.1150000000052	0	0
59.9459999999963	57.6319999999978	44.9169999999867	0	0
51.4860000000044	34.955999999991	42.5329999999958	0	0
47.1729999999952	30.8969999999972	38.6190000000061	0	0
46.7319999999891	31.9389999999985	39.4220000000059	0	0
49.7900000000081	36.5620000000054	41.0279999999912	0	0
41.3910000000033	17.9159999999974	40.8709999999992	0	0
49.5570000000007	30.9489999999932	41.8709999999992	0	0
53.1779999999999	40.4670000000042	43.4780000000028	0	0
49.3629999999976	33.476999999999	39.7379999999976	0	0
59.7750000000087	44.6670000000013	48.2539999999863	0	0
50.4569999999949	39.1560000000027	39.6429999999964	0	0
45.4340000000084	28.3910000000033	37.0869999999995	0	0
41.0409999999974	20.2949999999983	37.906999999992	0	0
50.0910000000003	30.0720000000001	46.3820000000123	0	0
45.5760000000009	26.0480000000098	40.7410000000091	0	0
49.6399999999994	25.4019999999873	44.8669999999984	0	0
50.3269999999902	35.3640000000014	40.4919999999984	0	0
45.9289999999892	34.2609999999986	38.5760000000009	0	0
68.5690000000031	59.5489999999991	45.4339999999938	0	0
61.3139999999985	50.3059999999969	50.0170000000071	0	0
54.4199999999983	28.1520000000019	47.4149999999936	0	0
54.3209999999963	41.3469999999943	43.3610000000044	0	0
51.9049999999988	29.6540000000095	42.6399999999994	0	0
52.2869999999966	34.3530000000028	43.2649999999994	0	0
41.9700000000012	25.2690000000002	37.7069999999949	0	0
45.2150000000111	29.4790000000066	39.9759999999951	0	0
46.9930000000022	32.4199999999983	34.6069999999891	0	0
48.9900000000052	33.247000000003	42.7079999999987	0	0
43.169000000009	25.6490000000049	39.929999999993	0	0
46.4140000000043	30.0430000000051	38.6260000000038	0	0
56.7519999999931	40.5620000000054	48.226999999999	0	0
49.3870000000024	36.5590000000084	38.7399999999907	0	0
62.18299999999	53.6200000000099	42.8129999999946	0	0
53.3689999999915	47.4780000000028	41.6350000000093	0	0
35.1430000000109	19.0869999999995	33.2390000000014	0	0
44.4579999999987	27.0460000000021	40.5679999999993	0	0
51.1399999999994	39.2250000000058	39.0080000000016	0	0
53.6989999999932	32.9570000000094	47.4349999999977	0	0
65.8479999999981	62.4729999999981	44.9919999999984	0	0
49.6180000000022	36.9869999999937	40.2830000000104	0	0
52.7139999999927	40.1589999999997	42.6800000000076	0	0
45.2249999999913	30.2860000000073	38.8650000000052	0	0
46.3509999999951	27.1889999999985	42.6630000000005	0	0
52.0880000000034	44.9279999999999	39.4030000000057	0	0
58.5889999999927	49.7979999999952	38.849000000002	0	0
36.0659999999916	15.0620000000054	32.3270000000048	0	0
48.9529999999941	18.625	45.5329999999958	0	0
61.685999999987	47.3699999999953	44.8150000000023	0	0
40.974000000002	23.7459999999992	33.4850000000006	0	0
39.948000000004	22.2559999999939	32.4219999999914	0	0
52.900999999998	31.6089999999967	44.0080000000016	0	0
48.9909999999945	37.6830000000045	37.7119999999995	0	0
32.6429999999964	15.3040000000037	28.0020000000077	0	0
48.8899999999994	38.2920000000013	35.0899999999965	0	0
41.3369999999995	26.823000000004	32.2820000000065	0	0
59.5630000000092	39.3989999999903	43.2289999999921	0	0
24.1630000000005	15.4239999999991	19.9649999999965	0	0
45.8260000000009	28.2690000000002	36.5859999999957	0	0
57.6140000000014	32.4330000000045	48.726999999999	0	0
52.06700000001	32.7920000000013	41.2540000000008	0	0
