16.022	3.527	19.612	0	0
14.699	4.512	16.178	0	0
7.898	1.2	10.124	0	0
15.242	7.252	16.111	0	0
10.627	6.84	12.548	0	0
22.519	15.872	22.844	0	0
14.031	5.28500000000001	17.629	0	0
7.45099999999996	1.312	8.18399999999997	0	0
15.022	7.34700000000001	17.492	0	0
9.34899999999999	5.822	9.65000000000003	0	0
15.424	8.57999999999998	16.136	0	0
10.008	4.82300000000001	10.142	0	0
23.552	13.665	23.269	0	0
16.723	1.626	18.2940000000001	0	0
12.689	3.37299999999999	15.548	0	0
18.116	11.005	19.264	0	0
19.9400000000001	14.768	18.939	0	0
8.29100000000005	1.92599999999999	8.95100000000002	0	0
19.7430000000001	16.131	19.329	0	0
11.081	8.42599999999999	11.446	0	0
17.0120000000001	19.883	15.249	0	0
18.312	13.014	19.2760000000001	0	0
14.004	3.17600000000004	17.7719999999999	0	0
15.8679999999999	5.47999999999996	18.324	0	0
19.3489999999999	9.38599999999997	20.074	0	0
16.539	8.661	15.323	0	0
17.72	10.142	18.5640000000001	0	0
15.095	4.54699999999997	16.0250000000001	0	0
20.2640000000001	9.29999999999995	22.3969999999999	0	0
16.835	8.83799999999997	17.701	0	0
17.144	10.876	16.3620000000001	0	0
19.701	15.076	18.114	0	0
13.96	4.48900000000003	14.2750000000001	0	0
11.223	8.06799999999998	10.556	0	0
21.1479999999999	16.821	19.5379999999998	0	0
19.415	8.57799999999997	22.7239999999999	0	0
25.712	28.3599999999999	24.6870000000001	0	0
17.636	11.557	19.0509999999999	0	0
8.09899999999993	1.70600000000002	7.50600000000009	0	0
16.8120000000001	10.773	19.6469999999999	0	0
16.912	10.575	17.5840000000001	0	0
17.472	9.54499999999996	16.1179999999999	0	0
24.578	25.389	23.672	0	0
14.203	14.313	14.175	0	0
13.335	2.48400000000004	13.7859999999998	0	0
13.011	1.63400000000001	14.4180000000001	0	0
14.9760000000001	4.71299999999997	16.46	0	0
16.1610000000001	8.81399999999996	19.232	0	0
17.192	10.0600000000001	18.4949999999999	0	0
29.49	21.963	27.116	0	0
17.9560000000001	10.8679999999999	17.5409999999999	0	0
19.646	9.15599999999995	22.8890000000001	0	0
8.2800000000002	1.42900000000009	8.55199999999968	0	0
8.52199999999993	2.23900000000003	12.4360000000001	0	0
19.1289999999999	15.6510000000001	19.348	0	0
8.23399999999992	1.82000000000016	7.86200000000008	0	0
18.2890000000002	13.2190000000001	19.2959999999998	0	0
18.3140000000003	14.1779999999999	18.0300000000002	0	0
11.194	8.32799999999997	11.5129999999999	0	0
11.395	7.72700000000009	11.4279999999999	0	0
17.107	9.48800000000006	18.1120000000001	0	0
15.4630000000002	7.94900000000007	15.6690000000003	0	0
13.8440000000001	3.69900000000007	16.623	0	0
20.0369999999998	7.95700000000011	22.915	0	0
16.2669999999998	4.65800000000013	19.2370000000001	0	0
12.9900000000002	2.20700000000011	15.6679999999997	0	0
14.0650000000001	3.6869999999999	16.3999999999996	0	0
15.3910000000001	7.54099999999994	16.864	0	0
18.5619999999999	7.76999999999998	19.0649999999996	0	0
17.3450000000003	6.97899999999981	16.8130000000001	0	0
20.114	5.97399999999993	21.6640000000002	0	0
28.73	24.7189999999998	25.8669999999997	0	0
17.9190000000003	9.42499999999995	17.2150000000001	0	0
23.404	19.9250000000002	25.6569999999997	0	0
8.28999999999996	3.99699999999984	8.94100000000026	0	0
16.9790000000003	10.539	17.297	0	0
21.502	16.8920000000001	23.424	0	0
15.625	7.61199999999985	18.2439999999997	0	0
19.8120000000004	14.4490000000001	18.453	0	0
18.2910000000002	5.29099999999994	21.3010000000004	0	0
7.82099999999991	0.989000000000033	8.17900000000009	0	0
17.471	3.59099999999989	18.212	0	0
14.3560000000002	5.02700000000004	18.1729999999998	0	0
7.61999999999989	1.1389999999999	9.98300000000017	0	0
18.181	7.81099999999992	20.1999999999998	0	0
27.0920000000001	25.8219999999999	27.1490000000003	0	0
9.51499999999987	5.40800000000013	9.99099999999999	0	0
16.6039999999998	10.914	17.1239999999998	0	0
31.529	33.482	31.8220000000001	0	0
21.364	10.0030000000002	23.973	0	0
14.174	3.24600000000009	15.931	0	0
16.223	4.18100000000004	18.71	0	0
13.8389999999999	3.59199999999987	16.2660000000001	0	0
21.0940000000001	13.6399999999999	23.0520000000001	0	0
13.5540000000001	3.85900000000015	15.9739999999997	0	0
13.2550000000001	2.50299999999993	16.779	0	0
14.009	3.80799999999999	16.6559999999999	0	0
15.6509999999998	5.96399999999994	15.4839999999999	0	0
19.5340000000001	14.5930000000001	20.7810000000004	0	0
16.1640000000002	7.68200000000002	18.1550000000002	0	0
16.9839999999999	11.038	16.6019999999999	0	0
15.3180000000002	6.10100000000011	15.4810000000002	0	0
9.29899999999998	4.6579999999999	11.1669999999999	0	0
29.047	26.788	25.366	0	0
14.471	2.09900000000016	17.1940000000004	0	0
15.1010000000001	6.33699999999999	15.7670000000007	0	0
16.5060000000003	8.39100000000008	15.6929999999993	0	0
16.9320000000002	10.519	17.8429999999998	0	0
8.7199999999998	3.35199999999986	9.26999999999953	0	0
11.3000000000002	8.72899999999981	11.8100000000004	0	0
10.3670000000002	7.33199999999988	10.5349999999999	0	0
8.42399999999998	3.30799999999999	10.4389999999994	0	0
18.7240000000002	14.2800000000002	17.0769999999993	0	0
12.6179999999995	11.723	11.808	0	0
9.21099999999933	3.66199999999981	13.0520000000006	0	0
18.0380000000005	12.7370000000001	17.9360000000006	0	0
15.3360000000002	7.20899999999983	15.0049999999992	0	0
21.2160000000003	12.2089999999998	22.7249999999995	0	0
23.8059999999996	16.826	26.8879999999999	0	0
19.3890000000001	10.828	21.2960000000003	0	0
23.7129999999997	15.2840000000001	23.1700000000001	0	0
23.009	15.3690000000001	22.7750000000005	0	0
20.1269999999995	14.7570000000001	22.1540000000005	0	0
21.643	13.8759999999997	22.4319999999998	0	0
15.3910000000005	7.68899999999985	16.835	0	0
20.8339999999998	12.674	25.6289999999999	0	0
19.7640000000001	8.41000000000031	21.991	0	0
24.1979999999994	15.7940000000003	27.0680000000002	0	0
21.8559999999998	19.0349999999999	21.5259999999998	0	0
16.4450000000006	7.21900000000005	16.9059999999999	0	0
22.1910000000007	17.6010000000001	23.2489999999998	0	0
14.1700000000001	3.79500000000007	14.6640000000007	0	0
8.58399999999983	2.61699999999973	9.07499999999982	0	0
17.6320000000005	10.0700000000002	16.8919999999998	0	0
16.0330000000004	5.971	16.8699999999999	0	0
24.1999999999998	20.5280000000002	25.8739999999998	0	0
18.8830000000007	13.6300000000001	19.3639999999996	0	0
25.8010000000004	21.6860000000001	25.7000000000007	0	0
9.64699999999993	4.62000000000035	10.6459999999997	0	0
8.53499999999985	3.25099999999975	8.21200000000044	0	0
12.9400000000005	3.02100000000019	15.7570000000005	0	0
13	1.34700000000021	15.0150000000003	0	0
14.4260000000004	4.03099999999995	13.9549999999999	0	0
15.1930000000002	6.40900000000011	16.3760000000002	0	0
18.1810000000005	9.97699999999986	19.2719999999999	0	0
19.6579999999994	10.5949999999998	20.5749999999998	0	0
13.1239999999998	1.86500000000024	14.7990000000009	0	0
18.7669999999998	5.55599999999959	19.4740000000002	0	0
14.0569999999998	4.51400000000012	15.2649999999994	0	0
8.22100000000046	1.63499999999976	11.567	0	0
26.3299999999999	26.1909999999998	24.6389999999992	0	0
7.66300000000047	1.42700000000013	8.03600000000006	0	0
7.93900000000031	1.07700000000023	10.0780000000004	0	0
16.6759999999995	3.37300000000005	18.5139999999992	0	0
9.11399999999958	4.46699999999964	13.2820000000002	0	0
29.4299999999994	31.7260000000001	28.0650000000005	0	0
16.2169999999996	9.71900000000005	16.1769999999997	0	0
14.7269999999999	5.92300000000023	15.924	0	0
13.4220000000005	3.19599999999991	14.6199999999999	0	0
19.174	7.41400000000021	20.8860000000004	0	0
9.60300000000007	5.60199999999986	10.9589999999998	0	0
14.893	6.85400000000027	17.7150000000001	0	0
14.8559999999998	4.32499999999982	15.848	0	0
19.165	7.91899999999987	19.9480000000003	0	0
15.9200000000001	9.48100000000022	15.7920000000004	0	0
23.7079999999996	18.297	24.7520000000004	0	0
17.3130000000001	9.19700000000012	17.6950000000006	0	0
15.0560000000005	6.7829999999999	16.5749999999998	0	0
13.634	4.84799999999996	14.8950000000004	0	0
16.0770000000002	7.12199999999984	16.9170000000004	0	0
10.1099999999997	5.20900000000029	9.33099999999922	0	0
14.174	14.1869999999999	13.0650000000005	0	0
16.4179999999997	10.1020000000003	16.6099999999997	0	0
18.8789999999999	7.98500000000013	17.585	0	0
24.1610000000001	25.3519999999999	22.5039999999999	0	0
7.97500000000036	1.79300000000012	9.61800000000039	0	0
12.6099999999997	11.366	11.991	0	0
21.1980000000003	17.6150000000002	20.0919999999996	0	0
19.1720000000005	8.23900000000003	23.1729999999998	0	0
19.4840000000004	13.6059999999998	20.9560000000001	0	0
13.6700000000001	4.11999999999989	14.6890000000003	0	0
22.2929999999997	20.7669999999998	22.9479999999994	0	0
21.451	18.7359999999999	20.8330000000005	0	0
31.4340000000002	29.4339999999997	31.8579999999993	0	0
18.3159999999998	7.06400000000031	19.2040000000006	0	0
13.0859999999993	2.57299999999987	14.2860000000001	0	0
7.72299999999996	0.21100000000024	9.77700000000004	0	0
17.0380000000005	4.02700000000004	19.902	0	0
12.6559999999999	1.94799999999987	15.2439999999997	0	0
16.1729999999998	3.88499999999976	18.473	0	0
16.7449999999999	5.94900000000007	17.473	0	0
26.5159999999996	23.4009999999998	25.9589999999998	0	0
14.9439999999995	5.73000000000002	16.5609999999997	0	0
16.2570000000005	9.55999999999995	17.2209999999995	0	0
13.7250000000004	2.64600000000019	15.5109999999995	0	0
12.9279999999999	2.08399999999983	14.8689999999997	0	0
19.143	10.8880000000004	20.2040000000006	0	0
10.1009999999997	6.64499999999998	9.88100000000031	0	0
19.4160000000002	7.95700000000033	18.9279999999999	0	0
13.3370000000004	3.54899999999998	14.0150000000003	0	0
15.7129999999997	7.48900000000003	18.8150000000005	0	0
18.71	8.21500000000015	22.8410000000003	0	0
13.1170000000002	1.84799999999996	16.4120000000003	0	0
21.9449999999997	14.1199999999999	24.2719999999999	0	0
7.79299999999967	2.096	8.33299999999963	0	0
13.8320000000003	4.15300000000025	14.2690000000002	0	0
15.7950000000001	5.67100000000028	18.7909999999993	0	0
8.62299999999959	3.69900000000007	8.69700000000012	0	0
16.9540000000006	3.90100000000029	19.8780000000006	0	0
16.6199999999999	2.43199999999979	19.5240000000013	0	0
13.7300000000005	3.20100000000002	14.1689999999999	0	0
25.3959999999997	24.0830000000001	24.0169999999998	0	0
16.5610000000006	7.42399999999998	17.2189999999991	0	0
24.9560000000001	20.3850000000002	26.6290000000008	0	0
21.7300000000005	21.4360000000001	22.0860000000011	0	0
15.7820000000002	7.38300000000027	17.5349999999999	0	0
22.0530000000008	12.9210000000003	21.2410000000018	0	0
13.5799999999999	2.99500000000035	14.4449999999997	0	0
8.9340000000002	3.93100000000004	9.29600000000028	0	0
19.2580000000007	8.88300000000027	19.6519999999982	0	0
15.8559999999998	5.8090000000002	18.0159999999996	0	0
17.5349999999999	10.1049999999996	18.0139999999992	0	0
13.0839999999989	2.69599999999991	15.4450000000015	0	0
17.2530000000006	7.38399999999911	17.4480000000003	0	0
16.3719999999994	7.5	17.3240000000005	0	0
13.5879999999997	12.4340000000002	13.5300000000007	0	0
16.4770000000008	11.3879999999999	16.1310000000012	0	0
13.7729999999992	4.98099999999977	14.5169999999998	0	0
22.268	22.4830000000002	20.719000000001	0	0
28.875	26.3669999999993	28.8209999999999	0	0
13.8199999999997	10.9609999999993	15.3289999999997	0	0
13.5599999999995	4.3149999999996	14.3680000000004	0	0
8.12300000000141	1.73100000000068	9.86300000000119	0	0
17.8549999999996	10.4499999999998	22.155999999999	0	0
21.0190000000002	16.7799999999997	24.3559999999998	0	0
17.1980000000003	4.89899999999943	20.5310000000009	0	0
11.3550000000014	8.5659999999998	11.9390000000003	0	0
16.871000000001	4.81700000000001	18.2290000000012	0	0
14.3799999999992	5.81700000000001	17.101999999999	0	0
12.8829999999998	1.66499999999996	16.7819999999992	0	0
13.0380000000005	2.64300000000003	14.0070000000014	0	0
13.6769999999997	3.01800000000003	16.4510000000009	0	0
19.5949999999993	14.915	20.9040000000005	0	0
31.6010000000006	29.4800000000005	28.0509999999995	0	0
26.25	22.0630000000001	25.8029999999999	0	0
16.1180000000004	8.20899999999983	17.2999999999993	0	0
12.646999999999	3.375	13.6660000000011	0	0
22.4139999999989	22.6400000000003	22.137999999999	0	0
11.2250000000004	8.98599999999988	10.7250000000004	0	0
26.1180000000004	25.2199999999993	23.7270000000008	0	0
16.3860000000004	1.90599999999995	19.6679999999997	0	0
14.0290000000005	3.59500000000025	14.8199999999997	0	0
19.0680000000011	7.50799999999981	21.0480000000007	0	0
8.0580000000009	1.88300000000072	8.07200000000012	0	0
12.1530000000002	9.68799999999919	10.7819999999992	0	0
17.1270000000004	6.17999999999938	18.9179999999997	0	0
8.77499999999964	3.48700000000008	10.5430000000015	0	0
8.04399999999987	2.84400000000005	9.22900000000118	0	0
18.7000000000007	7.36499999999978	19.5680000000011	0	0
9.253999999999	4.51299999999992	9.20800000000054	0	0
13.728000000001	4.6840000000002	14.3970000000008	0	0
23.5490000000009	17.6769999999997	23.7870000000003	0	0
23.402	21.1089999999995	22.0159999999996	0	0
17.848	7.63199999999961	19.7890000000007	0	0
23.8999999999996	19.4219999999996	23.4380000000001	0	0
20.5460000000003	11.21	20.9269999999997	0	0
12.8109999999997	2.55500000000029	15.0380000000005	0	0
19.8610000000008	8.27099999999973	19.7279999999992	0	0
20.5419999999995	13.817	20.4650000000001	0	0
13.0360000000001	3.56900000000041	13.6059999999998	0	0
8.02599999999984	1.75999999999931	8.97199999999975	0	0
14.0580000000009	3.35800000000017	16.2540000000008	0	0
22.0810000000001	22.9320000000007	20.1749999999993	0	0
21.5960000000014	19.616	19.5	0	0
21.0569999999989	18.8860000000004	19.5500000000011	0	0
19.3830000000016	13.9479999999994	20.4990000000016	0	0
14.5529999999999	5.54399999999987	16.0910000000003	0	0
21.4809999999998	14.0830000000005	24.0429999999997	0	0
27.4939999999988	29.7249999999995	28.0750000000007	0	0
20.402	15.9079999999994	19.8199999999997	0	0
15.2950000000001	7.68599999999969	17.1679999999997	0	0
19.9079999999994	11.8739999999998	22.9150000000009	0	0
7.61599999999999	1.26800000000003	8.78399999999965	0	0
21.8130000000001	21.4740000000002	21.0439999999999	0	0
16.3940000000002	10.143	18.9589999999989	0	0
16.594000000001	11.4799999999996	18.723	0	0
9.84000000000015	5.17500000000018	8.79500000000007	0	0
27.6990000000005	30.2539999999999	25.6260000000002	0	0
24.7220000000016	21.1410000000005	24.4459999999999	0	0
14.2749999999996	5.3090000000002	17.4310000000005	0	0
7.97500000000036	1.31700000000001	11.1849999999995	0	0
10.5670000000009	7.60899999999947	11.2209999999995	0	0
15.125	5.65099999999984	17.6649999999991	0	0
13.518	1.25200000000041	14.8320000000003	0	0
11.9799999999996	1.69300000000021	13.2530000000006	0	0
18.0550000000003	8.14900000000034	19.4319999999989	0	0
15.8780000000006	1.61999999999989	17.8549999999996	0	0
12.277	1.96799999999985	13.3060000000005	0	0
19.0020000000004	12.3600000000006	19.0190000000002	0	0
15.3250000000007	5.93299999999999	17.4089999999997	0	0
15.4699999999993	7.01699999999983	16.4040000000005	0	0
27.4100000000017	31.2379999999994	27.1889999999985	0	0
28.2870000000003	25.8240000000005	28.277	0	0
18.3970000000008	13.2610000000004	17.9490000000005	0	0
18.5130000000008	8.89300000000003	19.4969999999994	0	0
21.9400000000005	20.0219999999999	20.7119999999995	0	0
23.1760000000013	16.0159999999996	22.6279999999988	0	0
17.9940000000006	13.0160000000005	18.4179999999997	0	0
13.9979999999996	4.66399999999976	14.384	0	0
14.3169999999991	4.07300000000032	15.7820000000011	0	0
18.5160000000014	7.28399999999965	20.6130000000012	0	0
7.61800000000039	1.11599999999999	8.09499999999935	0	0
18.3979999999992	13.9890000000005	18.8979999999992	0	0
10.6880000000001	6.46000000000004	12.1419999999998	0	0
7.8700000000008	1.36100000000079	9.02000000000044	0	0
8.39199999999983	2.76999999999953	8.51900000000023	0	0
29.9069999999992	28.5430000000006	26.2199999999993	0	0
13.7479999999996	3.04599999999937	14.9560000000001	0	0
13.8010000000013	3.27099999999973	14.1449999999986	0	0
7.90200000000004	1.55599999999959	8.75900000000001	0	0
8.82699999999932	1.92799999999988	9.60699999999997	0	0
19.5429999999997	9.97699999999986	20.6840000000011	0	0
14.0769999999993	4.10900000000038	16.6080000000002	0	0
22.7569999999996	19.7439999999997	24.3299999999999	0	0
38.2489999999998	41.7489999999998	34.3850000000002	0	0
17.5439999999999	8.78400000000056	19.8459999999995	0	0
13.5029999999988	5.15599999999995	20.0159999999996	0	0
19.6940000000013	17.0469999999996	17.8629999999994	0	0
19.137999999999	13.0510000000004	18.7379999999994	0	0
12.7129999999997	2.36299999999937	13.1550000000007	0	0
7.92799999999988	1.70400000000063	8.50299999999879	0	0
15.9110000000001	4.30500000000029	18.5100000000002	0	0
17.9969999999994	12.9409999999998	19.348	0	0
18.5959999999995	8.39099999999962	22.0200000000004	0	0
18.473	9.65599999999995	19.6360000000004	0	0
20.6549999999988	10.9189999999999	21.8289999999997	0	0
16.2189999999991	2.50900000000001	21.2870000000003	0	0
22.0360000000001	14.0339999999997	22.9720000000016	0	0
14.6769999999997	4.92599999999948	19.3260000000009	0	0
19.9079999999994	8.23599999999988	22.3990000000013	0	0
14.9380000000001	3.78499999999985	17.3299999999999	0	0
14.9670000000006	1.82999999999993	16.4440000000013	0	0
13.4710000000014	2.125	16.5190000000002	0	0
22.875	13.2110000000002	23.5460000000003	0	0
16.5380000000005	10.107	18.5210000000006	0	0
7.503999999999	0.674999999999272	8.02099999999882	0	0
26.5380000000005	21.5889999999999	24.009	0	0
16.6459999999988	4.53800000000047	19.1800000000003	0	0
8.40600000000086	2.6880000000001	10.2420000000002	0	0
13.5730000000003	4.47600000000057	14.3050000000003	0	0
31.0730000000003	30.5620000000008	27.9929999999986	0	0
13.4970000000012	1.19499999999971	17.5740000000005	0	0
15.9120000000003	7.32600000000002	17.5820000000003	0	0
11.3780000000006	8.49200000000019	11.6620000000003	0	0
15.0589999999993	7.46299999999974	15.1800000000003	0	0
20.7430000000004	15.3690000000006	21.0920000000006	0	0
20.4169999999995	17.165	18.5879999999997	0	0
19.8950000000004	17.3040000000001	19.4770000000008	0	0
21.6470000000008	8.86500000000069	20.503999999999	0	0
13.0470000000005	2.72199999999975	15.5650000000005	0	0
8.09499999999935	1.39900000000034	8.97299999999996	0	0
8.07500000000073	2.35900000000038	8.41499999999905	0	0
15.2150000000001	6.77400000000034	18.3949999999986	0	0
7.99900000000162	0.242999999999483	9.19100000000071	0	0
18.5349999999999	13.2910000000002	17.7929999999997	0	0
18.3429999999989	11.8299999999999	19.3760000000002	0	0
21.7400000000016	17.893	19.6020000000008	0	0
25.143	20.04	26.0910000000003	0	0
7.84300000000076	2.21000000000004	7.76299999999901	0	0
16.9619999999995	7.1909999999998	16.268	0	0
20.6530000000002	18.4809999999998	19.6080000000002	0	0
23.8899999999994	16.8089999999993	23.0900000000001	0	0
32.4110000000001	32.1719999999996	28.5750000000007	0	0
12.9259999999995	11.0420000000004	12.8400000000001	0	0
31.2180000000008	36.3329999999996	27.9069999999992	0	0
15.1800000000003	7.11300000000028	15.4539999999997	0	0
27.5350000000017	24.8559999999998	27.2829999999994	0	0
16.6239999999998	10.3270000000002	17.6690000000017	0	0
19.8029999999999	15.8890000000001	23.8089999999993	0	0
15.2720000000008	6.46500000000015	16.8310000000001	0	0
13.741	2.81900000000041	15.2669999999998	0	0
18.6560000000009	8.3159999999998	19.9220000000005	0	0
15.4979999999996	7.81600000000071	14.982	0	0
15.2049999999999	6.90499999999975	18.0950000000012	0	0
18.3010000000013	8.92999999999938	22.0520000000015	0	0
16.4409999999989	8.08200000000033	14.7800000000007	0	0
14.3490000000002	6.31899999999951	13.7739999999994	0	0
18.0480000000007	11.6279999999997	21.4959999999992	0	0
20.8170000000009	14.4029999999993	24.7489999999998	0	0
21.4890000000014	12.5629999999992	22.1620000000003	0	0
21.5040000000008	15.9440000000004	22.4429999999993	0	0
15.5709999999999	8.64799999999923	17.0020000000004	0	0
18.5429999999997	12.8869999999997	18.9420000000009	0	0
8.38299999999981	2.26500000000033	10.5869999999995	0	0
8.14300000000003	3.38799999999992	9.01699999999983	0	0
28.8159999999989	26.3990000000003	26.0429999999997	0	0
17.8359999999993	10.3969999999999	17.2829999999994	0	0
8.38999999999942	2.6309999999994	9.86099999999897	0	0
13.1329999999998	2.76000000000022	13.4470000000001	0	0
13.8040000000001	13.9580000000005	13.3209999999999	0	0
8.24799999999959	3.39500000000044	8.61700000000019	0	0
15.8649999999998	7.06900000000041	15.8580000000002	0	0
15.7739999999994	7.88400000000001	16.4680000000008	0	0
9.20800000000054	3.76200000000063	9.33200000000033	0	0
13.2839999999997	2.24699999999939	14.1600000000017	0	0
7.73500000000058	1.24600000000009	7.60800000000017	0	0
13.4239999999991	2.97699999999986	17.8540000000012	0	0
14.4259999999995	3.83399999999983	17.737000000001	0	0
15.4390000000003	5.28200000000015	16.9169999999995	0	0
14.9060000000009	8.22599999999966	16.2349999999988	0	0
17.7879999999986	10.5430000000006	17.0010000000002	0	0
13.3709999999992	2.4369999999999	14.371000000001	0	0
20.3459999999995	16.1900000000005	20.9840000000004	0	0
17.996000000001	13.8130000000001	17.8220000000001	0	0
12.8499999999985	1.82699999999932	13.3140000000021	0	0
19.7429999999986	14.3869999999997	19.739999999998	0	0
8.47899999999936	2.16499999999996	11.405999999999	0	0
21.5149999999994	10.7190000000001	21.75	0	0
22.655999999999	16.0689999999995	23.393	0	0
16.6589999999997	11.0430000000006	17.4530000000013	0	0
11.7759999999998	9.4429999999993	11.9230000000025	0	0
15.2980000000007	7.5019999999995	17.4370000000017	0	0
18.1890000000003	9.18499999999949	18.3849999999984	0	0
14.1439999999984	4.74300000000039	15.989999999998	0	0
13.4760000000006	4.30699999999979	15.643	0	0
14.2380000000012	2.50699999999961	16.4470000000001	0	0
17.5	9.0590000000002	19.5799999999981	0	0
8.45199999999932	2.53099999999904	9.22699999999895	0	0
13.4920000000002	3.62199999999939	14.3820000000014	0	0
7.70900000000074	1.1830000000009	8.55799999999726	0	0
15.3170000000009	8.31800000000112	18.8680000000022	0	0
17.7330000000002	10.1790000000001	18.0419999999976	0	0
8.15599999999904	2.84400000000096	8.13200000000143	0	0
16.5339999999997	17.0169999999998	14.5959999999977	0	0
28.4520000000011	25.1550000000007	26.9300000000003	0	0
13.6659999999993	3.36399999999958	15.3269999999975	0	0
14.4789999999994	5.42799999999988	13.9340000000011	0	0
19.5810000000001	10.9750000000004	18.8600000000006	0	0
17.0390000000007	7.84900000000016	18.9660000000003	0	0
14.9940000000006	4.48300000000017	18.8529999999992	0	0
13.268	4.26400000000103	13.8560000000034	0	0
16.0920000000006	8.03700000000026	15.507999999998	0	0
20.1779999999999	9.96899999999914	20.7000000000007	0	0
28.773000000001	22.4869999999992	28.6579999999994	0	0
14.1400000000031	3.39700000000084	16.2180000000008	0	0
22.5049999999974	15.527	22.2839999999997	0	0
16.6820000000007	9.82999999999993	18.0489999999991	0	0
24.5130000000026	18.2739999999994	23.7989999999991	0	0
18.143	6.51800000000003	18.6970000000001	0	0
7.57200000000012	0.789999999999054	10.5370000000003	0	0
20.8270000000011	10.4560000000001	22.9639999999999	0	0
13.9789999999994	5.13000000000102	13.6210000000028	0	0
23.3160000000025	22.396999999999	21.5159999999996	0	0
17.8079999999973	7.26399999999921	17.7079999999987	0	0
20.4609999999993	15.8419999999987	20.625	0	0
24.9369999999981	25.1470000000008	22.594000000001	0	0
16.9269999999997	3.88700000000063	19.1440000000002	0	0
12.2779999999984	1.7489999999998	13.4500000000007	0	0
7.81400000000212	1.02099999999882	9.45700000000215	0	0
23.2109999999993	15.1749999999993	24.9229999999989	0	0
12.6180000000022	1.21000000000095	15.8780000000006	0	0
17.3760000000002	5.82700000000114	19.5360000000001	0	0
16.0159999999996	8.42000000000007	15.3529999999992	0	0
21.0759999999973	16.4290000000001	20.8629999999976	0	0
16.497000000003	8.79899999999907	16.6419999999998	0	0
17.9049999999988	10.6880000000001	16.7299999999996	0	0
19.4360000000015	11.5659999999989	21.512999999999	0	0
18.3299999999981	15.6840000000011	18.2999999999993	0	0
8.02400000000125	1.14300000000003	8.01399999999921	0	0
15.2010000000009	4.34200000000055	18.7030000000013	0	0
8.29799999999886	2.56499999999869	8.42299999999886	0	0
20.5420000000013	10.735999999999	19.2880000000005	0	0
14.9230000000025	7.32899999999972	15.8329999999987	0	0
12.6860000000015	1.8799999999992	14.6919999999991	0	0
15.4940000000024	8.82899999999972	15.3739999999998	0	0
13.913999999997	3.95499999999993	18.6869999999981	0	0
16.7160000000003	5.97399999999834	16.6089999999967	0	0
19.2129999999997	14.7150000000001	21.5960000000014	0	0
8.48600000000079	2.63400000000001	11.9140000000007	0	0
17.5089999999982	12.027	17.6759999999995	0	0
15.2160000000003	6.5580000000009	17.867000000002	0	0
19.7599999999984	10.2900000000009	21.6290000000008	0	0
18.3849999999984	11.4470000000001	19.6219999999994	0	0
8.41899999999805	3.50900000000001	10.2390000000014	0	0
21.5049999999974	15.8649999999998	23.0849999999991	0	0
18.2940000000017	9.41299999999865	19.5479999999989	0	0
14.4939999999988	4.71800000000076	17.6769999999997	0	0
15.4350000000013	9.7450000000008	15.476999999999	0	0
14.8869999999988	7.72100000000137	15.5970000000016	0	0
18.6529999999984	12.2979999999989	17.2750000000015	0	0
20.5889999999999	12.018	21.7139999999999	0	0
7.50599999999758	0.981999999999971	9.26299999999901	0	0
12.6519999999982	2.18199999999888	15.2089999999989	0	0
7.31899999999951	0.916999999999462	8.16799999999785	0	0
14.5969999999979	3.9989999999998	18.3969999999972	0	0
27.0819999999985	22.2369999999992	25.8599999999969	0	0
20.6519999999982	10.8990000000013	22.9290000000001	0	0
14.6000000000022	6.29700000000048	15.255000000001	0	0
21.755000000001	18.1959999999999	20.9510000000009	0	0
17.4010000000017	10.764000000001	19.2139999999999	0	0
11.4229999999989	9.11499999999978	13.1800000000003	0	0
17.1889999999985	10.3820000000014	19.2360000000008	0	0
25.0600000000013	27.4979999999996	23.0750000000007	0	0
15.0889999999999	4.41499999999905	16.4629999999997	0	0
13.2880000000005	2.83599999999933	13.630000000001	0	0
7.62700000000041	0.809999999999491	8.39700000000084	0	0
12.4400000000023	2.78700000000026	13.9020000000019	0	0
15.2069999999985	6.16700000000128	14.9799999999996	0	0
22.8119999999981	17.732	22.6020000000026	0	0
13.880000000001	12.9499999999989	13.5400000000009	0	0
17.3169999999991	11.0439999999999	17.3260000000009	0	0
14.6470000000008	6.70100000000093	14.8480000000018	0	0
17.8760000000002	6.82500000000073	19.1539999999986	0	0
15.3499999999985	5.54500000000007	16.3139999999985	0	0
14.2239999999983	5.02199999999903	16.8919999999998	0	0
16.8269999999975	11.4500000000007	18.6009999999987	0	0
17.8790000000008	7.38999999999942	21.9399999999987	0	0
19.476999999999	10.1190000000006	19.0670000000027	0	0
22.6660000000011	16.0029999999988	23.362000000001	0	0
23.8120000000017	19.4350000000013	25.4840000000004	0	0
16.2599999999984	7.76599999999962	18.0030000000006	0	0
18.8580000000002	8.82899999999972	20.982	0	0
22.0889999999999	20.634	19.6939999999995	0	0
32.6630000000005	30.6640000000007	29.6449999999968	0	0
14.7469999999994	5.8739999999998	18.8690000000024	0	0
14.3250000000007	3.12199999999939	14.5730000000003	0	0
7.51599999999962	0.846999999999753	9.10599999999977	0	0
22.844000000001	20.3160000000007	20.9550000000017	0	0
13.3710000000028	3.00900000000001	17.252999999997	0	0
15.4979999999996	4.70600000000013	17.4369999999981	0	0
15.1110000000008	6.97000000000116	15.1449999999968	0	0
23.9290000000001	24.2109999999993	22.2279999999992	0	0
8.31899999999951	2.18000000000029	10.5570000000007	0	0
8.71699999999691	3.73300000000017	9.37199999999939	0	0
17.887999999999	11.8439999999991	18.4680000000008	0	0
14.8719999999994	5.40999999999985	18.4229999999989	0	0
13.8290000000015	3.30400000000009	14.9459999999999	0	0
20.969000000001	18.8490000000002	19.6530000000021	0	0
18.4779999999992	12.0360000000001	18.0329999999994	0	0
18.1909999999989	6.74200000000019	16.7960000000021	0	0
14.3069999999971	4.75199999999859	15.5329999999994	0	0
25.0829999999987	24.3000000000011	22.2339999999967	0	0
23.3009999999995	14.5959999999995	22.9919999999984	0	0
18.9069999999992	14.9529999999995	21.4389999999985	0	0
8.78700000000026	4.78900000000067	9.16300000000047	0	0
21.6569999999992	15.5830000000005	23.9140000000007	0	0
25.2000000000007	34.2829999999994	21.2489999999998	0	0
19.2439999999988	10.7260000000006	21.4029999999984	0	0
21.4629999999997	18.5079999999998	24.4570000000022	0	0
13.6119999999974	1.48699999999917	15.5939999999973	0	0
12.9300000000003	2.63800000000083	14.7380000000012	0	0
16.3609999999971	9.67399999999907	19.1939999999995	0	0
11.0090000000018	8.07699999999932	10.729000000003	0	0
19.7920000000013	15.7270000000008	20.0420000000013	0	0
18.137999999999	15.0169999999998	17.7200000000012	0	0
14.226999999999	6.47099999999955	14.3869999999988	0	0
16.6610000000001	3.15500000000065	18.510000000002	0	0
16.6959999999999	3.60999999999876	18.5010000000002	0	0
17.8189999999995	9.496000000001	16.5060000000012	0	0
17.7029999999977	11.6080000000002	17.6800000000003	0	0
16.9510000000009	8.58200000000033	17.0689999999995	0	0
12.5889999999999	2.89199999999983	15.4470000000001	0	0
16.6579999999994	7.77799999999843	16.2790000000023	0	0
21.1820000000007	12.1409999999996	22.1409999999996	0	0
8.16400000000067	4.09199999999873	10.3299999999981	0	0
7.54500000000189	1.40400000000045	9.28200000000288	0	0
18.744999999999	13.741	18.7980000000025	0	0
12.1539999999986	8.71800000000076	12.1270000000004	0	0
20.6470000000008	11.9850000000006	19.7380000000012	0	0
12.9860000000008	2.24200000000019	15.6939999999995	0	0
21.648000000001	18.5920000000006	25.0859999999993	0	0
12.8319999999985	1.36000000000058	16.4320000000007	0	0
13.1919999999991	1.08199999999852	16.8400000000001	0	0
18.0810000000019	12.1440000000002	17.5770000000011	0	0
14.4149999999972	4.40500000000065	18.0200000000004	0	0
17.9589999999989	7.371000000001	20.393	0	0
21.2439999999988	16.402	21.6650000000009	0	0
17.6280000000006	6.29999999999927	17.5540000000001	0	0
8.02600000000166	1.36100000000079	12.0600000000013	0	0
13.7049999999981	3.09900000000016	14.7010000000009	0	0
7.625	0.94800000000032	10.0249999999978	0	0
23.4759999999987	18.4689999999991	24.6620000000003	0	0
8.67599999999948	2.16399999999885	9.20100000000093	0	0
7.8179999999993	0.530000000000655	9.59300000000076	0	0
23.1610000000001	23.2510000000002	23.3250000000007	0	0
20.5349999999999	13.3189999999995	20.3869999999988	0	0
15.877999999997	6.44000000000051	19.8600000000006	0	0
14.2819999999992	3.39799999999923	14.0930000000008	0	0
31.6500000000015	32.619999999999	31.3489999999983	0	0
29.1859999999979	34.7129999999997	26.5859999999993	0	0
14.9679999999971	4.77400000000125	16.4000000000015	0	0
13.7150000000001	3.4429999999993	15.2900000000009	0	0
12.3659999999982	2.05099999999948	11.4660000000003	0	0
14.5639999999985	3.4469999999983	14.0560000000005	0	0
15.2149999999965	1.32400000000052	14.2960000000021	0	0
13.1810000000005	3.63600000000042	12.5390000000007	0	0
8.78600000000006	3.91399999999885	8.03700000000026	0	0
15.8129999999983	8.4330000000009	14.9849999999969	0	0
17.3139999999985	5.37199999999939	16.4639999999999	0	0
12.8509999999987	3.63000000000102	12.4269999999997	0	0
16.0410000000011	2.66100000000006	15.3909999999996	0	0
17.012999999999	3.46800000000076	16.0819999999985	0	0
12.2430000000022	1.59000000000015	11.9589999999989	0	0
14.7919999999976	5.85000000000036	13.9100000000035	0	0
12.7139999999999	0.671999999998661	12.4140000000007	0	0
12.1929999999993	0.947000000000116	11.8139999999985	0	0
16.5499999999993	2.39600000000064	16.1749999999993	0	0
18.2270000000026	8.32400000000052	16.7999999999993	0	0
18.0740000000005	3.66899999999987	17.7250000000022	0	0
7.6929999999993	1.35499999999956	7.69599999999991	0	0
13.523000000001	1.20700000000033	13.5540000000001	0	0
16.2229999999981	2.68499999999949	15.8430000000008	0	0
13.737000000001	3.64900000000125	12.7849999999999	0	0
17.0950000000012	2.79600000000028	16.3659999999982	0	0
7.30400000000009	0.555999999998676	6.98500000000058	0	0
20.3040000000001	12.396999999999	18.5440000000017	0	0
18.0550000000003	6.58100000000013	16.8559999999998	0	0
12.5790000000015	1.8010000000013	13.2939999999981	0	0
13.8310000000019	4.04500000000007	13.5590000000011	0	0
16.1949999999997	4.50500000000102	15.8479999999981	0	0
14.351999999999	3.94399999999951	13.5810000000019	0	0
12.1270000000004	1.76000000000022	11.7739999999976	0	0
11.6949999999997	0.7549999999992	11.773000000001	0	0
13.0590000000011	3.10099999999875	12.3989999999976	0	0
7.81300000000192	0.962999999999738	8.18800000000192	0	0
7.67699999999968	1.04399999999987	7.47399999999834	0	0
14.1929999999993	3.15099999999984	13.3669999999984	0	0
7.93699999999808	1.42000000000007	7.99700000000303	0	0
7.7489999999998	1.59799999999996	7.6929999999993	0	0
17.0419999999976	4.48199999999997	16.3499999999985	0	0
14.1869999999981	4.46000000000095	13.3009999999995	0	0
16.5910000000003	2.76700000000164	15.5039999999972	0	0
12.9869999999974	0.91399999999885	12.8489999999983	0	0
16.489999999998	3.21700000000055	16.1100000000006	0	0
12.3030000000035	2.30299999999988	11.854000000003	0	0
15.0469999999987	1.23199999999997	14.4379999999983	0	0
17.5039999999972	4.9260000000013	16.0429999999978	0	0
13.8019999999997	3.34500000000116	13.2819999999992	0	0
13.4089999999997	4.21299999999974	12.5650000000023	0	0
12.487000000001	1.83799999999974	11.9509999999973	0	0
8.27700000000186	2.48300000000017	7.76299999999901	0	0
12.6320000000014	2.19999999999891	11.9220000000023	0	0
14.6209999999992	1.08100000000013	14.3150000000023	0	0
11.5439999999981	0.996999999999389	11.1489999999976	0	0
14.7369999999974	1.20000000000073	14.2300000000032	0	0
14.2170000000006	3.91099999999824	13.5459999999985	0	0
13.4359999999979	1.07099999999991	12.8539999999994	0	0
12.5089999999982	1.14600000000064	12.2080000000024	0	0
11.9849999999969	1.23300000000017	11.607	0	0
7.44599999999991	1.26000000000022	7.19300000000294	0	0
12.8220000000001	1.11700000000019	12.7230000000018	0	0
12.1050000000032	1.25700000000143	12.4130000000005	0	0
12.4919999999984	1.71600000000035	11.997000000003	0	0
12.3770000000004	2.43500000000131	11.8859999999986	0	0
12.6769999999997	0.902000000000044	12.2810000000027	0	0
11.7429999999986	1.15400000000045	11.7340000000004	0	0
15.6390000000029	2.17399999999907	15.1360000000022	0	0
13.0910000000003	1.82400000000052	12.8240000000005	0	0
12.2710000000006	0.4950000000008	12.2489999999998	0	0
12.3189999999995	0.822000000000116	12.6190000000024	0	0
12.6840000000011	2.03199999999924	12.1179999999986	0	0
12.3590000000004	1.09900000000016	12.5519999999997	0	0
10.875	7.74099999999999	10.1909999999989	0	0
8.03700000000026	1.47999999999956	7.78700000000026	0	0
7.80600000000049	0.60399999999936	7.30500000000029	0	0
13.7409999999982	4.66399999999885	13.3529999999992	0	0
14.2789999999986	3.6299999999992	13.5360000000001	0	0
12.1399999999994	1.64099999999962	11.7020000000011	0	0
13.4230000000025	1.37299999999959	13.6270000000004	0	0
7.08499999999913	0.382999999999811	7.10099999999875	0	0
15.4720000000016	1.13700000000063	15.9530000000013	0	0
15.6299999999974	2.71299999999974	15.010000000002	0	0
12.3860000000022	1.74099999999999	12.497000000003	0	0
7.30199999999968	0.144000000000233	7.3660000000018	0	0
7.33099999999831	0.878999999998996	7.51299999999901	0	0
13.9250000000029	2.17699999999968	13.5849999999991	0	0
16.2799999999988	3.35899999999856	15.7350000000006	0	0
12.2920000000013	2.02400000000125	11.8359999999993	0	0
16.143	2.88500000000022	15.4560000000019	0	0
17.6419999999998	12.7749999999996	15.8220000000001	0	0
7.9900000000016	1.36399999999958	8.54500000000189	0	0
14.0200000000004	4.97199999999975	13.0449999999983	0	0
14.3060000000005	2.28399999999965	13.8500000000022	0	0
12.4510000000009	1.14099999999962	11.9950000000026	0	0
12.1869999999981	1.07099999999991	11.8809999999976	0	0
14.8559999999998	0.954999999999927	15.2870000000003	0	0
13.1779999999999	3.29500000000007	12.8520000000026	0	0
13.1980000000003	2.92099999999846	12.5809999999983	0	0
14.018	2.48799999999937	13.6139999999978	0	0
7.54899999999907	1.20600000000013	7.26000000000204	0	0
7.56300000000192	1.04199999999946	7.18900000000212	0	0
17.8400000000001	5.3119999999999	17.0750000000007	0	0
6.99399999999878	0.149000000001251	7.22399999999834	0	0
14.2090000000026	1.73600000000079	14.4410000000025	0	0
13.8159999999989	1.95999999999913	13.3379999999997	0	0
7.04300000000148	0.290000000000873	6.81000000000131	0	0
13.4069999999992	3.01000000000022	13.0699999999997	0	0
12.2900000000009	1.14300000000003	11.663999999997	0	0
14.5439999999981	6.23999999999978	13.9989999999998	0	0
13.7380000000012	3.38100000000122	12.8970000000008	0	0
16.6219999999994	6.09799999999996	15.6349999999984	0	0
12.5679999999993	1.80799999999908	12.1080000000002	0	0
12.2159999999967	1.32099999999991	11.8269999999975	0	0
16.3539999999994	8.67699999999968	14.607	0	0
7.43100000000049	0.761999999998807	7.23400000000038	0	0
18.6620000000003	3.51800000000003	18.0439999999981	0	0
14.9670000000006	2.70700000000033	14.2139999999999	0	0
8.07800000000134	2.79099999999926	7.91200000000026	0	0
8.20000000000073	3.03600000000006	7.895999999997	0	0
12.9099999999999	0.936999999999898	12.7649999999994	0	0
15.8629999999976	2.91799999999967	15.4650000000001	0	0
12.405999999999	1.43100000000049	12.497000000003	0	0
8.65600000000268	2.40899999999965	8.22500000000218	0	0
7.22599999999875	0.587999999999738	7.15699999999924	0	0
9.00300000000061	4.25699999999961	8.17499999999927	0	0
7.52900000000227	0.470000000001164	7.30400000000009	0	0
12.4530000000013	1.09000000000015	11.9019999999982	0	0
17.8770000000004	1.13500000000022	17.2479999999996	0	0
12.6999999999971	2.4260000000013	12.1140000000014	0	0
12.6399999999994	0.471999999999753	12.2939999999981	0	0
7.37299999999959	1.04299999999967	7.26600000000326	0	0
12.4089999999997	2.45800000000054	12.5020000000004	0	0
12.5750000000007	2.32499999999891	12.6150000000016	0	0
12.1520000000019	0.862999999999374	12.2819999999992	0	0
7.49400000000242	0.345999999999549	7.18400000000111	0	0
12.8590000000004	2.30199999999968	12.3359999999993	0	0
8.875	3.64400000000023	8.17499999999927	0	0
12.7280000000028	1.73599999999897	12.7639999999992	0	0
12.5519999999997	1.3179999999993	12.5410000000011	0	0
14.0850000000028	1.80400000000009	13.4929999999986	0	0
12.8859999999986	1.05400000000009	12.5600000000013	0	0
7.41199999999662	0.920000000000073	7.18800000000192	0	0
12.0410000000011	1.15600000000086	11.5159999999996	0	0
11.4379999999983	0.764000000001033	11.3220000000001	0	0
16.2750000000015	2.996000000001	15.3790000000008	0	0
14.2589999999982	5.64199999999983	13.6320000000014	0	0
12.6829999999973	1.35800000000017	12.2520000000004	0	0
12.9930000000022	3.67200000000048	12.3339999999989	0	0
13.1490000000013	4.04700000000048	13.9459999999999	0	0
7.53200000000288	1.00600000000122	7.26100000000224	0	0
15.119999999999	9.17099999999846	13.976999999999	0	0
13.1160000000018	3.91399999999885	13.1999999999971	0	0
12.2879999999968	1.79099999999926	11.6080000000002	0	0
16.1990000000005	3.02599999999984	16.0430000000015	0	0
7.95799999999872	0.808000000000902	7.88799999999901	0	0
14.0489999999991	3.14899999999943	13.6450000000004	0	0
13.1169999999984	1.9320000000007	12.6719999999987	0	0
9.11700000000201	4.71100000000115	8.40799999999945	0	0
17.0289999999986	5.76999999999862	16.5889999999999	0	0
15.255000000001	4.29299999999967	15.1709999999985	0	0
11.7740000000013	0.933999999999287	11.8809999999976	0	0
7.09900000000198	0.111999999999171	7.17900000000009	0	0
15.9439999999995	2.59000000000015	15.8420000000006	0	0
12.4589999999989	1.80999999999949	12.8689999999988	0	0
13.0270000000019	1.34100000000035	13.2780000000021	0	0
13.4579999999987	3.23800000000119	12.8559999999998	0	0
13.4429999999993	1.92900000000009	12.7649999999994	0	0
13.7489999999998	3.33500000000095	13.0319999999992	0	0
16.4629999999997	5.27100000000064	15.9480000000003	0	0
7.6140000000014	1.57500000000073	7.42499999999927	0	0
13.7819999999992	3.89600000000064	13.005000000001	0	0
15.9929999999986	8.69600000000173	16.3709999999992	0	0
18.5889999999999	14.1149999999998	19.5920000000006	0	0
8.06300000000192	2.51999999999862	7.62900000000081	0	0
17.262999999999	8.53099999999904	15.8870000000024	0	0
7.72000000000116	0.988000000001193	7.34200000000055	0	0
16.1239999999998	7.68399999999929	15.4590000000026	0	0
23.7430000000022	17.8520000000008	21.625	0	0
23.8810000000012	23.728000000001	19.3280000000013	0	0
12.8790000000008	2.12700000000041	12.2380000000012	0	0
13.4360000000015	3.00200000000041	12.6260000000002	0	0
15.0829999999987	7.60100000000057	13.8709999999992	0	0
13.1470000000008	1.96899999999914	12.5689999999995	0	0
14.7659999999996	4.88999999999942	13.6320000000014	0	0
15.3839999999982	2.53600000000006	15.1939999999995	0	0
16.4599999999991	8.95600000000013	14.8900000000031	0	0
17.9749999999985	5.52399999999943	17.2740000000013	0	0
17.0920000000006	3.16200000000026	16.0680000000029	0	0
8.01299999999901	0.751000000000204	7.86900000000242	0	0
16.487000000001	3.55799999999908	15.5649999999987	0	0
12.9410000000025	2.14700000000084	12.4750000000022	0	0
7.82099999999991	1.97999999999956	7.44700000000012	0	0
8.90099999999802	3.28299999999945	8.99200000000201	0	0
13.2180000000008	2.05299999999988	16.4430000000029	0	0
8.68000000000029	1.10400000000118	9.47799999999916	0	0
16.6229999999996	1.95600000000013	17.5430000000015	0	0
13.7530000000006	5.10000000000036	13.4310000000005	0	0
16.6709999999985	4.07899999999972	17.0809999999983	0	0
18.4950000000026	8.28700000000026	17.4079999999994	0	0
11.7090000000026	0.814000000000306	11.7510000000002	0	0
16.0649999999987	8.69399999999951	15.148000000001	0	0
14.9079999999994	1.08300000000054	14.8529999999992	0	0
17.0559999999969	5.74800000000141	15.9849999999969	0	0
12.3910000000033	0.75	12.3359999999993	0	0
17.3770000000004	3.29699999999866	16.9830000000002	0	0
18.3889999999992	6.71500000000015	17.0570000000007	0	0
13.6209999999992	3.61599999999999	13.7170000000006	0	0
7.50900000000183	0.791999999999462	7.10800000000017	0	0
15.9110000000001	2.05600000000049	14.9890000000014	0	0
14.0069999999978	5.45800000000054	12.9789999999994	0	0
13.2410000000018	1.72799999999916	13.2940000000017	0	0
12.7429999999986	1.92100000000028	12.4779999999992	0	0
7.48500000000058	0.463999999999942	7.15200000000186	0	0
15.7350000000006	2.04099999999926	15.3719999999994	0	0
7.71600000000035	0.855999999999767	7.36800000000221	0	0
12.3169999999991	2.46799999999894	11.9700000000012	0	0
13.6490000000013	2.41899999999987	13.0629999999983	0	0
8.50600000000122	1.19999999999891	8.23300000000017	0	0
17.2969999999987	5.47099999999955	16.3839999999982	0	0
14.2160000000003	1.77100000000064	13.9340000000011	0	0
7.52200000000084	1.14300000000003	7.45699999999852	0	0
17.851999999999	9.39799999999923	18.0010000000002	0	0
12.260000000002	2.01900000000023	11.6209999999992	0	0
12.7619999999988	1.20899999999892	12.3080000000009	0	0
13.1589999999997	1.94399999999951	12.8379999999997	0	0
13.7039999999979	1.89199999999983	13.1229999999996	0	0
20.732	11.2139999999999	19.7540000000008	0	0
14.775999999998	1.21100000000115	14.5119999999988	0	0
16.3029999999999	4.72400000000016	15.5989999999983	0	0
17.369999999999	5.37900000000081	16.5080000000016	0	0
7.42000000000189	0.815999999998894	7.18699999999808	0	0
22.2920000000013	14.9600000000009	19.9130000000005	0	0
13.2230000000018	1.35100000000057	13.4160000000011	0	0
12.0920000000006	1.36700000000019	13.2289999999994	0	0
12.1790000000001	0.863999999999578	11.6740000000027	0	0
13.2870000000003	4.44400000000132	12.4079999999994	0	0
18.4809999999998	12.4330000000009	17.1179999999986	0	0
12.9360000000015	1.43100000000049	13.2769999999982	0	0
7.33199999999852	0.911000000000058	7.13300000000163	0	0
7.76399999999921	0.590000000000146	7.42799999999988	0	0
12.4400000000023	2.94800000000032	12.2880000000005	0	0
18.5499999999993	8.54700000000048	17.3680000000022	0	0
13.4439999999995	2.69599999999991	13.4229999999989	0	0
8.01300000000265	2.71999999999935	8.05199999999968	0	0
16.6080000000002	8.20700000000033	15.1710000000021	0	0
7.98500000000058	2.46000000000095	7.8760000000002	0	0
13.8080000000009	2.34900000000016	13.150999999998	0	0
17.232	1.64700000000084	17.1539999999986	0	0
11.9089999999997	1.02199999999903	11.8600000000006	0	0
15.5419999999976	2.05600000000049	14.8070000000007	0	0
16.7620000000024	6.1919999999991	15.8499999999985	0	0
14.0980000000018	3.86700000000019	13.4160000000011	0	0
12.7059999999983	1.69100000000071	12.8050000000003	0	0
15.4689999999973	3.16600000000108	15.0800000000017	0	0
16.0869999999995	2.48200000000179	15.994999999999	0	0
16.9020000000019	2.32599999999911	16.6190000000024	0	0
17.5980000000018	6.55299999999988	16.645999999997	0	0
15.4609999999993	2.04600000000028	15.3260000000009	0	0
15.3840000000018	4.97600000000057	14.1699999999983	0	0
19.1980000000003	8.08400000000074	17.5889999999999	0	0
21.1680000000015	15.0709999999999	18.9509999999973	0	0
17.5190000000002	4.08499999999913	17.5529999999999	0	0
18.9279999999999	11.5589999999993	17.489999999998	0	0
16.7279999999992	5.49200000000019	15.6870000000017	0	0
12.1400000000031	0.939000000000306	11.6659999999974	0	0
11.862000000001	0.501999999998588	12.2170000000006	0	0
12.137999999999	1.1919999999991	12.2380000000012	0	0
7.43000000000029	0.825999999999112	7.09599999999773	0	0
7.8070000000007	0.299999999999272	7.69700000000012	0	0
11.586000000003	0.799000000000888	11.7649999999994	0	0
12.8830000000016	2.60800000000017	12.3789999999972	0	0
13.3299999999981	2.40400000000045	12.5380000000005	0	0
16.8409999999967	3.05500000000029	16.3669999999984	0	0
14.143	5.52499999999964	13.5720000000001	0	0
15.5820000000022	2.57899999999972	14.9470000000001	0	0
13.518	3.20099999999911	12.9609999999993	0	0
15.3040000000001	8.96700000000055	14.1599999999999	0	0
13.6640000000007	5.19800000000032	12.4680000000008	0	0
7.7599999999984	1.05299999999988	7.64300000000003	0	0
16.5	3.29399999999987	16.530999999999	0	0
11.7860000000001	0.65599999999904	11.4729999999981	0	0
15.895999999997	1.55699999999888	15.4279999999999	0	0
11.8179999999993	0.569999999999709	11.8079999999973	0	0
8.24400000000242	0.728000000000975	8.6150000000016	0	0
14.1260000000002	3.41599999999926	13.864999999998	0	0
14.6530000000021	2.4940000000006	14.1729999999989	0	0
14.6759999999995	4.42900000000009	13.8050000000003	0	0
7.12800000000061	0.368000000000393	6.89400000000023	0	0
15.7260000000024	1.90400000000045	15.9459999999999	0	0
13.9379999999983	4.73600000000079	13.2079999999987	0	0
16.1389999999992	2.94900000000052	15.7760000000017	0	0
15.3730000000032	2.06800000000112	14.6490000000013	0	0
13.9220000000023	3.59700000000157	13.3840000000018	0	0
11.8669999999984	1.14099999999962	12.0240000000013	0	0
13.8940000000002	4.75900000000001	12.9789999999994	0	0
12.5430000000015	1.74099999999999	12.1590000000033	0	0
13.594000000001	4.54399999999987	12.9890000000014	0	0
17.4959999999992	4.28700000000026	16.3689999999988	0	0
14.625	3.19900000000052	14.130000000001	0	0
12.6919999999991	2.42500000000109	12.280999999999	0	0
14.6000000000022	4.18000000000029	13.7390000000014	0	0
15.3679999999986	5.2489999999998	15.1800000000003	0	0
8.14500000000044	1.10500000000138	7.93000000000029	0	0
13.4500000000007	1.13600000000042	13.1999999999971	0	0
13.8100000000013	4.86399999999958	13.2779999999984	0	0
12.2489999999998	1.0619999999999	12.268	0	0
7.5099999999984	1.02800000000025	7.57100000000355	0	0
19.4470000000001	9.54900000000089	17.9590000000026	0	0
17.987000000001	7.21199999999953	16.9099999999999	0	0
16.6000000000022	3.81899999999951	15.851999999999	0	0
16.5879999999997	1.12299999999959	16.5009999999966	0	0
7.61199999999735	0.543999999999869	7.41200000000026	0	0
15.7560000000012	2.58200000000033	15.2480000000032	0	0
15.1850000000013	1.3070000000007	15.1029999999955	0	0
11.9910000000018	1.57400000000052	11.5030000000042	0	0
13.0989999999983	3.31400000000031	12.7559999999939	0	0
14.0670000000027	3.65999999999985	13.5659999999989	0	0
19.1899999999987	9.1929999999993	18.5600000000049	0	0
7.73800000000119	0.783999999999651	7.87099999999919	0	0
17.4989999999998	5.23600000000079	17.6369999999952	0	0
16.3199999999997	1.33200000000033	16.9470000000001	0	0
7.2510000000002	0.323999999998705	7.12400000000343	0	0
13.9340000000011	5.55099999999948	13.0260000000053	0	0
15.5159999999996	5.0010000000002	14.7649999999994	0	0
13.1690000000017	1.50400000000081	12.7909999999974	0	0
15.4909999999982	9.20699999999852	15.1449999999968	0	0
15.382999999998	2.69300000000112	16.0310000000027	0	0
12.4259999999995	1.83799999999974	12.4310000000041	0	0
13.9530000000013	2.95800000000054	13.2649999999994	0	0
12.5410000000011	1.94499999999971	12.3859999999986	0	0
8.35000000000218	1.43400000000111	8.07499999999709	0	0
12.635000000002	1.34900000000016	12.9939999999988	0	0
12.3439999999973	1.07799999999952	11.9330000000045	0	0
16.2300000000032	3.77199999999903	15.4990000000034	0	0
7.27900000000227	0.843999999999141	7.16700000000128	0	0
17.6599999999999	1.73700000000099	17.1440000000002	0	0
7.78299999999945	1.34999999999854	7.5879999999961	0	0
17.6549999999988	5.36800000000039	17.3550000000032	0	0
15.7340000000004	2.26300000000083	15.0670000000027	0	0
12.6699999999983	1.86000000000058	12.2690000000002	0	0
14.1549999999988	4.33600000000115	13.150999999998	0	0
8.88400000000183	2.09799999999996	8.28499999999622	0	0
7.82700000000114	1.70899999999892	7.85299999999552	0	0
16.8529999999992	4.39899999999943	17.0949999999939	0	0
15.9520000000011	2.63600000000042	15.9539999999979	0	0
12.8539999999994	3.14199999999983	12.8899999999994	0	0
20.2559999999976	10.8050000000003	19.010000000002	0	0
12.9490000000005	2.62200000000121	12.538999999997	0	0
13.9869999999974	2.36800000000039	13.625	0	0
12.7479999999996	1.77100000000064	12.4519999999975	0	0
12.2040000000015	1.89300000000003	11.4080000000031	0	0
8.79400000000169	2.47900000000118	8.27399999999761	0	0
12.7319999999963	2.9369999999999	12.0140000000029	0	0
12.5899999999965	2.14800000000105	12.221000000005	0	0
13.4749999999985	4.06099999999969	13.0309999999954	0	0
13.5220000000045	2.20600000000013	13.1029999999955	0	0
12.4630000000034	0.795000000000073	11.9799999999959	0	0
12.4140000000043	1.38899999999921	12.1449999999968	0	0
12.0060000000012	1.23300000000017	12.2319999999963	0	0
15.5090000000055	1.82500000000073	15.2710000000006	0	0
12.6389999999956	1.50799999999981	13.1739999999991	0	0
12.5400000000009	0.924000000000888	12.5239999999976	0	0
13.9209999999948	1.89999999999964	13.7170000000042	0	0
16.1059999999998	1.74300000000039	15.5729999999967	0	0
7.19599999999627	0.566999999999098	7.06999999999971	0	0
13.3270000000048	2.61499999999978	13.2590000000055	0	0
13.6569999999992	4.20899999999892	13.1009999999951	0	0
7.39099999999598	1.20399999999972	7.18399999999383	0	0
15.0070000000051	7.11300000000119	13.4859999999971	0	0
12.3029999999999	1.92000000000007	12.275999999998	0	0
12.1080000000002	1.61399999999958	11.7779999999984	0	0
7.46600000000035	0.484000000000378	7.25	0	0
8.12200000000303	0.692999999999302	7.81300000000192	0	0
7.69200000000274	1.38999999999942	7.40699999999924	0	0
13.1170000000056	2.48500000000058	12.4890000000014	0	0
16.3629999999976	3.89999999999964	15.5330000000031	0	0
15.471000000005	0.846000000001368	16.153999999995	0	0
11.5950000000012	1.39500000000044	11.3659999999945	0	0
7.11200000000099	0.604999999999563	7.00100000000384	0	0
13.1580000000031	3.32699999999932	12.6299999999974	0	0
21.1549999999988	11.9079999999994	19.9409999999989	0	0
12.7880000000005	3.42300000000068	12.3379999999961	0	0
12.8260000000009	2.71500000000015	11.7580000000016	0	0
16.0149999999994	3.46900000000096	15.4300000000003	0	0
12.6189999999988	1.58500000000095	12.5789999999979	0	0
13.9309999999969	4.91000000000167	13.3240000000005	0	0
15.6540000000023	3.04000000000087	15.6640000000043	0	0
17.1919999999955	1.48500000000058	16.9400000000023	0	0
7.17499999999563	0.462999999999738	7.19700000000012	0	0
15.1809999999969	0.924999999999272	15.1650000000009	0	0
13.0339999999997	2.49799999999959	12.7700000000041	0	0
12.0009999999966	1.05799999999908	11.5840000000026	0	0
14.4619999999995	1.42799999999988	14.586000000003	0	0
16.3859999999986	2.92699999999968	15.8669999999984	0	0
7.64199999999983	1.13899999999921	7.56900000000314	0	0
7.5309999999954	1.44400000000132	7.34399999999732	0	0
12.0749999999971	1.35000000000036	11.833000000006	0	0
12.5579999999973	1.04900000000089	12.5440000000017	0	0
7.36300000000483	0.815000000000509	7.07099999999627	0	0
7.47699999999895	1.30999999999949	7.22800000000279	0	0
15.7869999999966	2.61499999999978	15.1319999999978	0	0
8.35599999999977	1.24200000000019	8.22699999999895	0	0
23.3470000000016	16.655999999999	21.0920000000042	0	0
7.32500000000437	0.596999999999753	7.16500000000087	0	0
18.6900000000023	7.35299999999916	17.474000000002	0	0
16.7439999999988	3.09799999999996	16.3760000000038	0	0
15.1729999999952	1.27099999999882	14.6229999999996	0	0
15.1429999999964	6.35299999999916	13.724000000002	0	0
12.1910000000062	0.794000000001688	12.2570000000051	0	0
7.21100000000297	0.815000000000509	7.22000000000116	0	0
