7.824	2.007	7.553	0	0
12.588	5.401	11.614	0	0
12.101	4.444	11.537	0	0
11.562	5.678	10.759	0	0
11.203	4.524	11.022	0	0
13.413	9.291	11.822	0	0
14.258	7.89100000000001	12.611	0	0
12.54	6.205	11.228	0	0
5.38899999999998	1.426	4.756	0	0
13.407	7.563	11.589	0	0
11.472	5.76600000000001	10.594	0	0
12.071	6.429	10.729	0	0
13.02	6.40299999999999	12.229	0	0
6.37799999999999	3.523	5.59099999999995	0	0
13.453	9.65599999999998	11.614	0	0
6.78800000000001	2.43899999999999	6.42700000000002	0	0
12.158	3.86600000000001	11.485	0	0
12.3030000000001	6.221	11.71	0	0
14.575	7.916	12.581	0	0
5.7120000000001	2.43200000000002	5.37700000000001	0	0
12.11	4.44399999999999	11.659	0	0
13.309	7.92299999999997	11.8199999999999	0	0
12.765	5.673	11.254	0	0
11.921	6.18900000000002	11.428	0	0
6.27799999999991	2.714	5.66300000000001	0	0
12.912	8.50299999999999	11.855	0	0
12.3580000000001	5.43599999999998	11.9540000000001	0	0
12.144	4.63400000000001	10.776	0	0
11.819	5.34700000000004	11.1460000000001	0	0
12.444	6.72899999999998	10.893	0	0
6.36000000000001	1.83299999999997	6.05799999999999	0	0
12.813	5.57299999999998	11.2859999999999	0	0
12.424	5.74000000000001	11.696	0	0
12.647	5.06599999999997	11.894	0	0
6.13499999999999	2.29599999999999	5.58600000000001	0	0
13.697	7.99000000000001	12.247	0	0
12.199	5.54700000000003	11.331	0	0
11.5840000000001	5.20699999999999	10.3209999999999	0	0
6.35599999999999	3.363	5.52099999999996	0	0
12.9599999999999	7.14299999999997	11.1479999999999	0	0
11.8820000000001	6.745	10.527	0	0
11.5909999999999	6.702	10.957	0	0
6.28899999999999	3.32100000000003	5.42599999999993	0	0
13.1420000000001	7.64700000000005	11.5359999999998	0	0
12.5059999999999	6.51900000000001	11.085	0	0
11.991	4.98699999999997	10.7280000000001	0	0
11.8999999999999	3.971	10.8860000000002	0	0
12.009	6.048	11.0039999999999	0	0
12.3970000000002	6.95899999999995	11.8009999999999	0	0
12.0600000000002	5.25400000000002	11.106	0	0
11.6769999999999	5.04699999999991	10.4620000000002	0	0
12.473	6.34000000000003	11.174	0	0
11.29	5.12	10.1410000000001	0	0
11.828	7.11000000000001	10.8489999999999	0	0
12.4960000000001	7.16800000000001	10.8890000000001	0	0
11.547	5.947	10.694	0	0
13.8820000000001	8.41200000000003	11.6759999999999	0	0
12.367	5.99400000000003	11.2150000000001	0	0
12.48	7.04499999999996	11.0619999999999	0	0
12.0170000000001	6.12699999999995	11.0450000000001	0	0
13.0630000000001	7.96000000000004	11.1389999999999	0	0
12.8	6.44899999999996	12.171	0	0
5.53099999999995	1.56600000000003	5.07300000000009	0	0
12.2650000000001	4.04200000000003	11.4070000000002	0	0
12.3500000000001	4.97699999999998	11.5330000000001	0	0
13.5699999999999	6.24000000000001	12.2760000000001	0	0
12.23	6.553	11.1779999999999	0	0
14.336	5.56299999999999	12.751	0	0
5.59299999999985	1.899	5.06999999999994	0	0
12.001	5.55899999999997	10.808	0	0
5.56299999999987	2.00799999999992	5.1110000000001	0	0
13.0079999999998	7.029	11.3989999999999	0	0
6.19799999999987	2.83000000000004	5.30300000000011	0	0
12.8120000000001	7.41599999999994	11.0810000000001	0	0
13.367	5.274	11.8299999999999	0	0
13.066	5.22900000000004	11.624	0	0
13.47	5.904	12.6410000000001	0	0
6.78800000000001	2.30999999999995	6.10300000000007	0	0
11.3550000000002	5.06799999999998	10.3219999999999	0	0
5.9970000000003	2.51199999999994	5.47499999999991	0	0
12.384	6.82399999999996	11.1709999999998	0	0
12.5789999999997	5.61700000000008	11.6640000000002	0	0
5.90100000000029	2.14600000000007	5.74600000000009	0	0
12.107	6.45399999999995	10.816	0	0
11.7660000000001	6.55899999999997	11.048	0	0
11.4569999999999	4.03200000000004	11.0409999999997	0	0
12.98	6.85000000000014	11.4520000000002	0	0
12.5419999999999	6.21199999999999	11.75	0	0
11.9410000000003	6.29299999999989	10.7559999999999	0	0
5.875	2.01900000000001	5.17399999999998	0	0
12.884	6.21600000000012	11.3610000000003	0	0
11.7280000000001	6.66099999999983	10.6510000000003	0	0
11.3910000000001	5.90499999999997	9.99400000000014	0	0
12.5880000000002	7.45100000000002	11.2809999999999	0	0
11.9740000000002	6.67900000000009	10.681	0	0
12.3140000000003	5.53099999999995	11.6079999999997	0	0
13.4180000000001	6.98299999999995	12.163	0	0
11.5479999999998	6.36899999999991	10.8340000000003	0	0
14.2350000000001	8.15599999999995	12.1839999999997	0	0
13.0639999999999	6.29500000000007	11.6880000000001	0	0
13.665	9.07500000000005	11.6330000000003	0	0
12.5700000000002	6.42599999999993	11.6599999999999	0	0
5.48599999999988	1.92699999999991	5.55200000000013	0	0
12.4459999999999	8.29200000000014	11.3400000000001	0	0
13.5549999999998	6.93399999999997	12.0330000000004	0	0
13.297	5.875	12.21	0	0
5.88299999999981	1.70999999999981	5.35799999999972	0	0
11.4009999999998	4.9820000000002	10.2180000000003	0	0
12.7860000000001	7.846	11.712	0	0
11.4859999999999	5.83699999999999	11.2039999999997	0	0
12.5989999999997	5.452	11.5589999999997	0	0
12.6379999999999	6.24099999999999	11.5509999999999	0	0
5.94900000000007	2.28199999999993	5.42799999999988	0	0
12.4860000000003	5.04999999999995	11.5650000000001	0	0
11.2570000000001	5.64999999999986	10.2660000000001	0	0
5.5029999999997	1.86599999999999	5.04700000000003	0	0
5.77800000000025	1.32900000000018	5.34099999999989	0	0
11.9959999999996	5.577	11.1859999999997	0	0
6.15099999999984	1.93299999999999	5.71199999999999	0	0
5.58399999999983	2.17399999999998	5.38400000000001	0	0
11.5039999999999	5.38100000000009	10.3760000000002	0	0
12.6500000000001	10.1700000000001	11.3709999999996	0	0
13.0450000000001	7.33600000000001	12.04	0	0
6.67900000000009	3.13000000000011	5.69800000000032	0	0
11.1170000000002	5.37200000000007	10.4210000000003	0	0
12.9230000000002	6.86500000000001	11.3779999999997	0	0
12.9960000000001	5.55999999999995	11.8650000000002	0	0
10.9309999999996	4.35900000000015	10.4849999999997	0	0
14.8209999999999	8.08799999999997	13.7739999999999	0	0
13.335	6.86799999999994	11.2800000000002	0	0
13.4790000000003	7.84400000000005	11.3809999999999	0	0
12.1329999999998	5.55200000000013	11.5250000000001	0	0
11.1490000000003	4.827	10.837	0	0
12.5279999999998	8.32399999999984	11.3650000000002	0	0
12.5459999999998	6.06799999999998	11.373	0	0
13.623	7.94499999999994	11.9259999999999	0	0
12.5639999999999	7.37999999999988	11.6979999999999	0	0
13.5140000000001	8.37000000000012	12.1169999999997	0	0
12.5740000000001	5.04600000000005	11.8480000000004	0	0
12.5970000000002	6.98699999999985	11.509	0	0
5.85399999999981	1.98900000000003	5.21699999999964	0	0
12.1860000000001	5.72900000000004	11.5360000000001	0	0
5.46900000000005	1.36699999999996	5.62099999999964	0	0
5.75300000000016	1.4559999999999	5.19700000000012	0	0
11.864	5.56499999999983	11.4119999999998	0	0
10.8519999999999	4.33799999999997	10.7950000000001	0	0
5.73199999999997	1.46000000000004	5.20699999999988	0	0
11.933	5.63200000000006	10.5460000000003	0	0
12.7529999999997	5.93499999999995	11.8780000000002	0	0
12.183	6.57799999999997	10.8319999999999	0	0
12.0009999999997	5.45800000000008	10.8179999999998	0	0
6.24099999999999	3.08199999999988	5.44600000000037	0	0
12.8849999999998	4.21000000000004	12.0920000000001	0	0
13.0740000000001	5.67200000000003	11.7969999999996	0	0
12.6309999999999	5.81299999999987	11.8069999999998	0	0
12.8800000000001	7.98700000000008	11.4059999999999	0	0
5.54399999999987	2.29899999999998	4.90499999999975	0	0
12.7710000000002	6.20699999999988	11.7279999999996	0	0
12.3739999999998	5.77800000000002	11.1240000000003	0	0
11.6440000000002	4.74099999999999	10.3270000000002	0	0
12.4450000000006	5.45100000000002	12.1179999999999	0	0
13.9340000000002	8.57599999999979	12.127	0	0
12.4939999999997	6.77600000000007	11.2129999999997	0	0
5.56500000000051	1.85799999999995	5.02399999999989	0	0
13.7950000000001	6.44800000000009	13.0879999999997	0	0
11.7670000000007	4.66799999999989	10.5520000000001	0	0
12.3970000000008	7.25499999999988	10.8720000000003	0	0
11.9740000000002	6.90900000000011	11.0630000000001	0	0
12.5450000000001	4.99200000000019	11.3839999999996	0	0
12.4130000000005	5.60200000000009	11.1579999999999	0	0
11.7550000000001	6.92100000000028	10.8800000000001	0	0
13.3209999999999	7.35500000000002	11.73	0	0
6.23700000000008	3.13200000000006	5.25800000000072	0	0
12.2669999999998	5.90499999999975	10.9979999999996	0	0
12.259	6.44900000000007	11.2359999999999	0	0
12.7219999999998	9.15900000000011	11.125	0	0
12.8490000000002	6.83699999999999	11.2180000000008	0	0
12.8969999999999	6.73099999999977	11.5689999999995	0	0
12.8029999999999	6.09699999999975	11.8320000000003	0	0
5.34600000000046	0.994000000000142	5.03200000000015	0	0
12.5240000000003	5.61000000000013	11.4629999999997	0	0
11.9230000000007	7.08699999999999	10.6020000000008	0	0
12.1990000000005	7.02999999999975	10.9430000000002	0	0
13.3590000000004	8.28399999999965	11.9890000000005	0	0
5.6230000000005	1.35900000000038	5.13600000000042	0	0
6.21600000000035	2.56400000000031	5.82800000000043	0	0
5.68099999999959	2.24299999999994	5.22900000000027	0	0
5.87299999999959	1.4340000000002	5.30199999999968	0	0
11.8330000000005	5.72899999999981	11.134	0	0
12.7280000000001	5.82700000000023	11.616	0	0
11.9760000000006	5.47200000000021	11.7469999999994	0	0
11.0060000000003	5.79100000000017	10.2029999999995	0	0
13.0569999999998	7.45499999999993	11.1610000000001	0	0
5.69999999999982	2.45000000000027	5.22599999999966	0	0
6.84700000000066	3.35600000000022	6.14300000000003	0	0
12.6750000000002	7.625	11.3960000000006	0	0
13.3800000000001	6.21299999999974	12.5640000000003	0	0
5.57100000000082	1.79599999999982	4.94599999999991	0	0
11.9570000000003	5.6579999999999	10.3239999999996	0	0
13.3950000000004	5.70000000000027	12.5069999999996	0	0
13.0259999999998	7.38299999999981	11.634	0	0
11.7150000000001	5.029	10.3530000000001	0	0
13.4449999999997	6.52199999999993	12.2370000000001	0	0
13.2299999999996	6.57600000000002	11.9209999999994	0	0
11.3459999999995	5.096	11.2729999999992	0	0
12.9560000000001	7.85199999999986	11.183	0	0
11.1859999999997	4.05300000000034	10.6139999999996	0	0
12.4070000000002	6.28900000000021	11.3869999999997	0	0
12.9399999999996	6.05299999999988	11.3850000000002	0	0
12.2250000000004	6.10899999999992	11.2800000000007	0	0
5.61999999999989	1.19800000000032	5.50799999999981	0	0
12.3469999999998	5.58299999999963	11.6349999999993	0	0
11.8630000000003	5.33599999999979	10.8130000000001	0	0
13.9080000000004	8.14300000000003	12.5649999999996	0	0
12.808	7.52599999999984	11.4340000000002	0	0
11.8330000000005	7.03999999999996	10.8369999999995	0	0
11.7420000000002	5.60300000000007	11.2049999999999	0	0
6.37299999999959	3.37400000000025	5.53499999999985	0	0
12.9939999999997	8.17699999999968	11.2069999999994	0	0
5.93299999999999	3.06700000000001	5.51199999999972	0	0
12.1700000000001	6.12800000000016	11.0150000000003	0	0
11.4809999999998	4.42799999999988	10.7059999999992	0	0
14.2649999999994	8.01899999999978	12.7179999999998	0	0
12.9310000000005	7.90999999999985	11.2709999999997	0	0
12.2060000000001	4.93600000000015	11.4950000000008	0	0
13.1930000000002	5.72600000000011	11.8809999999994	0	0
11.7879999999996	4.70100000000002	11.5229999999992	0	0
12.567	6.36200000000008	11.2759999999998	0	0
12.1490000000003	5.69299999999976	11.5060000000003	0	0
6.10199999999986	2.85000000000036	5.82099999999991	0	0
12.9449999999997	7.07399999999961	11.4849999999997	0	0
12.4350000000004	6.40900000000011	11.674	0	0
12.1509999999998	6.3420000000001	11.616	0	0
11.8429999999998	6.03400000000011	11.6120000000001	0	0
12.277	7.58199999999988	10.9369999999999	0	0
13.1230000000005	7.73900000000003	11.2460000000001	0	0
14.2850000000008	7.40000000000009	13.2619999999997	0	0
5.81600000000071	1.77199999999993	5.31700000000001	0	0
13.5530000000008	7.05100000000039	11.7609999999995	0	0
12.5020000000004	5.06899999999996	11.4609999999993	0	0
11.0430000000006	5.46599999999989	10.4650000000001	0	0
11.8099999999995	5.24000000000024	10.424	0	0
6.57200000000012	2.625	5.89500000000044	0	0
13.5709999999999	7.88100000000031	12.1660000000002	0	0
5.55000000000018	1.38200000000006	5.59900000000016	0	0
13.067	7.51299999999992	11.8280000000004	0	0
6.22299999999996	2.74800000000005	5.36399999999958	0	0
6.17600000000039	2.78699999999981	5.51499999999942	0	0
10.9700000000003	3.30399999999963	10.8950000000004	0	0
12.4669999999996	6.13099999999986	11.7930000000006	0	0
11.5240000000003	5.8739999999998	10.6909999999998	0	0
12.2120000000004	5.60300000000007	11.0239999999994	0	0
13.2970000000005	7.47200000000021	11.4570000000003	0	0
11.8010000000004	4.38400000000001	10.5149999999994	0	0
12.8239999999996	5.99600000000009	11.4449999999997	0	0
13.2669999999998	7.67200000000003	11.3000000000002	0	0
11.7650000000003	5.88499999999976	11.4650000000001	0	0
13.192	6.36000000000013	11.4790000000003	0	0
12.3200000000006	6.73499999999967	11	0	0
5.18100000000049	1.55999999999995	5.07600000000002	0	0
12.4899999999998	6.10400000000027	11.0020000000004	0	0
12.9140000000007	7.25600000000031	11.4520000000002	0	0
12.585	6.90900000000011	11.2200000000003	0	0
12.2490000000007	6.94000000000005	11.1559999999999	0	0
12.5690000000004	6.79300000000012	11.6579999999994	0	0
6.38199999999961	3.28499999999985	5.73099999999977	0	0
11.2800000000007	4.13400000000001	10.4939999999997	0	0
12.8469999999998	5.82899999999972	12.0609999999997	0	0
11.3150000000005	4.80000000000018	10.5940000000001	0	0
11.027	5.25599999999986	10.46	0	0
13.0610000000006	6.91300000000001	11.4840000000004	0	0
14.1009999999997	5.96599999999989	12.7359999999999	0	0
5.14400000000023	2.08199999999988	5.16399999999976	0	0
13.4629999999997	6.87800000000016	11.924	0	0
13.6610000000001	8.14400000000023	12.1269999999995	0	0
12.7640000000001	6.38000000000011	11.9560000000001	0	0
13.0339999999997	6.57099999999991	11.7430000000004	0	0
12.7280000000001	5.06600000000026	12.2930000000006	0	0
14.0589999999993	8.08699999999999	12.2460000000001	0	0
13.2809999999999	6.36900000000014	11.4989999999998	0	0
12.067	6.83199999999988	10.6670000000004	0	0
5.02299999999923	1.51700000000028	4.74799999999959	0	0
13.3060000000005	7.1550000000002	12.1239999999998	0	0
13.192	6.86400000000003	11.5279999999993	0	0
13.3890000000001	6.90999999999985	11.8679999999995	0	0
11.0690000000004	5.86599999999999	10.2269999999999	0	0
11.7619999999997	5.95599999999968	10.6210000000001	0	0
11.8159999999998	6.80399999999963	10.6180000000004	0	0
12.4099999999999	5.44699999999966	11.5139999999992	0	0
12.7440000000006	7.50700000000006	10.9479999999994	0	0
12.1610000000001	3.94599999999991	11.5069999999996	0	0
12.3670000000002	3.971	12.1769999999997	0	0
5.70499999999993	1.82000000000016	5.55999999999949	0	0
12.482	6.5920000000001	11.942	0	0
12.8119999999999	6.70100000000002	11.3849999999993	0	0
5.90800000000036	1.77999999999975	5.45600000000013	0	0
10.866	5.53699999999981	10.2629999999999	0	0
12.0029999999997	6.4340000000002	10.7560000000003	0	0
12.5429999999997	5.57200000000012	11.5240000000003	0	0
12.0280000000002	5.74099999999999	11.4080000000004	0	0
11.7290000000003	5.49000000000024	10.7510000000002	0	0
12.4070000000002	5.30099999999993	11.3890000000001	0	0
11.5819999999994	5.45800000000008	10.7269999999999	0	0
5.99499999999989	3.64999999999964	5.46799999999985	0	0
6.66399999999976	1.27199999999993	6.71500000000015	0	0
12.4000000000005	6.40700000000015	11.3760000000002	0	0
11.6049999999996	4.46500000000015	10.5830000000005	0	0
12.8459999999995	5.68199999999979	11.8119999999999	0	0
13.451	7.53099999999995	11.375	0	0
13.0589999999993	6.45699999999988	11.7579999999998	0	0
14.6079999999993	6.5329999999999	13.3850000000002	0	0
5.58600000000024	1.33899999999994	5.64799999999923	0	0
11.0420000000004	4.21000000000004	10.732	0	0
12.6350000000002	5.51500000000033	11.3899999999994	0	0
13.6959999999999	7.49299999999994	11.884	0	0
12.3910000000005	6.28499999999985	11.2719999999999	0	0
11.9380000000001	7.57899999999972	10.6269999999995	0	0
12.7119999999995	6.06700000000001	11.6710000000003	0	0
12.5370000000003	5.20800000000008	11.2120000000004	0	0
12.5300000000007	5.21399999999994	10.8280000000004	0	0
11.5169999999998	5.27100000000019	10.2730000000001	0	0
13.253999999999	7.21199999999999	11.8760000000002	0	0
13.2399999999998	5.03099999999995	11.54	0	0
11.9680000000008	5.17599999999993	11.317	0	0
12.0920000000006	5.55499999999984	10.6790000000001	0	0
12.7939999999999	5.26099999999997	11.8249999999998	0	0
12.9050000000007	6.69200000000001	11.6610000000001	0	0
6.50799999999981	4.01299999999992	5.71799999999985	0	0
11.9890000000014	6.28800000000001	11.2760000000007	0	0
5.06400000000031	1.08600000000024	4.85000000000036	0	0
5.97599999999875	2.44200000000001	5.43199999999979	0	0
12.6540000000005	6.38400000000001	11.8630000000003	0	0
5.27399999999943	2.05299999999988	5.26699999999983	0	0
12.3299999999999	6.17299999999977	11.25	0	0
11.8230000000003	4.81399999999985	10.9659999999994	0	0
12.7099999999991	5.48000000000002	11.3209999999999	0	0
12.8680000000004	4.96500000000015	11.8699999999999	0	0
12.2649999999994	5.51699999999983	10.8389999999999	0	0
12.4590000000007	5.13899999999967	11.8910000000005	0	0
12.6710000000003	6.17699999999968	11.79	0	0
6.76699999999983	5.36200000000008	5.28200000000015	0	0
12.1269999999986	5.02600000000029	11.3150000000005	0	0
13.2129999999997	8.55400000000009	11.9459999999999	0	0
12.5110000000004	6.24300000000039	11.223	0	0
12.2559999999994	6.0610000000006	11.1009999999997	0	0
13.1550000000007	6.1840000000002	11.6360000000004	0	0
11.9539999999997	4.16799999999967	10.5720000000001	0	0
5.22999999999956	1.88300000000072	5.16200000000026	0	0
5.35499999999956	2.44899999999961	5.02199999999903	0	0
12.3599999999988	3.60599999999977	11.9379999999983	0	0
11.4920000000002	4.00200000000041	10.9359999999997	0	0
11.7340000000004	4.30500000000029	11.0900000000001	0	0
11.8760000000002	5.95699999999943	11.1320000000014	0	0
13.5360000000001	7.0630000000001	12.5229999999992	0	0
12.1570000000011	5.66600000000017	11.0769999999993	0	0
12.494999999999	5.82699999999932	11.25	0	0
11.8630000000012	4.81500000000051	11.023000000001	0	0
12.1759999999995	4.6309999999994	11.0749999999989	0	0
13.1940000000013	7.39999999999964	11.3239999999987	0	0
11.3979999999992	4.77500000000055	10.7060000000001	0	0
13.7919999999995	6.69499999999971	12.3680000000004	0	0
13.2970000000005	4.50900000000001	11.9760000000006	0	0
12.7540000000008	7.11999999999989	11.5190000000002	0	0
12.0869999999995	5.94800000000032	11.0280000000002	0	0
6.09400000000096	2.60399999999936	5.48799999999937	0	0
5.79199999999946	1.11200000000008	5.39099999999962	0	0
12.3279999999995	5.26100000000042	10.9300000000003	0	0
12.5390000000007	6.26800000000003	11.1119999999992	0	0
6.78399999999965	3.77800000000025	5.89400000000023	0	0
11.2399999999998	5.92100000000028	10.268	0	0
5.4890000000014	1.67699999999968	5.32099999999991	0	0
13.4429999999993	7.07600000000002	11.7950000000001	0	0
12.0479999999989	6.39699999999993	11.268	0	0
12.259	5.625	10.773000000001	0	0
11.4380000000001	5.49299999999948	10.1810000000005	0	0
5.96799999999894	1.78799999999956	5.42399999999907	0	0
13.3250000000007	4.9970000000003	11.5819999999985	0	0
11.2429999999986	4.71199999999953	10.6959999999999	0	0
11.9260000000013	6.27800000000025	11.2519999999986	0	0
12.1090000000004	5.93199999999979	11.3959999999988	0	0
12.994999999999	5.91600000000017	11.8410000000003	0	0
12.0810000000001	6.21599999999944	11.7119999999995	0	0
5.46999999999935	2.59100000000035	4.9369999999999	0	0
12.3739999999998	7.64099999999962	10.4940000000006	0	0
10.7710000000006	3.17699999999968	10.5280000000002	0	0
11.5410000000011	4.13299999999981	11.3250000000007	0	0
11.1000000000004	4.93599999999969	10.3720000000012	0	0
12.2839999999997	4.84500000000025	11.4239999999991	0	0
13.264000000001	6.53199999999924	11.9400000000005	0	0
12.7919999999995	7.21700000000055	11.1140000000014	0	0
12.2399999999998	6.10000000000036	10.9279999999999	0	0
13.7430000000004	5.64199999999983	12.4560000000001	0	0
12.1639999999989	6.86299999999937	11.6470000000008	0	0
12.625	5.44200000000001	11.7109999999993	0	0
11.6450000000004	6.26199999999972	10.3430000000008	0	0
12.6829999999991	6.26300000000083	11.4339999999993	0	0
12.0969999999998	5.625	11.0079999999998	0	0
12.7819999999992	7.33100000000013	11.4529999999995	0	0
5.28399999999965	1.78899999999976	5.08300000000054	0	0
12.0630000000001	6.10200000000077	12.0170000000016	0	0
6.14499999999862	2.24099999999999	5.89099999999962	0	0
11.1599999999999	3.69700000000012	10.3140000000003	0	0
11.8279999999995	5.03200000000015	11.7180000000008	0	0
12.8670000000002	6.54099999999926	11.9639999999999	0	0
11.7029999999995	6.88699999999972	10.8199999999997	0	0
5.86499999999978	1.98300000000017	5.58799999999974	0	0
12.4689999999991	6.32200000000012	10.8179999999993	0	0
12.5509999999995	5.2470000000003	11.5550000000003	0	0
11.5	5.49200000000019	10.9290000000001	0	0
13.625	9.82899999999972	11.6310000000012	0	0
12.2400000000016	4.83700000000044	11.2389999999996	0	0
5.59100000000035	1.64600000000064	5.10800000000017	0	0
12.0869999999995	6.52499999999964	11.1499999999996	0	0
13.0400000000009	6.73999999999978	11.5939999999991	0	0
12.8520000000008	6.40599999999995	12.0450000000001	0	0
12.8940000000002	6.28999999999996	11.7299999999996	0	0
11.9410000000007	7.06700000000001	11.0879999999997	0	0
13.398000000001	7.71399999999994	12.4049999999988	0	0
12.7600000000002	6.64100000000053	10.9009999999998	0	0
12.0990000000002	5.32900000000063	11.0579999999991	0	0
12.1650000000009	4.93299999999999	11.7019999999993	0	0
12.848	6.16899999999987	11.5640000000003	0	0
6.04299999999967	2.14600000000064	6.15599999999904	0	0
11.880000000001	6.39000000000033	10.9210000000003	0	0
12.4189999999999	6.99600000000009	10.9840000000004	0	0
14.5789999999997	8.40699999999924	13.1029999999992	0	0
13.393	6.27199999999993	12.0220000000008	0	0
11.7970000000005	5.64699999999993	10.6409999999996	0	0
11.7559999999994	5.73800000000028	11.5139999999992	0	0
12.7070000000003	6.74499999999989	11.4880000000012	0	0
12.8649999999998	6.55299999999988	11.8909999999996	0	0
10.8670000000002	5.51599999999962	10.0599999999995	0	0
12.5380000000005	5.6860000000006	12.009	0	0
12.8299999999999	6.9409999999998	11.5839999999989	0	0
13.4359999999997	6.19300000000021	11.75	0	0
12.4699999999993	6.74399999999969	11.2340000000004	0	0
13.228000000001	6.20600000000013	12.0229999999992	0	0
13.4989999999998	7.53000000000065	11.8639999999996	0	0
11.5460000000003	6.61599999999999	10.6810000000005	0	0
13.2199999999993	6.77100000000064	12.1919999999991	0	0
12.7649999999994	5.60099999999966	11.0290000000005	0	0
12.5399999999991	5.74600000000009	11.3080000000009	0	0
12.3019999999997	6.17299999999977	11.3629999999994	0	0
11.5619999999999	6.40099999999984	10.9179999999997	0	0
13.5320000000011	6.625	12.1569999999992	0	0
12.1550000000007	5.88500000000022	10.862000000001	0	0
12.1630000000005	6.83600000000024	11.0100000000002	0	0
13.1279999999988	8.2510000000002	11.3040000000001	0	0
12.3379999999997	6.73300000000017	11.0210000000006	0	0
12.4419999999991	6.53499999999985	12.0429999999997	0	0
13.610999999999	6.51200000000063	12.7790000000005	0	0
12.7199999999993	5.26200000000063	11.9159999999993	0	0
13.4630000000016	7.46100000000024	11.9490000000005	0	0
12.9120000000003	8.78499999999985	11.4679999999989	0	0
13.5190000000002	6.38800000000083	11.741	0	0
6.1190000000006	2.56999999999971	5.32600000000093	0	0
13.0259999999998	6.02700000000004	11.6449999999986	0	0
14.0519999999997	6.01099999999951	12.2989999999991	0	0
13.3040000000001	6.58300000000054	11.3469999999998	0	0
12.7670000000016	7.47199999999975	10.9600000000009	0	0
12.0969999999998	5.57800000000043	11.1810000000005	0	0
13.0059999999994	7.01599999999962	11.6929999999993	0	0
5.53800000000047	1.31400000000031	5.39899999999943	0	0
12.7180000000008	6.92600000000039	10.6509999999998	0	0
5.14199999999983	1.30000000000018	5.18100000000049	0	0
12.723	5.80199999999968	11.5450000000001	0	0
13.9969999999994	7.80000000000018	12.4179999999997	0	0
12.1509999999998	7.63899999999921	10.7260000000006	0	0
6.25900000000001	1.69700000000012	5.86299999999937	0	0
12.0830000000005	5.60300000000007	11.0300000000007	0	0
12.773000000001	6.89100000000053	11.2340000000004	0	0
12.3299999999999	5.31999999999971	12.0349999999999	0	0
12.5799999999999	6.55799999999999	11.4950000000008	0	0
11.991	5.53099999999995	11.1700000000001	0	0
5.85200000000077	1.77000000000044	5.25799999999981	0	0
13.6219999999994	8.65099999999984	11.4400000000005	0	0
11.8410000000003	4.97800000000007	10.9560000000001	0	0
13.125	6.41600000000017	11.4939999999988	0	0
12.4260000000013	6.30200000000059	11.125	0	0
13.4459999999999	6.90899999999965	11.9959999999992	0	0
12.1029999999992	6.72900000000027	10.7729999999992	0	0
11.9590000000007	5.47600000000057	11.0770000000011	0	0
13.5640000000003	7.14399999999932	12.4850000000006	0	0
5.92000000000007	2.70799999999963	5.31099999999969	0	0
11.9389999999985	5.84900000000016	10.9150000000009	0	0
12.6869999999999	7.29299999999967	11.6849999999995	0	0
6	2.73700000000008	5.38700000000063	0	0
6.13199999999961	2.54500000000007	5.31099999999969	0	0
11.7150000000001	5.57300000000032	11.2780000000002	0	0
13.8130000000001	7.17599999999948	11.8760000000002	0	0
13.0059999999994	6.98800000000028	11.5339999999997	0	0
12.6580000000013	5.40500000000065	11.8950000000004	0	0
13.1319999999996	6.13499999999931	12.6859999999997	0	0
13.4670000000006	6.97099999999955	11.5789999999997	0	0
13.518	7.69100000000071	12.0779999999995	0	0
12.5409999999993	6.11999999999989	11.6869999999999	0	0
4.9890000000014	1.07200000000012	4.8799999999992	0	0
13.3630000000012	6.95199999999932	11.7019999999993	0	0
11.753999999999	5.60900000000038	11.2470000000012	0	0
12.0339999999997	7.71399999999994	10.6280000000006	0	0
12.982	7.46200000000044	10.9569999999985	0	0
5.86899999999878	2.66100000000006	5.58099999999831	0	0
12.6839999999993	7.94800000000032	12.2110000000011	0	0
13.7430000000004	5.83200000000033	12.4000000000015	0	0
12.3179999999993	7.48599999999988	10.9560000000001	0	0
11.6039999999994	5.5619999999999	11.380000000001	0	0
11.8899999999994	5.22900000000027	10.5529999999999	0	0
5.0679999999993	1.34499999999935	4.97199999999975	0	0
12.2199999999993	4.85199999999986	11.2849999999999	0	0
12.0450000000001	5.04300000000057	10.7520000000004	0	0
12.4750000000004	5.63600000000042	11.3359999999993	0	0
11.6530000000002	5.5639999999994	10.8880000000008	0	0
10.5730000000003	4.50399999999991	9.85200000000077	0	0
12.0259999999998	6.19500000000062	11.2959999999985	0	0
11.6370000000006	4.86399999999958	10.8320000000003	0	0
5.49699999999939	1.53999999999996	5.27300000000105	0	0
5.55099999999948	1.14900000000034	5.2510000000002	0	0
11.2699999999986	6.05699999999979	10.9240000000009	0	0
12.3199999999997	4.72699999999986	11.607	0	0
13.4030000000002	8.70000000000073	11.5509999999995	0	0
12.8760000000002	6.8179999999993	11.5429999999997	0	0
13.6569999999992	6.86800000000039	12.146999999999	0	0
11.8819999999996	5.89500000000044	10.8149999999987	0	0
5.8760000000002	2.40399999999954	5.24300000000039	0	0
12.6060000000016	5.98799999999937	11.0799999999999	0	0
5.72600000000057	2.02899999999954	5.28099999999904	0	0
12.5299999999988	7.82200000000012	10.8270000000011	0	0
12.0509999999995	6.48399999999947	10.5759999999991	0	0
11.8600000000006	5.18599999999969	11.4580000000005	0	0
11.5860000000011	4.61700000000019	10.3940000000002	0	0
13.6440000000002	7.60800000000017	12.0660000000007	0	0
12.398000000001	6.77100000000064	11.4740000000002	0	0
6.3700000000008	1.83299999999963	5.82700000000114	0	0
13.3820000000014	6.17200000000048	12.1910000000007	0	0
5.92599999999948	2.2440000000006	5.22199999999975	0	0
11.2240000000002	4.63300000000072	10.7039999999997	0	0
13.0420000000013	5.55200000000059	11.9509999999991	0	0
12.1550000000007	6.32500000000073	10.7450000000008	0	0
5.44099999999889	0.988000000000284	5.42699999999968	0	0
6.13600000000042	2.38400000000001	5.73099999999977	0	0
12.2160000000003	7.41500000000087	10.6649999999991	0	0
13.2929999999997	7.59100000000035	11.7019999999993	0	0
12.6330000000016	6.86499999999978	11.0750000000007	0	0
13.860999999999	8.7489999999998	12.1200000000008	0	0
12.7609999999986	6.36700000000019	11.5550000000003	0	0
5.78100000000086	1.69900000000052	5.23500000000058	0	0
6.13400000000001	2.6220000000003	5.39400000000023	0	0
5.95999999999913	2.01800000000003	5.68299999999908	0	0
12.1020000000008	7.07200000000012	10.6170000000002	0	0
12.4219999999987	7.08299999999963	10.9430000000011	0	0
12.4150000000009	5.84299999999985	11.4809999999998	0	0
12.1990000000005	6.76199999999972	10.7549999999992	0	0
12.1000000000004	5.23999999999978	11.273000000001	0	0
5.64999999999964	1.44999999999982	5.20499999999993	0	0
5.71000000000095	1.91599999999926	5.47800000000097	0	0
5.57800000000134	2.04100000000017	5.27000000000044	0	0
11.8529999999992	5.36000000000058	10.4660000000003	0	0
11.7689999999984	4.97599999999966	10.7039999999997	0	0
14.030999999999	6.58699999999953	12.4660000000003	0	0
12.2899999999991	5.34000000000015	11.1110000000008	0	0
11.8310000000001	4.06400000000031	11.2600000000002	0	0
11.2220000000016	4.88500000000022	10.4539999999997	0	0
13.4300000000003	6.3100000000004	12.3549999999996	0	0
12.4300000000003	4.67399999999998	11.5889999999999	0	0
10.6899999999987	4.1279999999997	10.0889999999999	0	0
11.7360000000008	3.92099999999937	10.9510000000009	0	0
12.360999999999	5.51699999999983	10.8869999999988	0	0
13.4360000000015	5.48300000000017	12.3770000000004	0	0
11.5939999999991	6.84000000000015	10.9809999999998	0	0
11.9850000000006	4.47499999999945	11.0720000000001	0	0
12.6689999999999	3.51299999999992	11.4269999999997	0	0
11.848	4.96300000000065	11.3639999999996	0	0
12.7620000000006	5.00399999999991	12.1760000000013	0	0
11.264000000001	5.125	10.8410000000003	0	0
11.869999999999	6.60999999999967	10.9540000000015	0	0
12.6169999999984	6.38600000000042	11.6500000000015	0	0
12.7789999999986	6.5010000000002	11.4740000000002	0	0
12.4670000000006	5.98300000000017	11.3409999999985	0	0
11.6329999999998	3.6850000000004	10.5540000000001	0	0
5.47700000000077	1.55699999999979	5.23700000000099	0	0
6.29199999999946	1.50200000000041	5.63899999999921	0	0
6.04999999999927	2.89900000000034	5.44800000000032	0	0
11.6920000000009	4.56899999999951	10.7940000000017	0	0
12.2759999999998	6.70399999999972	11.2089999999989	0	0
13.1720000000005	3.28600000000006	12.5650000000005	0	0
12.7060000000001	5.03499999999985	11.8870000000006	0	0
11.6239999999998	3.86300000000028	10.8909999999996	0	0
12.3240000000005	6.20700000000033	11.2609999999986	0	0
12.4979999999996	5.66899999999987	11.6720000000005	0	0
12.2070000000003	4.54700000000048	11.4510000000009	0	0
6.48600000000079	1.65599999999995	6.17199999999866	0	0
12.7440000000006	5.89199999999983	11.8919999999998	0	0
11.7000000000007	4.09699999999975	10.9310000000005	0	0
6.20300000000134	2.25900000000001	5.62299999999959	0	0
12.4879999999994	7.22699999999986	11.3629999999994	0	0
13.9929999999986	7.49099999999999	12.6700000000001	0	0
11.7669999999998	4.93299999999999	10.8630000000012	0	0
12.4989999999998	6.52199999999993	11.4809999999998	0	0
12.9069999999992	6.27700000000004	11.6499999999996	0	0
5.55699999999888	1.34099999999944	5.25	0	0
5.64700000000084	2.13299999999981	5.37299999999959	0	0
13.1710000000003	6.07600000000002	11.9140000000007	0	0
12.7060000000001	6.46700000000055	11.7459999999992	0	0
12.7020000000011	4.97100000000046	11.8299999999999	0	0
6.21099999999933	0.922999999999774	5.90799999999945	0	0
12.4549999999999	6.72699999999986	11.4629999999997	0	0
11.5330000000013	5.15200000000004	10.3880000000008	0	0
5.98600000000079	1.08699999999953	5.61199999999917	0	0
11.5830000000005	5.51099999999951	10.5370000000003	0	0
11.2570000000014	4.97200000000066	10.7399999999998	0	0
12.7700000000004	4.76199999999972	12.0690000000013	0	0
6.26800000000003	1.9360000000006	5.64099999999962	0	0
13.2219999999998	5.84699999999975	12.6710000000003	0	0
5.19000000000051	1.06700000000001	4.84200000000055	0	0
11.9839999999986	5.57099999999991	10.5920000000006	0	0
13.2160000000003	4.90799999999945	12.1569999999992	0	0
12.6329999999998	6.58899999999994	12.0470000000005	0	0
11.8379999999997	4.25900000000001	11.1540000000005	0	0
12.8329999999987	5.51299999999992	11.9509999999991	0	0
11.5419999999995	3.98900000000049	11.021999999999	0	0
6.44400000000132	2.4380000000001	6.18399999999929	0	0
5.60699999999997	1.71000000000004	5.47999999999956	0	0
6.57300000000032	2.58399999999983	5.88799999999901	0	0
5.1830000000009	0.932999999999993	4.85399999999936	0	0
12.1329999999998	5.09400000000005	11.2020000000011	0	0
5.66799999999967	1.27700000000004	5.37299999999959	0	0
13.0450000000001	5.57499999999982	12.0079999999998	0	0
13.4750000000004	7.67500000000018	11.9680000000008	0	0
13.4799999999996	6.08700000000044	12.6839999999993	0	0
11.1660000000011	4.48300000000017	10.2860000000001	0	0
5.59700000000157	1.63500000000022	5.22699999999895	0	0
11.601999999999	4.8720000000003	10.8360000000011	0	0
11.7469999999994	5.58299999999963	11.3970000000008	0	0
12.2549999999974	6.36799999999948	10.9070000000011	0	0
12.4019999999982	6.27500000000055	11.4080000000013	0	0
5.67699999999968	1.17399999999998	5.29599999999846	0	0
12.9730000000018	4.85800000000017	11.8639999999996	0	0
12.6210000000028	5.76100000000042	11.7710000000006	0	0
6.14200000000346	1.69300000000021	5.54900000000089	0	0
5.43700000000172	1.46399999999994	5.26199999999881	0	0
11.8450000000012	5.01099999999951	11.2379999999994	0	0
13.0400000000009	4.22800000000007	12.3889999999992	0	0
13.0740000000005	7.15900000000056	11.9600000000009	0	0
12.1919999999991	5.1909999999998	11.1849999999995	0	0
13.127999999997	6.82300000000032	11.7559999999994	0	0
11.732	4.10200000000077	10.9430000000011	0	0
5.08099999999831	1.46900000000005	5.34600000000137	0	0
12.1239999999998	5.8720000000003	11.1970000000001	0	0
13.0319999999992	8.30100000000039	11.259	0	0
12.768	5.40300000000025	11.9950000000008	0	0
12.2359999999971	5.34599999999955	11.3829999999998	0	0
13.2690000000002	6.40999999999985	12.003999999999	0	0
5.75400000000081	1.44200000000001	5.68000000000029	0	0
11.9940000000024	6.44699999999921	10.5709999999999	0	0
12.1930000000029	4.65099999999984	12.1569999999992	0	0
12.7849999999999	6.73999999999978	11.4670000000006	0	0
13.398000000001	6.74300000000039	11.848	0	0
11.961000000003	5.21999999999935	11.2300000000014	0	0
5.32200000000012	1.78399999999965	4.93199999999888	0	0
5.38699999999881	1.39300000000003	5.08100000000013	0	0
5.27700000000186	1.3720000000003	5.27199999999903	0	0
12.5169999999998	6.09499999999935	11.7090000000007	0	0
5.61000000000058	3.1260000000002	5.49300000000039	0	0
12.3080000000009	5.67199999999957	11.5429999999997	0	0
12.0839999999989	6.33800000000065	11.3320000000003	0	0
14.0380000000005	7.61499999999978	12.3269999999993	0	0
12.0060000000012	4.44400000000041	11.3320000000003	0	0
5.58099999999831	2.09299999999985	5.45299999999952	0	0
12.518	4.86400000000049	11.5810000000001	0	0
11.6970000000001	4.48199999999997	10.6409999999996	0	0
13.2180000000008	7.22299999999996	11.8899999999994	0	0
5.62199999999939	2.34900000000016	4.98899999999958	0	0
5.40699999999924	2.5630000000001	5.15200000000004	0	0
5.16700000000128	2.82200000000012	4.83899999999994	0	0
12.5370000000003	5.5	11.7100000000009	0	0
12.8900000000031	5.34699999999975	12.0020000000004	0	0
12.4079999999994	5.88600000000042	11.4089999999997	0	0
11.762999999999	5.36300000000028	10.5739999999987	0	0
12.6140000000014	6.94200000000001	11.4300000000003	0	0
5.6160000000018	1.98000000000047	5.18299999999908	0	0
11.7570000000014	6.3739999999998	11.2780000000002	0	0
12.1970000000001	5	11.4689999999991	0	0
13.1970000000001	7.08299999999963	11.527	0	0
11.6919999999991	6.75200000000041	10.4840000000004	0	0
11.9869999999974	5.41199999999935	11.7309999999998	0	0
11.8410000000003	5.36399999999958	11.3330000000005	0	0
12.0279999999984	5.04399999999987	11.6849999999995	0	0
11.6409999999996	4.95300000000043	11.0549999999985	0	0
6.34000000000015	2.8119999999999	5.88099999999758	0	0
11.0839999999989	5.07499999999982	10.2030000000013	0	0
6.03999999999724	1.86999999999989	6.04100000000108	0	0
13.3499999999985	7.24200000000019	12.4279999999999	0	0
12.1500000000015	6.6869999999999	11.4020000000019	0	0
12.4130000000005	5.13999999999942	11.8880000000026	0	0
12.1579999999994	5.43099999999959	11.367000000002	0	0
11.4900000000016	5.45600000000013	10.1169999999984	0	0
7.2489999999998	2.3070000000007	6.52800000000207	0	0
5.81200000000172	1.58500000000004	5.58499999999913	0	0
11.8089999999975	5.85000000000036	10.4449999999997	0	0
11.663999999997	5.97199999999975	11.148000000001	0	0
11.8009999999995	5.68299999999908	10.6579999999994	0	0
12.4120000000003	5.51499999999942	10.8449999999975	0	0
12.3940000000002	7.70100000000093	11.107	0	0
12.114999999998	5.67100000000028	10.3859999999986	0	0
12.101999999999	5.54600000000028	10.8410000000003	0	0
12.4160000000011	5.74199999999837	11.2909999999974	0	0
12.1280000000006	5.23999999999978	10.9729999999981	0	0
12.7540000000008	6.99199999999837	11.4549999999981	0	0
13.369999999999	8.0570000000007	11.7259999999987	0	0
12.9470000000001	7.20399999999972	12.0409999999974	0	0
12.5769999999975	5.46900000000096	12.1899999999987	0	0
13.0709999999999	6.80000000000109	11.518	0	0
5.83500000000276	2.35000000000036	5.43399999999747	0	0
5.83199999999852	2.26800000000003	6.18699999999808	0	0
6.02000000000044	1.20900000000074	5.59600000000137	0	0
12.4380000000019	5.70499999999993	11.0669999999991	0	0
5.38000000000102	1.25900000000001	4.88799999999901	0	0
12.5540000000001	5.83999999999833	11.7050000000017	0	0
5.50700000000143	1.04600000000028	5.46099999999933	0	0
5.81899999999951	2.21299999999974	5.42599999999948	0	0
12.5200000000004	5.00299999999879	11.3460000000014	0	0
12.3950000000004	5.32099999999991	11.3719999999994	0	0
12.2170000000006	6.26499999999942	11.1130000000012	0	0
13.8630000000012	5.96000000000095	12.4080000000031	0	0
12.3329999999987	4.64700000000084	11.8310000000019	0	0
5.27700000000186	1.32300000000032	5.35100000000239	0	0
6.11499999999796	1.45000000000073	5.76299999999901	0	0
6.24300000000221	3.03800000000047	5.7489999999998	0	0
11.0730000000003	5.47099999999955	10.2900000000009	0	0
11.7119999999995	5.54299999999967	10.4310000000005	0	0
13.025999999998	7.35699999999997	11.5430000000015	0	0
12.7910000000011	7.06500000000051	11.5550000000003	0	0
5.73800000000119	2.32999999999993	5.6339999999982	0	0
11.6349999999984	5.04099999999926	11.1549999999988	0	0
13.2180000000008	6.42100000000028	12.2389999999978	0	0
13.1369999999988	6.53800000000047	11.3169999999991	0	0
11.905999999999	5.73099999999977	11.494999999999	0	0
5.92399999999907	2.24599999999919	5.39800000000105	0	0
13.4910000000018	7.32300000000032	11.893	0	0
11.5640000000021	6.61499999999978	10.226999999999	0	0
12.1359999999986	6.28800000000047	11.7289999999994	0	0
12.0060000000012	5.65299999999843	11.0489999999991	0	0
13.3270000000011	8.05400000000009	11.6919999999991	0	0
12.6049999999996	5.69700000000012	11.0529999999999	0	0
13.012999999999	6.46699999999873	11.6709999999985	0	0
11.7559999999976	6.18199999999888	10.7179999999971	0	0
12.8639999999978	5.88299999999981	12.130000000001	0	0
11.9530000000013	5.94800000000032	10.775999999998	0	0
11.905999999999	4.91100000000006	11.3309999999983	0	0
12.4959999999992	6.26200000000063	11.4580000000024	0	0
4.94000000000233	1.34300000000076	4.46399999999994	0	0
5.59100000000035	1.3130000000001	5.17699999999968	0	0
13.1610000000001	7.14999999999964	12.5800000000017	0	0
5.41500000000087	1.45099999999911	4.73500000000058	0	0
5.70700000000215	1.95399999999972	5.34000000000015	0	0
13.1709999999985	5.22699999999895	11.6940000000031	0	0
13.7819999999992	6.84300000000076	12.1260000000002	0	0
12.5560000000005	6.22299999999996	11.5690000000031	0	0
13.0190000000002	6.53199999999924	11.4959999999992	0	0
12.0960000000014	6.37900000000081	11.0169999999998	0	0
12.1869999999981	4.28700000000026	11.9230000000025	0	0
12.6110000000008	6.37900000000081	11.0159999999996	0	0
12.4850000000006	7.17699999999968	11.1539999999986	0	0
6.37700000000041	2.92400000000089	5.89400000000023	0	0
5.71500000000015	2.08400000000074	5.47499999999854	0	0
11.9409999999989	5.54999999999927	10.7239999999983	0	0
12.9079999999994	5.3179999999993	12.6189999999988	0	0
6.27699999999822	1.94399999999951	6.33799999999974	0	0
12.3660000000018	5.2559999999994	11.0669999999991	0	0
13.6360000000022	6.84900000000016	12.2740000000013	0	0
13.2990000000027	5.70199999999932	12.0400000000009	0	0
12.8549999999996	7.9489999999987	11.6320000000014	0	0
13.2249999999985	6.76299999999901	12.1470000000008	0	0
13.8790000000008	6.97799999999916	12.5500000000029	0	0
12.150999999998	4.621000000001	11.0279999999984	0	0
14.3240000000005	8.37099999999919	12.3009999999995	0	0
12.7060000000019	6.8799999999992	11.3169999999991	0	0
12.3940000000002	6.45600000000013	11.505000000001	0	0
12.8629999999976	5.51599999999962	11.8049999999967	0	0
12.3760000000002	6.03700000000026	11.5619999999981	0	0
11.9480000000003	6.39700000000084	10.380000000001	0	0
5.33299999999872	1.10699999999997	5.28499999999985	0	0
11.5349999999999	5.84799999999996	10.5280000000021	0	0
13.2220000000016	7.59799999999996	10.880000000001	0	0
11.3100000000013	5.14799999999923	9.8660000000018	0	0
13.7490000000034	6.85100000000057	11.4650000000001	0	0
5.44100000000253	1.86899999999878	4.94700000000012	0	0
12.4739999999983	5.77400000000125	11.1460000000006	0	0
12.351999999999	5.76999999999862	10.5390000000007	0	0
11.0280000000021	4.80799999999908	10.2129999999997	0	0
6.52899999999863	3.85799999999836	5.22400000000198	0	0
12.0030000000006	6.34699999999975	10.6899999999987	0	0
6.85100000000239	3.97000000000116	5.65599999999904	0	0
13.2890000000007	7.55900000000111	11.2700000000004	0	0
5.65699999999924	1.77199999999903	5.16500000000087	0	0
13.0529999999999	7.53499999999985	11.1000000000022	0	0
14.3359999999993	7.90600000000086	12.3070000000007	0	0
11.6959999999999	4.39099999999962	9.95400000000154	0	0
6.08699999999953	2.14099999999962	5.54799999999886	0	0
12.130000000001	6.11200000000099	10.5680000000029	0	0
11.8739999999998	5.64300000000003	9.85599999999977	0	0
11.7659999999996	6.33899999999994	10.344000000001	0	0
12.2590000000018	6.81899999999951	10.4310000000005	0	0
12.9739999999983	8.01800000000003	10.7109999999993	0	0
12.8100000000013	6.4369999999999	11.2259999999987	0	0
6.65199999999822	3.31700000000092	5.64400000000023	0	0
11.3189999999995	4.27499999999964	10.4449999999997	0	0
12.4089999999997	6.28800000000047	11.3160000000025	0	0
12.1810000000005	6.83499999999913	10.1800000000003	0	0
11.482	4.97200000000157	10.4049999999988	0	0
12.8079999999973	8.54399999999987	10.6709999999985	0	0
12.775999999998	7.39099999999962	10.9409999999989	0	0
10.357	5.01700000000164	9.90999999999985	0	0
12.1189999999988	6.21500000000015	10.6460000000006	0	0
5.84000000000015	2.84300000000076	4.83200000000215	0	0
5.33599999999933	1.25700000000143	4.87800000000061	0	0
12.0900000000001	6.10699999999997	10.4900000000016	0	0
5.84999999999854	2.36099999999897	5.05400000000009	0	0
13.492000000002	6.16100000000006	11.0329999999994	0	0
12.994999999999	6.86700000000019	11.4789999999994	0	0
11.9840000000004	6.92400000000089	9.62800000000061	0	0
5.17500000000291	2.15999999999985	4.85299999999916	0	0
12.1790000000001	6.16699999999946	10.4669999999969	0	0
10.6769999999997	3.76100000000042	10.0239999999976	0	0
13.4129999999968	7.66499999999905	11.2860000000001	0	0
5.47300000000178	1.84700000000157	4.69399999999951	0	0
10.9889999999978	4.90999999999985	9.52100000000064	0	0
13.2989999999991	7.71199999999953	11.3680000000022	0	0
11.6470000000008	5.97400000000016	10.0869999999995	0	0
12.4919999999984	7.0630000000001	10.8029999999999	0	0
12.3159999999989	6.08399999999892	10.4530000000013	0	0
5.57200000000012	1.33999999999833	4.90500000000247	0	0
12.2910000000011	5.49200000000019	10.7849999999999	0	0
12.8060000000005	6.06499999999869	11.1739999999991	0	0
12.619999999999	7.3179999999993	10.4500000000007	0	0
13.1689999999981	8.625	10.5839999999989	0	0
11.6689999999981	6.34599999999955	9.87800000000061	0	0
12.5679999999993	6.54399999999987	10.3470000000016	0	0
13.1860000000015	8.83600000000115	10.4259999999995	0	0
6.10599999999977	2.47500000000036	5.53000000000247	0	0
13.1399999999994	7.08500000000095	10.9550000000017	0	0
11.4340000000011	5.66600000000108	9.84699999999793	0	0
12.2090000000026	6.84500000000116	10.2039999999979	0	0
6.74499999999898	3.87299999999959	5.50300000000061	0	0
12.4770000000026	5.48699999999917	10.7030000000013	0	0
6.1830000000009	2.32899999999972	5.28600000000006	0	0
12.1399999999994	8.54399999999987	9.97200000000157	0	0
12.3330000000024	8.00800000000163	10.0310000000027	0	0
11.4950000000026	4.48600000000079	9.8660000000018	0	0
11.9149999999972	5.72899999999936	10.2630000000026	0	0
11.7710000000006	6.87900000000081	10.2200000000012	0	0
10.9939999999988	4.57100000000173	9.99099999999817	0	0
11.8899999999994	4.86200000000099	10.6769999999997	0	0
6.18000000000029	2.89500000000044	5.65700000000288	0	0
11.8309999999983	4.3179999999993	10.5040000000008	0	0
12.3410000000003	6.63700000000063	10.7170000000006	0	0
14.4099999999999	7.42400000000089	12.0270000000019	0	0
5.77500000000146	2.23599999999897	5.42099999999846	0	0
12.2540000000008	5.39599999999882	10.4150000000009	0	0
12.4989999999998	5.90400000000045	10.4639999999999	0	0
12.9400000000023	6.39799999999923	10.6709999999985	0	0
10.905999999999	5.77700000000004	9.2489999999998	0	0
11.7919999999976	5.78999999999905	9.84899999999834	0	0
12.1150000000016	6.60800000000017	10.5570000000007	0	0
5.15099999999802	1.34699999999975	4.69599999999991	0	0
12.6949999999997	6.67299999999886	10.4639999999999	0	0
12.2430000000022	6.18599999999969	10.0709999999999	0	0
5.40000000000146	1.15300000000025	5.00499999999738	0	0
13.0829999999987	7.22400000000016	10.9890000000014	0	0
11.5459999999985	7.32300000000032	9.1160000000018	0	0
12.3140000000021	7.23499999999876	9.40700000000288	0	0
12.3379999999997	6.58199999999852	9.93899999999849	0	0
12.9290000000001	7.95499999999993	10.0030000000006	0	0
12.8769999999968	6.34000000000015	10.1290000000008	0	0
11.6529999999984	6.04700000000048	9.29100000000108	0	0
4.98499999999694	1.39300000000003	4.67099999999846	0	0
12.0010000000002	6.66699999999946	9.20699999999852	0	0
12.112000000001	7.14300000000003	9.64900000000125	0	0
11.6749999999993	6.47499999999854	9.58200000000215	0	0
12.1939999999995	6.48099999999977	9.60699999999997	0	0
12.6599999999999	7.25099999999838	9.99799999999959	0	0
5.96900000000096	1.7559999999994	4.91799999999785	0	0
12.0529999999999	6.52200000000084	9.35699999999997	0	0
5.625	1.46999999999935	4.62899999999718	0	0
12.3610000000008	6.65999999999985	9.70699999999852	0	0
11.7910000000011	5.97000000000116	9.3070000000007	0	0
12.9980000000032	7.05400000000009	10.2080000000024	0	0
5.37700000000041	1.8130000000001	4.46699999999691	0	0
12.1419999999998	5.53399999999965	9.79599999999846	0	0
11.7369999999974	5.92900000000009	9.60800000000017	0	0
12.2309999999998	5.67899999999827	9.70899999999892	0	0
11.1049999999996	5.76399999999921	9.09299999999712	0	0
5.9989999999998	2.05199999999968	4.90499999999884	0	0
13.8709999999992	8.2390000000014	10.8940000000002	0	0
11.9290000000001	6.23600000000079	9.2599999999984	0	0
12.2540000000008	6.76100000000042	9.2980000000025	0	0
11.2440000000024	7.32300000000032	8.93799999999828	0	0
11.9239999999991	6.76200000000063	9.3169999999991	0	0
10.2860000000001	5.34299999999894	8.68400000000111	0	0
12.4169999999976	6.20600000000013	9.90499999999884	0	0
6.2589999999982	1.53499999999985	5.28099999999904	0	0
11.9259999999995	5.75299999999879	9.43100000000049	0	0
11.7280000000028	5.98199999999997	9.57300000000032	0	0
12.6889999999985	5.87199999999939	10	0	0
11.9379999999983	5.96999999999935	9.6929999999993	0	0
11.994999999999	6.34300000000076	9.78600000000006	0	0
12.3769999999968	6.46399999999994	9.73300000000017	0	0
4.97999999999956	1.61200000000099	4.46599999999671	0	0
12.4500000000007	7.01100000000042	9.65499999999884	0	0
5.45599999999831	2.1200000000008	4.63799999999901	0	0
5.45100000000093	1.50200000000041	4.5669999999991	0	0
11.9019999999982	5.52799999999843	9.46299999999974	0	0
13.8230000000003	7.93199999999888	10.5939999999973	0	0
12.2559999999976	7.15500000000065	9.52699999999822	0	0
11.5190000000002	6.36800000000039	8.88600000000224	0	0
5.73999999999796	2.12700000000041	4.91799999999785	0	0
12.122000000003	5.80199999999968	9.71800000000076	0	0
13.4220000000023	8.11399999999958	10.2780000000021	0	0
11.7929999999978	5.26299999999901	9.86399999999776	0	0
11.4349999999977	6.46700000000055	9.22799999999916	0	0
12.0809999999983	6.49200000000019	9.42599999999948	0	0
5.49600000000282	1.27399999999943	4.69999999999709	0	0
11.9150000000009	5.25300000000061	9.45900000000256	0	0
5.85599999999977	2.59400000000096	4.83299999999872	0	0
13.0380000000005	7.44099999999889	10.3520000000026	0	0
12.719000000001	6.51000000000022	10.0950000000012	0	0
12.0829999999987	6.44300000000112	9.14500000000044	0	0
5.70300000000134	1.67400000000089	4.91800000000148	0	0
5.68500000000131	1.77000000000044	4.61699999999837	0	0
12.3160000000025	5.71099999999933	10.0420000000013	0	0
11.1469999999972	6.22800000000097	9.1929999999993	0	0
11.4409999999989	5.74099999999999	9.28399999999965	0	0
11.9619999999995	5.47099999999955	10.1389999999992	0	0
5.70699999999852	1.81900000000132	4.93500000000131	0	0
12.0889999999999	5.77299999999923	9.73300000000017	0	0
11.135000000002	5.72000000000116	9.07099999999991	0	0
12.9799999999996	7.42200000000048	10.5800000000017	0	0
12.260000000002	6.1260000000002	9.7029999999977	0	0
11.5829999999987	5.34900000000016	9.55799999999726	0	0
11.4010000000017	5.13100000000122	9.53100000000268	0	0
11.114999999998	5.55099999999948	9.00500000000102	0	0
11.6229999999996	5.53000000000065	9.52000000000044	0	0
6.08699999999953	2.11700000000019	4.89300000000003	0	0
11.9439999999995	6.24099999999999	9.4989999999998	0	0
5.87199999999939	1.63700000000063	5.02999999999884	0	0
12.1779999999999	7.02300000000105	9.8179999999993	0	0
12.255000000001	5.81700000000092	9.65400000000227	0	0
11.893	5.62299999999959	9.54499999999825	0	0
5.29000000000087	2.46700000000055	4.60399999999936	0	0
13.5529999999999	9.3130000000001	10.5799999999981	0	0
11.4909999999982	5.53700000000026	9.09200000000055	0	0
5.43900000000212	1.81999999999971	4.47700000000259	0	0
5.43400000000111	1.85999999999876	4.4900000000016	0	0
11.5529999999999	6.5049999999992	9.5580000000009	0	0
5.04000000000087	1.28099999999904	4.69599999999991	0	0
11.8630000000012	6.22400000000016	9.61099999999715	0	0
11.9150000000009	5.95700000000033	9.03499999999985	0	0
10.9459999999999	5.80600000000049	8.79300000000148	0	0
10.8289999999979	4.76800000000003	8.97899999999936	0	0
12.2799999999988	6.73999999999978	9.5109999999986	0	0
5.66200000000026	1.96500000000015	4.71399999999994	0	0
11.5490000000027	5.96299999999974	9.2960000000021	0	0
11.8070000000007	5.98600000000079	9.44499999999971	0	0
11.3370000000032	5.86999999999898	9.46000000000276	0	0
12.1560000000027	6.19499999999971	9.46800000000076	0	0
5.08899999999994	1.59100000000035	4.72800000000279	0	0
5.49499999999898	1.99599999999919	4.48400000000038	0	0
12.0819999999985	5.91200000000026	9.39199999999983	0	0
12.4110000000001	6.7510000000002	9.77899999999863	0	0
10.9569999999985	5.88600000000042	9.20600000000195	0	0
11.3809999999976	5.3130000000001	9.18499999999767	0	0
11.3179999999993	6.33400000000074	9.39700000000084	0	0
11.5469999999987	6.37200000000121	9.61299999999756	0	0
12.2419999999984	7.5099999999984	9.36700000000201	0	0
11.8050000000003	5.41600000000108	9.4989999999998	0	0
13.0589999999975	8.03300000000127	9.89600000000064	0	0
11.0070000000014	4.95499999999993	8.95799999999872	0	0
11.1419999999998	6.05000000000109	8.88000000000102	0	0
6.32999999999811	3.08199999999852	5.1359999999986	0	0
11.7069999999985	6.73600000000079	9.29799999999886	0	0
10.8630000000012	5.63100000000122	9.3070000000007	0	0
5.18800000000192	2.44900000000052	4.44099999999889	0	0
12.8500000000022	6.96600000000035	10.1859999999979	0	0
12.8119999999981	7.01699999999983	9.92699999999968	0	0
11.5110000000022	6.08599999999933	9.31999999999971	0	0
12.3379999999997	6.30899999999929	9.48999999999796	0	0
11.4720000000016	5.88999999999942	8.95699999999852	0	0
12.224000000002	6.66500000000087	9.69900000000052	0	0
12.2669999999998	7.70999999999913	9.89999999999782	0	0
5.74200000000201	3.3700000000008	4.72699999999895	0	0
11.3060000000005	5.72400000000016	8.88999999999942	0	0
11.5920000000006	5.84399999999914	9.38200000000143	0	0
12.9830000000002	7.68900000000031	9.87199999999939	0	0
12.380000000001	6.01800000000003	9.52000000000044	0	0
11.2010000000009	6.3799999999992	9.03000000000247	0	0
5.62900000000081	1.85500000000138	4.8859999999986	0	0
5.31999999999971	1.96099999999933	4.49099999999817	0	0
11.6899999999987	4.95199999999932	9.604000000003	0	0
11.1640000000007	5.23899999999958	9.21600000000035	0	0
11.3999999999978	5.45600000000013	8.83499999999913	0	0
