15.843	15.029	16.023	0	0
12.846	6.426	13.602	0	0
12.001	4.231	12.225	0	0
14.265	8.718	14.59	0	0
14.241	12.582	12.982	0	0
12.113	5.30499999999999	11.95	0	0
12.468	4.298	12.659	0	0
14.223	10.68	14.828	0	0
15.275	12.547	14.833	0	0
15.686	12.601	15.006	0	0
14.037	10.863	13.877	0	0
13.963	10.403	14.365	0	0
11.443	3.83100000000002	11.681	0	0
13.745	9.488	14.239	0	0
12.751	7.44099999999997	13.1849999999999	0	0
13.619	11.808	14.004	0	0
12.767	4.76800000000003	12.78	0	0
15.5590000000001	12.166	15.9250000000001	0	0
13.795	3.23399999999998	14.0550000000001	0	0
13.9299999999999	8.93799999999999	14.144	0	0
14.227	9.41199999999998	13.486	0	0
17.561	8.25799999999998	17.6220000000001	0	0
18.7090000000001	20.048	16.021	0	0
15.4770000000001	13.71	15.261	0	0
14.0160000000001	12.398	15.6900000000001	0	0
15.317	8.36500000000001	14.862	0	0
13.693	8.101	12.812	0	0
17.3630000000001	14.564	16.974	0	0
14.062	10.2809999999999	13.7710000000001	0	0
14.26	12.5549999999999	14.279	0	0
19.576	18.4870000000001	17.9019999999999	0	0
13.997	8.92899999999997	13.694	0	0
15.22	12.941	15.3349999999999	0	0
14.9749999999999	11.0269999999999	13.5790000000002	0	0
16.2060000000001	12.5119999999999	14.5619999999999	0	0
15.4450000000002	11.013	13.8399999999999	0	0
11.931	5.31299999999999	12.683	0	0
13.6400000000001	7.82400000000007	13.508	0	0
12.4349999999999	1.63099999999997	12.0439999999999	0	0
16.951	4.30799999999999	17.4470000000001	0	0
12.472	2.74300000000005	12.374	0	0
16.8440000000001	17.157	16.0249999999999	0	0
17.2529999999999	18.063	16.211	0	0
13.4810000000002	6.80399999999997	13.098	0	0
11.915	3.7829999999999	10.9179999999999	0	0
12.625	7.678	13.337	0	0
15.124	11.7520000000001	15.0260000000001	0	0
13.0939999999998	7.55500000000006	12.672	0	0
14.2460000000001	10.058	14.384	0	0
15.7180000000001	15.59	15.5349999999999	0	0
13.4050000000002	4.26800000000003	12.692	0	0
12.836	7.54600000000005	11.9460000000001	0	0
16.586	15.549	15.1460000000002	0	0
14.395	11.5340000000001	14.3530000000001	0	0
13.346	7.08899999999994	12.6880000000001	0	0
14.232	11.2819999999999	12.788	0	0
16.4680000000001	6.25300000000016	16.0119999999999	0	0
13.624	7.90999999999985	13.318	0	0
12.8869999999999	5.95299999999997	13.472	0	0
14.346	10.6180000000002	13.9400000000001	0	0
13.165	8.63000000000011	13.4880000000001	0	0
13.8009999999999	7.26999999999998	12.893	0	0
16.7069999999999	18.123	15.8129999999999	0	0
12.4569999999999	8.88100000000009	13.3779999999999	0	0
14.777	8.50199999999995	14.519	0	0
14.7239999999999	10.578	14.6559999999999	0	0
16.3400000000001	16.8909999999998	15.3330000000001	0	0
15.0009999999997	12.1480000000001	13.913	0	0
13.8589999999999	10.3199999999999	13.2670000000003	0	0
12.4559999999997	6.24400000000014	12.7309999999998	0	0
13.3510000000001	7.827	13.8250000000003	0	0
13.1419999999998	8.22600000000011	13.7139999999999	0	0
13.357	10.7949999999998	14.5219999999999	0	0
13.846	10.0450000000001	13.904	0	0
12.5039999999999	4.73000000000002	12.2540000000004	0	0
16.0590000000002	18.4099999999999	14.9459999999999	0	0
14.9090000000001	11.124	14.951	0	0
12.9750000000004	6.048	12.6840000000002	0	0
11.7469999999998	4.27699999999982	12.3069999999998	0	0
13.239	4.27500000000009	13.3969999999999	0	0
11.806	3.53600000000006	11.5719999999997	0	0
13.8469999999998	11.5569999999998	14.2329999999997	0	0
14.9369999999999	10.748	13.8389999999999	0	0
12.4719999999998	5.34500000000003	12.7929999999997	0	0
15.415	12.2280000000001	14.9970000000003	0	0
13.9339999999997	9.30400000000009	13.6500000000001	0	0
11.366	1.53199999999993	11.2729999999997	0	0
13.4659999999999	7.41599999999994	13.8270000000002	0	0
17.6689999999999	16.6479999999999	16.4090000000001	0	0
16.777	17.0890000000002	15.6079999999997	0	0
15.3879999999999	14.614	15.212	0	0
16.1219999999998	9.04500000000007	15.5920000000001	0	0
13.3150000000001	8.6840000000002	12.837	0	0
12.0800000000004	3.66399999999999	12.645	0	0
12.558	3.65499999999997	12.9649999999997	0	0
13.848	8.89599999999996	14.7420000000002	0	0
12.6099999999997	4.69100000000003	12.6989999999996	0	0
20.261	22.5119999999999	17.6590000000001	0	0
16.2809999999999	15.0540000000001	16.5550000000003	0	0
13.8010000000004	9.01900000000001	13.6599999999999	0	0
12.1480000000001	6.17899999999986	11.9499999999998	0	0
15.326	12.6490000000003	15.183	0	0
13.4380000000001	5.82099999999991	13.212	0	0
15.0419999999999	10.0369999999998	14.962	0	0
12.8009999999999	9.30899999999974	12.7289999999998	0	0
12.0360000000001	5.57000000000016	13.0909999999999	0	0
14.1979999999999	9.66300000000001	14.9289999999996	0	0
11.701	2.42399999999998	11.4849999999997	0	0
17.3669999999997	14.7159999999999	17.3239999999996	0	0
13.4270000000001	8.17899999999963	13.5720000000001	0	0
19.1929999999998	19.424	15.9270000000001	0	0
15.6860000000001	11.9709999999995	14.9259999999999	0	0
12.2579999999998	5.11000000000013	12.288	0	0
12.6950000000002	6.66699999999992	13.335	0	0
18	23.7280000000001	16.4259999999999	0	0
16.2640000000001	12.2329999999997	16.0859999999998	0	0
14.7260000000001	10.6579999999999	13.848	0	0
13.3100000000004	6.71500000000015	13.547	0	0
13.6870000000004	2.47600000000011	13.6640000000002	0	0
12.806	9.5920000000001	13.6510000000003	0	0
12.6709999999998	7.25300000000016	13.9769999999999	0	0
11.7459999999996	4.05999999999995	11.6039999999998	0	0
12.0920000000001	5.1880000000001	12.2170000000001	0	0
13.9929999999999	9.38200000000006	14.2860000000001	0	0
12.366	6.01700000000028	13.1460000000002	0	0
13.5989999999997	6.57600000000002	13.0949999999998	0	0
13.8899999999999	10.3009999999999	13.8610000000003	0	0
13.623	9.30200000000013	13.8539999999998	0	0
13.317	10.9340000000002	14.0219999999999	0	0
16.462	17.3070000000002	14.625	0	0
12.0529999999999	2.53200000000015	11.6819999999998	0	0
12.8899999999999	6.55200000000013	13.328	0	0
12.0230000000001	5.23999999999978	13.0390000000002	0	0
12.2179999999998	2.94500000000016	12.2759999999998	0	0
15.1029999999996	10.7800000000002	14.9970000000003	0	0
12.21	7.37699999999995	12.4740000000002	0	0
15.4459999999999	14.143	14.8920000000007	0	0
15.0600000000004	12.221	14.9200000000001	0	0
15.8299999999999	13.5099999999998	15.9899999999998	0	0
16.2169999999996	17.732	15.8410000000003	0	0
12.6869999999999	5.0590000000002	13.0630000000001	0	0
11.3499999999995	3.56700000000001	11.3739999999998	0	0
15.9120000000003	13.7850000000003	15.7570000000005	0	0
15.5420000000004	12.96	14.2379999999994	0	0
12.1450000000004	7.93200000000024	12.3490000000002	0	0
14.107	7.55400000000009	13.8090000000002	0	0
11.384	2.38900000000012	10.7830000000004	0	0
11.3409999999994	5.67599999999993	12.0530000000008	0	0
15.7269999999999	10.5259999999998	15.058	0	0
12.9559999999992	8.51199999999972	13.1220000000003	0	0
14.0169999999998	11.5320000000002	14.5870000000004	0	0
12.2240000000002	4.05500000000029	12.402	0	0
11.5849999999991	4.05299999999988	12.1629999999996	0	0
12.9710000000005	7.48300000000017	13.2489999999998	0	0
13.9459999999999	10.308	13.8620000000001	0	0
14.6770000000006	10.1929999999998	13.6310000000003	0	0
13.8670000000002	11.9610000000002	12.9369999999999	0	0
13.9679999999998	11.241	14.6319999999996	0	0
14.5919999999996	12.973	14.5750000000007	0	0
13.6509999999998	6.69300000000021	15.0020000000004	0	0
15.8969999999999	16.3539999999998	14.9410000000007	0	0
14.0780000000004	12.1660000000002	14.8549999999996	0	0
13.826	10.8559999999998	13.2689999999993	0	0
16.8820000000005	14.9019999999996	15.2039999999997	0	0
17.0050000000001	18.1119999999996	16.2160000000003	0	0
14.4699999999993	14.3739999999998	14.7460000000001	0	0
13.3640000000005	6.84699999999975	13.4160000000002	0	0
14.7739999999994	11.4209999999998	14.8919999999998	0	0
15.1890000000003	14.348	14.2049999999999	0	0
11.7449999999999	5.00800000000027	12.5969999999998	0	0
11.866	3.67900000000009	11.7730000000001	0	0
13.1279999999997	5.42999999999984	13.5230000000001	0	0
13.7709999999997	7.94799999999987	13.5389999999998	0	0
13.0730000000003	8.22299999999996	13.8050000000003	0	0
13.8620000000001	10.2829999999999	14.0210000000006	0	0
15.7299999999996	13.9160000000002	15.7639999999992	0	0
17.058	16.0529999999999	14.9390000000003	0	0
12.2939999999999	4.38400000000001	12.9520000000002	0	0
10.75	5.97400000000016	11.7629999999999	0	0
12.6990000000005	5.25	12.0859999999993	0	0
13.4099999999999	6.04599999999982	12.9139999999998	0	0
16.2269999999999	14.1460000000002	15.7889999999998	0	0
15.7780000000002	15.9459999999999	14.8519999999999	0	0
14.7690000000002	11.6759999999999	15.6729999999998	0	0
11.6790000000001	1.95699999999988	11.2030000000004	0	0
14.1790000000001	11.6839999999997	15.1059999999998	0	0
15.0980000000009	8.73500000000013	14.2889999999998	0	0
13.3050000000003	9.38000000000011	13.7799999999997	0	0
13.8599999999997	10.0370000000003	14.6450000000004	0	0
13.317	6.43200000000024	14.0730000000003	0	0
12.5799999999999	6.5300000000002	12.7879999999996	0	0
17.9569999999994	19.7400000000002	15.7860000000001	0	0
12.692	4.68199999999979	11.7809999999999	0	0
14.7709999999997	13.1420000000003	15.5030000000006	0	0
12.8540000000003	7.72699999999986	13.1279999999997	0	0
12.5209999999997	8.20499999999993	13.3540000000003	0	0
12.9549999999999	5.85800000000017	12.0699999999997	0	0
15.915	15.5320000000002	16.4689999999991	0	0
17.7129999999997	11.3229999999999	17.8729999999996	0	0
13.3720000000003	10.4409999999998	14.1530000000002	0	0
13.9980000000005	9.21300000000019	14.5100000000002	0	0
12.7299999999996	6.29599999999982	13.509	0	0
12.3189999999995	4.2510000000002	12.5109999999995	0	0
14.6750000000002	11.7249999999999	15.0770000000002	0	0
14.9650000000001	14.7750000000005	15.7729999999992	0	0
13.1790000000001	3.83600000000024	12.3180000000002	0	0
11.7950000000001	5.11300000000028	11.7790000000005	0	0
13.6129999999994	11.1379999999999	14.1799999999994	0	0
13.8780000000006	8.73599999999988	12.5329999999994	0	0
17.0059999999994	16.8789999999999	16.3229999999994	0	0
14.7800000000007	12.6580000000004	14.6840000000002	0	0
12.3679999999995	3.22900000000027	12.0570000000007	0	0
14.8100000000004	11.6889999999994	15.1289999999999	0	0
16.2800000000007	16.1019999999999	16.0940000000001	0	0
19.3289999999997	19.2750000000005	17.3070000000007	0	0
16.4570000000003	11.3649999999998	15.7860000000001	0	0
16.2110000000002	14.9629999999997	15.9989999999998	0	0
14.375	12.0870000000004	14.0360000000001	0	0
12.9090000000006	7.88799999999992	13.1750000000002	0	0
14.1479999999992	7.28399999999965	14.125	0	0
17.1139999999996	16.777	15.2510000000002	0	0
18.0519999999997	18.6909999999998	16.2400000000007	0	0
17.1089999999995	18.2519999999995	15.9429999999993	0	0
13.7210000000005	8.61700000000019	14.4200000000001	0	0
12.7259999999997	7.69300000000021	13.482	0	0
13.1280000000006	8.30500000000029	13.9560000000001	0	0
13.9540000000006	12.0339999999997	14.8709999999992	0	0
15.6479999999992	13.3019999999997	16.4359999999997	0	0
15.4809999999998	11.1059999999998	15.152	0	0
15.8010000000004	13.8740000000007	15.0560000000005	0	0
12.3509999999997	4.9989999999998	11.5630000000001	0	0
13.3810000000003	7.38100000000031	12.9290000000001	0	0
16.3790000000008	13.8110000000006	15.5619999999999	0	0
14.0869999999995	8.17200000000048	13.4790000000003	0	0
12.0889999999999	2.30099999999948	11.5339999999997	0	0
17.1030000000001	12.0169999999998	16.4430000000002	0	0
14.9899999999998	13.1759999999995	14.7429999999995	0	0
14.8509999999997	8.90300000000025	15.759	0	0
14.9300000000003	9.76999999999953	15.8449999999993	0	0
11.7550000000001	5.64500000000044	12.8329999999996	0	0
13.9989999999998	9.4369999999999	14.6329999999998	0	0
14.857	11.9059999999999	15.3780000000006	0	0
10.9770000000008	4.42000000000007	12.0029999999997	0	0
13.1589999999997	6.48000000000047	12.8769999999995	0	0
15.201	11.3369999999995	16.0160000000005	0	0
12.3299999999999	5.96000000000004	11.6670000000004	0	0
15.6689999999999	13.8889999999992	14.6459999999997	0	0
12.0419999999995	4.33800000000065	12.5509999999995	0	0
11.9409999999998	1.99399999999969	11.8730000000005	0	0
13.4189999999999	8.86099999999988	13.5709999999999	0	0
13.7349999999997	7.8149999999996	14.3620000000001	0	0
15.5059999999994	15.4650000000001	15.0630000000001	0	0
12.991	7.35099999999966	13.424	0	0
11.1180000000004	3.13300000000072	11.3999999999996	0	0
16.0709999999999	14.7430000000004	14.9660000000003	0	0
13.6819999999998	12.1890000000003	14.9369999999999	0	0
15.4470000000001	10.4719999999998	15.0689999999995	0	0
17.2860000000001	17.3200000000006	16.5389999999998	0	0
17.9920000000002	19.2129999999997	17.0950000000003	0	0
12.2109999999993	6.13000000000011	13.335	0	0
15.0160000000005	11.7910000000002	13.2449999999999	0	0
17.0389999999998	14.3469999999998	16.3819999999996	0	0
15.3559999999998	14.951	14.6980000000003	0	0
14.2759999999998	11.5060000000003	13.527	0	0
13.6629999999996	8.96000000000004	12.924	0	0
16.1369999999997	15.7759999999998	15.6779999999999	0	0
13.6059999999998	8.42699999999968	14.0929999999998	0	0
15.0569999999998	11.9270000000006	14.527	0	0
13.4919999999993	9.25399999999991	14.2369999999992	0	0
13.3229999999994	6.03000000000065	13.6970000000001	0	0
13.1359999999995	6.50200000000041	13.6220000000003	0	0
15.271999999999	17.9960000000001	15.4969999999994	0	0
13.1149999999998	5.32700000000023	12.3449999999993	0	0
12.4079999999994	6.48599999999988	11.8999999999996	0	0
15.655999999999	17.0200000000004	14.478000000001	0	0
15.7399999999998	13.9759999999997	15.5259999999998	0	0
11.8500000000004	3.9970000000003	11.6760000000013	0	0
13.2729999999992	7.69499999999971	13.6190000000006	0	0
14.3450000000012	4.96299999999974	14.1460000000006	0	0
15.3019999999997	12.4099999999999	15.0280000000002	0	0
12.4679999999989	6.34699999999975	12.862000000001	0	0
14.5990000000002	5.50399999999991	13.9470000000001	0	0
13.3780000000006	8.66399999999976	13.6139999999996	0	0
14.1329999999998	7.63999999999942	14.3320000000003	0	0
13.7159999999985	8.96500000000015	13.6649999999991	0	0
23.4789999999994	21.0070000000005	20.7010000000009	0	0
13.5439999999999	9.57700000000023	14.1350000000002	0	0
12.2480000000014	6.2559999999994	12.2020000000011	0	0
13.0609999999997	6.15899999999965	12.9809999999998	0	0
15.2870000000003	12.3729999999996	15.2180000000008	0	0
13.3400000000001	3.82400000000052	13.3160000000007	0	0
14.2420000000002	10.0340000000006	14.3490000000002	0	0
15.4890000000014	13.0169999999998	15.0609999999997	0	0
14.4699999999993	11.0840000000007	14.0769999999993	0	0
14.0460000000003	10.6390000000001	13.9089999999997	0	0
15.8629999999994	17.1599999999999	15.5810000000001	0	0
18.6100000000006	15.75	17.4089999999997	0	0
14.4110000000001	11.1579999999994	15.898000000001	0	0
12.5910000000003	4.70100000000002	12.5760000000009	0	0
11.4310000000005	4.39400000000023	11.375	0	0
13.5609999999997	7.89099999999962	14.1119999999992	0	0
14.3580000000002	8.94700000000012	13.9069999999992	0	0
11.6720000000005	1.00699999999961	11.1949999999997	0	0
14.3299999999999	12.6489999999994	15.5649999999987	0	0
15.3230000000003	12.5989999999993	15.527	0	0
13.5709999999999	11.1949999999997	12.9050000000007	0	0
12.1700000000001	5.79399999999987	12.5769999999993	0	0
13.5379999999986	10.0099999999993	14.4579999999987	0	0
12.5450000000001	8.29300000000057	12.5060000000012	0	0
14.0349999999999	6.87100000000009	15.0670000000009	0	0
12.5049999999992	5.31800000000021	13.0770000000011	0	0
12.098	5.65200000000004	12.4359999999997	0	0
12.7090000000007	8.57799999999952	13.3959999999988	0	0
19.9529999999995	22.6140000000005	18.4519999999993	0	0
14.1800000000003	12.3649999999998	14.6170000000002	0	0
13.5830000000005	7.08500000000004	12.646999999999	0	0
12.9169999999995	8.17600000000039	13.6989999999987	0	0
15.1530000000002	12.7280000000001	16.1239999999998	0	0
14.4050000000007	10.0500000000002	15.1689999999999	0	0
15.0190000000002	12.6790000000001	15.9339999999993	0	0
14.2549999999992	12.4380000000001	14.6239999999998	0	0
17.9380000000001	15.9830000000002	16.7079999999987	0	0
12.9830000000002	6.75900000000001	13.2510000000002	0	0
13.4439999999995	11.4219999999996	13.9070000000011	0	0
11.8579999999984	5.60300000000007	12.4090000000015	0	0
14.2829999999994	11.3099999999995	15.1229999999996	0	0
12.612000000001	5.57999999999993	13.4570000000003	0	0
13.3060000000005	8.87899999999991	14.2659999999996	0	0
13.2150000000001	6.96200000000044	13.6230000000014	0	0
12.8580000000002	6.21800000000076	13.3180000000011	0	0
13.5370000000003	10.2049999999999	13.7039999999997	0	0
15.8760000000002	12.884	16.2740000000013	0	0
12.7889999999989	5.42599999999948	12.8140000000003	0	0
12.598	8.36200000000008	13.2950000000001	0	0
13.7919999999995	11.1680000000006	14.7560000000012	0	0
12.1779999999999	4.76900000000023	12.8889999999992	0	0
12.9009999999998	8.49600000000009	13.3320000000003	0	0
13.25	6.92700000000059	14.0769999999993	0	0
11.271999999999	4.25700000000052	12.1139999999996	0	0
16.6959999999999	14.6440000000002	16.0669999999991	0	0
12.9510000000009	8.13000000000011	12.8540000000012	0	0
12.8050000000003	7.41200000000026	13.4099999999999	0	0
14.1659999999993	10.652	15.1399999999994	0	0
12.0040000000008	5.33999999999924	12.1980000000003	0	0
14.9290000000001	12.9000000000005	15.2110000000011	0	0
14.0250000000015	7.02300000000014	14.1929999999993	0	0
12.9550000000017	8.1279999999997	13.8919999999998	0	0
15.1239999999998	14.8829999999998	15.8599999999988	0	0
14.9290000000001	13.9659999999994	15.764000000001	0	0
14.1089999999986	8.25399999999991	14.0959999999995	0	0
13.4579999999987	6.67900000000009	12.7070000000003	0	0
19.3850000000002	16.4180000000006	19.6280000000006	0	0
14.2829999999994	10.7330000000002	14.3140000000003	0	0
16.6059999999998	15.5889999999999	14.646999999999	0	0
12.8019999999997	10.0370000000003	14.0119999999988	0	0
14.7019999999993	10.6989999999996	14.9429999999993	0	0
12.6819999999989	3.05500000000029	11.9179999999997	0	0
12.2649999999994	5.33899999999994	12.3019999999997	0	0
11.8099999999995	3.47400000000016	12.0190000000002	0	0
15.6779999999999	15.9309999999996	16.0319999999992	0	0
14.4069999999992	10.9489999999996	15.1529999999984	0	0
14.5950000000012	8.47900000000027	14.1039999999994	0	0
14.1370000000006	7.92799999999988	13.6829999999991	0	0
16.0659999999989	16.2049999999999	14.634	0	0
12.1530000000002	2.82499999999982	11.6219999999994	0	0
12.357	1.95200000000023	11.7899999999991	0	0
12.219000000001	5.65999999999985	12.6369999999988	0	0
12.7800000000007	7.42199999999957	13.0209999999988	0	0
11.8780000000006	4.18499999999949	12.4650000000001	0	0
13.9799999999996	10.482	14.8949999999986	0	0
12.844000000001	6.05799999999999	12.5770000000011	0	0
15.896999999999	15.2200000000003	15.9549999999999	0	0
14.8809999999994	12.6580000000004	14.9879999999994	0	0
14.280999999999	11.0330000000004	14.848	0	0
14.6759999999995	12.1589999999997	15.9650000000001	0	0
15.9660000000003	13.1059999999998	15.0850000000009	0	0
17.9600000000009	21.3849999999993	15.3549999999996	0	0
14.9439999999995	12.5509999999995	14.7929999999997	0	0
14.9439999999995	14.5209999999997	14.5	0	0
13.9650000000001	9.3100000000004	13.4230000000007	0	0
12.1119999999992	2.92700000000059	11.4429999999993	0	0
11.8520000000008	3.90300000000025	11.9609999999993	0	0
14.235999999999	10.8020000000006	13.0049999999992	0	0
13.3459999999995	8.58399999999983	14.5519999999997	0	0
10.9169999999995	2.41900000000078	10.5349999999999	0	0
15.226999999999	12.5249999999996	15.4320000000007	0	0
15.4709999999995	13.9110000000001	13.9639999999999	0	0
14.598	13.8279999999995	14.0740000000005	0	0
13.7119999999995	9.48500000000058	13.5569999999989	0	0
13.7479999999996	11.3029999999999	14.991	0	0
13.6170000000002	11.5079999999998	14.4609999999993	0	0
14.396999999999	9.70199999999932	14.0900000000001	0	0
14.3389999999999	10.5569999999998	13.1459999999988	0	0
13.862000000001	8.95499999999993	14.3209999999999	0	0
15.7129999999997	12.9860000000008	16.2099999999991	0	0
14.4279999999999	10.5479999999998	14.3430000000008	0	0
17.2489999999998	17.6420000000007	16.9400000000005	0	0
11.8230000000003	2.5010000000002	11.2129999999997	0	0
12.3410000000003	2.48699999999917	12.2530000000006	0	0
12.7790000000005	3.28799999999956	12.4509999999991	0	0
12.223	3.91200000000026	12.0370000000003	0	0
13.0950000000012	7.72000000000025	13.1319999999996	0	0
13.3320000000003	10.8919999999998	14.6400000000012	0	0
11.9890000000014	7.28600000000006	12.6090000000004	0	0
13.8090000000011	9.26299999999992	13.7300000000014	0	0
14.4290000000001	12.5900000000001	14.277	0	0
16.744999999999	15.2559999999994	14.7909999999993	0	0
12.4259999999995	6.33599999999933	12.976999999999	0	0
15.0609999999997	13.8580000000002	14.7440000000006	0	0
14.9830000000002	10.9120000000003	14.4459999999999	0	0
12.9930000000004	10.9519999999993	14.2619999999988	0	0
13.2610000000004	5.81700000000092	12.8600000000006	0	0
11.5200000000004	3.97599999999875	11.634	0	0
12.1000000000004	4.14300000000003	12.5490000000009	0	0
12.3050000000003	3.48500000000058	12.116	0	0
17.8369999999995	11.0069999999996	18.3590000000004	0	0
14.3109999999997	12.4510000000009	14.8269999999993	0	0
16.7350000000006	14.3179999999993	14.777	0	0
16.2890000000007	15.2289999999994	15.741	0	0
15.5370000000003	12.2039999999997	15.4639999999999	0	0
14.5829999999987	10.4670000000006	15.3239999999987	0	0
12.6189999999988	3.93599999999969	12.8050000000003	0	0
12.8169999999991	7.59500000000116	13.3940000000002	0	0
14.2580000000016	11.9320000000007	14.9079999999994	0	0
12.280999999999	4.45000000000073	11.8900000000012	0	0
12.6939999999995	5.03899999999885	13.3520000000008	0	0
12.9089999999997	6.10999999999876	12.6589999999997	0	0
13.9809999999998	8.37099999999919	13.4369999999999	0	0
13.7620000000006	7.84799999999996	13.6369999999988	0	0
14.2240000000002	11.9099999999999	14.6829999999991	0	0
18.7659999999996	18.152	17.1649999999991	0	0
14.5030000000006	12.4400000000005	15.5060000000012	0	0
13.027	9.01899999999841	13.7870000000003	0	0
17.4970000000012	12.143	16.5339999999997	0	0
13.9050000000007	8.65200000000004	13.2060000000001	0	0
13.2639999999992	8.52400000000125	14.1280000000006	0	0
17.1509999999998	18.1149999999998	15.9439999999995	0	0
11.8130000000001	4.24200000000019	11.351999999999	0	0
11.8670000000002	5.71999999999935	12.3179999999993	0	0
13.7350000000006	8.21100000000115	13.8770000000004	0	0
13.1759999999995	9.15300000000025	14.2060000000001	0	0
12.2349999999988	3.84100000000035	12.1389999999992	0	0
13.0190000000002	7.0669999999991	13.768	0	0
12.4269999999997	4.39799999999923	12.7810000000009	0	0
11.8700000000008	5.70099999999911	12.8590000000004	0	0
13.9239999999991	7.51699999999983	14.0939999999991	0	0
15.6279999999988	12.4189999999999	15.9099999999999	0	0
14.9860000000008	12.8370000000014	14.5709999999999	0	0
15.3320000000003	14.0170000000016	14.5630000000001	0	0
14.625	11.4570000000003	14.2609999999986	0	0
12.8000000000011	6.78300000000127	11.9699999999993	0	0
13.6950000000015	8.35900000000038	13.8110000000015	0	0
12.9089999999997	7.54199999999946	13.1929999999993	0	0
13.9099999999999	9.67399999999907	14.619999999999	0	0
13.9110000000001	8.85900000000038	13.6700000000001	0	0
12.9869999999992	4.87800000000061	12.9040000000005	0	0
13.7510000000002	9.22500000000036	14.4449999999997	0	0
14.0869999999995	9.18199999999888	14.5930000000008	0	0
17.9030000000002	19.5640000000003	17.362000000001	0	0
12.3070000000007	5.46900000000096	12.8019999999997	0	0
12.4580000000005	6.20099999999911	13.4599999999991	0	0
13.0939999999991	8.20899999999892	13.8629999999994	0	0
16.223	14.3649999999998	14.1799999999985	0	0
14.7039999999997	12.1859999999997	15.6380000000008	0	0
14.0879999999997	9.59400000000096	14.764000000001	0	0
14.2789999999986	10.4899999999998	15.3950000000004	0	0
14.6849999999995	13.7939999999999	13.7110000000011	0	0
12.4200000000001	4.21899999999914	12.0069999999996	0	0
16.1499999999996	14.1119999999992	16.2189999999991	0	0
14.0779999999995	8.12299999999959	13.8799999999992	0	0
14.7110000000011	10.8060000000005	14.2720000000008	0	0
15.9200000000001	14.4680000000008	15.3459999999995	0	0
14.1680000000015	10.3059999999987	14.3719999999994	0	0
13.5660000000007	9.94499999999971	13.6929999999993	0	0
13.8529999999992	10.3580000000002	14.5910000000003	0	0
13.5619999999999	7.8130000000001	13.2650000000012	0	0
15.5759999999991	14.0069999999996	15.3549999999996	0	0
14.5879999999997	9.77399999999943	13.741	0	0
12.5200000000004	8.72900000000118	12.8109999999997	0	0
15.9419999999991	15.3099999999995	16.3159999999989	0	0
13.9920000000002	9.90200000000004	14.25	0	0
11.8059999999987	1.14700000000084	11.3310000000001	0	0
12.4209999999985	2.72299999999996	12.0280000000002	0	0
13.0640000000003	9.1869999999999	13.3350000000009	0	0
12.5450000000001	3.33400000000074	12.625	0	0
13.4789999999994	9.38500000000022	14.4680000000008	0	0
17.5489999999991	18.8460000000014	17.2299999999996	0	0
13.5640000000003	10.0220000000008	14.384	0	0
14.643	9.05500000000029	14.7019999999993	0	0
13.7960000000003	9.60199999999895	14.5529999999999	0	0
12.6840000000011	5.51299999999901	13.0569999999989	0	0
14.3159999999989	9.28600000000006	14.0449999999983	0	0
15.1890000000003	13.0609999999997	14.6929999999993	0	0
14.6820000000007	11.9750000000004	14.4340000000011	0	0
11.478000000001	3.66400000000067	11.387999999999	0	0
14.1910000000007	11.5969999999998	13.1980000000003	0	0
22.5079999999998	17.5439999999999	21.4139999999989	0	0
19.2970000000005	17.9799999999996	16.5820000000003	0	0
12.755000000001	4.01300000000083	12.6810000000005	0	0
12.4850000000006	5.55099999999948	12.4380000000001	0	0
14.2479999999996	9.20599999999831	13.9869999999992	0	0
16.25	14.9330000000009	15.2089999999989	0	0
11.6049999999996	3.98999999999978	12.0559999999987	0	0
13.8510000000006	7.54299999999967	13.018	0	0
13.2490000000016	6.54600000000028	12.5259999999998	0	0
13.4400000000005	5.85099999999875	11.6839999999993	0	0
14.1719999999987	12.3850000000002	13.9979999999996	0	0
12.9499999999989	7.76399999999921	13.1040000000012	0	0
14.2010000000009	11.3970000000008	15.0450000000001	0	0
12.262999999999	4.88100000000122	12.223	0	0
13.509	7.55000000000109	13.8029999999999	0	0
13.2430000000004	7.89800000000105	12.8860000000004	0	0
13.6620000000003	8.01699999999983	12.9290000000001	0	0
12.2699999999986	6.24199999999837	12.7520000000004	0	0
12.9490000000005	6.45699999999852	13.2709999999988	0	0
13.3099999999995	8.43599999999969	13.9290000000001	0	0
11.5900000000001	5.18700000000172	12.6029999999992	0	0
12.5	5.52100000000064	12.7260000000006	0	0
12.7540000000008	7.05099999999948	12.9519999999993	0	0
12.0340000000015	5.23999999999978	12.3760000000002	0	0
14.2820000000011	9.31700000000092	13.6769999999997	0	0
15.6029999999992	9.86800000000039	15.1919999999991	0	0
13.8270000000011	9.15000000000146	13.6939999999995	0	0
14.6869999999999	11.8050000000003	15.232	0	0
12.8379999999997	5.5010000000002	12.0010000000002	0	0
14.6080000000002	10.9239999999991	15.1209999999992	0	0
13.1110000000008	5.98799999999937	13.5030000000006	0	0
14.869999999999	12.7829999999994	14.4669999999987	0	0
11.7690000000002	5.78199999999924	11.6959999999999	0	0
13.3429999999989	9.65500000000065	13.7999999999993	0	0
12.5390000000007	5.55500000000029	13.2270000000008	0	0
12.5590000000011	4.86599999999999	12.8250000000007	0	0
15.0599999999995	10.4320000000007	15.387999999999	0	0
14.6319999999996	13.3729999999996	14.5750000000007	0	0
16.4590000000007	8.89899999999943	16.7070000000003	0	0
12.9249999999993	7.38000000000102	13.5949999999993	0	0
14.8539999999994	12.2440000000006	15.5870000000014	0	0
12.5	7.42799999999988	13.8010000000013	0	0
16.9930000000004	14.8989999999994	15.023000000001	0	0
13.7729999999992	10.0220000000008	13.8330000000005	0	0
16.1090000000004	15.4629999999997	15.6610000000001	0	0
18.9210000000003	16.9630000000016	17.139000000001	0	0
13.2360000000008	6.62199999999939	13.893	0	0
11.3960000000006	3.22799999999916	11.5249999999978	0	0
13.2979999999989	8.65100000000166	13.2289999999994	0	0
14.9909999999982	10.2209999999995	14.0360000000001	0	0
12.482	8.02799999999843	12.5069999999978	0	0
13.5859999999993	2.64600000000064	12.3310000000019	0	0
11.6469999999972	3.81600000000071	11.854000000003	0	0
13.7729999999974	10.0259999999998	14.0169999999998	0	0
12.5040000000008	2.52199999999903	12.4399999999987	0	0
13.1260000000002	5.79800000000068	14.1940000000031	0	0
13.3640000000014	5.89099999999962	13.4520000000011	0	0
13.8859999999986	12.2080000000005	14.5669999999991	0	0
12.3019999999997	8.14400000000023	12.4880000000012	0	0
14.6310000000012	5.85299999999916	15.4989999999998	0	0
11.9360000000015	1.71399999999994	11.4380000000019	0	0
15.3240000000005	13.5959999999995	15.3140000000021	0	0
12.7220000000016	6.88900000000103	12.8389999999999	0	0
13.0739999999969	6.40499999999884	12.9910000000018	0	0
11.5669999999991	2.74300000000039	11.5810000000019	0	0
12.1949999999997	2.18100000000049	12.163999999997	0	0
14.2279999999992	10.2340000000004	14.5429999999978	0	0
17.2060000000019	17.5789999999997	16.0600000000013	0	0
14.9519999999975	11.5660000000007	15.3369999999995	0	0
12.2519999999968	6.90200000000004	12.8180000000029	0	0
14.1539999999986	11.9449999999997	15.2050000000017	0	0
14.8179999999993	11.7489999999998	15.3199999999997	0	0
12.4539999999979	7.23800000000119	12.875	0	0
14.4319999999971	3.29199999999946	14.3990000000013	0	0
11.9050000000025	3.57500000000073	12.0479999999989	0	0
13.3169999999991	7	13.8970000000008	0	0
12.2170000000006	4.10000000000036	11.9860000000008	0	0
14.5360000000001	9.56999999999971	13.8310000000019	0	0
16.4470000000001	16.2609999999986	13.9959999999992	0	0
16.3310000000019	14.9589999999989	15.5339999999997	0	0
15.344000000001	13.2880000000005	14.8529999999992	0	0
13.6189999999988	8.38699999999881	13.6099999999969	0	0
15.9340000000011	12.7300000000014	14.0319999999992	0	0
12.8190000000031	8.53000000000065	12.7770000000019	0	0
15.3129999999983	6.37700000000041	14.3859999999986	0	0
12.2669999999998	6.98000000000138	12.8110000000015	0	0
13.2520000000004	8.60599999999977	14.1800000000003	0	0
12.393	4.246000000001	12.9560000000019	0	0
13.3559999999998	7.76699999999983	14.6739999999991	0	0
12.0159999999996	3.29800000000068	11.8619999999974	0	0
12.4660000000003	7.22699999999895	12.8549999999996	0	0
12.1579999999994	6.02299999999923	13.1679999999978	0	0
14.5669999999991	6.36100000000079	14.2239999999983	0	0
13.3150000000023	8.45199999999932	13.7599999999984	0	0
14.7959999999985	13.366	14.875	0	0
16.3029999999999	18.8550000000014	16.1500000000015	0	0
16.8509999999987	14.9000000000015	16.2700000000004	0	0
14.4420000000027	11.2049999999999	14.0360000000001	0	0
14.4099999999999	8.54500000000007	14.9029999999984	0	0
13.0800000000017	7.50900000000001	13.405999999999	0	0
13.3019999999997	6.78700000000026	13.7299999999996	0	0
15.3349999999991	13.1669999999995	15.1689999999981	0	0
15.7750000000015	13.228000000001	14.9020000000019	0	0
15.2099999999991	11.978000000001	15.3830000000016	0	0
12.5659999999989	4.52300000000105	12.2459999999992	0	0
14.7170000000006	11.0750000000007	14.757999999998	0	0
15.6699999999983	15.0820000000003	15.9120000000003	0	0
12.7630000000026	8.08400000000074	13.2119999999995	0	0
17.1399999999994	17.7240000000002	16.0660000000025	0	0
15.6729999999989	7.67299999999886	16.4069999999992	0	0
14.6520000000019	12.2330000000002	14.7380000000012	0	0
14.6800000000003	11.344000000001	14.8909999999996	0	0
14.5750000000007	13.7950000000001	13.9880000000012	0	0
18.6080000000002	21.9529999999995	16.143	0	0
13.8050000000003	6.55799999999908	14.2720000000008	0	0
13.8880000000026	7.52999999999884	14.0670000000027	0	0
13.0679999999993	9.3809999999994	14.2569999999978	0	0
11.9960000000028	3.85100000000057	11.9269999999997	0	0
12.9650000000001	6.99499999999898	12.9229999999989	0	0
15.625	11.2529999999988	15.1000000000022	0	0
14.601999999999	10.8460000000014	13.9060000000027	0	0
12.5210000000006	8.6309999999994	12.2619999999988	0	0
14.5780000000013	13.2430000000004	13.8509999999987	0	0
13.5670000000027	8.14999999999964	12.9320000000007	0	0
13.4809999999998	8.83400000000074	14.8709999999992	0	0
12.2750000000015	1.33500000000095	11.6860000000015	0	0
11.7039999999979	3.58799999999974	12.3600000000006	0	0
13.762999999999	8.85900000000038	14.5740000000005	0	0
11.6210000000028	5.20199999999932	11.9509999999973	0	0
11.7920000000013	2.57900000000154	12.2740000000013	0	0
15.5820000000022	12.5380000000005	14.9489999999969	0	0
13.760000000002	6.42499999999927	14.0470000000023	0	0
12.1539999999986	5.6260000000002	13.5660000000025	0	0
14.4349999999977	10.2830000000013	13.757999999998	0	0
13.1090000000004	8.45000000000073	13.476999999999	0	0
18.1810000000005	18.2240000000002	17.8089999999975	0	0
18.0800000000017	15.4869999999992	17.1280000000006	0	0
15.364999999998	11.7760000000017	15.1719999999987	0	0
13.7350000000006	8.09000000000015	13.8069999999971	0	0
12.2999999999993	6.28199999999924	12.8159999999989	0	0
12.8289999999979	7.19300000000112	13.5640000000021	0	0
15.5149999999994	10.1080000000002	16.5450000000019	0	0
12.9750000000022	8.95700000000033	13.5169999999998	0	0
13.9000000000015	10.6620000000003	13.8660000000018	0	0
13.3770000000004	9.98600000000079	14.0380000000005	0	0
12.8529999999992	6.34799999999996	12.9969999999994	0	0
16.7150000000001	10.6599999999999	17.8690000000024	0	0
11.3230000000003	2.54800000000068	11.2799999999988	0	0
12.2819999999992	6.8080000000009	13.2769999999982	0	0
15.7089999999989	6.90899999999965	15.6729999999989	0	0
13.094000000001	7.70100000000093	13.1890000000021	0	0
14.5339999999997	11.357	14.9809999999998	0	0
12.8169999999991	4.33699999999953	13.114999999998	0	0
15.9959999999992	15.5730000000003	16.4619999999995	0	0
12.969000000001	4.9419999999991	12.762999999999	0	0
14.1739999999991	9.69000000000051	14.5040000000008	0	0
16.3019999999997	15.6499999999996	13.9499999999971	0	0
11.8420000000006	4.44100000000071	11.7489999999998	0	0
13	7.95299999999952	12.9550000000017	0	0
12.8849999999984	6.34499999999935	12.9099999999999	0	0
14.0849999999991	8.26100000000042	13.4130000000005	0	0
15.5130000000026	11.3689999999988	15.1460000000006	0	0
12.5540000000001	4.33600000000115	12.6510000000017	0	0
13.6569999999992	9.56399999999849	14.6759999999995	0	0
14.8450000000012	14.4110000000001	14.6790000000001	0	0
13.6569999999992	8.54999999999927	14.1700000000019	0	0
15.1399999999994	11.4230000000007	15.6610000000001	0	0
11.0779999999977	3.83899999999994	12.0370000000003	0	0
11.612000000001	2.97199999999975	11.6450000000004	0	0
14.0770000000011	9.13100000000122	14.1599999999999	0	0
12.5900000000001	5.22200000000157	12.7260000000024	0	0
12.9929999999986	8.70000000000073	13.3349999999991	0	0
15.3159999999989	8.77200000000084	16.1140000000014	0	0
12.1990000000005	2.25600000000122	12.023000000001	0	0
14.6130000000012	13.9720000000016	16.3070000000007	0	0
12.8070000000007	7.12799999999879	13.3899999999994	0	0
15.0089999999982	12.2860000000001	15.2970000000023	0	0
19.025999999998	17.8739999999998	18.8529999999992	0	0
13.9160000000011	8.92400000000089	13.2289999999994	0	0
13.8760000000002	11.0760000000009	13.8679999999986	0	0
12.7279999999992	7.46900000000096	11.3830000000016	0	0
13.1920000000027	7.66100000000006	12.1970000000001	0	0
21.8599999999969	20.6910000000007	18.5640000000021	0	0
16.5560000000005	9.15999999999985	15.6899999999987	0	0
13.7139999999999	11.7700000000004	13.8109999999979	0	0
12.9390000000021	7.33799999999974	12.7049999999981	0	0
12.2119999999995	4.3119999999999	11.6640000000007	0	0
15.0070000000014	14.0990000000002	15.380000000001	0	0
13.844000000001	7.94200000000092	13.7510000000002	0	0
13.9830000000002	11.0859999999993	14.0190000000002	0	0
12.7830000000031	7.44999999999891	14.0010000000002	0	0
14.3220000000001	11.8400000000001	13.4979999999996	0	0
13.2309999999998	6.18900000000031	12.8739999999998	0	0
15.9909999999982	16.7649999999994	15.5369999999966	0	0
21.5689999999995	25.5580000000009	17.1359999999986	0	0
18.6219999999994	18.1169999999984	16.2870000000003	0	0
15.6239999999998	13.369999999999	14.2749999999978	0	0
13.3630000000012	8.621000000001	12.6890000000021	0	0
13.4719999999979	7.53399999999965	12.1569999999992	0	0
16.2180000000008	14.4519999999993	14.9660000000003	0	0
16.1380000000026	16.0789999999997	15.1749999999993	0	0
18.0250000000015	19.9130000000005	17.7349999999969	0	0
13.2789999999986	10.2259999999987	13.1879999999983	0	0
16.8080000000009	14.4149999999991	15.989999999998	0	0
11.7870000000003	4.5679999999993	11.7780000000021	0	0
13.643	12.7039999999997	12.7340000000004	0	0
16.1169999999984	18.0329999999994	14.875	0	0
13.538999999997	9.78000000000065	14.0400000000009	0	0
11.4890000000014	4.68399999999929	11.9049999999988	0	0
15.1760000000031	13	14.7949999999983	0	0
15.4510000000009	11.505000000001	15.7049999999981	0	0
16.6239999999998	14.2669999999998	15.7560000000012	0	0
15.0399999999972	14.0339999999997	14.3539999999994	0	0
11.8400000000001	5.41899999999987	12.7299999999996	0	0
17.012999999999	17.5429999999997	16.7430000000022	0	0
13.2330000000002	8.25500000000102	13.6700000000019	0	0
13.724000000002	11.094000000001	14.3239999999969	0	0
18.744999999999	17.4339999999993	17.094000000001	0	0
11.6980000000003	6.46900000000096	12.7119999999995	0	0
13.5439999999981	8.71900000000096	13.3919999999998	0	0
13.3859999999986	7.66499999999905	13.7910000000011	0	0
13.6370000000024	7.43399999999929	14.0809999999983	0	0
15.2540000000008	9.32699999999932	15.1739999999991	0	0
16.5330000000031	15.6119999999992	16.1359999999986	0	0
12.7969999999987	8.71800000000076	13.0709999999999	0	0
12.4490000000005	4.67900000000009	13.5590000000011	0	0
12.9759999999987	7.17799999999988	12.1180000000022	0	0
12.3499999999985	6.875	12.5020000000004	0	0
11.9069999999992	4.70900000000074	12.0600000000013	0	0
13.3730000000032	6.33999999999833	13.0139999999992	0	0
12.9380000000019	9.65900000000147	14.1929999999993	0	0
11.8359999999993	4.73800000000119	11.9270000000033	0	0
13.0429999999978	3.0679999999993	13.1290000000008	0	0
12.7669999999998	5.51399999999921	12.9910000000018	0	0
13.9670000000006	8.79299999999967	14.7989999999991	0	0
14.9629999999997	14.6509999999998	14.8240000000005	0	0
16.1870000000017	16.5110000000004	15.9150000000009	0	0
13.505000000001	7.09799999999996	13.5839999999989	0	0
12.9929999999986	5.48999999999978	13.4850000000006	0	0
13.4759999999987	9.7510000000002	13.7930000000015	0	0
11.3449999999975	4.36000000000058	11.7799999999988	0	0
11.8689999999988	3.55500000000029	11.6879999999983	0	0
16.8470000000016	18.2369999999992	17.0320000000029	0	0
12.1839999999975	6.6309999999994	13.604000000003	0	0
13.0300000000025	5.60499999999956	12.9939999999988	0	0
14.3080000000009	11.3119999999999	14.8119999999981	0	0
14.9140000000007	12.3250000000007	15.1909999999989	0	0
11.7170000000006	5.02100000000064	10.9290000000001	0	0
11.8050000000003	6.43499999999949	11.5419999999976	0	0
16.5469999999987	12.2510000000002	16.1450000000004	0	0
18.4689999999973	18.9279999999999	16.2839999999997	0	0
13.4290000000001	9.73800000000119	13.375	0	0
14.762999999999	10.1450000000004	13.5920000000006	0	0
11.844000000001	5.6200000000008	11.4629999999997	0	0
11.7880000000005	4.11599999999999	12.0900000000001	0	0
16.1919999999991	13.2820000000011	15.8910000000033	0	0
12.9639999999999	7.60599999999977	13.2849999999999	0	0
15.4850000000006	14.0560000000005	13.6310000000012	0	0
18.3609999999971	19.0749999999989	17.1659999999974	0	0
13.9340000000011	8.36000000000058	13.4719999999979	0	0
14.2959999999985	11.2530000000006	14.7690000000002	0	0
16.4459999999999	15.8729999999996	17.0819999999985	0	0
12.6650000000009	3.16500000000087	12.6009999999987	0	0
13.0550000000003	8.83200000000033	13.247000000003	0	0
13.9529999999977	9.61599999999999	14.900999999998	0	0
14.2669999999998	11.2399999999998	14.6389999999992	0	0
14.5570000000007	12.4040000000005	15.7650000000031	0	0
16.0950000000012	8.27700000000004	16.3429999999971	0	0
12.6940000000031	7.30199999999968	12.5959999999977	0	0
14.5400000000009	12.8310000000001	15.6959999999999	0	0
15.6719999999987	15.1950000000015	16.3689999999988	0	0
16.9619999999995	13.2070000000003	16.2379999999976	0	0
15.0239999999976	10.0259999999998	14.7489999999998	0	0
13.3400000000001	7.04800000000068	12.9959999999992	0	0
15.1589999999997	10.6149999999998	14.6879999999983	0	0
12.9540000000015	7.57200000000012	13.4880000000012	0	0
13.6530000000021	9.64699999999903	15.1549999999988	0	0
14.8820000000014	11.7299999999996	15.143	0	0
13.237000000001	8.87700000000041	14.4799999999996	0	0
13.351999999999	10.1570000000011	14.0640000000021	0	0
14.8919999999998	10.0799999999999	14.6419999999998	0	0
11.8709999999992	3.92299999999886	11.7740000000013	0	0
12.226999999999	5.8179999999993	12.9789999999994	0	0
14.5149999999994	11.3239999999987	14.4130000000005	0	0
15.1720000000023	13.3720000000012	14.6209999999992	0	0
14.7540000000008	12.5570000000007	14.5950000000012	0	0
13.9320000000007	10.0749999999989	14.3430000000008	0	0
13.5709999999999	8.22799999999916	14.5159999999996	0	0
12.3310000000019	5.78400000000147	12.4229999999989	0	0
12.6889999999985	5.86099999999897	11.9150000000009	0	0
14.4969999999994	8.79399999999987	13.7700000000004	0	0
13.2089999999989	8.69499999999971	14.1630000000005	0	0
14.1909999999989	11.4639999999999	13.3319999999985	0	0
11.6280000000006	4.0630000000001	11.8820000000014	0	0
11.7230000000018	5.09900000000016	12.6500000000015	0	0
13.380000000001	8.79000000000087	14.1510000000017	0	0
13.5400000000009	7.11699999999837	13.1100000000006	0	0
14.3119999999981	11.9800000000014	15.7589999999982	0	0
13.4150000000009	9.02100000000064	14.143	0	0
17.4579999999987	19.1569999999992	16.5699999999997	0	0
13.0949999999975	8.8130000000001	13.2839999999997	0	0
12.6840000000011	3.18299999999908	12.2829999999994	0	0
13.0820000000022	6.27900000000045	12.9530000000013	0	0
15.8040000000001	14.3670000000002	16.1380000000026	0	0
13.0169999999998	6.52899999999863	12.8640000000014	0	0
12.2260000000024	4.84599999999955	12.7669999999998	0	0
13.0639999999985	8.26800000000003	14.2060000000019	0	0
15.1769999999997	9.93400000000111	15.1140000000014	0	0
14.4530000000013	6.89599999999882	14.8260000000009	0	0
12.1290000000008	5.80199999999968	13.3430000000008	0	0
12.0320000000029	3.22000000000116	12.0679999999993	0	0
12.1059999999998	4.01900000000023	12.6460000000006	0	0
12.6929999999993	2.97899999999936	12.1959999999999	0	0
11.9020000000019	4.48899999999958	12.0289999999986	0	0
12.7599999999984	9	13.8270000000011	0	0
12.9589999999989	3.92799999999988	12.5339999999997	0	0
12.1980000000003	2.47299999999996	12.2569999999978	0	0
12.4589999999989	3.26700000000164	12.4409999999989	0	0
12.857	5.03199999999924	13.4729999999981	0	0
13.7489999999998	9.74200000000019	14.6929999999993	0	0
13.155999999999	8.63899999999921	13.0569999999971	0	0
11.844000000001	3.05600000000049	11.8060000000005	0	0
12.255000000001	5.10900000000038	13.0380000000005	0	0
13.2150000000001	9.91100000000006	13.3539999999994	0	0
15.5559999999969	13.7559999999994	15.0119999999988	0	0
18.9840000000004	21.6779999999999	16.3250000000007	0	0
15.8070000000007	9.64999999999964	15.604000000003	0	0
13.8410000000003	9.14099999999962	13.7659999999996	0	0
14.0210000000006	11.1970000000019	15.0869999999995	0	0
13.5609999999979	7.19900000000052	13.9069999999992	0	0
14.4869999999974	11.6769999999997	15.4399999999987	0	0
12.2590000000018	7.42699999999968	12.5649999999987	0	0
12.8790000000008	9.32200000000012	13.7669999999998	0	0
13.5410000000011	12.4110000000001	14.0360000000001	0	0
13.7040000000015	12.2639999999992	14.0790000000015	0	0
16.2479999999996	13.2289999999994	14.9639999999999	0	0
12.768	6.64500000000044	13.1599999999999	0	0
13.8090000000011	12.5239999999976	13.5809999999983	0	0
15.0639999999985	12.0349999999999	15.0750000000007	0	0
13.8970000000008	11.0220000000008	14.6869999999981	0	0
15.1150000000016	9.54100000000108	16.2200000000012	0	0
13.898000000001	10.4419999999991	13.010000000002	0	0
12.9620000000032	5.51399999999921	12.367000000002	0	0
17.3970000000008	17.1140000000014	15.9239999999991	0	0
13.5989999999983	7.02399999999761	13.4219999999987	0	0
13.9830000000002	11.4159999999974	13.6800000000003	0	0
15.6039999999994	14.9029999999984	15.7849999999999	0	0
11.4780000000028	1.66300000000047	10.864999999998	0	0
11.8359999999993	3.270999999997	11.5560000000005	0	0
15.3449999999975	13.7079999999987	15.2819999999992	0	0
15.6610000000001	13.632999999998	14.898000000001	0	0
16.1119999999974	16.3060000000005	15.2540000000008	0	0
12.2000000000007	6.6919999999991	13.0920000000006	0	0
12.7479999999996	6.81000000000131	12.9730000000018	0	0
16.8430000000008	16.6039999999994	16.4950000000026	0	0
12.9509999999973	9.93100000000049	15	0	0
12.3449999999975	5.32900000000154	11.887999999999	0	0
13.0939999999973	8.47899999999936	13.625	0	0
13.862000000001	9.16699999999764	14.7229999999981	0	0
14.7129999999997	6.81599999999889	14.8940000000002	0	0
17.4729999999981	18.107	16.0829999999987	0	0
13.2170000000006	9.90199999999822	13.9010000000017	0	0
11.9370000000017	5.69800000000032	12.2090000000026	0	0
12.8689999999988	6.84799999999814	13.2259999999987	0	0
19.0599999999977	21.9979999999996	16.7379999999976	0	0
18.1130000000012	18.1919999999991	16.5379999999968	0	0
13.9380000000019	8.21299999999974	14.1899999999987	0	0
12.507999999998	9.19700000000012	13.8789999999972	0	0
17.4409999999989	16.1270000000004	16.6340000000018	0	0
11.8689999999988	1.86899999999878	11.5299999999988	0	0
11.2930000000015	4.57200000000012	11.625	0	0
15.1919999999991	14.1759999999995	14.7999999999993	0	0
13.1970000000001	9.23400000000038	13.9919999999984	0	0
13.1009999999987	8.2400000000016	14.6209999999992	0	0
13.2900000000009	7.06599999999889	14.6599999999999	0	0
12.1770000000033	2.22600000000239	11.7339999999967	0	0
14.9110000000001	10.8760000000002	14.489999999998	0	0
13.380000000001	5.51100000000224	12.6599999999999	0	0
15.7789999999986	14.3369999999995	15.2170000000006	0	0
12.4660000000003	5.93000000000029	12.0119999999988	0	0
14.5889999999999	9.76399999999921	15.2210000000014	0	0
14.8390000000036	9.85699999999997	15.3600000000006	0	0
12.0360000000001	4.4419999999991	12.2729999999974	0	0
12.5970000000016	5.51500000000306	12.8400000000001	0	0
16.8529999999992	15.9650000000001	15.9089999999997	0	0
11.8199999999997	3.35800000000017	12.0560000000005	0	0
12.0319999999992	5.66600000000108	13.155999999999	0	0
12.5529999999999	5.5	13.010000000002	0	0
14.4609999999993	11.9400000000023	13.7839999999997	0	0
14.9930000000022	9.4890000000014	14.0420000000013	0	0
16.0289999999986	14.7839999999997	16.6550000000025	0	0
15.0120000000024	13.6209999999992	14.7920000000013	0	0
13.3260000000009	8.59400000000096	12.8050000000003	0	0
14.6440000000002	10.5999999999985	13.8100000000013	0	0
12.239999999998	6.1830000000009	12.5020000000004	0	0
14.2649999999994	11.3790000000008	13.8170000000027	0	0
16.5269999999982	15.3149999999987	17.4749999999985	0	0
16.7180000000008	18.5310000000027	16.2279999999992	0	0
12.6039999999994	6.62900000000081	11.6059999999998	0	0
13.6939999999995	7.79299999999785	13.7849999999999	0	0
15.3739999999998	11.0750000000007	15.1290000000008	0	0
13.9449999999997	10.4269999999997	14.0479999999989	0	0
15.8539999999994	13.7949999999983	16.007999999998	0	0
13.3400000000001	5.30799999999726	12.6260000000002	0	0
13.3340000000026	9.79300000000148	13.1549999999988	0	0
12.6100000000006	6.4989999999998	12.5040000000008	0	0
14.2719999999972	8.20899999999892	14.8120000000017	0	0
16.4670000000006	17.2170000000006	16.2049999999981	0	0
15.8179999999993	12.4400000000023	15.6800000000003	0	0
16.112000000001	14.0239999999976	14.8359999999993	0	0
13.4099999999999	9.10699999999997	13.1219999999994	0	0
15.4749999999985	13.8010000000031	15.9269999999997	0	0
14.6949999999997	11.3870000000024	14.5329999999994	0	0
14.8990000000013	10.1560000000027	15.4259999999995	0	0
12.4779999999992	6.65099999999802	12.8139999999985	0	0
12.101999999999	4.62599999999657	12.4939999999988	0	0
14.9130000000005	14.2890000000007	14.5910000000003	0	0
12.3950000000004	5.35000000000218	12.1470000000008	0	0
13.6529999999984	8.72299999999814	12.8029999999999	0	0
14.5	10.0410000000011	15.4180000000015	0	0
13.094000000001	7.47999999999956	14.375	0	0
12.3310000000019	4.46399999999994	13.0430000000015	0	0
11.3849999999984	4.1720000000023	12.1579999999994	0	0
16.1009999999987	15.387999999999	16.1529999999984	0	0
14.5219999999972	12.9930000000022	15.4449999999997	0	0
16.6909999999989	15.4859999999971	16.5200000000004	0	0
15.1880000000019	11.6649999999972	16.643	0	0
12.6469999999972	9.25400000000081	12.7489999999998	0	0
10.9229999999989	3.13899999999921	11.1739999999991	0	0
14.1140000000014	11.1280000000006	12.7880000000005	0	0
14.9140000000007	10.6869999999981	14.4919999999984	0	0
18.997000000003	20.3989999999976	18.0560000000005	0	0
12.0609999999979	5.0570000000007	11.9290000000001	0	0
13.9660000000003	5.70600000000195	13.4530000000013	0	0
12.247000000003	6.93400000000111	12.5730000000003	0	0
12.3950000000004	4.34400000000096	12.2669999999998	0	0
13.75	5.5099999999984	14.3120000000017	0	0
13.619999999999	9.17900000000009	14.5010000000002	0	0
14.9179999999978	11.9219999999987	15.1520000000019	0	0
14.5460000000021	10.4419999999991	15.3040000000001	0	0
13.6439999999966	10.6809999999969	14.7119999999995	0	0
13.7570000000014	11.4429999999993	14.0620000000017	0	0
15.0869999999995	11.643	15.6739999999991	0	0
15.5950000000012	12.9470000000001	16.6810000000005	0	0
13.2769999999982	7.51199999999881	13.0460000000021	0	0
14.3060000000005	11.8610000000008	13.8610000000008	0	0
15.4760000000024	12.1009999999987	14.3869999999988	0	0
13.7119999999995	9.00299999999697	12.8990000000013	0	0
12.6929999999993	8.03600000000006	12.9800000000032	0	0
12.5950000000012	4.73600000000079	11.8709999999992	0	0
15.7129999999997	13.9000000000015	16.0399999999972	0	0
14.8329999999987	11.3169999999991	14.7659999999996	0	0
13.724000000002	10.5569999999971	13.2819999999992	0	0
15.8580000000002	15.4140000000007	14.1730000000025	0	0
11.0730000000003	2.99799999999959	10.8050000000003	0	0
10.0869999999995	6.32300000000032	9.9210000000021	0	0
19.4960000000028	30.6759999999995	15.9020000000019	0	0
19.4459999999999	30.9759999999987	15.7929999999978	0	0
15.8659999999982	19.2790000000023	12.4540000000015	0	0
18.9910000000018	32.2920000000013	15.0450000000019	0	0
13.3480000000018	13.2999999999993	12.3349999999991	0	0
22.4830000000002	33.3580000000002	16.5759999999973	0	0
17.893	23.0649999999987	13.1699999999983	0	0
19.7089999999989	27.6180000000022	13.4169999999976	0	0
12.3359999999993	8.15699999999924	10.849000000002	0	0
12.3410000000003	12.0450000000019	12.5779999999977	0	0
13.8420000000006	15.4469999999965	12.5930000000008	0	0
16.9340000000011	25.125	14.0669999999991	0	0
16.2770000000019	24.7260000000024	14.3709999999992	0	0
14.007999999998	17.3069999999971	13.2990000000027	0	0
16.5650000000023	22.9500000000007	14.0910000000003	0	0
26.2380000000012	40.905999999999	16.0790000000015	0	0
17.762999999999	26.4249999999993	12.7389999999978	0	0
17.6850000000013	32.1080000000002	13.7779999999984	0	0
15.474000000002	15.7720000000008	11.8169999999991	0	0
15.2870000000003	23.2000000000007	13.9950000000026	0	0
13.6400000000031	12.875	11.3190000000031	0	0
14.875	16.7860000000001	12.4660000000003	0	0
12.6419999999998	11.0149999999994	10.3080000000009	0	0
21.7400000000016	36.6310000000012	14.4529999999977	0	0
12.9140000000007	13.4030000000021	10.7189999999973	0	0
13.8970000000008	14.7380000000012	12.6970000000001	0	0
15.9670000000006	24.3960000000006	14.1090000000004	0	0
16.4519999999975	24.6889999999985	13.744999999999	0	0
17.1749999999993	26.711000000003	13.3109999999979	0	0
13.8060000000005	12.8409999999967	11.5070000000014	0	0
20.8979999999974	33.5900000000001	14.7780000000021	0	0
13.6440000000002	18.2870000000003	11.3199999999997	0	0
18.6039999999994	36.5869999999995	15.6700000000019	0	0
20.2380000000012	34.4199999999983	14.4840000000004	0	0
11.7250000000022	8.27699999999822	9.44900000000052	0	0
25.9370000000017	46.7710000000006	15.755000000001	0	0
15.3270000000011	19.7989999999991	11.2389999999978	0	0
14.344000000001	16.7839999999997	12.6850000000013	0	0
14.1929999999993	12.9850000000006	11.0509999999995	0	0
20.8499999999985	36.3220000000001	12.7819999999992	0	0
10.7669999999998	4.99799999999959	8.80899999999747	0	0
19.094000000001	33.6129999999976	13.469000000001	0	0
13.0600000000013	13.625	10.1150000000016	0	0
12.7569999999978	10.7180000000008	12.3470000000016	0	0
18.8090000000011	28.268	13.3319999999985	0	0
20.4639999999999	35.7539999999972	14.7570000000014	0	0
15.1749999999993	19.2030000000013	12.6959999999999	0	0
17.1820000000007	22.8070000000007	12.9969999999994	0	0
