3.568	0.847	3.361	0	0
3.097	0.914	3.114	0	0
3.298	0.917	3.432	0	0
3.124	1.526	3.209	0	0
3.06	0.863999999999999	3.175	0	0
3.034	0.731999999999999	3.134	0	0
3.159	0.894	3.21600000000001	0	0
3.131	0.716999999999999	3.163	0	0
3.17999999999999	1.49	3.29899999999999	0	0
3.13499999999999	0.812000000000001	3.14400000000001	0	0
3.24799999999999	1.19	3.407	0	0
3.059	0.750999999999998	3.254	0	0
2.93900000000001	0.498000000000001	2.89200000000001	0	0
3.01300000000001	0.375	2.94500000000001	0	0
3.095	0.725000000000005	3.056	0	0
3.033	0.555999999999997	3.11699999999999	0	0
3.006	0.688000000000002	3.089	0	0
2.98999999999998	0.726999999999997	3.072	0	0
3.09800000000001	1.301	3.28199999999998	0	0
3.46799999999999	0.880000000000003	3.48699999999999	0	0
4.00999999999999	0.794000000000004	4.202	0	0
3.149	1.276	3.23400000000001	0	0
2.97400000000002	0.597000000000001	2.96299999999999	0	0
2.97999999999999	0.631	3.07000000000002	0	0
2.983	0.518000000000001	3.101	0	0
3.01500000000001	0.600000000000001	3.06200000000001	0	0
2.95699999999999	0.637	3.14800000000002	0	0
2.96899999999999	0.661999999999999	3.06999999999999	0	0
2.971	0.469000000000001	3.01999999999998	0	0
3.113	0.765999999999998	3.083	0	0
2.94999999999999	0.826999999999998	3.10899999999998	0	0
3.05100000000002	0.728000000000002	3.249	0	0
3.15800000000002	0.944000000000003	3.13899999999998	0	0
2.994	0.631	3.08600000000001	0	0
3.01700000000002	0.653000000000006	3.09199999999998	0	0
2.98699999999997	0.798999999999992	3.17599999999999	0	0
3.12700000000001	0.807999999999993	3.125	0	0
2.96899999999999	0.597999999999999	3.12399999999997	0	0
2.98899999999998	0.788999999999987	3.12700000000001	0	0
3.08299999999997	0.790000000000006	3.19699999999995	0	0
3.01400000000001	0.669000000000011	3.06299999999999	0	0
3.01599999999996	0.766999999999996	3.11599999999999	0	0
2.98400000000004	0.679999999999993	3.01600000000002	0	0
2.98899999999998	0.901999999999987	3.24299999999999	0	0
2.988	0.978999999999999	3.197	0	0
3.44	1.05800000000001	3.64600000000002	0	0
2.94099999999997	0.429000000000002	2.88799999999998	0	0
2.94300000000004	0.436999999999998	2.95499999999998	0	0
3.00500000000005	0.620999999999995	3.00900000000001	0	0
2.94999999999999	0.594999999999999	3.11000000000001	0	0
3.00799999999998	0.640999999999991	3.07999999999998	0	0
2.96500000000003	0.731000000000009	3.15100000000001	0	0
2.95300000000003	0.603999999999999	3.048	0	0
2.94	0.293999999999997	2.97000000000003	0	0
2.98000000000002	0.580999999999989	3.07900000000001	0	0
2.95300000000003	0.629999999999995	3.02800000000002	0	0
2.904	0.637999999999991	3.10000000000002	0	0
2.98500000000001	0.634999999999991	3.13200000000001	0	0
3.02599999999995	0.697999999999993	3.25999999999999	0	0
2.97699999999998	0.628999999999991	2.99499999999995	0	0
3.19299999999998	0.915999999999997	3.21799999999996	0	0
2.94399999999996	0.631	3.089	0	0
3.56799999999998	0.719999999999999	3.67200000000003	0	0
3.19599999999997	1.107	3.16000000000003	0	0
3.13100000000003	0.890999999999991	3.12200000000001	0	0
3.62400000000002	0.602999999999994	3.68799999999999	0	0
3.90800000000002	0.61699999999999	3.97400000000005	0	0
3.48499999999996	0.325999999999993	3.363	0	0
3.06400000000002	0.804999999999993	3.13800000000003	0	0
2.916	0.517999999999986	2.96299999999997	0	0
3.05500000000001	0.564999999999998	3.03800000000001	0	0
3.77599999999995	0.489999999999995	3.65200000000004	0	0
3.63600000000008	0.66500000000002	3.73099999999999	0	0
3.01199999999994	0.650000000000006	3.04300000000001	0	0
3.77800000000002	1.08099999999999	3.68700000000001	0	0
3.42000000000007	0.569999999999993	3.42100000000005	0	0
3.69100000000003	0.673999999999978	3.73900000000003	0	0
3.00699999999995	0.653999999999996	3.04300000000001	0	0
3	0.578999999999979	3.05700000000002	0	0
3.02200000000005	0.863	3.20600000000002	0	0
3.03000000000009	0.939999999999998	3.08299999999997	0	0
3.27800000000002	1.54400000000001	3.31000000000006	0	0
3.03800000000001	0.631	3.03599999999994	0	0
2.98500000000001	0.549000000000007	2.98699999999997	0	0
2.98900000000003	0.635999999999996	3.08100000000002	0	0
3.06299999999999	0.805000000000007	3.09100000000001	0	0
3.13	0.777000000000015	3.18999999999994	0	0
3.33499999999992	2.161	3.73900000000003	0	0
2.97099999999989	0.644000000000005	2.93500000000006	0	0
3.11800000000005	0.800000000000011	3.07500000000005	0	0
3.00400000000002	0.627999999999986	3.005	0	0
2.97800000000007	0.683999999999997	3.06200000000001	0	0
2.95799999999997	0.626000000000005	3.18200000000002	0	0
2.97799999999995	0.741000000000014	3.03999999999996	0	0
2.91699999999992	0.768000000000001	3.024	0	0
3.05599999999993	0.658000000000015	3.18899999999996	0	0
3.22699999999998	0.859000000000009	3.26400000000001	0	0
3.00800000000004	0.780000000000001	3.077	0	0
3.03499999999997	0.733000000000004	3.13699999999994	0	0
3.096	0.948999999999984	3.22900000000004	0	0
3.07400000000007	0.817000000000007	3.11299999999994	0	0
3.01799999999992	0.607999999999976	3.01699999999994	0	0
3.00400000000002	0.949999999999989	3.10199999999998	0	0
3.05200000000002	1.00300000000001	3.36500000000001	0	0
3.14700000000005	0.786000000000001	3.0619999999999	0	0
3.11000000000001	0.651999999999987	3.00199999999995	0	0
3.04100000000005	0.837999999999994	3.04599999999994	0	0
3.04599999999994	0.699000000000012	3.005	0	0
3.32600000000002	1.137	3.25900000000001	0	0
3.31100000000004	0.870000000000005	2.98800000000006	0	0
3.58399999999995	1.137	3.524	0	0
3.12799999999993	0.706000000000017	3.00199999999995	0	0
3.23599999999999	0.831999999999994	3.36500000000001	0	0
3.197	0.951999999999998	3.08199999999999	0	0
3.00700000000006	0.605999999999995	3.05099999999993	0	0
2.96600000000001	0.659999999999997	3.07600000000002	0	0
2.904	0.448000000000008	2.89599999999996	0	0
3.07400000000007	0.742999999999995	3.10500000000002	0	0
3.05700000000002	0.766999999999996	3.02499999999998	0	0
2.99600000000009	0.637	3.02599999999995	0	0
3.02499999999998	0.706999999999994	3.10300000000007	0	0
3.06999999999994	0.786999999999978	3.15600000000006	0	0
3.25700000000006	1.286	3.5379999999999	0	0
3.04600000000005	0.503999999999991	2.97400000000005	0	0
2.971	0.405000000000001	2.93799999999999	0	0
3.40999999999997	0.606999999999999	3.54899999999998	0	0
3.024	0.561000000000007	3.10799999999995	0	0
2.93999999999994	0.582999999999998	2.98500000000001	0	0
2.98799999999994	0.60299999999998	3.01599999999996	0	0
3.03099999999995	0.640999999999991	3.06799999999998	0	0
2.99099999999999	0.553999999999974	3.01200000000006	0	0
2.995	0.667000000000002	3.05499999999995	0	0
2.9910000000001	0.438000000000017	2.99400000000003	0	0
3.02700000000004	0.550000000000011	3.07500000000005	0	0
2.92899999999997	0.382000000000005	3.02599999999995	0	0
2.93900000000008	0.62299999999999	3.09900000000005	0	0
3.005	0.40900000000002	3.07999999999993	0	0
2.92599999999993	0.696999999999974	3.10299999999995	0	0
2.96399999999994	0.782000000000011	3.17600000000004	0	0
3.04099999999994	0.703000000000003	3.19700000000012	0	0
3.005	0.841000000000008	3.14200000000005	0	0
2.9670000000001	0.40100000000001	2.99200000000019	0	0
3.096	0.748999999999995	3.18599999999992	0	0
3.03199999999993	0.817999999999984	3.16100000000006	0	0
3.01299999999992	0.65100000000001	3.16300000000001	0	0
3.04099999999994	0.874000000000024	3.17599999999993	0	0
3.24500000000012	0.976999999999975	3.34799999999996	0	0
3.05400000000009	0.586999999999989	3.07399999999984	0	0
3.01800000000003	0.632999999999981	3.03399999999988	0	0
2.99700000000007	0.699000000000012	3.08100000000013	0	0
3.38400000000001	0.536000000000001	3.48000000000002	0	0
3.06700000000001	1.18400000000003	3.20299999999997	0	0
3.01400000000012	0.774999999999977	3.06100000000015	0	0
2.96300000000019	0.73599999999999	3.12200000000007	0	0
2.97299999999996	0.627999999999986	3.08699999999999	0	0
3.05499999999984	0.732000000000028	3.21399999999994	0	0
3.03100000000018	0.720000000000027	3.16300000000001	0	0
3.03800000000001	0.540999999999997	3.07799999999997	0	0
3.10400000000004	0.817000000000007	3.12200000000007	0	0
3.01200000000017	0.658999999999992	3.12000000000012	0	0
3.13499999999999	0.75	3.27400000000011	0	0
3.00200000000018	0.646000000000015	3.08500000000004	0	0
2.96400000000017	0.632000000000005	3.06899999999996	0	0
2.92799999999988	0.513000000000034	3.0139999999999	0	0
3.01299999999992	0.692000000000007	3.08900000000017	0	0
3.03600000000006	0.711999999999989	3.16700000000014	0	0
3.17000000000007	0.829000000000008	3.06500000000005	0	0
2.95399999999995	0.353999999999985	3.00900000000001	0	0
2.99499999999989	0.791999999999973	3.08200000000011	0	0
3.00700000000006	0.698000000000036	3.08400000000006	0	0
2.971	0.610000000000014	3.0630000000001	0	0
3.05999999999995	0.803999999999974	3.14200000000005	0	0
3.08600000000001	0.740000000000009	3.06899999999996	0	0
3.24700000000007	1.303	3.6550000000002	0	0
3.02999999999997	0.630999999999972	3.04500000000007	0	0
3.02100000000019	0.995000000000005	3.10199999999986	0	0
3.05099999999993	0.800999999999988	3.17599999999993	0	0
3.05000000000018	0.736999999999966	3.15200000000004	0	0
2.99799999999982	0.798000000000002	3.10300000000007	0	0
3.00999999999999	0.647999999999968	3.05100000000016	0	0
3.00299999999993	0.564999999999998	3.05899999999997	0	0
3.05999999999995	0.490999999999985	3.06799999999998	0	0
3.01999999999998	0.750999999999976	3.20999999999981	0	0
2.96199999999999	0.709000000000003	3.0949999999998	0	0
3.03200000000015	0.884000000000015	3.23099999999999	0	0
3.02299999999991	0.825000000000045	3.17499999999995	0	0
3.16000000000008	0.779999999999973	3.24599999999987	0	0
3.01900000000001	0.786999999999978	3.24000000000001	0	0
3.00800000000004	0.789000000000044	3.17400000000021	0	0
3.01199999999994	0.763000000000034	3.17499999999995	0	0
3.04099999999994	0.795000000000016	3.18700000000013	0	0
3.03800000000001	0.671000000000049	3.16399999999999	0	0
2.99199999999996	0.757000000000005	3.16699999999992	0	0
3.01299999999992	0.899000000000001	3.23399999999992	0	0
3.02800000000002	0.745999999999981	3.17900000000009	0	0
2.97600000000011	0.663000000000011	3.13000000000011	0	0
3.029	0.705000000000041	3.31600000000003	0	0
3.39199999999983	0.687999999999988	3.64100000000008	0	0
3.09400000000005	0.65300000000002	3.08100000000013	0	0
3.00399999999991	0.759999999999991	3.16999999999985	0	0
3.03400000000011	0.827999999999975	3.173	0	0
3.12100000000009	0.920999999999992	3.20799999999986	0	0
3.10699999999997	0.723000000000013	3.33100000000013	0	0
3.07399999999984	0.756000000000029	3.09799999999996	0	0
3.07000000000016	0.590000000000032	3.10300000000007	0	0
2.99699999999984	0.817999999999984	3.06600000000003	0	0
2.99299999999994	0.591999999999985	3.10300000000007	0	0
3.12899999999991	0.896000000000015	3.11899999999991	0	0
2.99200000000019	0.54200000000003	3.02400000000011	0	0
2.97800000000007	0.814000000000021	3.16300000000001	0	0
3.00400000000013	0.738999999999976	3.12599999999998	0	0
3.02399999999989	0.713000000000022	3.07999999999993	0	0
3.05400000000009	0.725999999999999	3.12999999999988	0	0
3.39100000000008	0.637	3.43599999999992	0	0
3.03899999999999	0.614000000000033	3.11699999999996	0	0
3.03700000000003	0.698999999999955	3.11399999999981	0	0
3.02800000000002	0.697999999999979	3.09699999999998	0	0
3.04299999999989	0.736000000000047	3.10699999999997	0	0
2.97400000000016	0.622000000000014	3.12299999999982	0	0
3.048	0.694000000000017	3.15700000000015	0	0
3.08500000000004	0.628999999999962	3.30499999999984	0	0
3.03499999999985	0.611000000000047	3.02999999999997	0	0
2.96800000000007	0.64100000000002	3.09899999999993	0	0
3.06700000000001	0.728999999999985	3.09299999999985	0	0
3.10800000000017	0.906000000000006	3.17599999999993	0	0
3.24499999999989	1.40800000000002	3.25700000000006	0	0
3.09100000000012	0.836000000000013	3.09500000000003	0	0
2.90899999999988	0.35899999999998	2.91600000000017	0	0
3.03300000000013	0.73399999999998	3.14800000000014	0	0
2.99799999999982	0.774000000000001	3.12599999999998	0	0
3.13400000000001	1.02199999999999	3.21699999999987	0	0
3.05199999999991	0.723000000000013	3.16300000000001	0	0
3.00999999999999	0.697999999999979	3.18200000000002	0	0
3.00999999999999	0.769000000000005	3.19299999999998	0	0
3.0630000000001	0.798000000000002	3.19800000000009	0	0
2.9860000000001	0.721000000000004	3.15000000000009	0	0
2.97800000000007	0.665999999999997	3.10299999999984	0	0
3.04199999999992	0.711999999999989	3.17399999999998	0	0
3.02999999999997	0.744000000000028	3.12800000000016	0	0
3.04999999999995	0.588000000000022	3.09799999999996	0	0
3.03899999999999	0.574999999999989	3.09099999999989	0	0
3.00099999999998	0.463000000000022	3.077	0	0
2.96499999999992	0.668999999999983	3.10400000000004	0	0
2.99099999999999	0.717000000000041	3.09799999999996	0	0
3.04500000000007	0.790999999999997	3.20100000000002	0	0
3.18899999999985	1.09700000000004	3.57600000000002	0	0
3.16200000000003	0.666000000000054	3.25600000000009	0	0
3.05199999999991	0.723000000000013	3.19200000000001	0	0
2.89699999999993	0.360000000000014	2.83899999999994	0	0
2.95400000000018	0.40100000000001	2.93499999999995	0	0
3.25900000000001	0.312999999999988	3.27500000000009	0	0
2.99299999999994	0.605000000000018	3.05899999999997	0	0
3.02099999999996	0.504999999999995	3.01999999999998	0	0
3.05899999999997	0.734999999999957	3.1099999999999	0	0
3.05899999999997	0.798000000000002	3.14899999999989	0	0
3.14800000000014	0.708000000000027	3.15599999999995	0	0
3.03999999999996	0.617999999999995	3.1099999999999	0	0
2.99500000000012	0.65100000000001	3.07500000000005	0	0
2.96400000000017	0.889999999999986	3.09900000000016	0	0
3.0440000000001	0.694999999999993	3.19299999999998	0	0
2.97899999999981	0.77600000000001	3.15100000000007	0	0
3.03500000000008	0.649000000000001	3.10400000000004	0	0
3.02300000000014	0.62299999999999	3.10200000000009	0	0
3.01900000000001	0.602000000000032	3.08899999999994	0	0
3.07199999999989	0.736999999999966	3.14499999999998	0	0
3.02700000000004	0.586000000000013	3.05500000000006	0	0
3.03700000000003	0.720000000000027	3.0780000000002	0	0
2.98000000000002	0.59899999999999	3.03099999999995	0	0
2.93599999999992	0.435000000000002	3.00600000000009	0	0
2.9849999999999	0.756000000000029	3.11999999999989	0	0
3.00600000000009	0.757000000000005	3.19299999999998	0	0
3.02800000000002	0.686000000000035	3.18600000000015	0	0
2.97000000000003	0.710000000000036	3.17499999999995	0	0
3.68500000000017	0.906000000000006	3.65499999999997	0	0
3.12099999999987	0.740000000000009	3.25800000000004	0	0
3.06399999999985	0.644000000000005	3.16599999999994	0	0
3.42000000000007	0.953000000000031	3.68499999999995	0	0
2.9860000000001	0.470000000000027	3.04700000000003	0	0
3.09100000000012	0.726999999999975	3.19000000000005	0	0
3.09500000000003	0.699000000000012	3.221	0	0
3.08300000000008	1.00200000000001	3.20099999999979	0	0
3.14899999999989	0.879999999999995	3.1609999999996	0	0
3.4860000000001	0.305000000000007	3.46399999999994	0	0
2.94299999999998	0.430000000000007	2.95199999999977	0	0
3.05400000000009	0.624000000000024	3.10599999999977	0	0
3.09899999999993	0.853000000000009	3.1239999999998	0	0
3.00900000000001	0.57099999999997	3.08899999999994	0	0
2.94499999999994	0.581000000000017	2.97899999999981	0	0
2.94799999999987	0.423000000000002	3.02599999999984	0	0
3.15499999999997	0.980999999999938	3.154	0	0
3.13100000000031	0.829000000000065	3.20100000000002	0	0
3.04800000000023	0.784999999999968	3.17200000000003	0	0
2.91699999999992	0.333999999999946	2.98799999999983	0	0
3.57000000000016	0.576999999999998	3.65999999999985	0	0
2.96599999999989	0.543000000000006	2.96100000000024	0	0
3.00900000000001	0.61200000000008	2.9640000000004	0	0
3.05999999999995	0.604000000000042	3.08799999999974	0	0
2.98800000000028	0.467999999999961	2.94200000000001	0	0
3.01900000000023	0.746000000000095	3.08399999999983	0	0
2.9409999999998	0.700999999999908	3.04599999999982	0	0
3.05799999999999	0.649000000000001	3.13200000000006	0	0
3.01599999999962	0.625999999999976	3.09099999999989	0	0
3.07200000000012	0.835000000000036	3.16999999999962	0	0
2.97400000000016	0.769999999999982	3.12300000000005	0	0
3.02399999999989	0.614000000000033	3.06500000000005	0	0
3.01399999999967	0.807000000000016	3.19500000000016	0	0
3.0010000000002	0.785999999999945	3.15299999999979	0	0
3.00799999999981	0.829000000000065	3.21900000000005	0	0
3.00300000000016	0.654999999999973	3.12300000000005	0	0
3.13699999999972	0.944000000000074	3.19200000000001	0	0
3.38899999999967	0.578999999999951	3.44799999999987	0	0
3.029	0.746999999999957	3.14399999999978	0	0
3.06999999999971	0.69500000000005	3.13599999999997	0	0
3.01000000000022	0.702999999999975	3.18799999999965	0	0
3.26299999999992	0.750999999999976	3.22699999999986	0	0
3.16200000000026	0.798999999999978	3.25	0	0
3.10399999999981	0.73599999999999	3.15200000000004	0	0
3.14899999999989	0.926999999999907	3.15299999999979	0	0
3.20299999999997	0.888000000000034	3.31100000000015	0	0
3.15999999999985	0.75	3.12199999999984	0	0
3.09999999999991	0.607999999999947	3.17999999999984	0	0
3.48999999999978	0.308999999999969	3.49599999999964	0	0
2.98800000000028	0.352000000000089	2.96500000000015	0	0
3.04899999999998	0.70799999999997	3.20699999999988	0	0
3.49400000000014	1.42199999999991	3.85500000000002	0	0
3.10699999999997	0.677999999999997	3.04599999999982	0	0
3.09699999999975	0.936000000000035	3.17600000000039	0	0
3.1579999999999	0.723999999999933	3.18200000000024	0	0
3.08199999999988	0.591000000000008	3.00199999999995	0	0
3.03699999999981	0.538999999999987	3.01499999999987	0	0
3.01299999999992	0.589000000000055	3.04200000000037	0	0
2.94800000000032	0.625	3.01699999999983	0	0
3.01999999999998	0.754999999999995	3.19100000000026	0	0
3.05500000000029	0.622000000000071	3.02700000000004	0	0
2.96900000000005	0.563000000000102	2.97700000000032	0	0
3.03999999999996	0.422000000000025	3.01000000000022	0	0
3.03600000000006	0.942999999999984	3.21300000000019	0	0
3.29899999999998	1.77800000000002	3.70199999999977	0	0
3.01399999999967	0.635999999999967	3.07000000000016	0	0
2.97499999999991	0.674000000000092	3.11699999999973	0	0
3.03099999999995	0.715000000000032	3.14199999999983	0	0
3.36299999999983	0.602999999999952	3.49600000000009	0	0
2.96599999999989	0.659999999999968	3.11000000000013	0	0
3.04799999999977	0.630999999999972	3.15800000000036	0	0
3.05200000000013	0.853000000000065	3.13400000000001	0	0
3.02700000000004	0.547000000000025	3.08300000000008	0	0
3.05199999999968	0.641000000000076	3.11299999999983	0	0
2.94000000000005	0.752000000000066	3.14200000000028	0	0
3.02799999999979	0.710000000000036	3.17700000000013	0	0
3.04199999999992	0.919999999999959	3.1550000000002	0	0
3.08400000000029	0.980999999999995	3.20499999999993	0	0
2.97899999999981	0.677000000000021	3.01599999999962	0	0
3.03699999999981	0.675999999999931	2.96000000000004	0	0
3.03999999999996	0.588000000000079	2.99800000000005	0	0
3.02799999999979	0.726999999999975	3.02800000000025	0	0
3.17900000000009	0.572999999999979	3.20699999999988	0	0
2.99800000000005	0.743999999999915	3.22700000000032	0	0
3.07600000000002	0.745999999999981	3.24600000000009	0	0
3.09299999999985	0.727999999999952	3.16400000000021	0	0
3.05699999999979	0.793000000000006	3.14199999999983	0	0
3.11299999999983	0.8900000000001	3.22499999999991	0	0
3.10599999999977	0.637000000000057	3.16799999999967	0	0
2.97700000000032	0.456000000000017	3.04300000000012	0	0
3.01399999999967	0.552000000000021	3.10799999999972	0	0
2.9970000000003	0.530999999999949	3.03400000000011	0	0
3.0300000000002	0.577999999999975	3.0329999999999	0	0
2.92000000000007	0.759999999999991	3.10100000000011	0	0
3.00500000000011	0.729999999999905	3.02800000000025	0	0
2.98300000000017	0.758000000000038	3.11799999999994	0	0
2.92599999999993	0.489000000000033	2.95299999999997	0	0
2.92200000000003	0.476999999999975	2.93100000000004	0	0
2.98000000000002	0.682999999999993	3.09900000000016	0	0
3.45299999999997	0.836999999999989	3.80600000000004	0	0
3.0939999999996	0.788999999999987	3.17799999999988	0	0
2.91699999999992	0.243000000000052	2.91800000000012	0	0
2.96500000000015	0.469000000000051	2.95600000000013	0	0
3.49200000000019	0.553999999999974	3.53899999999976	0	0
2.95600000000013	0.469999999999914	2.97699999999986	0	0
3.00700000000006	0.610000000000014	3.09999999999991	0	0
2.99499999999989	0.567999999999984	3.05099999999993	0	0
2.96399999999994	0.580000000000041	3.04299999999967	0	0
2.99699999999984	0.72199999999998	3.06800000000021	0	0
3.00499999999965	0.623000000000047	3.05799999999999	0	0
2.98399999999992	0.73599999999999	3.01099999999997	0	0
3.05500000000029	0.669999999999959	3.15999999999985	0	0
3.07999999999993	0.706999999999994	3.00500000000011	0	0
3.03600000000006	0.801000000000045	3.03600000000006	0	0
3.41999999999962	0.94399999999996	3.51099999999997	0	0
3.01500000000033	0.68100000000004	3.09799999999996	0	0
2.97900000000027	0.763999999999896	3.11800000000039	0	0
3.01299999999992	0.677999999999997	3.08500000000004	0	0
3.02300000000014	0.572000000000003	3.04999999999973	0	0
3.04800000000023	0.668999999999983	3.05799999999999	0	0
3.07400000000007	0.662000000000035	3.0619999999999	0	0
3.08199999999988	0.678999999999974	3.17599999999993	0	0
2.95000000000027	0.466000000000008	2.94699999999966	0	0
3.08099999999968	0.858000000000061	3.1880000000001	0	0
3.01600000000008	0.785999999999945	3.11700000000019	0	0
3.11099999999988	0.692000000000007	3.10299999999961	0	0
3.00700000000006	0.552000000000021	2.95399999999972	0	0
2.99900000000025	0.490999999999985	2.94300000000021	0	0
3.01600000000008	0.569999999999936	3.02800000000025	0	0
3.01900000000023	0.816000000000031	3.1880000000001	0	0
2.96900000000005	0.673000000000002	3.11599999999999	0	0
3.04499999999962	0.688000000000102	3.14100000000008	0	0
3.14100000000008	0.697999999999979	3.18900000000031	0	0
3.43100000000004	0.617999999999938	3.47600000000011	0	0
2.96900000000005	0.524000000000001	3.05400000000009	0	0
3.07300000000032	0.626999999999953	3.08299999999963	0	0
3.03699999999981	0.593999999999937	3.0649999999996	0	0
2.97200000000021	0.581000000000017	3.029	0	0
3.02500000000009	0.708999999999946	3.07599999999957	0	0
2.97800000000007	0.621999999999957	3.06700000000001	0	0
3.3720000000003	0.589000000000055	3.43000000000029	0	0
3.03600000000006	0.830000000000041	3.06700000000001	0	0
3.00900000000001	0.633999999999901	3.07799999999997	0	0
3.09299999999985	0.865999999999985	3.16899999999987	0	0
3.04200000000037	0.635999999999967	3.13099999999986	0	0
3.02199999999993	0.591999999999985	3.00599999999986	0	0
2.96799999999985	0.532000000000039	3.07799999999997	0	0
2.95499999999993	0.523000000000025	3.029	0	0
2.98199999999997	0.65199999999993	3.07999999999993	0	0
3.01500000000033	0.635999999999967	3.0590000000002	0	0
2.99699999999984	0.845000000000027	3.15300000000025	0	0
3.00700000000006	0.605999999999995	3.0029999999997	0	0
3.28899999999976	1.13800000000003	3.19900000000007	0	0
3.02300000000014	0.61099999999999	3.28800000000001	0	0
3.01799999999957	0.479000000000042	3.05000000000018	0	0
3.42900000000009	0.947999999999979	3.44400000000041	0	0
2.94200000000001	0.405999999999949	2.87899999999991	0	0
2.94700000000012	0.362999999999943	2.84000000000015	0	0
2.95899999999983	0.763000000000034	3.0619999999999	0	0
3.06400000000031	0.643000000000029	3.05499999999984	0	0
2.99000000000024	0.579000000000065	3.05200000000013	0	0
2.91800000000012	0.349000000000046	2.88799999999992	0	0
3.38099999999986	0.565000000000055	3.45899999999983	0	0
2.96399999999994	0.501999999999953	3.02999999999975	0	0
2.94700000000012	0.469999999999914	2.95899999999983	0	0
3.029	0.706000000000017	3.07000000000016	0	0
2.91599999999971	0.408999999999992	2.8449999999998	0	0
2.94600000000037	0.581000000000017	3.03800000000001	0	0
3.03500000000031	0.738000000000056	3.05000000000018	0	0
3.42200000000003	0.634000000000015	3.44000000000005	0	0
2.98999999999978	0.658000000000015	3.05199999999968	0	0
3.01699999999983	0.492999999999938	2.91300000000001	0	0
2.95900000000029	0.379000000000019	2.91400000000021	0	0
3.40000000000009	0.523000000000025	3.38599999999997	0	0
3.00900000000001	0.653999999999996	3.05999999999995	0	0
2.94300000000021	0.48700000000008	2.92999999999984	0	0
3.01700000000028	0.701999999999998	3.18299999999999	0	0
3.03499999999985	0.746000000000095	3.16399999999976	0	0
2.92200000000003	0.828999999999951	3.13499999999976	0	0
2.98799999999983	0.615999999999985	3.02999999999975	0	0
2.95699999999988	0.692000000000007	3.096	0	0
2.96100000000024	0.817999999999984	3.14200000000028	0	0
3.07600000000002	0.653999999999996	3.12300000000005	0	0
3.02799999999979	0.778999999999996	3.1579999999999	0	0
3.01400000000012	0.785000000000082	3.0920000000001	0	0
3.00099999999975	0.726999999999975	3.0920000000001	0	0
3.07200000000012	0.714000000000055	3.11799999999994	0	0
3.4109999999996	0.735000000000014	3.49699999999984	0	0
3.04799999999977	0.685999999999922	3.13400000000001	0	0
3.02700000000004	0.726999999999975	3.13299999999981	0	0
3.09899999999971	0.777999999999906	3.14099999999962	0	0
3.01400000000012	0.610000000000014	3.06999999999971	0	0
3.01299999999992	0.841000000000008	3.154	0	0
3.05999999999995	0.926999999999907	3.13500000000022	0	0
3.02500000000009	0.908999999999992	3.20299999999997	0	0
3.10100000000011	0.625	3.24099999999999	0	0
3.01199999999972	0.587000000000103	2.99300000000039	0	0
3.04899999999998	0.660000000000082	3.0590000000002	0	0
2.99400000000014	0.527000000000044	3.04299999999967	0	0
2.97499999999991	0.294999999999959	3.11400000000003	0	0
3.04000000000042	0.527000000000044	3.05700000000024	0	0
2.91800000000012	0.453999999999951	3.02700000000004	0	0
3.29099999999971	0.646000000000072	3.47400000000016	0	0
3.16300000000001	0.885999999999967	3.16600000000017	0	0
3.0630000000001	0.672000000000025	3.02599999999984	0	0
2.99299999999994	0.72300000000007	3.09000000000015	0	0
2.98199999999997	0.666000000000054	3.02399999999989	0	0
3.33500000000004	0.660999999999945	3.32600000000002	0	0
3.09100000000035	0.808999999999969	3.10000000000036	0	0
2.98900000000003	0.689999999999941	3.06700000000001	0	0
2.96100000000024	0.725000000000023	3.22299999999996	0	0
3.04100000000017	0.730000000000018	3.15900000000011	0	0
3.04199999999992	0.698999999999955	3.14800000000014	0	0
2.98399999999992	0.801000000000045	3.07300000000032	0	0
2.96399999999994	0.712000000000103	3.10999999999967	0	0
3.01899999999978	0.791000000000054	3.10500000000002	0	0
3.03800000000001	0.716999999999985	3.08600000000024	0	0
2.96799999999985	0.600999999999999	3.03200000000015	0	0
3.09699999999975	0.744000000000028	3.07000000000016	0	0
3.41899999999987	1.19600000000003	3.65700000000015	0	0
3.10000000000036	0.807000000000016	3.21100000000024	0	0
3.13000000000011	0.638000000000034	3.13799999999992	0	0
2.93100000000004	0.458999999999946	2.99800000000005	0	0
3.00800000000027	0.645999999999958	3.07900000000018	0	0
3.03800000000001	0.680999999999926	3.11899999999969	0	0
2.94400000000041	0.627000000000066	3.05200000000013	0	0
3.04700000000003	0.588000000000079	3.16100000000006	0	0
2.97699999999986	0.47300000000007	2.96599999999989	0	0
3.14400000000023	0.603999999999928	3.12300000000005	0	0
2.93100000000004	0.627000000000066	2.99099999999999	0	0
3.29799999999977	0.694000000000074	3.38199999999961	0	0
2.96799999999985	0.600000000000023	3.02400000000034	0	0
2.98399999999992	0.615000000000009	3.02999999999975	0	0
2.98299999999972	0.711000000000013	3.06600000000026	0	0
3.05499999999984	0.698000000000093	3.10900000000038	0	0
3.01199999999972	0.706000000000017	3.096	0	0
3.00900000000001	0.756000000000085	3.17599999999993	0	0
3.48599999999988	0.759999999999991	3.45800000000008	0	0
3.08499999999958	0.636000000000081	3.0649999999996	0	0
3.04500000000007	0.734000000000037	3.10199999999986	0	0
3.05000000000018	0.694999999999936	3.08300000000008	0	0
2.95899999999983	0.463000000000079	2.94499999999971	0	0
3.20299999999997	0.870999999999981	3.12299999999959	0	0
2.98500000000013	0.826999999999998	3.01399999999967	0	0
3.01400000000012	0.729999999999905	3.09099999999989	0	0
3.00399999999991	0.685000000000059	3.04899999999998	0	0
3.1239999999998	0.650999999999954	3.15100000000029	0	0
2.97400000000016	0.713000000000079	3.0310000000004	0	0
3.07700000000023	0.742999999999938	3.08500000000004	0	0
3.01000000000022	0.825000000000045	3.12999999999965	0	0
3.05400000000009	0.567999999999984	3.01400000000012	0	0
2.971	0.633000000000038	3.06800000000021	0	0
3.01400000000012	0.645999999999958	3.0329999999999	0	0
3.43499999999995	0.791000000000054	3.51900000000023	0	0
3.01600000000008	0.680000000000064	3.03200000000015	0	0
2.98600000000033	0.627999999999929	2.9970000000003	0	0
3.38299999999981	0.92999999999995	3.4409999999998	0	0
2.98900000000003	0.680000000000064	3.05299999999988	0	0
2.98699999999963	0.673999999999978	3.096	0	0
3.029	0.73599999999999	3.12400000000025	0	0
3.17399999999998	0.924999999999955	3.31799999999976	0	0
3.04999999999973	0.776000000000067	3.05099999999993	0	0
3.00399999999991	0.707000000000107	3.10200000000032	0	0
3.04999999999973	0.812999999999988	3.13099999999986	0	0
3.02500000000009	0.697000000000003	3.0619999999999	0	0
3.02300000000014	0.739000000000033	3.12300000000005	0	0
3.05000000000018	0.856999999999971	3.09400000000005	0	0
3.07299999999987	0.835000000000036	3.12899999999991	0	0
3.07499999999982	0.84800000000007	3.17699999999968	0	0
2.97399999999971	0.626999999999953	3.03600000000006	0	0
3.0300000000002	0.639999999999986	3.02799999999979	0	0
3.04300000000012	0.72199999999998	3.13599999999997	0	0
2.99399999999969	0.666999999999916	3.03600000000006	0	0
3.11000000000013	0.740000000000009	3.22600000000011	0	0
2.95000000000027	0.507999999999925	2.99199999999973	0	0
3.29799999999977	0.397000000000048	3.29099999999971	0	0
3.07300000000032	0.545999999999935	3.0329999999999	0	0
2.98800000000028	0.784000000000106	3.0630000000001	0	0
3.42500000000018	0.866999999999962	3.57400000000007	0	0
3.03800000000001	0.869000000000028	3.10800000000017	0	0
3.04500000000007	0.843999999999937	3.17099999999982	0	0
3.00700000000006	0.42999999999995	2.98000000000002	0	0
3.02599999999984	0.719000000000051	3.11200000000008	0	0
3.05199999999968	0.811000000000035	3.10699999999997	0	0
3.00300000000016	0.844000000000051	3.15000000000009	0	0
2.95600000000013	0.652000000000044	3.00999999999976	0	0
3.01000000000022	0.80600000000004	3.12899999999991	0	0
2.93100000000004	0.399000000000001	2.94899999999961	0	0
3.01999999999998	0.754000000000019	3.17300000000023	0	0
2.93199999999979	0.700000000000045	3.07899999999972	0	0
3.07699999999977	0.754999999999995	3.15299999999979	0	0
3.01000000000022	0.589000000000055	3.08899999999994	0	0
3.00900000000001	0.649000000000001	3.07999999999993	0	0
3.04599999999982	0.807999999999993	3.20800000000008	0	0
3.36000000000013	0.659999999999968	3.49099999999999	0	0
2.97199999999975	0.581000000000017	3.07200000000012	0	0
3.61200000000008	0.988000000000056	3.85399999999936	0	0
3.46000000000004	0.531999999999925	3.48499999999967	0	0
3.16899999999987	1.16200000000003	3.32799999999952	0	0
3.01800000000003	0.797000000000025	3.15200000000004	0	0
2.98000000000002	0.514999999999986	3.04200000000037	0	0
3.08799999999974	0.75100000000009	3.12400000000071	0	0
3.17399999999998	1.245	3.48199999999997	0	0
2.96699999999964	0.567000000000007	3.0600000000004	0	0
3.02800000000025	0.63900000000001	3.03700000000026	0	0
3.04899999999998	0.623000000000047	3.07800000000043	0	0
3.01099999999997	0.725999999999999	3.18000000000029	0	0
2.95800000000008	0.311000000000035	2.84600000000046	0	0
2.95199999999977	0.522000000000048	2.95100000000002	0	0
3.04299999999967	0.669999999999959	3.17600000000039	0	0
2.96399999999994	0.47199999999998	2.98300000000017	0	0
3.01800000000003	0.524000000000001	3.00600000000031	0	0
2.95500000000084	0.640999999999963	3.13799999999992	0	0
2.97800000000007	0.621999999999957	3.02599999999984	0	0
2.95600000000013	0.627000000000066	3.09099999999944	0	0
3.03699999999935	0.732999999999947	3.13899999999921	0	0
3.38500000000022	0.72199999999998	3.54799999999977	0	0
2.99399999999969	0.741999999999962	3.16499999999996	0	0
3.03800000000047	0.659000000000106	3.07899999999972	0	0
3.40400000000045	0.437999999999874	3.33899999999994	0	0
2.92299999999977	0.481000000000222	2.91100000000006	0	0
2.96699999999964	0.628999999999905	2.98800000000028	0	0
2.95800000000054	0.565000000000055	2.95300000000043	0	0
2.98499999999967	0.618999999999915	2.97400000000016	0	0
2.94200000000001	0.574999999999818	2.95800000000054	0	0
2.96099999999933	0.514999999999873	2.97000000000025	0	0
2.98099999999977	0.759999999999991	3.01800000000003	0	0
3.21600000000035	0.542000000000144	3.25900000000001	0	0
2.95700000000033	0.453999999999951	2.89999999999964	0	0
3.03299999999945	0.742999999999938	3.30699999999979	0	0
3.00600000000031	0.548999999999978	3.07999999999993	0	0
3.02399999999943	0.774999999999864	3.10599999999977	0	0
2.9409999999998	0.677000000000135	3.02700000000004	0	0
2.98900000000049	0.761999999999944	3.0630000000001	0	0
3.04899999999998	0.758999999999787	3.08699999999953	0	0
2.99600000000009	0.69399999999996	3.03499999999985	0	0
3.36499999999978	0.322000000000116	3.30600000000049	0	0
2.96599999999944	0.738000000000056	3.06700000000001	0	0
3.33500000000004	0.682999999999993	3.45700000000033	0	0
3.06099999999969	0.833999999999833	3.16199999999935	0	0
3.06700000000001	0.724999999999909	3.11099999999988	0	0
3.33399999999983	0.662000000000035	3.38300000000072	0	0
3.05599999999959	0.652000000000044	3.10699999999997	0	0
2.96699999999964	0.660000000000082	3.01699999999983	0	0
3.02899999999954	0.633000000000038	3.02199999999993	0	0
2.96999999999935	0.652000000000044	3.00900000000001	0	0
2.90100000000075	0.647999999999911	3.05400000000009	0	0
2.98300000000017	0.675999999999931	3.05999999999949	0	0
2.9350000000004	0.621999999999844	3.01900000000023	0	0
2.95499999999993	0.69600000000014	3.125	0	0
3.04899999999998	0.774000000000115	3.16299999999956	0	0
2.95799999999963	0.732999999999947	3.22999999999956	0	0
3.02599999999984	0.708000000000084	3.0619999999999	0	0
3.11400000000049	0.978000000000065	3.29399999999987	0	0
3.11800000000039	0.873000000000047	3.07999999999993	0	0
2.98000000000047	0.563000000000102	3.07099999999991	0	0
3.04899999999998	0.729000000000042	3.1230000000005	0	0
2.97699999999986	0.620000000000118	3.1230000000005	0	0
3.09000000000015	0.972999999999956	3.23099999999977	0	0
3.06900000000041	0.789999999999964	3.13700000000063	0	0
2.95699999999943	0.41599999999994	2.89899999999943	0	0
2.88500000000022	0.343000000000075	2.89200000000073	0	0
3.02499999999964	0.729999999999791	3.17699999999968	0	0
3.02199999999993	0.582000000000107	2.97199999999975	0	0
3.10100000000057	0.757999999999811	3.1869999999999	0	0
2.99600000000009	0.791999999999916	3.17700000000059	0	0
3.00200000000041	0.805000000000064	3.13400000000001	0	0
2.95900000000074	0.692000000000007	3.02800000000025	0	0
3.01900000000023	0.729000000000042	3.02700000000004	0	0
3.16299999999956	1.01999999999998	3.14900000000034	0	0
3.03600000000006	0.800999999999931	3.11499999999978	0	0
3.00900000000001	0.526000000000067	3.0630000000001	0	0
3.11099999999988	0.840000000000146	3.43900000000031	0	0
2.95399999999972	0.519999999999982	2.98499999999967	0	0
2.94400000000041	0.598999999999933	2.98600000000079	0	0
3.01400000000012	0.689000000000078	3.05600000000049	0	0
3.05400000000009	0.616999999999962	3.04500000000007	0	0
3.01599999999962	0.701999999999998	3.17799999999988	0	0
2.98899999999958	0.592000000000098	3.07300000000032	0	0
3.02900000000045	0.616999999999962	3.04899999999998	0	0
2.92399999999998	0.357999999999947	2.97200000000066	0	0
2.99200000000019	0.675999999999931	3.08100000000013	0	0
3.08400000000074	0.821999999999889	3.13299999999981	0	0
3.05099999999948	0.851000000000113	3.20899999999983	0	0
2.94700000000012	0.591000000000122	3.02800000000025	0	0
2.96399999999994	0.692000000000007	3.15099999999984	0	0
2.98700000000008	0.827999999999975	3.17900000000009	0	0
3.0600000000004	0.759999999999991	3.19700000000012	0	0
3.01899999999932	0.712999999999965	3.10500000000047	0	0
3.03099999999995	0.795000000000073	3.12100000000009	0	0
2.96200000000044	0.413999999999987	2.8700000000008	0	0
3.10500000000047	1.00399999999991	3.22499999999945	0	0
3.3779999999997	1.17399999999998	3.54300000000057	0	0
3.04200000000037	0.617999999999938	3.09299999999985	0	0
3.40900000000056	0.77800000000002	3.48099999999977	0	0
2.94800000000032	0.627999999999929	3.02100000000064	0	0
2.91499999999996	0.445000000000164	2.94600000000082	0	0
2.95000000000073	0.674999999999955	3.01499999999942	0	0
3.01699999999983	0.696999999999889	3.08399999999983	0	0
3.02899999999954	0.854000000000042	3.12299999999959	0	0
2.98999999999978	0.869000000000142	3.06500000000051	0	0
3.15399999999954	0.728000000000065	3.26500000000033	0	0
2.95299999999952	0.495000000000118	2.92399999999998	0	0
2.99399999999969	0.6099999999999	2.99099999999999	0	0
3.04399999999987	0.735000000000127	3.03799999999956	0	0
3.06800000000021	0.600999999999885	3.10299999999916	0	0
2.99299999999948	0.804000000000087	3.01599999999962	0	0
2.97000000000025	0.663999999999987	3.13799999999992	0	0
3.03299999999945	0.495999999999867	3.05100000000039	0	0
2.98199999999997	0.701999999999998	3.08799999999974	0	0
3.03999999999996	0.715999999999894	3.15700000000015	0	0
2.95799999999963	0.373000000000047	2.95799999999963	0	0
2.93399999999929	0.323999999999842	2.89200000000073	0	0
2.98199999999997	0.660999999999831	3.14500000000044	0	0
3.04200000000037	0.805000000000064	3.17399999999998	0	0
2.97500000000036	0.613000000000056	3.03299999999945	0	0
3.03899999999976	0.692999999999984	3.15899999999965	0	0
3.01699999999983	0.611999999999853	3.21799999999985	0	0
3.5029999999997	0.586000000000013	3.82499999999982	0	0
3.04200000000037	0.596000000000004	3.17399999999998	0	0
2.96000000000004	0.386999999999944	3.0659999999998	0	0
2.9409999999998	0.401999999999816	2.8739999999998	0	0
3.02899999999954	0.597999999999956	3.09200000000055	0	0
2.96700000000055	0.450000000000045	2.97199999999975	0	0
2.96900000000005	0.486000000000104	3.09200000000055	0	0
3.06700000000001	0.630000000000109	3.08500000000004	0	0
3.00500000000011	0.704999999999927	3.14900000000034	0	0
2.92000000000007	0.427999999999884	2.93199999999979	0	0
3.02399999999943	0.615999999999985	3.09400000000005	0	0
2.97800000000007	0.750999999999976	3.0630000000001	0	0
2.89300000000003	0.645999999999958	3.02400000000034	0	0
2.90300000000025	0.302999999999884	2.8139999999994	0	0
3.01900000000023	0.628999999999905	3.14100000000053	0	0
3.01900000000023	0.842999999999847	3.09000000000015	0	0
3.01299999999992	0.585000000000036	3.08299999999963	0	0
3.02499999999964	0.567000000000007	3.03200000000015	0	0
2.97999999999956	0.636999999999944	3.02500000000055	0	0
3.01400000000012	0.649000000000115	3.04899999999998	0	0
3.03400000000056	0.745999999999867	3.11499999999978	0	0
3.0639999999994	0.617999999999938	3.04100000000017	0	0
2.96799999999985	0.708000000000084	3.07099999999991	0	0
2.93299999999999	0.56899999999996	2.96000000000004	0	0
3.03999999999996	0.697999999999865	3.08300000000054	0	0
2.98399999999947	0.666999999999916	3.05000000000018	0	0
3.19599999999991	0.926999999999907	3.08200000000033	0	0
3.07999999999993	0.858000000000175	3.18499999999949	0	0
3.22299999999996	1.20000000000005	3.23400000000038	0	0
3.51299999999992	0.835000000000036	3.62599999999929	0	0
3.07700000000023	0.441000000000031	3.03300000000036	0	0
3.05199999999968	0.535000000000082	3.09400000000005	0	0
2.94200000000001	0.657000000000153	3.01899999999932	0	0
2.99200000000019	0.673000000000002	3.05799999999999	0	0
3.0010000000002	0.875	3.11899999999969	0	0
3.05499999999938	0.885999999999967	3.22400000000016	0	0
3.04200000000037	0.875999999999976	3.14899999999943	0	0
3.07399999999961	0.807999999999993	3.10300000000007	0	0
2.97900000000027	0.799999999999955	3.11099999999988	0	0
3.03399999999965	0.775000000000091	3.10099999999966	0	0
2.98900000000049	0.643000000000029	3.07099999999991	0	0
3.17299999999977	0.796000000000049	3.09700000000066	0	0
2.97000000000025	0.813999999999851	3.10300000000007	0	0
2.9970000000003	0.886999999999944	3.19899999999961	0	0
3.10100000000057	0.894000000000005	3.1840000000002	0	0
3.03200000000015	0.552000000000135	2.98900000000049	0	0
3.01399999999921	0.31899999999996	2.86400000000049	0	0
3.03700000000026	0.777000000000044	3.08600000000024	0	0
3.00399999999991	0.524999999999864	2.96600000000035	0	0
2.94400000000041	0.476000000000113	3.05199999999968	0	0
2.96199999999953	0.502999999999929	3.03700000000026	0	0
2.9409999999998	0.607999999999947	3.03499999999985	0	0
3.06800000000021	0.77800000000002	3.09299999999985	0	0
3.01599999999962	0.795000000000073	3.07899999999972	0	0
2.98399999999947	0.679000000000087	3.05699999999979	0	0
2.99200000000019	0.687000000000126	3.02999999999975	0	0
3.09099999999944	0.667999999999893	3.08500000000004	0	0
2.9989999999998	0.605999999999995	3.00800000000072	0	0
3.05299999999988	0.767999999999802	3.17199999999957	0	0
2.93099999999959	0.714999999999918	3.10100000000057	0	0
2.95199999999932	0.676999999999907	3.04899999999998	0	0
3.08599999999933	0.895999999999958	3.10199999999986	0	0
3.02899999999954	0.568000000000211	3.08599999999933	0	0
3.08300000000054	0.632000000000062	3.14800000000014	0	0
3.0630000000001	0.918999999999869	3.11200000000008	0	0
3.05299999999988	0.602000000000089	3.05599999999959	0	0
3.08899999999994	0.768000000000029	3.14699999999993	0	0
3.46000000000004	0.808999999999969	3.61599999999999	0	0
3.00399999999991	0.570000000000164	3.01900000000023	0	0
3.05199999999968	0.817000000000007	3.13100000000031	0	0
3.02399999999943	0.788000000000011	3.11899999999969	0	0
3.0029999999997	0.480999999999995	3	0	0
2.93900000000031	0.201000000000022	2.86000000000058	0	0
3.0010000000002	0.341999999999871	2.92500000000018	0	0
2.92299999999977	0.413999999999987	2.92300000000068	0	0
2.95799999999963	0.388999999999896	2.92799999999988	0	0
2.95699999999943	0.341000000000122	2.96399999999994	0	0
3.02199999999993	0.510999999999967	3.0029999999997	0	0
2.94599999999991	0.358999999999924	2.96900000000005	0	0
3.02799999999934	0.566000000000031	3.05499999999938	0	0
2.96299999999974	0.67899999999986	3.04600000000028	0	0
2.94999999999982	0.465000000000146	3.02999999999975	0	0
3.02700000000004	0.665000000000191	3.07399999999961	0	0
2.94000000000051	0.634000000000015	3.00500000000011	0	0
2.96900000000005	0.481999999999971	2.97599999999966	0	0
3.0590000000002	0.798000000000002	3.13100000000031	0	0
2.99799999999959	0.585000000000036	3.05899999999929	0	0
2.98399999999947	0.660000000000082	3.08799999999974	0	0
3.02399999999943	0.843999999999824	3.18900000000031	0	0
2.9980000000005	0.792000000000144	3.21700000000055	0	0
2.91100000000006	0.486999999999853	2.91800000000057	0	0
3.01999999999953	0.629000000000133	3.02300000000014	0	0
2.97900000000027	0.784000000000106	3.13200000000052	0	0
3.01299999999992	0.490000000000009	2.99300000000039	0	0
3.02800000000025	0.532999999999902	3.03600000000006	0	0
2.98300000000017	0.424999999999955	3.04699999999957	0	0
3.07099999999991	0.535000000000082	3.19399999999951	0	0
3.06500000000051	0.572999999999865	3.08899999999994	0	0
2.95499999999993	0.576999999999998	3.03800000000047	0	0
2.99099999999999	0.72199999999998	3.13900000000012	0	0
2.97299999999996	0.7349999999999	3.17199999999957	0	0
3.00600000000031	0.673999999999978	3.05400000000009	0	0
3.17000000000007	0.308999999999969	3.125	0	0
3.01399999999921	0.704999999999927	3.06800000000021	0	0
3.03799999999956	0.664999999999964	3.10099999999966	0	0
2.99299999999948	0.567999999999984	3.02099999999973	0	0
2.91799999999967	0.454999999999927	2.92399999999998	0	0
3.36800000000039	0.507000000000062	3.43199999999979	0	0
2.95399999999972	0.384999999999991	2.97099999999955	0	0
2.96000000000004	0.766999999999825	3.13400000000001	0	0
3.08500000000004	0.728000000000065	3.15400000000045	0	0
3.01199999999972	0.739000000000033	3.10800000000017	0	0
3.03999999999996	0.894999999999982	3.26900000000023	0	0
3.08399999999983	0.804999999999836	3.14999999999964	0	0
3.00600000000031	0.428000000000111	2.95200000000023	0	0
3.02099999999973	0.614000000000033	3.06400000000031	0	0
3.0619999999999	0.850000000000136	3.14099999999962	0	0
3.02500000000055	0.679000000000087	3.27000000000044	0	0
2.95000000000073	0.524999999999864	2.96100000000024	0	0
2.94700000000012	0.498000000000047	2.98599999999988	0	0
2.93299999999999	0.486000000000104	2.98499999999967	0	0
2.99099999999999	0.763999999999896	3.04700000000048	0	0
3.12700000000041	0.710000000000036	3.23900000000049	0	0
2.85499999999956	0.326999999999998	2.85699999999997	0	0
3.05799999999999	0.713999999999942	3.15300000000025	0	0
2.99399999999969	0.628999999999905	3.06899999999951	0	0
2.97199999999975	0.517000000000053	3.00900000000001	0	0
2.96699999999964	0.788999999999987	3.16700000000037	0	0
3.05400000000009	0.646000000000186	3.14599999999973	0	0
3.04100000000017	0.703999999999951	3.12100000000009	0	0
2.9970000000003	0.651000000000067	2.98100000000068	0	0
3.08800000000065	0.726999999999862	3.10800000000017	0	0
3.08500000000004	1.02500000000009	3.13900000000012	0	0
3.07899999999972	0.742999999999938	3.24300000000039	0	0
3.03600000000006	0.794000000000096	3.18299999999999	0	0
3.01299999999992	0.55600000000004	3.15900000000056	0	0
3.05799999999999	0.673999999999978	3.1869999999999	0	0
2.9369999999999	0.301000000000158	2.86299999999937	0	0
2.98700000000008	0.41599999999994	2.94000000000051	0	0
3.01000000000022	0.690000000000055	3.03899999999976	0	0
2.96500000000015	0.664999999999964	3.07899999999972	0	0
3.05499999999938	0.730000000000018	3.08699999999953	0	0
2.99199999999928	0.596000000000004	3.07999999999993	0	0
2.96000000000004	0.605999999999995	3.04899999999998	0	0
3.03700000000026	0.683999999999969	3.04299999999967	0	0
3.03399999999965	0.675999999999931	3.11299999999937	0	0
3.43100000000049	0.822000000000116	3.52500000000055	0	0
3.10800000000017	0.692999999999984	3.15099999999984	0	0
3.36500000000069	0.413999999999987	3.35800000000017	0	0
3.02500000000055	0.807000000000016	3.10100000000057	0	0
3.05200000000059	0.692000000000007	3.08500000000004	0	0
2.94599999999991	0.491999999999962	2.91500000000087	0	0
2.93199999999979	0.427999999999884	2.88200000000052	0	0
3.05599999999959	0.663000000000011	3.03700000000026	0	0
3.02700000000004	0.595000000000027	3.19400000000041	0	0
3.01099999999951	0.787000000000035	3.18099999999959	0	0
3.10099999999966	0.846000000000004	3.16799999999967	0	0
2.9970000000003	0.669999999999845	3.07299999999941	0	0
3.04199999999946	0.774999999999864	3.09099999999944	0	0
3.03899999999976	0.775000000000091	3.13799999999992	0	0
3.05300000000079	0.822000000000116	3.20499999999993	0	0
3.04699999999957	0.680000000000064	3.09999999999945	0	0
3.06600000000071	0.858999999999924	3.09799999999996	0	0
3.04099999999926	0.771999999999935	3.1190000000006	0	0
3.01499999999942	0.711000000000013	3.06899999999951	0	0
3.04500000000007	0.858999999999924	3.1850000000004	0	0
3.00300000000061	0.76299999999992	3.13299999999981	0	0
3.07200000000012	0.820000000000164	3.1309999999994	0	0
3.0029999999997	0.739000000000033	3.14099999999962	0	0
2.94499999999971	0.705000000000155	3.05099999999948	0	0
3.15000000000055	0.921000000000049	3.19799999999941	0	0
3.02199999999993	0.869999999999891	3.27599999999984	0	0
3.01400000000012	0.684999999999945	3.13799999999992	0	0
2.97399999999925	0.715999999999894	3.1239999999998	0	0
3.07200000000012	0.938999999999851	3.24099999999999	0	0
3.02000000000044	0.750999999999976	3.17199999999957	0	0
3.83500000000004	1.41100000000006	4.25999999999931	0	0
3.12400000000071	0.734000000000151	3.27499999999964	0	0
2.98700000000008	0.822999999999865	3.07400000000052	0	0
3.03000000000065	0.796000000000049	3.20499999999993	0	0
2.96500000000015	0.564000000000078	3.05199999999968	0	0
2.96599999999944	0.882000000000062	3.16600000000017	0	0
2.95799999999963	0.763999999999896	3.08399999999983	0	0
3.11700000000019	0.638999999999896	3.08700000000044	0	0
3.08100000000013	0.845000000000027	3.14400000000023	0	0
3.14599999999973	0.613000000000056	3.13299999999981	0	0
3.0600000000004	0.812000000000126	3.07899999999972	0	0
4.15999999999985	1.80999999999995	4.31500000000051	0	0
2.98799999999937	0.531999999999925	2.97999999999956	0	0
2.96900000000005	0.767999999999802	3.1269999999995	0	0
3.03299999999945	0.652999999999793	3.1260000000002	0	0
3.04000000000087	0.558999999999969	3.06400000000031	0	0
2.94700000000012	0.607000000000198	3.06600000000071	0	0
3.33500000000004	0.721000000000004	3.46300000000065	0	0
3.0010000000002	0.663999999999987	3.14599999999973	0	0
3.04599999999937	0.651000000000067	3.15299999999934	0	0
2.90499999999975	0.358999999999924	2.95799999999963	0	0
3.03899999999976	0.674999999999955	3.12100000000009	0	0
3.01600000000053	0.833000000000084	3.20299999999952	0	0
3.02100000000064	0.727000000000089	3.24299999999948	0	0
3.11099999999988	0.691000000000031	2.9989999999998	0	0
2.97499999999945	0.346000000000004	2.95700000000033	0	0
2.98099999999977	0.789999999999964	3.0590000000002	0	0
2.94499999999971	0.639999999999873	3.13600000000042	0	0
3.3760000000002	0.580999999999904	3.33900000000085	0	0
3.00900000000001	0.596000000000004	3.06900000000041	0	0
2.92299999999977	0.338999999999942	2.85099999999966	0	0
3.01000000000022	0.735999999999876	3.04899999999998	0	0
3.03099999999995	0.780999999999949	3.11599999999999	0	0
2.98099999999977	0.727000000000089	3.05999999999949	0	0
3.02399999999943	0.690000000000055	3.03999999999996	0	0
2.98899999999958	0.591000000000122	3.03800000000047	0	0
3.00399999999991	0.586999999999989	3.06800000000021	0	0
2.96600000000035	0.66800000000012	2.96900000000005	0	0
3.27100000000064	1.3610000000001	3.24200000000019	0	0
2.99099999999999	0.577999999999975	2.9989999999998	0	0
2.96599999999944	0.700000000000045	2.99799999999959	0	0
2.9399999999996	0.644999999999982	3.00399999999991	0	0
2.99099999999999	0.632000000000062	3.02800000000025	0	0
3.06400000000031	0.643000000000029	3.04599999999937	0	0
2.97099999999955	0.564000000000078	3.01299999999992	0	0
2.99000000000069	0.731999999999971	3.1239999999998	0	0
2.96700000000055	0.499000000000024	2.97400000000016	0	0
2.98800000000028	0.678000000000111	3.05299999999988	0	0
3.03999999999996	0.666999999999916	3.02100000000064	0	0
3.03600000000006	0.888999999999896	3.11999999999989	0	0
2.94700000000012	0.652000000000044	3.08600000000024	0	0
3.02300000000014	0.578999999999951	3.11300000000028	0	0
3.07499999999982	0.685000000000173	3.13499999999931	0	0
2.98800000000028	0.670000000000073	3.0619999999999	0	0
3.03999999999996	0.759999999999991	3.11099999999988	0	0
3.00500000000011	0.793999999999869	3.11099999999988	0	0
3.09799999999996	0.673000000000002	3.1909999999998	0	0
2.98500000000058	0.421000000000049	2.89200000000073	0	0
3.33100000000013	0.572999999999865	3.35500000000047	0	0
3.0010000000002	0.465000000000146	2.9989999999998	0	0
3.07999999999993	0.473000000000184	2.95100000000002	0	0
3.00999999999931	0.614000000000033	3.13200000000052	0	0
3.02199999999993	0.620000000000118	3.09500000000025	0	0
2.9980000000005	0.566000000000031	3.03499999999985	0	0
3.41200000000026	0.54099999999994	3.42399999999998	0	0
2.99299999999948	0.271999999999935	2.97400000000016	0	0
3.04100000000017	0.863000000000056	3.2489999999998	0	0
3.01099999999951	0.907000000000153	3.19999999999982	0	0
3.09299999999985	0.894000000000005	3.20799999999963	0	0
3.36400000000049	0.758000000000038	3.49499999999989	0	0
3.00700000000052	0.836000000000013	3.20799999999963	0	0
3.08100000000013	0.843000000000075	3.22699999999986	0	0
3.00200000000041	0.745999999999867	3.10000000000036	0	0
3.02099999999973	0.713000000000193	3.14199999999983	0	0
3.05600000000049	0.699000000000069	3.26900000000023	0	0
3.01199999999972	0.510999999999967	3.00900000000001	0	0
3.01000000000022	0.775000000000091	3.13500000000022	0	0
3.00200000000041	0.616999999999962	3.23199999999997	0	0
2.99199999999928	0.696999999999889	3.07600000000002	0	0
3.02599999999984	0.839000000000169	3.07999999999993	0	0
2.98899999999958	0.628999999999905	3.0659999999998	0	0
2.98199999999997	0.526000000000067	3.0610000000006	0	0
3.0049999999992	0.530999999999949	3.00699999999961	0	0
3.0610000000006	0.58199999999988	3.22599999999966	0	0
3.01800000000003	0.468000000000075	2.95200000000023	0	0
3.47700000000077	0.768999999999778	3.65800000000036	0	0
3.04100000000017	0.575000000000045	3.02799999999934	0	0
2.99799999999959	0.684999999999945	3.04699999999957	0	0
3.06700000000001	0.775000000000091	3.13299999999981	0	0
3.03600000000006	1.00499999999988	3.21500000000015	0	0
2.99600000000009	0.673000000000002	3.06400000000031	0	0
3.0649999999996	0.940000000000055	3.16100000000006	0	0
3.02199999999993	0.986000000000104	3.13200000000052	0	0
3.48199999999997	0.713999999999942	3.60600000000068	0	0
3.03900000000067	0.567999999999984	2.99600000000009	0	0
3.18900000000031	0.686999999999898	3.19999999999982	0	0
2.91600000000017	0.368999999999915	2.92700000000059	0	0
2.96499999999924	0.569999999999936	3.02999999999975	0	0
3.44599999999991	0.66599999999994	3.44500000000062	0	0
3.00699999999961	0.692000000000007	3.13699999999972	0	0
3.01599999999962	0.684000000000196	3.1880000000001	0	0
3.01300000000083	0.758000000000038	3.10800000000017	0	0
3.56500000000051	0.710000000000036	3.79599999999937	0	0
3.02599999999984	0.686999999999898	3.10699999999997	0	0
3.01099999999951	0.546000000000049	3.02999999999975	0	0
2.98000000000047	0.488000000000056	2.94400000000041	0	0
3.4369999999999	0.781999999999925	3.60699999999997	0	0
3.08599999999933	0.807000000000016	3.10800000000017	0	0
3.09200000000055	0.759999999999991	3.05299999999988	0	0
3.05400000000009	0.807000000000016	3.07700000000023	0	0
3.37700000000041	0.914999999999964	3.51699999999983	0	0
2.92199999999957	0.453999999999951	2.91499999999996	0	0
3.14399999999932	1.44499999999994	3.26400000000012	0	0
3.00699999999961	0.774999999999864	3.09100000000035	0	0
3.07700000000023	0.958000000000084	3.15899999999965	0	0
2.98999999999978	0.722999999999956	3.29799999999977	0	0
3.05099999999948	0.578999999999951	3.00900000000001	0	0
3.04300000000057	0.465999999999894	2.95200000000023	0	0
3.03899999999976	0.895999999999958	3.1850000000004	0	0
3.00500000000011	0.841999999999871	3.08500000000004	0	0
3.11099999999988	0.834999999999809	3.16200000000026	0	0
3.04500000000007	0.669999999999845	3.11099999999988	0	0
3.20800000000054	0.832000000000107	3.28800000000047	0	0
2.97299999999996	0.414999999999964	2.95899999999983	0	0
2.96900000000005	0.735999999999876	3.03999999999996	0	0
2.94999999999982	0.668999999999869	3.04799999999977	0	0
3.09699999999975	1.10099999999989	3.27300000000014	0	0
3.01599999999962	0.750999999999976	2.97000000000025	0	0
3.13200000000052	0.731999999999971	3.05799999999999	0	0
3.27099999999973	1.14200000000005	3.20499999999993	0	0
3.0590000000002	0.698000000000093	2.91599999999926	0	0
3.10500000000047	0.751999999999953	2.99799999999959	0	0
3.14000000000033	0.754999999999882	3.02599999999984	0	0
