18.176	21.579	11.624	0	0
12.508	9.752	12.133	0	0
14.154	13.371	11.734	0	0
9.15300000000001	3.85900000000001	11.5	0	0
9.08199999999999	3.33	11.734	0	0
9.15200000000002	4.438	12.103	0	0
8.77699999999999	3.53699999999999	12.67	0	0
10.184	7.17500000000001	11.697	0	0
16.215	20.03	13.317	0	0
14.2	14.091	14.025	0	0
11.233	8.27100000000002	11.554	0	0
11.971	9.267	12.237	0	0
11.369	10.28	10.758	0	0
14.89	14.07	11.327	0	0
9.29699999999997	5.52600000000001	11.707	0	0
9.55400000000003	5.387	10.901	0	0
18.215	12.897	18.116	0	0
10.53	7.322	12.167	0	0
9.40800000000002	5	10.431	0	0
11.1990000000001	8.233	13.6950000000001	0	0
8.47000000000003	3.57499999999999	11.338	0	0
9.37100000000009	3.49599999999998	11.692	0	0
8.90999999999997	4.49100000000004	11.7860000000001	0	0
13.49	11.382	14.3280000000001	0	0
10.575	6.39000000000004	11.78	0	0
9.80899999999997	7.92100000000005	9.73200000000008	0	0
14.456	13.904	14.749	0	0
8.93700000000001	4.21100000000001	13.2990000000001	0	0
10.462	5.41600000000005	10.764	0	0
15.5759999999999	16.631	12.693	0	0
7.37900000000002	3.37799999999993	9.13099999999997	0	0
14.296	14.7619999999999	12.7940000000001	0	0
9.95999999999992	6.87400000000002	11.501	0	0
8.60299999999995	2.49199999999996	10.812	0	0
18.412	13.76	20.917	0	0
9.96500000000003	6.04099999999994	13.9570000000001	0	0
10.941	7.18700000000001	10.7090000000001	0	0
13.8539999999999	14.581	13.4559999999999	0	0
8.72000000000003	4.03800000000001	12.73	0	0
12.768	11.126	12.8199999999999	0	0
9.9559999999999	7.01999999999998	9.23700000000008	0	0
9.42899999999986	4.36199999999997	11.403	0	0
22.884	29.274	14.7939999999999	0	0
11.5540000000001	9.54500000000007	11.5909999999999	0	0
11.134	8.97199999999998	12.0330000000001	0	0
12.5420000000001	9.00900000000001	12.598	0	0
10.1279999999999	7.72500000000002	13.5290000000002	0	0
16.7760000000001	17.442	13.4300000000001	0	0
9.17499999999995	5.46899999999982	12.442	0	0
10.1289999999999	6.31100000000015	10.722	0	0
13.6759999999999	11.4560000000001	13.4780000000001	0	0
11.28	8.06799999999998	11.9499999999998	0	0
14.3779999999999	13.8430000000001	11.9660000000001	0	0
8.99099999999999	5.07200000000012	10.8900000000001	0	0
8.89799999999991	4.9849999999999	10.0420000000001	0	0
8.31899999999996	3.96000000000004	11.115	0	0
12.1949999999999	9.98300000000017	13.761	0	0
8.94399999999996	3.98199999999997	11.423	0	0
11.0840000000001	7.86999999999989	13.952	0	0
8.077	2.03600000000006	10.463	0	0
10.7329999999999	7.70400000000018	12.212	0	0
10.24	5.38000000000011	11.0889999999999	0	0
15.404	16.502	14.231	0	0
34.923	42.2560000000001	26.731	0	0
11.9580000000001	10.8059999999998	11.7920000000001	0	0
14.027	13.3319999999999	15.4010000000001	0	0
11.0699999999999	7.27500000000009	13.3989999999999	0	0
9.9849999999999	5.50600000000009	12.595	0	0
8.64400000000001	2.31299999999987	11.0599999999999	0	0
14.143	14.4179999999999	14.0599999999999	0	0
12.8190000000002	10.508	12.0599999999999	0	0
8.91000000000008	3.7170000000001	12.886	0	0
9.82200000000012	6.16699999999992	13.7150000000001	0	0
10.2260000000001	5.25099999999998	13.376	0	0
11.0829999999999	9.19499999999994	11.4269999999997	0	0
10.8340000000001	8.85200000000009	11.2019999999998	0	0
12.0919999999999	8.81299999999987	10.1900000000001	0	0
10.2349999999999	6.06600000000003	12.5749999999998	0	0
14.998	14.819	16.806	0	0
9.22499999999991	6.02500000000009	11.9769999999999	0	0
10.2620000000002	5.20799999999986	13.221	0	0
16.5009999999997	10.8220000000001	19.0839999999998	0	0
11.1060000000002	6.75900000000001	10.424	0	0
9.6909999999998	5.29600000000005	13.0410000000002	0	0
9.86900000000014	6.07999999999993	10.3330000000001	0	0
8.62099999999964	3.94299999999998	11.4470000000001	0	0
8.11200000000008	2.45799999999986	14.424	0	0
10.819	6.84799999999996	11.607	0	0
8.30299999999988	3.00999999999999	10.4349999999999	0	0
9.19399999999996	4.31099999999992	10.8300000000004	0	0
10.0950000000003	5.92700000000013	13.942	0	0
14.98	8.03900000000021	17.6990000000001	0	0
10.1150000000002	10.7430000000002	8.45299999999997	0	0
8.10499999999956	5.64199999999983	8.25700000000006	0	0
8.28400000000011	3.37599999999998	10.3409999999999	0	0
9.03400000000011	5.28600000000006	10.0639999999999	0	0
8.74200000000019	3.11799999999994	13.3210000000004	0	0
8.68600000000015	3.2349999999999	10.4449999999997	0	0
9.78900000000021	4.05399999999986	14.2080000000001	0	0
10.5649999999996	6.13999999999987	10.0839999999998	0	0
14.7829999999999	16.53	14.3999999999996	0	0
10.6119999999996	8.77699999999982	11.384	0	0
16.0940000000001	20.614	11.0569999999998	0	0
8.79399999999987	2.41200000000003	12.9499999999998	0	0
8.47799999999961	3.74399999999991	11.2729999999997	0	0
11.1600000000003	9.79700000000003	12.049	0	0
10.8110000000001	6.82000000000016	13.0549999999998	0	0
14.5209999999997	14.2730000000001	11.6309999999999	0	0
10.134	5.83000000000038	10.8530000000001	0	0
10.701	7.26200000000017	9.2170000000001	0	0
11.1080000000002	8.32100000000037	10.5309999999999	0	0
10.2429999999999	5.875	12.3700000000003	0	0
9.64400000000023	5.76899999999978	11.2689999999998	0	0
9.04400000000032	3.83100000000013	10.3420000000001	0	0
18.8740000000003	14.5599999999999	19.8200000000002	0	0
7.91200000000026	3.00399999999991	9.90599999999995	0	0
8.83800000000019	4.58799999999974	9.91699999999992	0	0
11.1689999999999	8.58300000000008	10.9929999999999	0	0
11.4639999999999	9.35300000000007	11.1930000000002	0	0
15.0610000000001	14.6100000000001	13.096	0	0
16.8499999999999	18.0349999999999	13.942	0	0
12.9159999999997	11.645	13.8050000000003	0	0
10.2670000000003	4.91399999999976	12.9070000000002	0	0
14.9230000000002	15.5070000000001	12.9349999999999	0	0
11.8809999999999	9.34700000000021	12.77	0	0
10.9009999999998	8.154	11.7509999999997	0	0
16.761	19.4490000000001	14.4299999999998	0	0
13.9389999999999	13.7660000000001	13.2570000000001	0	0
9.52700000000004	5.21799999999985	11.875	0	0
8.31700000000001	2.58600000000024	11.7230000000004	0	0
9.91600000000017	5.94500000000016	12.3220000000001	0	0
10.1369999999997	5.83899999999994	12.4539999999997	0	0
22.6179999999999	21.6610000000001	23.5469999999996	0	0
19.1910000000003	22.125	13.2330000000002	0	0
10.7289999999998	7.32299999999987	11.8540000000003	0	0
8.41300000000001	3.29799999999977	11.9409999999998	0	0
10.058	3.89699999999993	14.3019999999997	0	0
17.1789999999996	10.0999999999999	19.1970000000001	0	0
12.0319999999997	8.33500000000004	12.0059999999999	0	0
9.90900000000011	6.42499999999973	12.683	0	0
11.0840000000003	6.56600000000026	13.6620000000003	0	0
10.6370000000002	7.32299999999987	13.4650000000001	0	0
9.84299999999985	5.68200000000024	12.0690000000004	0	0
12.6680000000001	4.98700000000008	18.502	0	0
8.90100000000029	2.77600000000029	10.8119999999999	0	0
8.04500000000007	3.05000000000018	10.799	0	0
7.82799999999997	2.23300000000017	11.0990000000002	0	0
8.16199999999981	2.3430000000003	11.1759999999999	0	0
9.11700000000019	6.33599999999979	10.9390000000003	0	0
7.52499999999964	4.0300000000002	9.8149999999996	0	0
12.123	9.79999999999973	12.2400000000007	0	0
16.3829999999998	17.1480000000001	13.9169999999995	0	0
19.1210000000001	22.9700000000003	15.3850000000002	0	0
11.7199999999998	9.41699999999992	11.4319999999998	0	0
16.3289999999997	16.527	14.0940000000001	0	0
9.89499999999998	6.346	10.9579999999996	0	0
9.49199999999973	3.46799999999985	12.7870000000003	0	0
12.4209999999998	10.2330000000002	14.0460000000003	0	0
9.28499999999985	5.096	11.2020000000002	0	0
8.60500000000002	3.60500000000002	12.9380000000001	0	0
11.4589999999998	8.43499999999995	13.5259999999998	0	0
9.23500000000013	4.02099999999973	10.7439999999997	0	0
9.78700000000026	6.65200000000004	12.1379999999999	0	0
10.152	7.08799999999974	11.4410000000007	0	0
10.2649999999994	7.57400000000007	11.8220000000001	0	0
8.98800000000028	3.53400000000011	10.4200000000001	0	0
12.4880000000003	11.2510000000002	10.7330000000002	0	0
14.2849999999999	13.192	16.7380000000003	0	0
11.9520000000002	9.8119999999999	13.6780000000008	0	0
11.4430000000002	8.51099999999997	12.5250000000005	0	0
9.49300000000039	5.32200000000012	11.5699999999997	0	0
11.0889999999999	8.15599999999995	13.2139999999999	0	0
12.0530000000008	11	12.54	0	0
10.6030000000001	6.89899999999989	10.6539999999995	0	0
10.6999999999998	8.17099999999982	11.4200000000001	0	0
12.8509999999997	12.7539999999999	11.3490000000002	0	0
10.9409999999998	7.404	12.1049999999996	0	0
8.04799999999977	3.60699999999997	10.1729999999998	0	0
13.1459999999997	12.3029999999999	11.5650000000005	0	0
23.0240000000003	29.27	17.259	0	0
12.1350000000002	10.2750000000001	12.8909999999996	0	0
10.3189999999995	7.4369999999999	10.8699999999999	0	0
10.4309999999996	6.42500000000018	12.8030000000008	0	0
8.40499999999975	2	11.518	0	0
9.88500000000022	8.51299999999992	9.65800000000036	0	0
12.4560000000001	11.076	13.0079999999998	0	0
9.54699999999957	5.65999999999985	12.3940000000002	0	0
8.48199999999997	3.79300000000012	11.2030000000004	0	0
10.0950000000003	6.96299999999974	11.2799999999997	0	0
8.49000000000069	3.96500000000015	10.7109999999993	0	0
11.085	7.51199999999972	13.9099999999999	0	0
16.8270000000002	17.4249999999997	13.7849999999999	0	0
9.22000000000025	3.22800000000007	13.549	0	0
8.32499999999982	2.07299999999987	11.1980000000003	0	0
18.9899999999998	23.0309999999999	14.9740000000002	0	0
10.6970000000001	7.91100000000006	13.0300000000007	0	0
15.9120000000003	16.7350000000001	14.5519999999997	0	0
9.68000000000029	5.60599999999977	13.3090000000002	0	0
15.0350000000008	16.174	13.5250000000005	0	0
10.2759999999998	6.17200000000003	11.2029999999995	0	0
10.0439999999999	9.05200000000013	9.36700000000019	0	0
8.7510000000002	3.48599999999988	10.6200000000008	0	0
8.93099999999959	3.74900000000025	10.9840000000004	0	0
11.058	7.779	12.8280000000004	0	0
10.8239999999996	7.23500000000013	13.1759999999995	0	0
7.21299999999974	3.00900000000001	8.74099999999999	0	0
9.87100000000009	5.904	11.1359999999995	0	0
10.8669999999993	10.7600000000002	10.9780000000001	0	0
9.37299999999959	6.26499999999987	12.348	0	0
13.3519999999999	12.7240000000002	13.5170000000007	0	0
8.90599999999995	6.22299999999996	9.7529999999997	0	0
10.1400000000003	6.88000000000011	11.2520000000004	0	0
12.4719999999998	10.2069999999999	12.8409999999994	0	0
13.433	13.9659999999999	13.1379999999999	0	0
10.0199999999995	4.66400000000021	12.5329999999994	0	0
12.5879999999997	11.7799999999997	11.1399999999994	0	0
15.0680000000002	15.0200000000004	15.3049999999994	0	0
7.86099999999988	2.23500000000013	9.78200000000015	0	0
9.10599999999977	2.78200000000015	14.5960000000005	0	0
8.27100000000064	2.26300000000037	12.924	0	0
7.88599999999951	2.61100000000033	12.1790000000001	0	0
11.9809999999998	9.03499999999985	14.1709999999994	0	0
9.10199999999986	4.49399999999969	12.7660000000005	0	0
9.87100000000009	6.96100000000024	11.9219999999996	0	0
13.2190000000001	12.8499999999999	12.1580000000004	0	0
9.07999999999993	5.36799999999994	10.3389999999999	0	0
15.0160000000005	14.241	13.3820000000005	0	0
9.65099999999984	6.25200000000041	11.7450000000008	0	0
8.72499999999945	3.18000000000029	12.2579999999998	0	0
9.70499999999993	3.33500000000004	14.0990000000002	0	0
8.30099999999948	3.79899999999998	10.7610000000004	0	0
15.0150000000003	16.5360000000001	11.4250000000002	0	0
7.20200000000023	3.03499999999985	7.65200000000004	0	0
10.7220000000007	9.37299999999959	11.5700000000006	0	0
7.64800000000014	2.46800000000076	10.232	0	0
19.3270000000002	24.1120000000001	15.3649999999998	0	0
15.451	9.16600000000017	20.4610000000002	0	0
18.3629999999994	12.6979999999994	19.6690000000008	0	0
7.97699999999986	3.83100000000013	9.61999999999989	0	0
14.9030000000002	13.7070000000003	15.7430000000004	0	0
12.1570000000002	10.3789999999999	14.4089999999997	0	0
9.41800000000057	4.51900000000023	12.6100000000006	0	0
7.82500000000073	2.20599999999922	10.4220000000005	0	0
8.00699999999961	2.55199999999968	10.1959999999999	0	0
8.94200000000001	3.58300000000054	11.8509999999997	0	0
11.9070000000002	9.67500000000018	12.6620000000003	0	0
9.42500000000018	4.40400000000045	11.5559999999996	0	0
8.23999999999978	2.77400000000034	9.63499999999931	0	0
7.82999999999993	4.72800000000007	10.0559999999996	0	0
12.9959999999992	10.3549999999996	12.2829999999994	0	0
9.49299999999948	5.41200000000026	12.2850000000008	0	0
12.8949999999995	11.8060000000005	12.4070000000002	0	0
13.2240000000002	12.8449999999993	14.0570000000007	0	0
7.88799999999992	1.85199999999986	11.8389999999999	0	0
7.96300000000065	1.78399999999965	10.9049999999997	0	0
9.8119999999999	6.32400000000052	11.1620000000003	0	0
9.67900000000009	6.21600000000035	11.9130000000005	0	0
10.6390000000001	8.49300000000039	12.8100000000004	0	0
10.6310000000003	6.17900000000009	12.3270000000002	0	0
8.86099999999988	2.96999999999935	11.0660000000007	0	0
8.30899999999929	2.95699999999943	11.7529999999997	0	0
7.93199999999979	2.25700000000052	10.0160000000005	0	0
8.88200000000052	4.41100000000006	10.1139999999996	0	0
11.5600000000004	9.7440000000006	11.2870000000003	0	0
12.4409999999998	10.9459999999999	13.2970000000005	0	0
9.53300000000036	5.3809999999994	12.3530000000001	0	0
9.49099999999999	5.30600000000049	12.5309999999999	0	0
14.2520000000004	15.0750000000007	13.1689999999999	0	0
7.89500000000044	3.53200000000015	11.6059999999998	0	0
9.07900000000063	4.42500000000018	10.7860000000001	0	0
10.8200000000006	5.94700000000012	12.7920000000004	0	0
8.71500000000015	3.90800000000036	11.7150000000001	0	0
8.74499999999989	3.23899999999958	11.5819999999994	0	0
8.49299999999948	3.53000000000065	9.87100000000009	0	0
8.75900000000001	3.79100000000017	10.9570000000003	0	0
8.76199999999972	3.55599999999959	11.6300000000001	0	0
10.4479999999994	7.40499999999975	12.5940000000001	0	0
11.6509999999998	9.71599999999944	11.6150000000007	0	0
7.63900000000012	3.3739999999998	10.9369999999999	0	0
11.3199999999997	8.25900000000001	11.2039999999997	0	0
14.2139999999999	14.1390000000001	13.21	0	0
8.52399999999943	2.15999999999985	11.6170000000002	0	0
10.1229999999996	7.42399999999998	11.152	0	0
8.38400000000001	2.16600000000017	11.7349999999997	0	0
11.3009999999995	8.65200000000004	11.3040000000001	0	0
10.5309999999999	6.61800000000039	13.5770000000002	0	0
9.42499999999927	4.95000000000073	11.9539999999997	0	0
10.5499999999993	7.10300000000007	11.152	0	0
12.2939999999999	10.3550000000005	12.2629999999999	0	0
10.8879999999999	7.4389999999994	12.4130000000005	0	0
13.9089999999997	14.2950000000001	12.6800000000003	0	0
10.4659999999994	7.07600000000002	12.741	0	0
9.32400000000052	2.77999999999975	13.0460000000003	0	0
14.9650000000001	16.7749999999996	15.6459999999997	0	0
8.61399999999958	4.04600000000028	11.3289999999997	0	0
14.2920000000004	14.7030000000004	13.7920000000004	0	0
10.0500000000002	6.76499999999942	11.165	0	0
10.7240000000002	7.19599999999991	10.8370000000004	0	0
8.72800000000007	3.44700000000012	11.3429999999998	0	0
8.62700000000041	2.14000000000033	11.009	0	0
12.3109999999997	9.48600000000079	13.5770000000002	0	0
8.3700000000008	2.54100000000017	12.1880000000001	0	0
9.6279999999997	5.65700000000015	12.0029999999997	0	0
15.7849999999999	17.1999999999998	13.119999999999	0	0
12.5059999999994	10.3369999999995	14.6779999999999	0	0
8.74600000000009	4.84600000000046	9.81500000000051	0	0
9.64000000000033	4.14199999999983	12.9390000000003	0	0
9.30799999999999	4.50600000000031	11.5529999999999	0	0
7.8119999999999	3.89899999999943	9.77700000000004	0	0
8.08100000000013	2.17099999999937	11.3260000000009	0	0
11.6289999999999	10.933	10.3649999999998	0	0
7.73800000000028	2.23800000000028	12.0769999999993	0	0
11.1989999999996	7.64399999999932	11.1380000000008	0	0
8.08899999999994	1.59400000000005	9.77899999999863	0	0
8.61099999999988	3.40200000000004	11.7869999999984	0	0
15.902	20.6139999999996	9.20499999999993	0	0
8.79099999999926	4.21099999999933	12.1709999999985	0	0
14.1579999999994	14.0879999999997	13.7300000000014	0	0
9.6840000000002	5.21199999999953	11.512999999999	0	0
15.2210000000005	15.9830000000002	12.2009999999991	0	0
13.0709999999999	11.5259999999998	12.5159999999996	0	0
12.9629999999997	12.152	12.2849999999999	0	0
11.6549999999997	9.61800000000039	12.1630000000005	0	0
9.17999999999938	4.4360000000006	12.2869999999984	0	0
13.4189999999999	11.8280000000004	13.4699999999993	0	0
9.91599999999926	4.35199999999986	12.3410000000003	0	0
9.16899999999987	4.5010000000002	10.7860000000001	0	0
8.05099999999948	2.8149999999996	10.7880000000005	0	0
11.4009999999998	6.97099999999955	13.8940000000002	0	0
8.25500000000011	3.03200000000015	12.5910000000003	0	0
11.0929999999998	6.01299999999992	13.4390000000003	0	0
14.1549999999997	14.817	12.9279999999999	0	0
9.63600000000042	4.98999999999978	14.3759999999984	0	0
8.6860000000006	2.36700000000019	13.5030000000006	0	0
12.4589999999998	11.1120000000001	12.125	0	0
13.2490000000007	11.0690000000004	14.1320000000014	0	0
9.45200000000023	4.71799999999985	12.2139999999999	0	0
17.3680000000004	19.2269999999999	15.0330000000013	0	0
13.2449999999999	10.5370000000003	12.7749999999996	0	0
10.241	4.55799999999999	12.9369999999999	0	0
9.8779999999997	5.41400000000067	13.2219999999998	0	0
9.05500000000029	2.55100000000039	13.9679999999989	0	0
7.78899999999885	2.40400000000045	10.9380000000001	0	0
11.0730000000003	7.55300000000079	12.857	0	0
12.0919999999987	9.11100000000079	13.2950000000001	0	0
8.68400000000111	3.23099999999977	11.2659999999996	0	0
8.68199999999888	1.8149999999996	14.621000000001	0	0
13.1239999999998	12.0969999999998	14.6050000000014	0	0
16.6610000000001	17.951	14.2700000000004	0	0
9.42200000000048	4.47900000000027	11.6200000000008	0	0
9.28299999999945	6.29200000000037	12.5789999999997	0	0
9.7489999999998	5.67599999999948	12.0450000000001	0	0
13.6679999999997	12.4499999999998	14.1659999999993	0	0
11.0830000000005	8.25799999999981	12.2250000000004	0	0
12.0500000000011	9.93299999999999	13.005000000001	0	0
13.4669999999987	12.9919999999993	11.7150000000001	0	0
16.8230000000003	10.7809999999999	21.9089999999997	0	0
10.9300000000003	6.40599999999995	13.6010000000006	0	0
10.9850000000006	9.07200000000012	12.1869999999999	0	0
12.3690000000006	10.2160000000003	15.1630000000005	0	0
12.4380000000001	12.0010000000002	11.7240000000002	0	0
13.9449999999997	13.6559999999999	13.2519999999986	0	0
12.7720000000008	11.6410000000005	13.0190000000002	0	0
7.98300000000017	3.35499999999956	11.8739999999998	0	0
13.6380000000008	12.4889999999996	11.7870000000003	0	0
9.51800000000003	5.11200000000008	12.8780000000006	0	0
8.97999999999956	3.73700000000008	12.2020000000011	0	0
9.68099999999868	6.1869999999999	11.9259999999995	0	0
10.1800000000003	5.57200000000012	12.2970000000005	0	0
10.0060000000012	5.45600000000013	12.521999999999	0	0
9.3080000000009	5.38900000000012	12.3700000000008	0	0
10.1980000000003	6.85000000000036	11.8310000000001	0	0
9.88299999999981	5.23499999999967	11.610999999999	0	0
10.1319999999996	8.11099999999988	12.2870000000003	0	0
9.08599999999933	3.44700000000012	12.6569999999992	0	0
12.4479999999985	11.7709999999997	14.6540000000005	0	0
13.7759999999998	12.2420000000002	15.0879999999997	0	0
25.7430000000004	22.3649999999998	26.3689999999988	0	0
13.8360000000011	13.9579999999996	12.6679999999997	0	0
10.0709999999999	5.31999999999971	14.1239999999998	0	0
11.5510000000013	9.00399999999991	11.9580000000005	0	0
10.6869999999999	7.98199999999997	12.5159999999996	0	0
14.9720000000016	16.4100000000008	13.8189999999995	0	0
21.0879999999997	25.3030000000008	15.3379999999997	0	0
9.1260000000002	4.79300000000057	10.884	0	0
8.2489999999998	4.66699999999946	9.91299999999865	0	0
11.496000000001	8.78499999999985	13.3259999999991	0	0
14.1009999999987	13.0299999999997	13.7389999999996	0	0
8.93499999999949	4.63000000000011	10.5599999999995	0	0
13.271999999999	12.5919999999996	13.6239999999998	0	0
11.1939999999995	7.98000000000047	12.1749999999993	0	0
11.4229999999989	8.72699999999986	13.7250000000004	0	0
9.02100000000064	4.41899999999987	10.2200000000012	0	0
10.639000000001	7.11599999999999	12.9280000000017	0	0
10.4200000000001	6.01399999999921	12.0650000000005	0	0
10.0849999999991	7.40300000000025	12.3889999999992	0	0
9.08699999999953	4.30299999999988	10.6170000000002	0	0
8.13999999999942	3.09000000000015	13.0760000000009	0	0
7.79399999999987	2.51900000000023	11.4159999999993	0	0
9.32099999999991	4.3090000000002	11.521999999999	0	0
7.18999999999869	2.4409999999998	9.17900000000009	0	0
7.51100000000042	2.77999999999975	9.97400000000016	0	0
9.14600000000064	3.8090000000002	13.0210000000006	0	0
9.06500000000051	3.9320000000007	10.6049999999996	0	0
19.491	19.9120000000003	16.4699999999993	0	0
8.76399999999921	3.47499999999945	13.6080000000002	0	0
12.9770000000008	11.6239999999998	14.3549999999996	0	0
11.4250000000011	10.3980000000001	13.4140000000007	0	0
15.8640000000014	14.9930000000004	14.8340000000007	0	0
6.92400000000089	2.35000000000036	9.86499999999978	0	0
15.1849999999995	15.7979999999998	15.2060000000001	0	0
9.60100000000057	5.53200000000015	11.3419999999987	0	0
10.4359999999997	7.22900000000027	12.3329999999987	0	0
8.83899999999994	4.5570000000007	10.5690000000013	0	0
9.21999999999935	4.00600000000031	13.3240000000005	0	0
9.59000000000015	5.74200000000019	12.4750000000004	0	0
10.9149999999991	7.95700000000033	10.8130000000001	0	0
11.232	7.42900000000009	13.3490000000002	0	0
14.8049999999985	16.2159999999994	14.5879999999997	0	0
8.70800000000054	4.20100000000002	11.0410000000011	0	0
9.90899999999965	5.8730000000005	13.7029999999995	0	0
14.226999999999	13.7670000000007	13.9430000000011	0	0
17.6869999999999	17.9619999999995	17.8029999999999	0	0
11.5130000000008	8.37100000000009	14.6610000000001	0	0
14.3960000000006	14.3200000000006	13.5570000000007	0	0
10.1890000000003	6.11099999999988	12.4149999999991	0	0
12.3100000000013	9.9380000000001	11.4670000000006	0	0
14.2530000000006	12.9090000000006	13.6949999999997	0	0
10.3760000000002	5.88999999999942	11.9689999999991	0	0
12.3500000000004	10.8060000000005	12.2510000000002	0	0
8.59700000000157	3.83699999999953	13.3379999999997	0	0
8.371000000001	2.27099999999973	13.1409999999996	0	0
12.2060000000001	9.61899999999969	11.1409999999996	0	0
13.5769999999993	12.9389999999994	13.8169999999991	0	0
9.99499999999898	6.27099999999973	10.8610000000008	0	0
9.67699999999968	5.40199999999913	10.5360000000001	0	0
12.1530000000002	12.7060000000001	14.5879999999997	0	0
8.92200000000048	6.18199999999979	8.72799999999916	0	0
7.9940000000006	1.79799999999977	10.8370000000014	0	0
8.98099999999977	3.78800000000047	11.4369999999999	0	0
8.43399999999929	2.89599999999973	10.884	0	0
10.25	7.00399999999991	11.5950000000012	0	0
9.39800000000105	4.96800000000076	11.7110000000011	0	0
9.31600000000071	5.75699999999961	10.9200000000001	0	0
13.4639999999999	13.7800000000007	13.1580000000013	0	0
9.8700000000008	6.19799999999941	11.0100000000002	0	0
10.6499999999996	6.78799999999956	11.0960000000014	0	0
10.9249999999993	9.02199999999993	13.4169999999995	0	0
13.4470000000001	12.8810000000003	11.9639999999999	0	0
8.02500000000146	2.29300000000057	11.1450000000004	0	0
8.6190000000006	3.97299999999996	11.496000000001	0	0
8.78499999999985	2.97699999999986	13.5390000000007	0	0
7.56099999999969	2.14300000000003	11.9410000000007	0	0
8.74499999999898	4.22000000000025	11.7540000000008	0	0
10.1979999999985	5.61100000000079	13.5849999999991	0	0
8.91200000000026	3.90599999999995	10.3739999999998	0	0
9.09699999999975	4.1269999999995	12.0579999999991	0	0
13.8130000000001	13.9560000000001	15.3119999999999	0	0
9.82900000000154	5.91899999999987	10.9210000000003	0	0
9.83500000000095	4.71299999999974	13.3190000000013	0	0
13.2060000000001	11.8630000000003	12.8810000000012	0	0
9.92200000000048	4.71399999999994	12.8860000000004	0	0
8.6349999999984	3.58700000000044	13.7889999999989	0	0
10.4719999999998	6.22499999999945	12.862000000001	0	0
10.3310000000001	7.03499999999985	14.0780000000013	0	0
19.2009999999991	15.6969999999992	19.2060000000001	0	0
9.51599999999962	5.57000000000062	14.1380000000008	0	0
9.40699999999924	4.34799999999996	10.9110000000001	0	0
8.39500000000044	3.17799999999988	12.1449999999986	0	0
9.80999999999949	7.50399999999991	10.2259999999987	0	0
8.82099999999991	3.39800000000014	12.5429999999997	0	0
9.121000000001	4.78899999999976	10.0569999999989	0	0
9.41600000000108	7.24000000000069	10.5460000000003	0	0
8.10399999999936	5.12899999999991	10.0810000000001	0	0
10.2100000000009	7.83799999999974	8.28700000000026	0	0
10.7429999999986	7.95200000000023	9.83499999999913	0	0
8.32200000000012	2.10699999999997	10.9700000000012	0	0
9.00500000000102	4.01899999999932	12.6239999999998	0	0
20.6679999999997	20.2569999999996	20.0320000000011	0	0
9.22799999999916	5.39699999999993	10.8590000000004	0	0
8.38799999999901	4.53700000000026	10.2529999999988	0	0
12.7309999999998	9.64300000000003	13.9539999999997	0	0
9.5010000000002	5.16899999999987	12.360999999999	0	0
8.51000000000022	2.36499999999978	11.6569999999992	0	0
16.9089999999997	9.91700000000037	18.6010000000006	0	0
9.18000000000029	4.41300000000047	9.79899999999907	0	0
9.01800000000003	3.70699999999943	11.6720000000005	0	0
8.78800000000047	2.98800000000028	11.4320000000007	0	0
9.28899999999885	3.89999999999964	14.5579999999991	0	0
12.1479999999992	8.73999999999978	13.2939999999999	0	0
14.0630000000001	13.9529999999995	14.2549999999992	0	0
9.21000000000095	4.15700000000015	12.9189999999999	0	0
8.21099999999933	2.63900000000012	11.3429999999989	0	0
8.1309999999994	2.05199999999968	13.357	0	0
10.4799999999996	6.75699999999961	11.5699999999997	0	0
9.05400000000009	4.63700000000063	13.4660000000003	0	0
10.3899999999994	6.82000000000062	13.5349999999999	0	0
10.2250000000004	5.47599999999966	12.8109999999997	0	0
8.90400000000045	4.89500000000044	10.3189999999995	0	0
12.8389999999999	12.25	13.3189999999995	0	0
13.6940000000013	14.4920000000002	11.6170000000002	0	0
10.6550000000007	7.28499999999985	13.387999999999	0	0
17.2309999999998	19.2039999999997	14.112000000001	0	0
8.94999999999891	3.68000000000029	13.9880000000012	0	0
14.4009999999998	13.9750000000004	13.6850000000013	0	0
9.84099999999853	5.10600000000159	12.2089999999989	0	0
9.72899999999936	6.91600000000108	12.1059999999998	0	0
10.9809999999998	8.85699999999997	9.93799999999828	0	0
10.4970000000012	6.59699999999975	9.98799999999937	0	0
6.83699999999953	3.57300000000032	8.59000000000015	0	0
7.95700000000033	2.77999999999884	9.6760000000013	0	0
10.7049999999999	6.70600000000013	12.9249999999993	0	0
8.33199999999852	3.78799999999865	9.27499999999964	0	0
10.1360000000004	6.02000000000044	12.7250000000004	0	0
9.73600000000079	5.85100000000057	10.8739999999998	0	0
8.22499999999854	3.51499999999942	8.51299999999901	0	0
9.42399999999907	5.39300000000003	10.871000000001	0	0
13.619999999999	13.2420000000002	12.9219999999987	0	0
25.4429999999993	27.1010000000006	21.1589999999997	0	0
9.52700000000004	4.32600000000093	11.4740000000002	0	0
8.84900000000016	5.35499999999956	9.45300000000134	0	0
10.9369999999999	7.875	13.4490000000005	0	0
9.09000000000015	3.80999999999949	13.5569999999989	0	0
8.61499999999978	4.5669999999991	10.2080000000005	0	0
8.65200000000004	3.43000000000029	11.2939999999999	0	0
9.14699999999903	4.40799999999945	12.6790000000001	0	0
11.3150000000005	7.91500000000087	12.5229999999992	0	0
8.40400000000045	3.70600000000013	9.99800000000141	0	0
10.5749999999989	7.36700000000019	12.5760000000009	0	0
8.47899999999936	2.6160000000018	10.3019999999997	0	0
8.14099999999962	2.14300000000003	12.5990000000002	0	0
13.0570000000007	10.2030000000013	13.1279999999988	0	0
10.5840000000007	8.27100000000064	12.3860000000004	0	0
9.27499999999964	4.37700000000041	11.4040000000005	0	0
8.68100000000049	3.46099999999933	11.1399999999994	0	0
9.91100000000006	7.49199999999837	12.5190000000002	0	0
16.134	18.378999999999	13.2530000000006	0	0
9.66699999999946	5.30799999999908	13.5119999999988	0	0
11.8870000000006	8.27399999999943	12.3080000000009	0	0
10.5740000000005	9.13899999999921	11.3189999999995	0	0
9.03000000000065	3.37599999999838	12.0419999999995	0	0
9.10000000000036	3.98800000000119	12.2880000000005	0	0
8.34499999999935	3.28899999999885	10.6110000000008	0	0
9.07699999999932	4.246000000001	11.8070000000007	0	0
10.6319999999996	7.19499999999971	11.7380000000012	0	0
8.74300000000039	3.78000000000065	11.1749999999993	0	0
11.1080000000002	8.42300000000068	12.6229999999996	0	0
10.6729999999989	7.78799999999865	11.8150000000005	0	0
8.53700000000026	2.97599999999875	11.9290000000001	0	0
10.2909999999993	6.99799999999959	12.6889999999985	0	0
20.0929999999989	23.4989999999998	15.982	0	0
9.92599999999948	5.246000000001	13.1730000000007	0	0
8.44800000000032	4.14799999999923	11.1360000000004	0	0
13.4989999999998	12.2420000000002	13.0380000000005	0	0
10.4699999999993	7.27599999999984	12.6970000000001	0	0
9.76100000000042	5.64300000000003	10.7090000000007	0	0
9.48099999999977	6.24200000000019	11.0329999999994	0	0
12.1110000000008	8.91499999999905	13.0910000000003	0	0
9.84199999999873	5.94100000000071	11.4030000000002	0	0
14.887999999999	14.6419999999998	13.6230000000014	0	0
10.6700000000001	6.32400000000052	12.6020000000008	0	0
10.6489999999994	7.85999999999876	13.0390000000007	0	0
9.53000000000065	7.05199999999968	10.7330000000002	0	0
9.32600000000093	5.19999999999891	11.6440000000002	0	0
8.55400000000009	3.51499999999942	11.1679999999997	0	0
9.5719999999983	3.65699999999924	13.0749999999989	0	0
10.6970000000001	8.46600000000035	11.2970000000005	0	0
7.73099999999977	2.72599999999875	11.0259999999998	0	0
9.79899999999907	6.54299999999967	11.768	0	0
9.68100000000049	4.98099999999977	12.8450000000012	0	0
9.26900000000023	4.82899999999972	12.8040000000001	0	0
8.68900000000031	4.42000000000007	12.0079999999998	0	0
8.58300000000054	2.6919999999991	10.2989999999991	0	0
10.8539999999994	9.28100000000086	11.8320000000003	0	0
7.12599999999838	2.0580000000009	10.1170000000002	0	0
8.33400000000074	4.77700000000004	11.6560000000009	0	0
12.0759999999991	13.393	9.55600000000049	0	0
15.4529999999995	15.2600000000002	15.2959999999985	0	0
10.6750000000011	7.00300000000061	12.2620000000006	0	0
9.79600000000028	5.34499999999935	10.8889999999992	0	0
9.49200000000019	5.27099999999882	12.1989999999987	0	0
12.259	11.0819999999985	12.8649999999998	0	0
10.8740000000016	7.7400000000016	14.5290000000005	0	0
11.9179999999997	9.57799999999952	13.6460000000006	0	0
9.45000000000073	5.0580000000009	12.6090000000004	0	0
26.9130000000005	30.3970000000008	22.0069999999996	0	0
8.94700000000012	5.65100000000166	10.1450000000004	0	0
12.1649999999991	10.8079999999991	10.3529999999992	0	0
8.99700000000121	5.64499999999862	9.82599999999911	0	0
11.3559999999998	8.14400000000023	12.2139999999999	0	0
9.67300000000068	6.04500000000007	12.3140000000003	0	0
9.81400000000031	5.81500000000051	11.6610000000001	0	0
9.55600000000049	6.53399999999965	10.8109999999997	0	0
8.97199999999975	4.81999999999971	10.1110000000008	0	0
15.3720000000012	14.9279999999999	12.3169999999991	0	0
9.53300000000127	6.65200000000004	11.5329999999994	0	0
7.69900000000052	2.09200000000055	10.9229999999989	0	0
9.01800000000003	4.14199999999983	11.7479999999996	0	0
8.34300000000076	4.02800000000025	10.3829999999998	0	0
9.10800000000017	3.83499999999913	14.7660000000014	0	0
8.40200000000004	5.15500000000065	10.8860000000004	0	0
8.07099999999991	1.61299999999937	11.9439999999995	0	0
10.8170000000009	7.28700000000026	11.4629999999997	0	0
14.5660000000007	13.5249999999996	14.3709999999992	0	0
8.01800000000003	2.96199999999953	9.95800000000054	0	0
11.8760000000002	9.45800000000054	11.601999999999	0	0
14.8860000000004	7.35400000000118	19.2760000000017	0	0
10.4689999999991	5.96100000000115	13.3580000000002	0	0
13.0319999999992	11.75	12.5849999999991	0	0
9.56500000000051	7.98499999999876	9.93799999999828	0	0
8.77899999999863	3.50900000000001	13.0229999999974	0	0
15.2109999999993	17.8590000000004	12.6709999999985	0	0
12.0910000000003	10.3050000000003	14.9269999999997	0	0
14.226999999999	14.1829999999991	11.8139999999985	0	0
10.0339999999997	7.90200000000004	9.53300000000309	0	0
8.18099999999868	2.01800000000003	12.3530000000028	0	0
9.1299999999992	4.57800000000134	11.2060000000019	0	0
8.53000000000065	2.94400000000132	11.487000000001	0	0
8.875	3.58799999999974	12.6339999999982	0	0
11.0739999999987	7.54900000000089	11.9619999999995	0	0
10.8130000000001	7.94499999999971	11.4400000000023	0	0
10.2090000000007	7.9369999999999	11.2369999999974	0	0
8.80600000000049	4.86200000000099	9.52100000000064	0	0
12.2870000000003	10.4169999999995	11.5689999999995	0	0
8.27599999999984	2.35900000000038	10.255000000001	0	0
7.64999999999964	3.10800000000017	9.46900000000096	0	0
9.64900000000125	5.26600000000144	11.6059999999998	0	0
8.49099999999999	2.73199999999997	11.8449999999975	0	0
13.0570000000007	11.1779999999999	13.6829999999973	0	0
9.59799999999996	4.7599999999984	10.8580000000002	0	0
10.7290000000012	7.47899999999936	10.268	0	0
7.98600000000079	2.17200000000048	11.255000000001	0	0
9.88500000000022	5.20999999999913	11.9049999999988	0	0
7.58999999999833	3.10999999999876	9.87900000000081	0	0
11.3170000000009	8.4489999999987	11.4259999999995	0	0
9.49200000000019	6.26000000000022	10.3279999999977	0	0
17.9590000000007	21.1490000000013	15.4169999999976	0	0
9.72299999999996	4.38400000000001	13.8870000000024	0	0
9.51800000000003	6.00799999999981	11.3389999999999	0	0
10.3029999999999	5.49099999999999	11.9099999999999	0	0
10.5589999999993	7	11.6929999999993	0	0
10.2049999999999	6.92499999999927	12.2829999999994	0	0
13.0169999999998	12.3599999999988	12.1770000000033	0	0
9.34500000000116	4.1989999999987	11.9279999999999	0	0
9.07899999999972	4.00200000000041	12.6399999999994	0	0
15.0379999999986	17.7139999999999	13.7390000000014	0	0
10.3500000000004	6.34199999999873	13.6490000000013	0	0
8.68399999999929	3.09900000000016	11.6399999999994	0	0
8.13199999999961	1.85500000000138	11.5509999999995	0	0
11.6140000000014	8.72999999999956	11.9789999999994	0	0
10.0370000000003	7.32200000000012	12.5499999999993	0	0
11.853000000001	9.33699999999953	12.1870000000017	0	0
13.7149999999983	13.3080000000009	12.3629999999976	0	0
11.1089999999986	7.67300000000068	13.7299999999996	0	0
9.8809999999994	6.23999999999978	11.0280000000021	0	0
10.9580000000005	8.496000000001	11.5689999999995	0	0
8.80299999999988	5.22100000000137	10.242000000002	0	0
9.53000000000065	5.28499999999985	9.30999999999767	0	0
9.19499999999971	3.32799999999952	11.0260000000017	0	0
6.2440000000006	1.91799999999967	8.52000000000044	0	0
10.4210000000003	6.48300000000017	12.3220000000001	0	0
11.8179999999993	9.85499999999956	12.3209999999999	0	0
12.125	11.6329999999998	11.625	0	0
9.50799999999981	4.26300000000083	12.8849999999984	0	0
22.1740000000009	26.6599999999999	16.4330000000009	0	0
9.20800000000054	4.18900000000031	10.1630000000005	0	0
8.01900000000023	2.54199999999946	10.8309999999983	0	0
9.23600000000079	3.60599999999977	12.3300000000017	0	0
8.36700000000019	3.61599999999999	11.9670000000006	0	0
12.0489999999991	10.348	12.9070000000029	0	0
9.18000000000029	4.99099999999999	10.4989999999998	0	0
8.72999999999956	4.57800000000134	10.3389999999999	0	0
8.71800000000076	4.01800000000003	11.4459999999999	0	0
9.91799999999967	7.36399999999958	11.762999999999	0	0
9.65899999999965	4.83400000000074	11.2570000000014	0	0
10.7910000000011	6.53900000000067	13.3009999999995	0	0
10.2189999999991	6.13500000000022	12.1790000000001	0	0
8.83899999999994	3.39199999999983	11.4600000000028	0	0
9.57300000000032	4.9940000000006	10.8160000000025	0	0
10.3629999999994	5.88299999999981	12.8990000000013	0	0
7.94399999999951	2.98300000000017	10.5999999999985	0	0
8.02700000000004	2.51300000000083	10.5540000000001	0	0
12.0550000000003	9.78200000000106	11.9219999999987	0	0
9.15499999999884	4.33599999999933	13.5039999999972	0	0
7.88000000000102	3.20000000000073	11.523000000001	0	0
21.6380000000008	21.3920000000016	20.1419999999998	0	0
8.6190000000006	2.77900000000045	13.1239999999998	0	0
7.98799999999937	2.56999999999971	11.599000000002	0	0
9.74200000000019	5.88500000000022	9.75799999999799	0	0
8.62900000000081	3.10100000000057	10.4650000000001	0	0
8.84200000000055	3.41499999999905	10.8509999999987	0	0
10.619999999999	6.58200000000033	13.1299999999974	0	0
7.53300000000127	2.59099999999853	11.4759999999987	0	0
11.3220000000001	8.52100000000064	12.1349999999984	0	0
22.6489999999994	28.0429999999997	14.594000000001	0	0
8.83499999999913	3.90200000000004	11.9120000000003	0	0
8.91799999999967	2.51699999999983	11.9629999999997	0	0
11.5450000000001	8.4489999999987	11.8100000000013	0	0
10.75	6.05199999999968	12.7049999999981	0	0
8.71299999999974	4.48300000000017	9.97500000000218	0	0
11.1549999999988	8.13000000000102	10.8990000000013	0	0
8.67500000000291	2.5	14.1110000000008	0	0
8.90899999999965	3.11899999999878	12.0010000000002	0	0
8.45799999999872	3.64999999999964	11.7849999999999	0	0
9.59899999999834	5.875	13.9049999999988	0	0
7.5580000000009	1.78200000000106	10.9330000000009	0	0
11.7860000000001	9.49699999999939	14.3860000000022	0	0
9.66300000000047	5.57000000000153	12.3230000000003	0	0
8.58099999999831	2.90400000000045	11.3110000000015	0	0
15.3179999999993	16.1440000000002	14.101999999999	0	0
11.2299999999996	8.61199999999917	12.1630000000005	0	0
9.25	3.82200000000012	11.5769999999975	0	0
7.83899999999994	5.23300000000017	8.06199999999808	0	0
9.00800000000163	5.23099999999977	10.2800000000025	0	0
8.32800000000134	2.79199999999946	13.2769999999982	0	0
16.0920000000006	16.6699999999983	13.6560000000027	0	0
12.6620000000003	10.7009999999991	13.3350000000028	0	0
11.0660000000025	8.14600000000064	14.0639999999985	0	0
11.9379999999983	12.0910000000003	10.1500000000015	0	0
8.6140000000014	4.47100000000137	8.32600000000093	0	0
9.39999999999782	4.96000000000095	12.625	0	0
9.12200000000303	3.78700000000026	11.8199999999997	0	0
8.38999999999942	2.11300000000119	12.132999999998	0	0
10.8099999999977	6.03300000000127	13.5279999999984	0	0
9.20899999999892	4.1880000000001	12.8250000000007	0	0
8.92900000000009	4.67000000000007	9.44599999999991	0	0
8.02100000000064	2.42200000000048	10.0620000000017	0	0
8.8650000000016	3.72699999999895	11.5089999999982	0	0
8.83300000000236	4.91300000000047	11.2649999999994	0	0
9.46700000000055	5.68499999999949	11.8209999999999	0	0
7.57500000000073	4.01400000000103	7.9890000000014	0	0
7.95500000000175	3.41400000000067	11.5669999999991	0	0
7.8640000000014	2.14800000000105	12.1460000000006	0	0
8.17499999999927	3.41899999999987	11.0619999999981	0	0
7.65999999999985	1.86599999999999	11.4150000000009	0	0
15.0720000000001	6.87299999999959	17.1749999999993	0	0
10.1210000000028	7.48199999999997	10.7330000000002	0	0
16.9419999999991	20.137999999999	14.7949999999983	0	0
11.9579999999987	10.223	12.4189999999981	0	0
13.2430000000022	5.56500000000051	18.7999999999993	0	0
10.1829999999973	6.23999999999978	10.3189999999995	0	0
7.3640000000014	1.87800000000061	9.34400000000096	0	0
11.5869999999995	8.68900000000031	11.137999999999	0	0
7.76800000000003	1.42399999999907	10.0750000000007	0	0
9.93199999999706	4.73400000000038	11.5630000000019	0	0
8.88100000000122	4.72799999999916	11.3480000000018	0	0
9.39700000000084	3.53600000000006	12.5669999999991	0	0
20.7409999999982	18.9600000000009	20.5910000000003	0	0
13.1910000000025	11.6910000000007	13.2039999999979	0	0
14.2279999999992	13.3500000000004	12.0310000000027	0	0
7.32200000000012	4.38899999999921	6.28099999999904	0	0
9.38699999999881	5.57499999999891	11.125	0	0
15.9660000000003	17.4970000000012	13.0879999999997	0	0
10.8369999999995	7.79399999999987	10.3119999999981	0	0
11.1460000000006	9.20899999999892	11.2609999999986	0	0
9.87700000000041	5.48499999999876	11.9369999999981	0	0
12.3140000000021	7.91400000000067	11.9770000000026	0	0
10.273000000001	6.21200000000135	10.8890000000029	0	0
8.32900000000154	3.34699999999975	11.6870000000017	0	0
9.92599999999948	7.22899999999936	9.89899999999761	0	0
13.4879999999976	15.012999999999	10.4010000000017	0	0
12.9079999999994	11.5859999999993	10.6919999999991	0	0
10.5119999999988	8.00900000000001	12.9609999999993	0	0
10.3880000000026	7.59400000000096	11.1280000000006	0	0
12.7469999999994	10.8779999999988	11.4549999999981	0	0
10.1760000000031	5.57800000000134	10.599000000002	0	0
14.5689999999995	12.4809999999998	11.8910000000033	0	0
9.85800000000017	4.93100000000049	13.3029999999999	0	0
11.6530000000021	8.55199999999968	9.67299999999886	0	0
8.61999999999898	3.86000000000058	10.7109999999993	0	0
8.36799999999857	3.33999999999833	8.7300000000032	0	0
11.0900000000001	8.20299999999952	10.9670000000006	0	0
8.11399999999776	5.30799999999908	9.19200000000274	0	0
8.00200000000041	2.39600000000064	10.8100000000013	0	0
7.85599999999977	1.19999999999891	10.1650000000009	0	0
11.4969999999994	9.82400000000052	11.2860000000001	0	0
10.8240000000005	7.7559999999994	12.6460000000006	0	0
10.7599999999984	7.44700000000012	13.0260000000017	0	0
19.3909999999996	22.4650000000001	13.4840000000004	0	0
11.9650000000001	9.41199999999844	12.7979999999989	0	0
14.8909999999996	14.732	12.0699999999997	0	0
12.8549999999996	12.3900000000012	10.6820000000007	0	0
10.5800000000017	9.39100000000144	8.81800000000294	0	0
9.39700000000084	4.8080000000009	10.3559999999998	0	0
9.58799999999974	5.20099999999911	12.4359999999979	0	0
7.99400000000242	3.07799999999952	9.72899999999936	0	0
8.83699999999953	5.91100000000006	8.69399999999951	0	0
8.27300000000105	3.50799999999981	9.32499999999709	0	0
11.9169999999976	9.18599999999969	11.7939999999981	0	0
7.9320000000007	2.78000000000065	8.80099999999948	0	0
9.58299999999872	4.67099999999846	11.2350000000006	0	0
11.9809999999998	10.0299999999988	10.8739999999998	0	0
8.87900000000081	6.83200000000033	9.65899999999965	0	0
11.1320000000014	7.9369999999999	13.6140000000014	0	0
11.1840000000011	10.0879999999997	12.487000000001	0	0
9.50699999999779	3.86999999999898	12.3680000000022	0	0
7.63800000000265	4.22899999999936	9.4900000000016	0	0
12.6779999999999	11.0720000000001	12.3590000000004	0	0
10.7150000000001	9.23899999999958	10.4019999999982	0	0
24.5149999999994	29.7630000000008	14.7530000000006	0	0
9.61200000000099	7.84599999999955	11.880000000001	0	0
12.375	10.268	12.2900000000009	0	0
9.91200000000026	7.128999999999	9.41300000000047	0	0
9.0460000000021	4.67699999999968	12.2410000000018	0	0
7.49799999999959	2.47100000000137	10.3709999999992	0	0
8.34900000000198	4.4950000000008	9.30899999999747	0	0
7.95100000000093	3.13299999999981	11.2609999999986	0	0
8.61999999999898	4.70999999999913	11.1009999999987	0	0
8.62899999999718	5.88199999999961	10.0780000000013	0	0
13.0960000000014	12.0639999999985	10.3810000000012	0	0
16.0109999999986	18.1629999999986	11.4880000000012	0	0
11.0500000000029	9.84499999999935	9.80299999999988	0	0
11.5509999999995	8.21699999999873	9.98500000000058	0	0
8.37000000000262	3.64499999999862	9.98999999999796	0	0
8.56200000000172	4.1299999999992	8.67499999999927	0	0
11.8420000000006	11.1740000000009	11.762999999999	0	0
11.502999999997	10.5569999999989	9.70400000000154	0	0
11.0450000000019	7.56500000000051	14.351999999999	0	0
13.3129999999983	14.125	12.6299999999974	0	0
11.1129999999976	8.875	11.9959999999992	0	0
14.4699999999975	15.875	9.60099999999875	0	0
11.2770000000019	9.70900000000074	10.9229999999989	0	0
7.45900000000256	5.86399999999958	5.93700000000172	0	0
9.1929999999993	5.67500000000109	10.2969999999987	0	0
9.3169999999991	4.32300000000032	10.0339999999997	0	0
8.68899999999849	6.41499999999905	8.20800000000236	0	0
9.0089999999982	3.20000000000073	10.0699999999997	0	0
9.45799999999872	4.57999999999993	10.2799999999988	0	0
9.00200000000041	5.96500000000015	12.0900000000001	0	0
6.95400000000154	2.76599999999962	8.28800000000047	0	0
10.9290000000001	8.73999999999978	10.8480000000018	0	0
13.2619999999988	11.8220000000001	12.2279999999992	0	0
8.8640000000014	3.63600000000042	10.6589999999997	0	0
11.148000000001	8.99099999999999	10.768	0	0
8.70100000000093	2.9369999999999	11.9019999999982	0	0
9.41199999999662	4.44499999999971	10.8650000000016	0	0
12.9969999999994	12.2510000000002	12.5490000000027	0	0
9.93899999999849	4.61899999999878	12.7129999999997	0	0
12.1690000000017	10.1589999999997	12.1649999999972	0	0
11.3139999999985	9.01800000000003	13.3529999999992	0	0
11.1550000000025	8.81600000000071	11.219000000001	0	0
9.84100000000035	7.12199999999939	9.77700000000186	0	0
8.47299999999814	6.38299999999981	7.99399999999878	0	0
13.3389999999999	12.2999999999993	10.9169999999976	0	0
11.9880000000012	9.67699999999968	11.2010000000009	0	0
7.42299999999886	2.08400000000074	8.99900000000343	0	0
8.39300000000003	4.4380000000001	7.67299999999886	0	0
12.8189999999995	13.5589999999993	9.83499999999913	0	0
10.1500000000015	5.48300000000017	12.1500000000015	0	0
8.86899999999878	5.23700000000099	9.05900000000111	0	0
8.91200000000026	4.67699999999968	8.08699999999953	0	0
12.8960000000006	13.6780000000017	9.27599999999802	0	0
8.95999999999913	6.05000000000109	8.31899999999951	0	0
10.9959999999992	7.38799999999901	9.42799999999988	0	0
10.1130000000012	9.06999999999971	8.24499999999898	0	0
11.4459999999999	11.6630000000005	8.31299999999828	0	0
7.38299999999799	4.0679999999993	5.71800000000076	0	0
8.28399999999965	2.3130000000001	9.15000000000146	0	0
8.28199999999924	3.06099999999969	9.78400000000329	0	0
15.2210000000014	14.2999999999993	12.780999999999	0	0
18.0250000000015	20.0920000000006	12.4689999999973	0	0
14.6620000000003	9.47400000000016	14.9540000000015	0	0
8.89099999999962	8.16300000000047	6.40600000000268	0	0
9.4330000000009	6.2440000000006	8.51399999999921	0	0
16.6720000000023	18.3249999999989	11.2959999999985	0	0
12.8589999999967	12.0460000000003	11.8839999999982	0	0
9.26200000000244	5.9900000000016	9.97300000000178	0	0
10.2020000000011	7.34799999999996	10.018	0	0
9.66399999999703	6.17500000000109	10.8840000000018	0	0
8.57099999999991	3.8760000000002	10.8869999999988	0	0
9.99799999999959	7.22800000000097	12.0539999999964	0	0
5.76399999999921	3.56399999999849	5.4800000000032	0	0
11.7690000000002	11.494999999999	11.650999999998	0	0
11.9429999999993	9.58899999999994	12.8159999999989	0	0
13.0809999999983	11.2970000000005	12.1919999999991	0	0
30.0900000000001	32.8449999999993	17.2200000000012	0	0
11.2109999999993	8.6989999999987	8.71600000000035	0	0
9.2599999999984	4.52400000000125	8.37700000000041	0	0
9.36800000000221	4.23400000000038	8.63899999999921	0	0
8.79999999999927	4.14399999999841	7.74299999999857	0	0
8.125	2.97899999999936	7.29300000000148	0	0
7.75800000000163	3.97999999999956	6.94499999999971	0	0
8.34699999999793	4.22299999999996	7.63699999999881	0	0
7.01199999999881	2.09900000000016	7.24499999999898	0	0
7.8169999999991	3.99599999999919	6.74699999999939	0	0
11.4089999999997	9.11700000000019	7.24500000000262	0	0
8.08399999999892	3.20099999999911	7.04500000000189	0	0
8.12299999999959	2.56400000000031	7.90000000000146	0	0
9.36999999999898	3.89900000000125	9.85200000000259	0	0
13.6140000000014	6.97299999999996	12.2860000000001	0	0
8.88000000000102	5.81899999999951	7.05000000000291	0	0
8.03200000000288	3.27499999999964	6.64500000000044	0	0
7.48300000000017	1.86700000000019	6.57500000000073	0	0
7.27300000000105	1.42200000000048	6.99200000000201	0	0
7.78199999999924	2.22099999999955	7.66100000000006	0	0
8.01299999999901	2.66199999999844	7.17299999999886	0	0
7.24299999999857	3.19599999999991	6.93800000000192	0	0
8.52599999999802	4.09400000000096	7.52200000000084	0	0
7.64600000000064	3.03299999999945	7.02000000000044	0	0
8.05299999999988	2.91499999999905	7.09300000000076	0	0
8.78299999999945	4.20600000000013	7.51399999999921	0	0
8.43400000000111	3.80399999999827	7.47799999999916	0	0
8.69599999999991	4.68299999999908	7.0099999999984	0	0
8.82099999999991	3.17300000000068	7.40599999999904	0	0
7.85199999999895	3.68000000000029	6.31299999999828	0	0
8.84200000000055	4.54199999999946	7.70999999999913	0	0
9.23800000000119	5.00200000000041	7.62800000000061	0	0
7.9910000000018	3.29299999999967	6.75300000000061	0	0
7.98300000000017	2.78100000000086	7.08200000000215	0	0
9.02200000000084	5.39999999999964	7.12099999999919	0	0
8.60099999999875	3.32400000000052	7.29199999999764	0	0
14.8260000000009	14.2289999999994	8.32599999999729	0	0
8.7960000000021	5.46599999999853	7.23199999999997	0	0
8.18100000000049	2.32499999999891	7.52800000000207	0	0
8.21999999999753	3.09100000000035	7.86499999999796	0	0
7.3739999999998	2.06400000000031	6.92599999999948	0	0
8.00400000000081	3.88800000000083	6.6710000000021	0	0
8.7029999999977	5.44000000000051	7.15300000000207	0	0
15.1800000000003	8.43000000000029	11.6009999999987	0	0
9.14199999999983	5.02399999999943	9.28000000000247	0	0
8.10100000000239	2.26100000000042	7.00799999999799	0	0
6.97599999999875	3.03999999999905	6.57300000000032	0	0
8.92499999999927	4.1200000000008	7.27999999999884	0	0
8.04399999999805	4.09600000000137	6.89600000000064	0	0
9.375	6.16899999999987	7.2510000000002	0	0
14.3610000000008	6.53700000000026	12.7979999999989	0	0
9.39500000000044	4.52500000000146	7.52100000000064	0	0
8.21699999999691	3.32999999999993	6.91399999999703	0	0
7.9419999999991	4.21600000000035	7.1830000000009	0	0
8.21800000000076	2.70799999999872	7.56700000000274	0	0
10.9169999999976	8.06900000000132	7.72500000000218	0	0
8.09899999999834	3.44599999999991	7.48300000000017	0	0
10.2609999999986	6.46600000000035	7.95000000000073	0	0
9.02800000000207	6.88600000000042	6.63900000000285	0	0
7.86699999999837	2.96399999999994	6.81099999999788	0	0
8.53799999999683	4.97500000000036	7.00099999999657	0	0
8.11999999999898	3.29500000000007	7.11100000000079	0	0
9.60399999999936	5.85100000000057	7.17799999999988	0	0
10.0160000000033	6.1869999999999	7.99199999999837	0	0
8.77000000000044	6.26400000000103	6.56200000000172	0	0
5.77000000000044	2.39900000000125	4.82900000000154	0	0
10.2189999999973	6.23799999999937	8.78200000000288	0	0
7.89400000000023	2.55400000000009	7.92400000000271	0	0
9.07099999999991	5.03800000000047	6.9429999999993	0	0
8.78100000000268	3.32600000000093	8.84999999999854	0	0
14.6290000000008	6.79899999999907	12.7380000000012	0	0
7.70700000000215	2.69099999999889	7.72099999999773	0	0
7.44499999999971	2.85000000000036	6.82400000000052	0	0
8.41800000000148	3.37799999999879	8.0580000000009	0	0
7.51900000000023	3.76800000000003	6.11999999999898	0	0
10.1179999999986	6.45700000000033	7.99700000000303	0	0
9.52100000000064	6.08300000000054	7.14999999999782	0	0
8.22799999999916	2.4419999999991	7.29799999999886	0	0
8.25700000000143	4.19499999999971	7.15599999999904	0	0
9.1260000000002	5.38100000000122	8.28899999999703	0	0
8.48400000000038	3.14700000000084	7.07099999999991	0	0
8.86899999999878	6.86700000000019	7.70000000000073	0	0
8.41899999999805	4.69300000000112	7.0669999999991	0	0
9.04000000000087	5.24099999999999	7.40500000000247	0	0
8.34900000000198	3.17100000000028	7.67699999999968	0	0
7.72299999999814	2.2510000000002	6.52000000000044	0	0
8.06200000000172	4.26200000000063	6.33699999999953	0	0
9.50300000000061	4.31100000000151	8.71199999999953	0	0
7.83000000000175	2.80600000000049	7.94800000000032	0	0
8.09000000000015	1.79899999999907	7.01300000000265	0	0
8.15100000000166	3.29199999999946	7.36300000000119	0	0
7.46299999999974	3.51800000000003	6.47899999999936	0	0
8.85800000000017	3.18499999999949	7.54100000000108	0	0
7.3169999999991	1.94900000000052	7.08699999999953	0	0
8.44099999999889	3.74499999999898	6.79000000000087	0	0
8.96600000000035	3.70700000000033	7.97100000000137	0	0
8.59200000000055	4.47999999999956	6.8650000000016	0	0
7.17599999999948	2.7549999999992	6.43100000000049	0	0
7.0010000000002	2.06400000000031	6.71199999999953	0	0
8.43900000000212	4.12199999999939	7.19900000000052	0	0
8.4210000000021	3.75699999999961	7.13799999999901	0	0
9.02400000000125	4.16900000000169	7.43699999999808	0	0
5.19400000000314	2.19700000000012	4.46199999999953	0	0
7.99700000000303	3.15999999999985	7.18499999999767	0	0
8.51499999999942	5.12299999999959	6.34600000000137	0	0
7.69700000000012	2.01299999999901	8.65800000000309	0	0
7.82099999999991	4.89400000000023	5.92599999999948	0	0
8.79599999999846	4.90799999999945	7.31599999999889	0	0
8.35900000000038	3.10799999999836	7.35599999999977	0	0
7.43599999999788	2.38699999999881	7.14099999999962	0	0
8.9519999999975	3.57999999999993	7.07800000000134	0	0
9.479000000003	4.11599999999999	9.03199999999924	0	0
10.7150000000001	7.97699999999895	7.61499999999796	0	0
9.38700000000244	5.18400000000111	7.07099999999991	0	0
8.43000000000029	3.09400000000096	7.27499999999782	0	0
14.3600000000006	6.33100000000013	13.987000000001	0	0
7.6239999999998	2.6989999999987	6.84799999999814	0	0
9.47500000000218	4.23199999999997	7.64099999999962	0	0
9.70800000000236	5.1190000000006	8.28100000000268	0	0
10.6049999999996	7.48699999999917	7.83699999999953	0	0
9.7960000000021	6.44399999999951	8.00700000000143	0	0
7.41600000000108	2.70199999999932	7.2489999999998	0	0
8.97199999999793	4.96300000000156	7.37099999999919	0	0
7.36499999999796	2.44399999999951	6.59900000000198	0	0
8.43900000000212	3.18599999999969	8.40000000000146	0	0
