2.16	0.114	4.715	0	0
1.231	0.055	2.654	0	0
1.408	0.144	3.207	0	0
1.291	0.108	2.671	0	0
1.751	0.187	4.214	0	0
1.379	0.302	3.473	0	0
1.318	0.118	2.968	0	0
1.431	0.198	3.318	0	0
2.741	0.418	6.179	0	0
1.42899999999999	0.0730000000000004	3.133	0	0
1.188	0.101	2.655	0	0
1.498	0.194	3.16499999999999	0	0
2.384	0.0969999999999995	5.33800000000001	0	0
1.357	0.209	3.02900000000001	0	0
1.229	0.093	2.77500000000001	0	0
1.467	0.161	3.292	0	0
1.388	0.195	3.15299999999999	0	0
1.332	0.188999999999999	3.19	0	0
1.217	0.0479999999999992	2.76900000000001	0	0
1.292	0.111999999999999	2.79599999999999	0	0
1.752	0.0789999999999997	3.63299999999998	0	0
1.17999999999999	0.0880000000000001	2.90899999999999	0	0
1.313	0.199	3.06100000000001	0	0
1.285	0.085	2.971	0	0
1.253	0.0519999999999996	2.66800000000001	0	0
1.44799999999999	0.163	3.31100000000001	0	0
1.35600000000001	0.13	2.916	0	0
1.30699999999999	0.124000000000001	2.77500000000001	0	0
1.25099999999999	0.069	2.649	0	0
1.36199999999999	0.0970000000000004	2.92699999999999	0	0
1.124	0.093	2.67000000000002	0	0
1.179	0.181000000000001	2.73400000000001	0	0
1.18600000000001	0.0300000000000011	2.57499999999999	0	0
1.12899999999999	0.0599999999999987	2.43900000000002	0	0
2.337	0.137	5.143	0	0
2.61099999999999	0.388	6.16499999999999	0	0
1.261	0.129999999999999	2.87800000000001	0	0
1.31399999999999	0.112	3.041	0	0
1.327	0.251999999999999	2.999	0	0
1.402	0.215	3.148	0	0
1.357	0.212999999999999	3.36699999999999	0	0
1.50500000000001	0.261000000000001	3.52899999999997	0	0
1.425	0.214	3.19099999999997	0	0
1.265	0.0919999999999987	2.77200000000005	0	0
1.239	0.0580000000000016	2.83300000000003	0	0
1.20099999999999	0.0909999999999993	2.54500000000002	0	0
1.24299999999999	0.132999999999999	2.447	0	0
1.36	0.159000000000001	3.22899999999998	0	0
1.29400000000001	0.106999999999999	2.79599999999999	0	0
1.21299999999999	0.124000000000001	2.589	0	0
1.38	0.112	3.14299999999997	0	0
1.41800000000001	0.216000000000001	3.29199999999997	0	0
1.279	0.0850000000000009	2.87400000000002	0	0
1.18100000000001	0.0650000000000013	2.48700000000002	0	0
1.28700000000001	0.093	2.91700000000003	0	0
1.285	0.135999999999999	3.26099999999997	0	0
2.446	0.279999999999999	5.77199999999999	0	0
2.89699999999999	0.332000000000001	6.08300000000003	0	0
1.291	0.109999999999999	2.93700000000001	0	0
1.28700000000001	0.0680000000000014	2.93399999999997	0	0
2.37300000000002	0.434000000000001	5.84100000000001	0	0
1.226	0.203000000000003	3.24399999999997	0	0
1.577	0.184000000000001	3.31200000000001	0	0
1.523	0.196000000000002	3.55899999999997	0	0
1.37100000000001	0.198	3.06200000000001	0	0
1.25200000000001	0.105999999999998	2.81299999999999	0	0
1.178	0.105	2.56700000000001	0	0
1.31100000000001	0.106000000000002	2.89300000000003	0	0
2.38	0.178999999999998	4.995	0	0
1.26300000000001	0.152000000000001	2.67400000000004	0	0
1.309	0.174000000000003	3.33100000000002	0	0
1.38399999999999	0.282	3.55800000000005	0	0
1.173	0.108999999999998	2.58600000000001	0	0
1.36099999999999	0.165000000000003	3.12700000000001	0	0
2.459	0.243000000000002	5.70099999999996	0	0
1.25399999999999	0.146999999999998	2.93800000000005	0	0
1.18700000000001	0.110000000000003	2.56299999999999	0	0
1.38300000000001	0.211000000000002	3.29600000000005	0	0
1.435	0.173999999999999	3.24600000000004	0	0
1.29399999999998	0.102	2.87099999999998	0	0
1.316	0.251000000000001	3.00500000000005	0	0
1.404	0.192	3.03399999999999	0	0
1.267	0.111000000000001	2.68799999999999	0	0
2.65000000000001	0.262999999999998	6	0	0
1.16400000000002	0.0899999999999999	2.56600000000003	0	0
1.24000000000001	0.0950000000000024	2.66800000000001	0	0
1.238	0.0739999999999981	2.74000000000001	0	0
1.251	0.0630000000000024	2.673	0	0
1.27800000000002	0.121000000000002	2.83400000000006	0	0
1.36700000000002	0.170999999999999	2.86500000000001	0	0
3.18700000000001	0.185000000000002	6.78500000000008	0	0
1.23000000000002	0.158999999999999	2.90800000000002	0	0
1.31800000000001	0.182000000000002	3.06899999999996	0	0
1.20499999999998	0.215	2.851	0	0
1.27700000000002	0.123999999999999	2.64199999999994	0	0
1.399	0.205000000000002	3.34400000000005	0	0
1.44200000000001	0.190000000000001	3.33699999999999	0	0
1.40000000000001	0.152000000000001	3.19799999999998	0	0
1.21899999999999	0.114000000000001	2.774	0	0
1.48699999999997	0.245999999999999	3.52100000000007	0	0
1.351	0.126000000000001	2.90299999999991	0	0
1.33100000000002	0.128	2.88199999999995	0	0
1.50599999999997	0.260000000000002	3.596	0	0
1.40100000000001	0.282999999999998	3.31899999999996	0	0
1.24099999999999	0.0730000000000004	2.779	0	0
1.66699999999997	0.343	3.97299999999996	0	0
1.291	0.102000000000004	2.70600000000002	0	0
2.96899999999999	0.365000000000002	6.13200000000006	0	0
1.197	0.119999999999997	2.85300000000007	0	0
1.31400000000002	0.277999999999999	3.18200000000002	0	0
1.26100000000002	0.200000000000003	2.84800000000007	0	0
1.34899999999999	0.182000000000002	3.2650000000001	0	0
3.06399999999996	0.448	6.89099999999996	0	0
1.39500000000004	0.118000000000002	2.88400000000001	0	0
1.47500000000002	0.214999999999996	3.36599999999999	0	0
1.23400000000004	0.157999999999994	2.54100000000005	0	0
1.44400000000002	0.107999999999997	2.93299999999999	0	0
1.32099999999997	0.253	3.13900000000001	0	0
2.25	0.137999999999998	5.01200000000006	0	0
1.315	0.158999999999999	2.77200000000005	0	0
1.35599999999999	0.149000000000001	3.10299999999995	0	0
1.23700000000002	0.0829999999999984	2.58399999999995	0	0
1.78900000000004	0.184000000000005	4.14700000000005	0	0
1.24599999999998	0.161999999999999	2.95699999999999	0	0
1.25599999999997	0.210999999999999	2.81899999999996	0	0
1.41800000000001	0.282999999999994	3.42399999999998	0	0
1.21100000000001	0.125	2.85199999999998	0	0
1.22700000000003	0.109999999999999	2.80999999999995	0	0
2.69	0.287999999999997	5.95399999999995	0	0
1.28699999999998	0.140000000000001	2.87099999999998	0	0
1.35500000000002	0.211000000000006	3.04200000000003	0	0
1.55400000000003	0.345999999999997	3.85199999999998	0	0
1.351	0.286999999999999	2.84799999999996	0	0
1.43599999999998	0.189	3.40800000000002	0	0
1.36199999999997	0.274999999999999	3.29099999999994	0	0
1.27299999999997	0.130000000000003	2.90499999999997	0	0
1.26599999999996	0.125999999999998	2.82299999999998	0	0
1.39099999999996	0.230000000000004	3.26800000000003	0	0
1.79000000000002	0.18	3.779	0	0
1.44	0.122	3.08799999999997	0	0
2.685	0.186	5.65499999999997	0	0
1.21199999999999	0.0910000000000011	2.75599999999997	0	0
1.286	0.222000000000001	3.16999999999996	0	0
1.40999999999997	0.218000000000004	3.56899999999996	0	0
1.25600000000003	0.218000000000004	3.22300000000007	0	0
1.279	0.138999999999996	2.85199999999998	0	0
1.38299999999998	0.267000000000003	3.43500000000006	0	0
1.27199999999999	0.222000000000001	3.13800000000003	0	0
1.47399999999999	0.292000000000002	3.59799999999996	0	0
1.42599999999999	0.208999999999996	3.47199999999998	0	0
1.20499999999998	0.162999999999997	2.71000000000004	0	0
1.24000000000001	0.100999999999999	2.61700000000008	0	0
1.32399999999996	0.217999999999996	3.18799999999999	0	0
2.67000000000002	0.461999999999996	6.11799999999994	0	0
1.15100000000001	0.203000000000003	2.404	0	0
1.15999999999997	0.0429999999999993	2.678	0	0
1.29199999999997	0.243000000000002	3.20999999999992	0	0
1.23399999999998	0.182000000000002	2.68700000000001	0	0
1.19900000000001	0.110999999999997	2.7109999999999	0	0
1.35399999999998	0.210999999999999	3.25699999999995	0	0
1.17699999999996	0.088000000000001	2.79300000000001	0	0
1.31899999999996	0.193999999999996	3.20799999999997	0	0
1.18299999999999	0.102000000000004	2.44500000000005	0	0
1.29199999999997	0.170999999999999	2.81799999999998	0	0
2.41800000000001	0.357999999999997	5.779	0	0
1.404	0.231999999999999	3.327	0	0
1.27100000000002	0.125999999999998	2.92000000000007	0	0
1.22800000000001	0.0159999999999982	2.81299999999999	0	0
1.19499999999999	0.109999999999999	2.67900000000009	0	0
1.334	0.270000000000003	3.13600000000008	0	0
1.12800000000004	0.0489999999999995	2.43900000000008	0	0
1.11099999999999	0.100000000000001	2.31799999999998	0	0
1.46299999999997	0.178000000000004	2.97899999999993	0	0
1.37599999999998	0.241	3.19600000000003	0	0
2.185	0.149000000000001	4.71199999999999	0	0
1.161	0.0870000000000033	2.43999999999983	0	0
1.38500000000005	0.170999999999999	3.19799999999987	0	0
1.30500000000001	0.131999999999998	2.97700000000009	0	0
1.42399999999998	0.259	3.47500000000014	0	0
1.28399999999999	0.122	2.72199999999998	0	0
2.60200000000003	0.443999999999996	6.09000000000015	0	0
2.28199999999998	0.0930000000000035	4.95900000000006	0	0
1.22500000000002	0.0750000000000028	2.50099999999998	0	0
1.44	0.192999999999998	2.97399999999993	0	0
2.39699999999999	0.183	5.58500000000004	0	0
1.29000000000002	0.166000000000004	2.94399999999996	0	0
1.28699999999998	0.117000000000004	2.78600000000006	0	0
1.16200000000003	0.0900000000000034	2.54099999999994	0	0
1.43600000000004	0.297000000000004	3.50800000000004	0	0
1.25200000000001	0.0549999999999997	2.83899999999994	0	0
1.27199999999999	0.161000000000001	2.69300000000021	0	0
1.233	0.0929999999999964	2.72900000000004	0	0
1.34200000000004	0.129999999999995	2.95800000000008	0	0
1.233	0.203999999999994	2.78399999999988	0	0
1.34700000000004	0.189	3.28899999999999	0	0
2.60400000000004	0.460000000000001	5.79599999999982	0	0
1.25400000000002	0.106000000000009	2.9820000000002	0	0
1.767	0.0990000000000038	3.85699999999997	0	0
1.15300000000002	0.0740000000000123	2.43799999999987	0	0
1.25199999999995	0.275000000000006	3.1400000000001	0	0
1.21699999999998	0.0669999999999931	2.60199999999986	0	0
1.36800000000005	0.204999999999998	3.09699999999998	0	0
1.28599999999994	0.147999999999996	2.75700000000006	0	0
1.31200000000001	0.155000000000001	2.9860000000001	0	0
1.17700000000002	0.0929999999999893	2.4820000000002	0	0
1.50099999999998	0.185999999999993	3.10200000000009	0	0
1.43700000000001	0.152000000000001	3.23500000000013	0	0
1.39999999999998	0.174999999999997	3.16499999999996	0	0
1.13800000000003	0.0600000000000023	2.36300000000006	0	0
1.38599999999997	0.286000000000001	3.05899999999997	0	0
2.60900000000004	0.332999999999998	5.64799999999991	0	0
1.43599999999992	0.097999999999999	3.02600000000007	0	0
1.47799999999995	0.161999999999992	3.21900000000005	0	0
1.32100000000003	0.152000000000001	2.89200000000005	0	0
1.28200000000004	0.085000000000008	2.68899999999985	0	0
1.19099999999992	0.131	2.64799999999991	0	0
1.34699999999998	0.122	2.86000000000013	0	0
1.15600000000006	0.0679999999999978	2.50499999999988	0	0
1.15499999999997	0.0429999999999922	2.5139999999999	0	0
1.43299999999999	0.223000000000013	3.327	0	0
1.32399999999996	0.0959999999999894	2.76100000000019	0	0
2.63300000000004	0.414000000000001	6.02500000000009	0	0
1.66300000000001	0.199999999999989	3.69899999999984	0	0
1.27500000000009	0.0930000000000035	3.00600000000009	0	0
1.23099999999999	0.236000000000004	3.17399999999998	0	0
1.27700000000004	0.100999999999999	2.76400000000012	0	0
2.55899999999997	0.275000000000006	5.42200000000003	0	0
1.32799999999997	0.105999999999995	2.81700000000001	0	0
1.31899999999996	0.308999999999997	3.39300000000003	0	0
1.423	0.234000000000009	3.34500000000003	0	0
2.94999999999993	0.332999999999998	6.26800000000003	0	0
1.31400000000008	0.236000000000004	3.12599999999998	0	0
1.37299999999993	0.149000000000001	3.23399999999992	0	0
1.40700000000004	0.260000000000005	3.24000000000001	0	0
1.29499999999996	0.138999999999996	2.80600000000004	0	0
1.34399999999994	0.176000000000002	3.01999999999998	0	0
1.29700000000003	0.13300000000001	2.77099999999996	0	0
1.30999999999995	0.238	3.22800000000007	0	0
1.32999999999993	0.162000000000006	2.87599999999998	0	0
2.68600000000004	0.432000000000002	6.17400000000021	0	0
1.37400000000002	0.102999999999994	2.93500000000017	0	0
1.39499999999998	0.0820000000000078	3.13699999999994	0	0
2.79999999999995	0.353999999999999	6.28899999999999	0	0
1.15500000000009	0.0450000000000017	2.5619999999999	0	0
1.19200000000001	0.116	2.79199999999992	0	0
2.43700000000001	0.203000000000003	5.55599999999981	0	0
2.55500000000006	0.291000000000011	5.38599999999997	0	0
1.18299999999999	0.0739999999999981	2.54700000000003	0	0
1.16999999999996	0.0859999999999985	2.61899999999991	0	0
1.20299999999997	0.237000000000009	2.89200000000005	0	0
1.20299999999997	0.0450000000000017	2.52600000000007	0	0
2.20499999999993	0.112000000000009	5.10500000000002	0	0
1.21899999999994	0.102999999999994	2.7170000000001	0	0
1.26599999999996	0.11099999999999	2.85200000000009	0	0
2.49099999999999	0.341000000000008	5.83999999999992	0	0
1.22199999999998	0.0720000000000027	2.85200000000009	0	0
3.10799999999995	0.216000000000008	6.64099999999985	0	0
1.12300000000005	0.0730000000000075	2.54600000000005	0	0
1.29300000000001	0.150999999999996	3.05400000000009	0	0
1.36299999999994	0.248999999999995	3.39200000000005	0	0
1.29700000000003	0.14200000000001	2.83799999999997	0	0
1.3069999999999	0.206999999999994	3.21400000000017	0	0
1.24699999999996	0.159000000000006	2.81999999999994	0	0
1.40100000000007	0.247	3.26900000000001	0	0
1.33600000000001	0.228999999999999	3.07399999999984	0	0
1.1690000000001	0.149000000000001	2.48500000000013	0	0
1.39499999999998	0.24199999999999	3.33300000000008	0	0
1.31299999999999	0.0649999999999977	2.71000000000004	0	0
2.28899999999999	0.221999999999994	4.96299999999997	0	0
1.33300000000008	0.128	3.11700000000019	0	0
3.1099999999999	0.459000000000003	7.16799999999989	0	0
1.28399999999999	0.156999999999996	2.79300000000012	0	0
1.36300000000006	0.317000000000007	3.44200000000001	0	0
2.66200000000003	0.27300000000001	6.05499999999984	0	0
1.31299999999999	0.147999999999996	3.12800000000016	0	0
1.279	0.109999999999999	2.89200000000005	0	0
1.38499999999999	0.143999999999991	3.28099999999995	0	0
1.30899999999997	0.269999999999996	3.12100000000009	0	0
2.32000000000005	0.170000000000002	4.80999999999995	0	0
1.29099999999994	0.122	2.84400000000005	0	0
1.32500000000005	0.147000000000006	2.63900000000012	0	0
1.48699999999997	0.114999999999995	2.99099999999999	0	0
1.245	0.120000000000005	2.87400000000002	0	0
2.61900000000003	0.374000000000009	5.73699999999985	0	0
2.45000000000005	0.167000000000002	5.42700000000013	0	0
1.37400000000002	0.149999999999991	3.24900000000002	0	0
1.24300000000005	0.0919999999999987	3.00099999999998	0	0
1.26499999999999	0.185999999999993	3.09100000000012	0	0
1.51999999999998	0.105999999999995	3.14999999999986	0	0
1.38199999999995	0.173000000000002	3.07799999999997	0	0
2.44299999999998	0.219000000000008	5.20499999999993	0	0
1.23699999999997	0.143000000000001	2.73399999999992	0	0
1.17899999999997	0.0559999999999974	2.50600000000009	0	0
1.16999999999996	0.0499999999999972	2.58899999999994	0	0
1.24700000000007	0.126999999999995	2.89499999999998	0	0
1.15800000000002	0.070999999999998	2.44000000000005	0	0
1.28800000000001	0.137999999999991	2.84100000000012	0	0
1.36899999999991	0.221999999999994	3.28099999999995	0	0
1.89499999999998	0.284000000000006	4.03899999999999	0	0
1.21800000000007	0.0849999999999937	2.64599999999996	0	0
1.22799999999995	0.135000000000005	2.79199999999992	0	0
1.42199999999991	0.285999999999987	3.38199999999983	0	0
2.78399999999999	0.483999999999995	6.63200000000006	0	0
1.15099999999995	0.150000000000006	2.73199999999997	0	0
1.36699999999996	0.158999999999992	3.16799999999989	0	0
2.52800000000002	0.257000000000005	5.76199999999994	0	0
1.19299999999998	0.120999999999995	2.67800000000011	0	0
1.29300000000001	0.224000000000004	3.077	0	0
1.39300000000003	0.326000000000008	3.50999999999999	0	0
1.32799999999997	0.295000000000002	3.34699999999998	0	0
1.32799999999997	0.192999999999998	3.09900000000016	0	0
1.53300000000002	0.293999999999997	3.8130000000001	0	0
1.46299999999997	0.215000000000003	3.37300000000005	0	0
1.2639999999999	0.329999999999998	3.43700000000013	0	0
1.11599999999999	0.0969999999999942	2.49699999999984	0	0
1.20899999999995	0.0949999999999989	2.60599999999999	0	0
1.40100000000007	0.105000000000004	3.03500000000008	0	0
1.3950000000001	0.161000000000001	3.17899999999986	0	0
1.36400000000003	0.192999999999998	3.43599999999992	0	0
1.37600000000009	0.263999999999996	3.28899999999999	0	0
1.48500000000001	0.131999999999991	3.29200000000014	0	0
1.23899999999992	0.0799999999999983	2.55299999999988	0	0
1.23700000000008	0.0769999999999982	2.82799999999997	0	0
1.21900000000005	0.117999999999995	2.84300000000007	0	0
2.54599999999994	0.332999999999998	5.78899999999999	0	0
1.33900000000006	0.263000000000005	3.21600000000012	0	0
1.274	0.158000000000001	2.92499999999995	0	0
2.68499999999995	0.369	6.26199999999994	0	0
1.93200000000002	0.155000000000001	4.27299999999991	0	0
1.59000000000003	0.441999999999993	4.04500000000007	0	0
1.32500000000005	0.256999999999991	3.29899999999998	0	0
1.24000000000001	0.105999999999995	2.70399999999995	0	0
1.27700000000004	0.0999999999999943	2.86500000000001	0	0
1.45499999999993	0.228999999999999	3.37800000000016	0	0
1.38300000000004	0.174999999999997	3.19399999999996	0	0
2.37900000000002	0.234999999999999	5.40599999999995	0	0
1.423	0.206000000000003	3.50400000000013	0	0
1.20999999999992	0.126999999999995	2.53499999999985	0	0
1.351	0.0829999999999984	2.923	0	0
1.39700000000005	0.194000000000003	3.3610000000001	0	0
1.54399999999998	0.0730000000000075	3.14899999999989	0	0
1.49300000000005	0.201999999999998	3.33699999999999	0	0
1.19900000000007	0.0889999999999986	2.61799999999994	0	0
1.34500000000003	0.114999999999995	2.94100000000003	0	0
2.38499999999999	0.167000000000002	4.91499999999996	0	0
1.48000000000002	0.146000000000001	3.18500000000017	0	0
1.399	0.248000000000005	3.20999999999981	0	0
2.29700000000003	0.155000000000001	5.23699999999963	0	0
1.18599999999992	0.0489999999999924	2.55200000000013	0	0
1.37799999999993	0.263999999999996	3.48599999999988	0	0
1.33499999999992	0.227999999999994	3.25900000000001	0	0
1.32999999999993	0.167000000000002	3.00199999999995	0	0
1.476	0.200999999999993	3.45499999999993	0	0
1.33900000000006	0.0930000000000035	3.02999999999975	0	0
1.35699999999997	0.241	3.24099999999999	0	0
1.28800000000001	0.227000000000004	2.95299999999997	0	0
1.86099999999999	0.070999999999998	3.88900000000012	0	0
1.16899999999998	0.0370000000000061	2.63999999999987	0	0
1.28500000000008	0.167000000000002	3.00300000000016	0	0
1.22799999999995	0.174999999999997	2.52199999999993	0	0
1.18600000000004	0.12700000000001	2.67799999999988	0	0
1.399	0.198999999999998	3.07499999999982	0	0
1.23199999999997	0.168999999999997	2.98299999999972	0	0
1.32900000000006	0.135999999999996	2.76200000000017	0	0
1.12400000000002	0.102000000000004	2.26200000000017	0	0
1.24800000000005	0.131	2.83999999999969	0	0
1.22300000000007	0.097999999999999	2.7800000000002	0	0
1.22799999999995	0.0789999999999935	2.61700000000019	0	0
2.50099999999998	0.213999999999999	5.65200000000004	0	0
1.27300000000002	0.109999999999999	2.92500000000018	0	0
1.24200000000008	0.165999999999997	3.01700000000028	0	0
1.24800000000005	0.114000000000004	2.93299999999999	0	0
1.27299999999991	0.143000000000001	2.87300000000005	0	0
1.34399999999994	0.191000000000003	3.17299999999977	0	0
1.18200000000002	0.123000000000005	2.846	0	0
1.15200000000004	0.0510000000000019	2.61900000000014	0	0
1.34499999999991	0.173000000000002	3.18200000000024	0	0
1.34100000000001	0.174999999999997	2.88200000000006	0	0
1.32399999999996	0.186000000000007	3.07600000000002	0	0
1.33399999999995	0.209000000000003	3.12199999999984	0	0
2.45100000000002	0.259	5.43100000000004	0	0
1.58300000000008	0.275999999999996	3.70399999999972	0	0
1.37	0.239999999999995	3.28600000000006	0	0
1.39099999999996	0.228999999999999	3.09199999999964	0	0
1.26900000000001	0.197000000000003	3.02499999999964	0	0
1.24000000000001	0.205000000000013	2.67900000000009	0	0
1.7399999999999	0.0680000000000121	3.84700000000021	0	0
1.35299999999995	0.183000000000021	2.86200000000008	0	0
1.29700000000003	0.175000000000011	2.78399999999965	0	0
1.29499999999996	0.233000000000004	3.11599999999999	0	0
1.27599999999995	0.251000000000005	3.14400000000023	0	0
1.28399999999999	0.299000000000007	3.30200000000013	0	0
1.51700000000005	0.354000000000013	3.37300000000005	0	0
1.64400000000001	0.363	4.27099999999973	0	0
1.21500000000003	0.126999999999981	2.83300000000008	0	0
1.32600000000002	0.191000000000003	3.14899999999989	0	0
1.26400000000001	0.274999999999977	3.16499999999996	0	0
2.5329999999999	0.330000000000013	5.625	0	0
2.46800000000007	0.27600000000001	5.33799999999974	0	0
3.05399999999986	0.264999999999986	6.625	0	0
1.29199999999992	0.126000000000005	2.9670000000001	0	0
1.31700000000001	0.143000000000001	2.95400000000018	0	0
1.24399999999991	0.126000000000005	2.63000000000011	0	0
2.39899999999989	0.192000000000007	5.36999999999989	0	0
1.35200000000009	0.186999999999983	3.0619999999999	0	0
1.27800000000002	0.102000000000004	2.93499999999995	0	0
1.44900000000007	0.189999999999998	3.41399999999976	0	0
1.36999999999989	0.245000000000005	3.34900000000016	0	0
1.16599999999994	0.0519999999999925	2.59099999999989	0	0
1.17599999999993	0.0550000000000068	2.45000000000027	0	0
1.40199999999982	0.125	3.17499999999973	0	0
1.22900000000004	0.150000000000006	2.8420000000001	0	0
1.30700000000002	0.085000000000008	3.07200000000012	0	0
1.28800000000001	0.175999999999988	2.85799999999972	0	0
1.37400000000002	0.150999999999982	3.11500000000024	0	0
1.98899999999981	0.15300000000002	3.82400000000007	0	0
1.27600000000007	0.161000000000001	2.88599999999997	0	0
1.42999999999984	0.210000000000008	3.25400000000036	0	0
1.346	0.168999999999983	3.14599999999973	0	0
1.23000000000002	0.121000000000009	2.74699999999984	0	0
1.27600000000007	0.0679999999999836	2.61300000000028	0	0
1.20000000000005	0.0759999999999934	2.77500000000009	0	0
1.35500000000002	0.106999999999999	2.82299999999987	0	0
1.42500000000018	0.179000000000002	3.29799999999977	0	0
1.34899999999993	0.14100000000002	2.91100000000006	0	0
1.25600000000009	0.0880000000000223	2.90999999999985	0	0
1.35800000000017	0.13900000000001	2.99099999999999	0	0
1.44899999999984	0.205000000000013	3.45899999999983	0	0
1.5440000000001	0.462999999999994	4.11799999999994	0	0
1.26600000000008	0.161000000000001	3.01900000000023	0	0
1.846	0.277000000000015	4.29899999999998	0	0
2.75	0.323000000000008	6.20800000000008	0	0
2.90900000000011	0.388000000000005	6.52700000000004	0	0
1.37900000000013	0.207999999999998	3.11799999999994	0	0
1.38400000000001	0.146000000000015	3.16800000000012	0	0
1.37400000000002	0.125	2.92500000000018	0	0
1.13200000000006	0.0820000000000221	2.35599999999977	0	0
1.20700000000011	0.0430000000000064	2.55799999999999	0	0
1.30600000000004	0.131	2.70400000000018	0	0
1.29099999999994	0.102000000000004	2.73700000000008	0	0
1.3280000000002	0.13900000000001	2.96900000000005	0	0
1.33200000000011	0.238	3.14600000000019	0	0
2.89400000000001	0.236999999999995	6.22200000000021	0	0
1.346	0.170000000000016	3.13999999999987	0	0
2.5440000000001	0.424999999999983	5.89399999999978	0	0
1.31900000000019	0.140999999999991	2.99399999999969	0	0
1.38200000000006	0.230000000000018	3.27199999999993	0	0
1.26900000000001	0.121000000000009	2.89699999999993	0	0
2.60500000000002	0.300999999999988	5.875	0	0
1.279	0.206999999999994	2.92700000000013	0	0
1.36900000000014	0.179000000000002	3.13099999999986	0	0
1.46599999999989	0.185000000000002	3.49900000000025	0	0
1.24900000000002	0.12299999999999	2.68100000000004	0	0
1.19799999999987	0.113999999999976	2.83800000000019	0	0
1.7360000000001	0.0800000000000125	4.11900000000014	0	0
1.298	0.248999999999995	3.15700000000015	0	0
1.23100000000022	0.0860000000000127	2.75799999999981	0	0
1.2829999999999	0.167000000000002	2.85099999999966	0	0
1.18200000000002	0.0949999999999989	2.5649999999996	0	0
1.35900000000015	0.11099999999999	2.95899999999983	0	0
1.37300000000005	0.15300000000002	3.17099999999982	0	0
1.33799999999997	0.212999999999994	3.22599999999966	0	0
1.18599999999992	0.108000000000004	2.34699999999975	0	0
1.28399999999988	0.25200000000001	3.21799999999985	0	0
1.14099999999985	0.11099999999999	2.4050000000002	0	0
1.29099999999994	0.174999999999983	3.08799999999974	0	0
2.48099999999999	0.228999999999985	5.23699999999963	0	0
1.1880000000001	0.11699999999999	2.64299999999957	0	0
1.279	0.085000000000008	2.76800000000003	0	0
1.98799999999983	0.211999999999989	4.51499999999987	0	0
2.31000000000017	0.21599999999998	5.15100000000029	0	0
2.48099999999999	0.422000000000025	5.9699999999998	0	0
1.30500000000006	0.142000000000024	3.14699999999993	0	0
1.21000000000004	0.133999999999986	2.94000000000005	0	0
1.40599999999995	0.0879999999999939	2.83899999999994	0	0
1.43200000000002	0.0970000000000084	3.18000000000029	0	0
1.45600000000013	0.206999999999994	3.34999999999991	0	0
1.25500000000011	0.132000000000005	2.69599999999991	0	0
1.46199999999999	0.238	3.51800000000003	0	0
1.33500000000004	0.238999999999976	3.30599999999959	0	0
1.43200000000002	0.186000000000007	3.33999999999969	0	0
1.87799999999993	0.13900000000001	3.971	0	0
2.24199999999996	0.138999999999982	4.61199999999963	0	0
1.32199999999989	0.253999999999991	3.33100000000013	0	0
1.34000000000015	0.132999999999981	3.07100000000037	0	0
1.25800000000004	0.163000000000011	2.96500000000015	0	0
1.29299999999989	0.206000000000017	3.14300000000003	0	0
1.29300000000012	0.244	3.06400000000031	0	0
1.25099999999998	0.141999999999996	2.83100000000013	0	0
1.20100000000002	0.194000000000017	2.67100000000028	0	0
1.40200000000004	0.129999999999995	3.21599999999989	0	0
1.2650000000001	0.104000000000013	2.85300000000007	0	0
1.33399999999983	0.0989999999999895	2.91599999999971	0	0
1.38800000000015	0.198000000000008	3.29399999999987	0	0
1.32099999999991	0.114000000000004	3.03800000000001	0	0
3.58600000000001	0.417000000000002	7.9680000000003	0	0
1.35000000000014	0.176000000000016	3.14499999999998	0	0
1.24299999999994	0.0909999999999798	3.02700000000004	0	0
1.35199999999986	0.158999999999992	3.30899999999974	0	0
2.83300000000008	0.542999999999978	6.63699999999972	0	0
1.21000000000004	0.121999999999986	2.82299999999987	0	0
1.27300000000014	0.0819999999999936	2.77100000000019	0	0
1.41700000000014	0.158999999999992	3.16499999999996	0	0
2.25	0.09699999999998	4.96199999999999	0	0
1.31799999999998	0.150000000000006	2.92399999999998	0	0
1.3119999999999	0.165999999999997	3.04800000000023	0	0
1.91499999999996	0.141999999999996	4.12400000000025	0	0
1.22800000000007	0.0859999999999843	2.65000000000009	0	0
1.55999999999995	0.156000000000006	3.35699999999997	0	0
1.26699999999983	0.0760000000000218	2.76299999999992	0	0
1.32500000000005	0.175000000000011	3.31700000000001	0	0
1.25	0.129999999999995	2.75399999999991	0	0
1.52300000000014	0.212000000000018	3.41399999999976	0	0
2.21800000000007	0.16500000000002	4.4369999999999	0	0
1.24599999999987	0.0649999999999977	2.64300000000003	0	0
1.40300000000002	0.310000000000002	3.42399999999998	0	0
1.28999999999996	0.185000000000002	2.9989999999998	0	0
1.279	0.130000000000024	2.71699999999964	0	0
1.16399999999999	0.0900000000000034	2.66499999999996	0	0
1.34799999999996	0.214999999999975	2.9369999999999	0	0
1.30600000000004	0.126000000000005	2.84099999999989	0	0
1.92100000000005	0.212000000000018	4.30299999999988	0	0
1.34300000000007	0.266999999999996	3.14499999999998	0	0
1.22399999999993	0.0759999999999934	2.45299999999997	0	0
1.28599999999983	0.117999999999995	2.75200000000041	0	0
1.19299999999998	0.121000000000009	2.84299999999985	0	0
2.49699999999984	0.36099999999999	5.86499999999978	0	0
1.21499999999992	0.128999999999991	2.56600000000026	0	0
1.20100000000002	0.100999999999999	2.64999999999964	0	0
1.30099999999993	0.106999999999999	2.93899999999985	0	0
1.36699999999996	0.228000000000009	3.36999999999989	0	0
1.4079999999999	0.263000000000005	3.49500000000035	0	0
1.30399999999986	0.256	3.21300000000019	0	0
1.50999999999999	0.181999999999988	3.20199999999977	0	0
1.88300000000004	0.260000000000019	4.21100000000024	0	0
1.1869999999999	0.117000000000019	2.67000000000007	0	0
1.32199999999989	0.162000000000006	2.99099999999999	0	0
2.3889999999999	0.171000000000021	5.19399999999996	0	0
1.18799999999987	0.099000000000018	2.61400000000003	0	0
1.18599999999992	0.0390000000000157	2.41499999999996	0	0
1.37300000000005	0.141999999999996	2.61799999999994	0	0
1.423	0.114000000000004	2.95899999999983	0	0
1.36699999999996	0.271999999999991	3.36300000000028	0	0
1.35500000000002	0.15300000000002	2.70000000000027	0	0
1.27099999999996	0.0909999999999798	2.85400000000027	0	0
2.89799999999991	0.323999999999984	6.52099999999973	0	0
1.43599999999992	0.108000000000004	3.20499999999993	0	0
1.87899999999991	0.0980000000000132	4.08500000000004	0	0
1.2829999999999	0.152999999999992	3.01800000000003	0	0
1.21299999999997	0.0970000000000084	2.63799999999992	0	0
1.42200000000003	0.237000000000023	3.17900000000009	0	0
1.13499999999999	0.117999999999995	2.51600000000008	0	0
1.32400000000007	0.125	2.98599999999988	0	0
1.27599999999984	0.0789999999999793	2.75700000000006	0	0
1.35199999999986	0.174999999999983	3.35899999999992	0	0
1.375	0.164000000000016	3.15000000000009	0	0
1.32600000000002	0.132000000000005	2.88400000000001	0	0
1.50599999999986	0.191000000000003	3.42399999999998	0	0
1.25299999999993	0.129999999999995	2.94600000000037	0	0
1.2059999999999	0.114000000000004	2.46399999999994	0	0
2.01700000000005	0.159999999999997	4.26499999999987	0	0
1.18799999999987	0.099000000000018	2.52399999999989	0	0
1.17599999999993	0.0879999999999939	2.5	0	0
1.702	0.212000000000018	3.68899999999985	0	0
1.47399999999993	0.188999999999993	3.57400000000007	0	0
1.28399999999988	0.191000000000003	2.60600000000022	0	0
1.41300000000001	0.189999999999998	3.42700000000013	0	0
1.1550000000002	0.054000000000002	2.57600000000002	0	0
1.22299999999996	0.0460000000000207	2.63299999999981	0	0
1.2650000000001	0.0339999999999918	2.86200000000008	0	0
1.375	0.119	3.07799999999997	0	0
1.38599999999997	0.132000000000005	2.83500000000004	0	0
1.32600000000002	0.275999999999982	3.09699999999975	0	0
1.96800000000007	0.201999999999998	4.48999999999978	0	0
1.27700000000004	0.177999999999997	3.05299999999988	0	0
1.4190000000001	0.154000000000025	3.0659999999998	0	0
1.30700000000002	0.194999999999993	3.07299999999987	0	0
1.24199999999996	0.114000000000004	2.62000000000035	0	0
1.24200000000019	0.0829999999999984	2.62400000000025	0	0
1.23099999999999	0.0730000000000075	2.76400000000012	0	0
1.19500000000016	0.0989999999999895	2.80400000000009	0	0
2.27800000000002	0.189999999999998	5.14199999999983	0	0
1.21800000000007	0.0569999999999879	2.76099999999997	0	0
2.50099999999998	0.303999999999974	5.58100000000013	0	0
1.28099999999995	0.0939999999999941	2.80199999999968	0	0
1.86999999999989	0.269000000000005	4.36499999999978	0	0
1.35300000000007	0.27800000000002	3.54599999999982	0	0
1.17599999999993	0.070999999999998	2.38200000000006	0	0
1.327	0.164999999999992	2.8739999999998	0	0
1.41999999999985	0.147999999999996	3.23300000000017	0	0
1.28999999999996	0.173000000000002	3.10699999999997	0	0
1.18499999999995	0.0550000000000068	2.73400000000038	0	0
1.27099999999996	0.204000000000008	2.98399999999992	0	0
1.24499999999989	0.0740000000000123	2.72600000000011	0	0
1.30299999999988	0.115000000000009	3.0329999999999	0	0
1.26800000000003	0.24199999999999	3.0329999999999	0	0
1.37699999999995	0.149000000000001	3.05999999999995	0	0
1.49399999999991	0.143999999999977	3.17899999999963	0	0
1.88999999999987	0.078000000000003	4.15200000000004	0	0
1.32799999999997	0.121999999999986	2.72599999999966	0	0
2.48000000000002	0.131	5.38400000000001	0	0
1.47899999999981	0.138000000000005	2.971	0	0
1.44800000000009	0.147999999999996	3.17800000000034	0	0
1.44900000000007	0.111000000000018	2.67100000000028	0	0
1.44200000000001	0.222000000000008	3.05499999999984	0	0
1.4849999999999	0.246000000000009	3.34699999999975	0	0
1.30100000000016	0.0889999999999986	2.5949999999998	0	0
1.2059999999999	0.0929999999999893	2.57899999999972	0	0
1.21899999999982	0.14500000000001	2.90700000000015	0	0
2.298	0.171999999999997	5.05499999999984	0	0
3.07600000000002	0.289000000000016	6.44900000000007	0	0
1.26699999999983	0.171999999999997	2.9050000000002	0	0
1.24099999999999	0.0970000000000084	3.01900000000023	0	0
1.33600000000001	0.162000000000006	3.19000000000005	0	0
1.50700000000006	0.222999999999985	3.36099999999988	0	0
1.3900000000001	0.168000000000006	3.26999999999998	0	0
1.18799999999987	0.12700000000001	2.721	0	0
1.17100000000005	0.0930000000000177	2.54099999999971	0	0
1.29299999999989	0.117000000000019	2.77400000000034	0	0
2.31400000000008	0.0739999999999839	4.54999999999973	0	0
2.30400000000009	0.0900000000000034	4.97699999999986	0	0
1.27600000000007	0.0769999999999982	2.71799999999985	0	0
1.30299999999988	0.152999999999992	2.85599999999977	0	0
1.89800000000014	0.0900000000000034	4.03099999999995	0	0
1.31700000000001	0.163000000000011	3.08600000000024	0	0
2.57600000000002	0.283000000000015	5.61999999999989	0	0
2.55600000000004	0.412000000000006	6.08099999999968	0	0
1.24199999999996	0.103999999999985	2.87400000000025	0	0
1.36500000000001	0.105000000000018	3.16200000000026	0	0
1.29899999999998	0.211000000000013	3.05200000000013	0	0
1.48900000000003	0.185000000000002	3.32099999999991	0	0
2.6869999999999	0.24799999999999	6.01600000000008	0	0
1.41800000000012	0.175999999999988	3.01099999999997	0	0
1.73099999999999	0.13300000000001	3.74499999999989	0	0
1.27500000000009	0.128000000000014	2.97399999999971	0	0
1.30700000000002	0.161000000000001	2.63599999999997	0	0
2.49300000000017	0.311999999999983	5.55799999999999	0	0
1.471	0.230000000000018	3.35600000000022	0	0
1.44900000000007	0.245999999999981	3.44999999999982	0	0
2.56299999999987	0.427999999999997	5.9409999999998	0	0
2.29999999999995	0.203000000000003	4.92299999999977	0	0
1.37400000000002	0.263000000000005	3.40099999999984	0	0
1.54600000000005	0.207999999999998	3.58599999999979	0	0
1.5139999999999	0.176999999999992	3.53400000000011	0	0
1.35200000000009	0.265999999999991	3.06099999999969	0	0
1.21399999999994	0.192000000000007	2.89699999999993	0	0
1.24900000000002	0.147999999999996	2.77700000000004	0	0
1.32100000000014	0.248999999999995	3.16800000000012	0	0
1.41699999999992	0.153999999999996	2.95899999999983	0	0
1.36799999999994	0.0929999999999893	3.18799999999965	0	0
1.2170000000001	0.111000000000018	2.72899999999981	0	0
1.25499999999988	0.198000000000008	3.07600000000002	0	0
1.29199999999992	0.150999999999982	2.98100000000022	0	0
1.2800000000002	0.109999999999985	2.81800000000021	0	0
1.25199999999995	0.0480000000000018	2.50600000000031	0	0
1.48299999999995	0.134000000000015	3.20600000000013	0	0
1.75900000000001	0.0799999999999841	3.529	0	0
1.52300000000014	0.153999999999996	3.08099999999968	0	0
1.41899999999987	0.193000000000012	3.35100000000011	0	0
1.16800000000012	0.0649999999999977	2.40599999999995	0	0
1.29399999999987	0.10499999999999	2.60800000000017	0	0
1.1400000000001	0.0910000000000082	2.38400000000001	0	0
1.31700000000001	0.101999999999975	3.04099999999971	0	0
1.24500000000012	0.14100000000002	2.82400000000007	0	0
2.55100000000016	0.256	5.69500000000016	0	0
1.25	0.103999999999985	2.68899999999985	0	0
1.45600000000013	0.187000000000012	3.31500000000005	0	0
3.10500000000002	0.161000000000001	6.4109999999996	0	0
1.31799999999998	0.201999999999998	3.04600000000028	0	0
1.22900000000004	0.336000000000013	3.16399999999976	0	0
1.22199999999998	0.109000000000009	2.62699999999995	0	0
1.36199999999985	0.195999999999998	2.82200000000012	0	0
2.34799999999996	0.205999999999989	5.46900000000005	0	0
1.18600000000015	0.0300000000000011	2.375	0	0
1.24099999999999	0.109999999999985	2.596	0	0
1.37699999999995	0.137	3.09100000000035	0	0
1.31700000000001	0.143000000000001	3.00199999999995	0	0
1.25700000000006	0.0989999999999895	2.83299999999963	0	0
1.35500000000002	0.131	2.92500000000018	0	0
1.82099999999991	0.207999999999998	3.94700000000012	0	0
1.19499999999994	0.0579999999999927	2.22299999999996	0	0
1.18100000000004	0.0600000000000023	2.58799999999974	0	0
1.22199999999998	0.0760000000000218	2.57699999999977	0	0
1.21699999999987	0.0819999999999936	2.84000000000015	0	0
1.15200000000004	0.0559999999999832	2.40200000000004	0	0
1.31899999999996	0.105999999999995	2.80400000000009	0	0
2.51999999999998	0.330000000000013	5.89800000000014	0	0
1.22700000000009	0.138000000000005	2.83699999999999	0	0
1.27600000000007	0.12299999999999	2.93900000000031	0	0
1.24000000000001	0.162999999999982	2.74800000000005	0	0
1.22400000000016	0.207000000000022	3.00300000000016	0	0
1.82799999999997	0.117999999999995	4.05799999999999	0	0
2.32799999999997	0.201000000000022	4.97900000000027	0	0
1.34000000000015	0.159999999999997	2.971	0	0
1.25699999999983	0.145999999999987	2.75300000000016	0	0
1.13200000000006	0.039999999999992	2.38099999999986	0	0
4.14099999999985	0.456000000000017	8.97900000000027	0	0
1.32200000000012	0.216000000000008	3.19599999999991	0	0
1.21499999999992	0.171999999999997	2.69500000000016	0	0
3.64599999999996	0.343999999999994	7.55399999999963	0	0
1.30199999999991	0.119	2.92600000000039	0	0
1.31899999999996	0.140999999999991	2.88799999999992	0	0
1.25	0.104000000000013	2.83600000000024	0	0
2.44299999999998	0.23599999999999	6.07799999999952	0	0
1.24099999999999	0.0879999999999939	2.96799999999985	0	0
1.50700000000006	0.183999999999997	3.3090000000002	0	0
2.45800000000008	0.198000000000008	5.16499999999996	0	0
1.19800000000009	0.140999999999991	2.76299999999992	0	0
1.17699999999991	0.0519999999999925	2.43299999999999	0	0
2.4079999999999	0.219999999999999	5.40200000000004	0	0
1.33799999999997	0.212999999999994	3.29200000000037	0	0
1.42200000000003	0.174000000000007	3.33399999999983	0	0
1.92399999999998	0.137	4.20899999999983	0	0
1.45299999999997	0.110000000000014	3.17799999999988	0	0
1.39400000000001	0.222999999999985	3.32499999999982	0	0
1.25700000000006	0.129999999999995	2.92199999999957	0	0
1.25600000000009	0.0769999999999982	2.88799999999992	0	0
1.39399999999978	0.246999999999986	3.09000000000015	0	0
1.29700000000003	0.231999999999999	2.97400000000016	0	0
2.45100000000002	0.302999999999997	5.52700000000004	0	0
1.279	0.128999999999991	2.77800000000025	0	0
1.375	0.177999999999997	3.13100000000031	0	0
1.39400000000001	0.143000000000001	2.88600000000042	0	0
1.21800000000007	0.114000000000004	2.78800000000047	0	0
1.71100000000001	0.070999999999998	3.64699999999993	0	0
1.16499999999996	0.0500000000000114	2.28600000000006	0	0
1.28800000000001	0.0840000000000032	2.57500000000073	0	0
1.40599999999995	0.0869999999999891	3.1869999999999	0	0
1.39900000000011	0.199000000000012	3.28399999999965	0	0
2.64800000000014	0.390999999999991	6.07399999999961	0	0
1.21199999999999	0.203999999999979	2.74399999999969	0	0
1.2639999999999	0.152999999999992	2.83799999999974	0	0
1.1690000000001	0.0519999999999925	2.57799999999952	0	0
1.41300000000001	0.216000000000008	3.46799999999985	0	0
1.85299999999984	0.195999999999998	4.11200000000008	0	0
1.23400000000015	0.133999999999986	2.42999999999938	0	0
1.4670000000001	0.271000000000015	3.39399999999932	0	0
1.37999999999988	0.177999999999997	3.1850000000004	0	0
1.3929999999998	0.129000000000019	3.23700000000008	0	0
2.90999999999985	0.38900000000001	6.65199999999913	0	0
1.48900000000003	0.233000000000004	3.60899999999947	0	0
1.54099999999994	0.209000000000003	3.50799999999981	0	0
1.48300000000017	0.132000000000005	3.32399999999961	0	0
1.49499999999989	0.174999999999983	3.33799999999974	0	0
1.35199999999986	0.195999999999998	3.125	0	0
2.93399999999997	0.343000000000018	6.54300000000057	0	0
3.42600000000016	0.367999999999995	7.47199999999975	0	0
1.46499999999992	0.349000000000018	3.84100000000035	0	0
1.32799999999997	0.266999999999996	3.30999999999949	0	0
1.24699999999984	0.106999999999999	2.93000000000029	0	0
1.3889999999999	0.224000000000018	3.02299999999923	0	0
1.30299999999988	0.275000000000006	2.85500000000047	0	0
1.39799999999991	0.125	3.22700000000077	0	0
2.83900000000017	0.324000000000012	6.27400000000034	0	0
1.35100000000011	0.0999999999999943	2.79700000000048	0	0
1.26700000000005	0.09699999999998	2.74300000000039	0	0
1.80700000000002	0.0560000000000116	3.91600000000017	0	0
1.17399999999998	0.092000000000013	2.53099999999995	0	0
1.43599999999992	0.245000000000005	3.35199999999986	0	0
1.53199999999993	0.22399999999999	3.40500000000065	0	0
1.42000000000007	0.158999999999992	3.19899999999961	0	0
1.26700000000005	0.153999999999996	2.99399999999969	0	0
2.66300000000001	0.459000000000003	6.42299999999977	0	0
1.29500000000007	0.21599999999998	3.00900000000001	0	0
1.41799999999989	0.108000000000004	3.15300000000025	0	0
1.38000000000011	0.151999999999987	3.36200000000008	0	0
1.49900000000002	0.225000000000023	3.3139999999994	0	0
1.46800000000007	0.231999999999971	3.32600000000002	0	0
2.03499999999985	0.346000000000004	4.60900000000038	0	0
1.43900000000008	0.163000000000011	3.16099999999915	0	0
1.23800000000006	0.106999999999971	2.78300000000036	0	0
1.23700000000008	0.194000000000017	3.01099999999951	0	0
1.38800000000015	0.214999999999975	3.36999999999989	0	0
1.30099999999993	0.199000000000012	2.97900000000027	0	0
1.24599999999987	0.15300000000002	2.82399999999961	0	0
2.93999999999983	0.255999999999972	6.32499999999982	0	0
1.14599999999996	0.0680000000000405	2.44799999999941	0	0
1.24800000000005	0.112000000000023	2.85600000000068	0	0
1.35300000000007	0.0869999999999891	2.96600000000035	0	0
1.29000000000019	0.131000000000029	2.79100000000017	0	0
1.26999999999998	0.221000000000004	3.04399999999987	0	0
2.33999999999992	0.199000000000012	4.70300000000043	0	0
1.17800000000011	0.0660000000000309	2.35100000000057	0	0
1.23099999999999	0.0889999999999986	2.63100000000031	0	0
1.46299999999997	0.202999999999975	3.05599999999959	0	0
1.48500000000013	0.206999999999994	3.56800000000021	0	0
1.37699999999995	0.26600000000002	3.35699999999997	0	0
1.24600000000009	0.0980000000000132	2.74499999999989	0	0
1.46299999999997	0.132000000000005	3.20600000000013	0	0
1.42399999999998	0.194999999999993	3.33399999999983	0	0
2.0619999999999	0.19500000000005	4.52200000000084	0	0
1.1550000000002	0.158000000000015	2.63999999999942	0	0
1.41399999999976	0.16799999999995	3.28200000000015	0	0
1.29099999999971	0.108000000000004	3.02000000000044	0	0
1.34999999999991	0.200999999999965	3.22100000000046	0	0
1.37300000000005	0.211999999999989	3.48199999999997	0	0
1.48900000000003	0.329000000000008	3.67399999999998	0	0
1.22500000000036	0.0779999999999745	2.81999999999971	0	0
1.24200000000019	0.115999999999985	2.74599999999919	0	0
1.23199999999997	0.120999999999981	2.79799999999977	0	0
1.40800000000036	0.145000000000039	3.08600000000024	0	0
1.35600000000022	0.242999999999995	3.07200000000012	0	0
1.15599999999995	0.0609999999999786	2.60500000000047	0	0
1.1850000000004	0.0730000000000359	2.63500000000022	0	0
1.38599999999997	0.255999999999972	3.10099999999966	0	0
1.30999999999995	0.201000000000022	3.07799999999952	0	0
1.33699999999999	0.169999999999959	3.16200000000026	0	0
1.23600000000033	0.0840000000000032	2.72699999999986	0	0
2.5619999999999	0.365999999999985	5.69700000000012	0	0
1.21599999999989	0.191000000000031	3.05099999999948	0	0
1.43199999999979	0.274999999999977	3.3110000000006	0	0
1.42000000000007	0.201000000000022	3.30100000000039	0	0
1.51100000000042	0.137999999999977	3.2510000000002	0	0
1.27999999999975	0.108000000000004	2.77799999999934	0	0
1.33799999999974	0.115999999999985	3.01900000000023	0	0
1.7170000000001	0.0430000000000064	3.72199999999975	0	0
1.38099999999986	0.271999999999991	3.38500000000022	0	0
1.31800000000021	0.144000000000005	2.97599999999966	0	0
2.58600000000024	0.23399999999998	5.88400000000001	0	0
1.404	0.22199999999998	3.34499999999935	0	0
1.24100000000044	0.178999999999974	2.71400000000085	0	0
1.4409999999998	0.23399999999998	3.61599999999999	0	0
1.3760000000002	0.146000000000015	2.99699999999939	0	0
1.41900000000032	0.152000000000044	3.22200000000066	0	0
2.79700000000003	0.373999999999967	6.25200000000041	0	0
1.55399999999963	0.245000000000005	3.53899999999976	0	0
2.00999999999976	0.194999999999993	4.3769999999995	0	0
1.26099999999997	0.134999999999991	2.78999999999996	0	0
1.18700000000035	0.0860000000000127	2.40399999999954	0	0
2.79500000000007	0.204000000000008	5.98399999999947	0	0
1.24199999999973	0.125999999999976	2.72900000000027	0	0
1.57600000000002	0.14100000000002	3.38100000000031	0	0
1.23199999999997	0.0840000000000032	2.82399999999961	0	0
1.34299999999985	0.142999999999972	2.94499999999971	0	0
1.23500000000013	0.0780000000000314	2.78299999999945	0	0
1.33500000000004	0.156999999999982	3.01699999999983	0	0
1.70299999999997	0.0970000000000368	3.39799999999923	0	0
1.15900000000011	0.103000000000009	2.41599999999926	0	0
2.32299999999987	0.119000000000028	4.78099999999995	0	0
1.3090000000002	0.161999999999978	3.00399999999991	0	0
1.26600000000008	0.117999999999995	2.55599999999959	0	0
1.52399999999989	0.252999999999986	3.52300000000014	0	0
1.20700000000033	0.118999999999971	2.6309999999994	0	0
1.30799999999999	0.138000000000034	2.82700000000023	0	0
2.48000000000002	0.158999999999992	5.52300000000014	0	0
1.28799999999956	0.20999999999998	3.10199999999986	0	0
1.2819999999997	0.0679999999999836	2.99799999999959	0	0
1.94399999999996	0.190999999999974	3.99600000000009	0	0
1.24599999999964	0.0780000000000314	2.60399999999936	0	0
2.62400000000025	0.209000000000003	5.70399999999972	0	0
1.38300000000027	0.196000000000026	3.13900000000012	0	0
1.42299999999977	0.206999999999994	3.25	0	0
1.29799999999977	0.180999999999983	2.83800000000065	0	0
1.30799999999999	0.163000000000011	2.88799999999992	0	0
2.56700000000001	0.350000000000023	5.88199999999961	0	0
1.42700000000013	0.282999999999959	3.16799999999967	0	0
1.40099999999984	0.177000000000021	2.97299999999996	0	0
1.44200000000001	0.199000000000012	3.36499999999978	0	0
1.6869999999999	0.0579999999999927	3.52199999999993	0	0
1.40999999999985	0.188999999999965	3.34000000000015	0	0
1.36900000000014	0.252999999999986	3.3100000000004	0	0
1.375	0.248999999999967	3.23700000000008	0	0
2.65599999999995	0.478000000000009	6.22000000000025	0	0
1.37899999999991	0.200000000000045	3.26600000000053	0	0
1.22299999999996	0.146999999999991	2.96600000000035	0	0
1.39499999999998	0.149000000000001	3.2559999999994	0	0
1.25799999999981	0.146000000000015	3.01600000000053	0	0
1.3760000000002	0.25	3.3159999999998	0	0
1.23200000000043	0.0999999999999659	2.81800000000021	0	0
1.97599999999966	0.159999999999968	4.36300000000028	0	0
1.25599999999986	0.105000000000018	2.61300000000028	0	0
1.31800000000021	0.187999999999988	3.02700000000004	0	0
1.18900000000031	0.133999999999958	2.63300000000072	0	0
1.36400000000003	0.22199999999998	3.36899999999969	0	0
1.35100000000011	0.199000000000012	3.12700000000041	0	0
2.69899999999961	0.242000000000019	5.92000000000007	0	0
1.19100000000026	0.08299999999997	2.4980000000005	0	0
1.3739999999998	0.303999999999974	3.34699999999975	0	0
1.29399999999987	0.264999999999986	3.34500000000025	0	0
1.84799999999996	0.194999999999993	4.11700000000019	0	0
3.89600000000019	0.350000000000023	8.52399999999943	0	0
1.14800000000014	0.120000000000005	2.49299999999948	0	0
1.13500000000022	0.0609999999999786	2.44999999999982	0	0
1.28099999999995	0.0819999999999936	2.69899999999961	0	0
1.46799999999985	0.271999999999991	3.44400000000041	0	0
1.3090000000002	0.156000000000006	3.12700000000041	0	0
1.25900000000001	0.122000000000014	2.72199999999975	0	0
1.34999999999991	0.141999999999996	2.86499999999978	0	0
1.39199999999983	0.269999999999982	3.51400000000012	0	0
1.4380000000001	0.25200000000001	3.42000000000007	0	0
2.99299999999994	0.257999999999981	6.32300000000032	0	0
1.49600000000009	0.276999999999987	3.48300000000017	0	0
1.29100000000017	0.143000000000029	2.88800000000083	0	0
1.34199999999964	0.17900000000003	2.8760000000002	0	0
1.32299999999987	0.311999999999955	3.10199999999986	0	0
1.3720000000003	0.25200000000001	3.26400000000012	0	0
1.25700000000006	0.0569999999999595	2.84900000000016	0	0
1.2470000000003	0.117000000000019	2.52499999999964	0	0
1.375	0.225999999999999	3.1220000000003	0	0
1.59999999999991	0.255999999999972	3.68900000000031	0	0
1.53800000000001	0.201999999999998	3.42299999999977	0	0
1.43899999999985	0.223000000000013	3.39300000000003	0	0
1.60400000000027	0.15100000000001	3.54899999999998	0	0
1.25800000000027	0.197000000000003	2.64900000000034	0	0
1.27799999999979	0.111999999999966	2.39599999999973	0	0
1.4369999999999	0.206000000000017	3.03899999999976	0	0
1.45100000000002	0.175000000000011	2.99399999999969	0	0
1.24199999999973	0.182999999999993	2.29699999999957	0	0
1.20200000000023	0.157000000000039	1.73199999999997	0	0
1.33199999999988	0.272999999999968	2.31800000000021	0	0
1.27500000000009	0.257000000000005	2.51999999999953	0	0
1.71900000000005	0.307999999999993	2.92500000000018	0	0
1.21300000000019	0.163000000000011	1.58700000000044	0	0
1.42000000000007	0.185000000000002	2.05600000000049	0	0
1.64499999999998	0.21999999999997	2.38799999999992	0	0
1.84799999999996	0.295999999999992	2.67200000000048	0	0
1.17499999999973	0.175000000000011	1.77399999999943	0	0
1.26400000000012	0.163000000000011	1.90999999999985	0	0
2.45199999999977	0.300000000000011	3.57400000000052	0	0
1.44399999999996	0.300999999999988	2.28099999999995	0	0
1.24500000000035	0.245999999999981	1.51199999999972	0	0
1.10300000000007	0.116000000000042	1.22000000000025	0	0
1.21799999999985	0.130999999999972	1.46199999999953	0	0
1.16300000000001	0.137999999999977	1.41100000000006	0	0
1.25399999999991	0.185000000000002	1.5029999999997	0	0
1.27500000000009	0.11099999999999	1.39399999999932	0	0
2.779	0.20599999999996	3.0570000000007	0	0
1.13900000000012	0.113999999999976	1.28700000000026	0	0
1.15300000000025	0.120999999999981	1.27099999999973	0	0
1.2489999999998	0.25	1.65899999999965	0	0
1.27700000000004	0.166999999999973	1.48500000000058	0	0
1.23399999999992	0.12700000000001	1.35199999999986	0	0
1.26600000000008	0.233000000000004	1.54400000000078	0	0
1.1880000000001	0.163999999999987	1.42399999999998	0	0
2.73600000000033	0.603999999999985	2.96399999999994	0	0
1.21199999999999	0.213999999999999	1.32099999999991	0	0
1.21299999999974	0.148000000000025	1.36499999999978	0	0
1.16900000000032	0.136000000000024	1.30599999999959	0	0
1.75199999999995	0.144000000000005	1.89699999999993	0	0
1.23300000000017	0.242999999999995	1.42599999999948	0	0
1.32000000000016	0.286000000000001	1.40299999999934	0	0
1.34000000000015	0.216000000000008	1.51200000000063	0	0
1.3090000000002	0.262999999999977	1.47900000000027	0	0
1.22199999999975	0.152000000000044	1.33700000000044	0	0
1.34299999999985	0.198000000000036	1.76299999999992	0	0
1.25599999999986	0.238	1.38900000000012	0	0
1.13700000000017	0.134000000000015	1.35999999999967	0	0
2.17900000000009	0.178999999999974	2.48599999999988	0	0
1.0949999999998	0.127999999999986	1.22400000000016	0	0
2.11199999999963	0.199999999999989	2.3130000000001	0	0
1.11599999999999	0.147999999999968	1.22000000000025	0	0
1.08199999999988	0.136000000000024	1.21800000000076	0	0
1.19200000000001	0.103000000000009	1.34799999999996	0	0
1.11599999999999	0.115999999999985	1.23300000000017	0	0
1.13900000000012	0.115999999999985	1.25600000000031	0	0
1.10899999999992	0.136000000000024	1.24600000000009	0	0
1.14499999999998	0.123999999999967	1.3119999999999	0	0
1.63200000000006	0.112000000000023	1.74499999999989	0	0
1.28899999999976	0.28000000000003	1.21000000000004	0	0
1.24000000000024	0.137	1.19400000000041	0	0
1.30699999999979	0.259000000000015	1.21899999999914	0	0
1.19000000000005	0.151999999999987	1.13600000000042	0	0
1.17600000000039	0.124000000000024	1.1269999999995	0	0
1.16600000000017	0.151999999999987	1.125	0	0
1.21399999999994	0.184999999999945	1.2519999999995	0	0
1.22900000000027	0.194000000000017	1.28600000000006	0	0
1.15599999999995	0.124000000000024	1.09300000000076	0	0
1.20100000000002	0.194999999999993	1.1850000000004	0	0
1.17399999999998	0.125	1.13500000000022	0	0
1.27399999999989	0.187000000000012	1.23700000000008	0	0
1.23799999999983	0.140000000000043	1.21099999999933	0	0
1.20600000000013	0.326999999999998	1.27800000000025	0	0
1.22600000000011	0.198000000000036	1.23599999999988	0	0
2.19800000000032	0.145999999999958	2.10000000000036	0	0
1.12699999999995	0.13900000000001	1.09000000000015	0	0
1.15999999999985	0.100999999999999	1.08199999999943	0	0
1.17100000000028	0.104000000000042	1.09799999999996	0	0
1.15000000000009	0.0869999999999891	1.21600000000035	0	0
1.22200000000021	0.192000000000007	1.21199999999953	0	0
1.68199999999979	0.125	1.68199999999979	0	0
1.22199999999975	0.211999999999989	1.33599999999933	0	0
1.17000000000007	0.156000000000006	1.10600000000068	0	0
1.14699999999993	0.144000000000005	1.09699999999975	0	0
1.14899999999989	0.129000000000019	1.08500000000004	0	0
1.14200000000028	0.12299999999999	1.1200000000008	0	0
1.14300000000003	0.10899999999998	1.10199999999986	0	0
2.33899999999994	0.29200000000003	2.3110000000006	0	0
3.26299999999992	0.278999999999996	3.20799999999963	0	0
1.16100000000006	0.144999999999982	1.2489999999998	0	0
1.79600000000028	0.22399999999999	1.84500000000025	0	0
1.11299999999983	0.11099999999999	1.14699999999993	0	0
1.20800000000008	0.156000000000006	1.21600000000035	0	0
1.1880000000001	0.13900000000001	1.1299999999992	0	0
1.13099999999986	0.100000000000023	1.09299999999985	0	0
1.10500000000002	0.0799999999999841	1.22299999999996	0	0
1.1560000000004	0.11099999999999	1.21000000000004	0	0
1.17700000000013	0.0950000000000273	1.15499999999975	0	0
1.1869999999999	0.182000000000016	1.14199999999983	0	0
2.35800000000017	0.430000000000007	2.27199999999993	0	0
1.279	0.0800000000000409	1.22700000000077	0	0
