10.063	5.193	10.472	0	0
10.561	6.908	9.347	0	0
10.07	6.504	11.439	0	0
10.919	7.365	12.497	0	0
10.36	5.345	11.487	0	0
9.503	6.00700000000001	9.316	0	0
10.804	8.18899999999999	9.62300000000002	0	0
10.999	8.958	10.034	0	0
10.331	6.54599999999999	10.035	0	0
9.81299999999999	6.06	9.869	0	0
10.305	6.68299999999999	9.51700000000002	0	0
8.25	2.185	9.696	0	0
9.84099999999998	6.84700000000001	10.619	0	0
12.764	9.21599999999998	9.67399999999998	0	0
14.824	11.556	10.503	0	0
14.271	13.428	10.953	0	0
11.6	7.98100000000002	9.255	0	0
14.431	14.501	11.367	0	0
10.272	5.596	9.20999999999998	0	0
14.206	11.62	12.475	0	0
10.799	9.25900000000001	9.52100000000002	0	0
9.28500000000003	3.15199999999999	9.79900000000004	0	0
11.327	8.69	11.006	0	0
10.641	7.29300000000001	10.386	0	0
10.726	3.81299999999999	11.453	0	0
9.15199999999993	5.50900000000001	8.82999999999998	0	0
9.03399999999999	4.24600000000004	8.48200000000003	0	0
8.03300000000002	3.59700000000004	8.80600000000004	0	0
15.3439999999999	5.85200000000003	16.1609999999999	0	0
10.415	6.17599999999999	8.8180000000001	0	0
9.39599999999996	2.51400000000001	9.76900000000001	0	0
8.49900000000002	2.56	8.78100000000006	0	0
9.31399999999996	2.863	9.33999999999992	0	0
9.9899999999999	5.495	9.73000000000002	0	0
9.73699999999997	5.53499999999997	9.32399999999996	0	0
10.856	6.24199999999996	9.05700000000002	0	0
9.73199999999997	5.05400000000003	8.67900000000009	0	0
10.984	8.28799999999995	9.64700000000005	0	0
11.8430000000001	8.77400000000006	10.317	0	0
9.78800000000001	6.495	10.237	0	0
13.811	13.677	10.748	0	0
9.67999999999995	8.36300000000006	8.80100000000004	0	0
9.53100000000006	5.77300000000002	9.80700000000002	0	0
16.4530000000001	18.679	13.278	0	0
16.6239999999999	11.073	14.7670000000001	0	0
10.7750000000001	5.94200000000001	11.385	0	0
9.64999999999998	6.51499999999999	9.601	0	0
9.47700000000009	2.93799999999999	9.50999999999999	0	0
12.259	7.08500000000004	9.25800000000004	0	0
10.116	4.91599999999994	8.68599999999992	0	0
16.2299999999998	15.6220000000001	10.629	0	0
10.4960000000001	6.971	8.27599999999995	0	0
11.9979999999998	7.54499999999996	10.312	0	0
10.211	4.96600000000001	8.91800000000001	0	0
22.2950000000001	18.785	17.2629999999999	0	0
9.37899999999991	3.85300000000007	8.48800000000006	0	0
10.742	7.10500000000002	10.3309999999999	0	0
8.0440000000001	4.51800000000003	7.32499999999982	0	0
9.90100000000007	5.06399999999996	8.9079999999999	0	0
8.80299999999988	5.02500000000009	8.73299999999995	0	0
9.02799999999979	2.51499999999999	8.80999999999995	0	0
9.17800000000011	5.26299999999992	8.51600000000008	0	0
12.1699999999998	8.46699999999998	9.79300000000012	0	0
13.1700000000001	10.181	9.33100000000013	0	0
13.817	11.73	9.67000000000007	0	0
10.1179999999999	4.36699999999996	9.66199999999981	0	0
11.124	9.01900000000001	8.23400000000015	0	0
9.92900000000009	6.92399999999998	8.67100000000005	0	0
8.90499999999997	3.66800000000001	10.202	0	0
7.5630000000001	2.06100000000004	8.02099999999996	0	0
8.27200000000016	1.87800000000004	8.35000000000014	0	0
12.1779999999999	7.60599999999999	8.83600000000001	0	0
11.9479999999999	8.73799999999994	10.0260000000001	0	0
16.924	17.7090000000001	11.73	0	0
8.74199999999996	4.59000000000015	8.44499999999994	0	0
11.778	7.92900000000009	9.16399999999999	0	0
12.846	11.2410000000002	10.4570000000001	0	0
12.0429999999999	10.288	11.04	0	0
12.1479999999999	9.12200000000007	9.19799999999987	0	0
9.29500000000007	3.69800000000009	9.84899999999993	0	0
11.2569999999998	8.25399999999991	10.251	0	0
9.577	5.60100000000011	10.2339999999999	0	0
9.14499999999998	4.1099999999999	9.63499999999999	0	0
9.952	5.17799999999988	10.4839999999999	0	0
12.0310000000002	10.2339999999999	10.2	0	0
16.0429999999999	13.4240000000002	10.633	0	0
9.79600000000005	6.92200000000003	9.45000000000005	0	0
7.74800000000005	3.04999999999995	8.32899999999995	0	0
12.433	8.60399999999981	10.0550000000001	0	0
11.7070000000001	8.2650000000001	9.202	0	0
10.748	6.75799999999981	9.87899999999991	0	0
9.47699999999986	5.04399999999987	10.3109999999999	0	0
10.8620000000001	6.91100000000006	8.68599999999992	0	0
17.4970000000001	8.7349999999999	14.662	0	0
10.672	4.06899999999996	10.26	0	0
11.0740000000001	5.99700000000007	10.8789999999999	0	0
11.9480000000001	8.55499999999984	8.35899999999992	0	0
19.2150000000001	18.7239999999999	11.288	0	0
8.99800000000005	2.92900000000009	8.15599999999995	0	0
12.567	10.5930000000001	10.4170000000001	0	0
9.85300000000007	5.79999999999995	9.42000000000007	0	0
8.46500000000015	3.32399999999984	8.77800000000002	0	0
11.058	6.28500000000008	10.172	0	0
9.44299999999976	5.39499999999998	10.0429999999999	0	0
10.5060000000003	7.10099999999989	9.95100000000002	0	0
7.87100000000009	1.96800000000007	9.23199999999997	0	0
9.81100000000015	6.89200000000005	8.89800000000014	0	0
9.49699999999984	3.88400000000001	9.01999999999998	0	0
9.9340000000002	6.09500000000003	9.23399999999992	0	0
10.7200000000003	5.89899999999989	9.99099999999999	0	0
8.76600000000008	3.47800000000007	10.164	0	0
8.93499999999995	4.80400000000009	8.14499999999998	0	0
9.97900000000027	5.15600000000018	10.1489999999999	0	0
8.84299999999985	2.16599999999994	9.80000000000018	0	0
8.89699999999993	2.17399999999998	10.2190000000001	0	0
10.0419999999999	3.39999999999986	9.85800000000017	0	0
7.76499999999987	3.29199999999992	8.01899999999978	0	0
8.7489999999998	3.00999999999999	9.5949999999998	0	0
11.6169999999997	10.3000000000002	11.3070000000002	0	0
10.4900000000002	4.02200000000016	10.0599999999999	0	0
8.36100000000033	1.98099999999999	8.40200000000004	0	0
10.5729999999999	5.45299999999997	10.556	0	0
11.8449999999998	8.57400000000007	10.0799999999999	0	0
12.5349999999999	9.05799999999999	11.3650000000002	0	0
9.76699999999983	5.40100000000007	9.14300000000003	0	0
9.6840000000002	4.78499999999985	8.42200000000003	0	0
11.652	7.78400000000011	9.72700000000032	0	0
11.373	7.01999999999998	9.73799999999983	0	0
7.67900000000009	2.19800000000009	7.72700000000032	0	0
12.0219999999999	8.10299999999984	10.6579999999999	0	0
8.74499999999989	4.70699999999988	8.65599999999995	0	0
9.45000000000027	6.47199999999998	9.13800000000037	0	0
11.6550000000002	8.41599999999994	9.88099999999986	0	0
8.68199999999979	3.44700000000012	9.92599999999993	0	0
8.52300000000014	2.37400000000002	9.24200000000019	0	0
8.45600000000013	2.17599999999993	8.52599999999984	0	0
9.45000000000027	3.61900000000014	9.625	0	0
9.14399999999978	2.60000000000014	8.73300000000017	0	0
9.44799999999987	5.03500000000008	9.24499999999989	0	0
11.2179999999998	6.29299999999989	9.85300000000007	0	0
16.931	15.1779999999999	12.3070000000002	0	0
10.1090000000004	6.05099999999993	10.288	0	0
9.51900000000023	5.42400000000021	9.21199999999999	0	0
10.2649999999999	6.04999999999995	9.08200000000033	0	0
9.66899999999987	4.27999999999997	8.79799999999977	0	0
10.2840000000001	6.72800000000007	8.86099999999988	0	0
11.3199999999997	8.54700000000003	9.346	0	0
9.91200000000026	4.82100000000014	8.57999999999993	0	0
9.08999999999969	2.44600000000014	8.75799999999981	0	0
10.5709999999999	6.04099999999971	10.0250000000001	0	0
8.91199999999981	2.36500000000024	9.17300000000023	0	0
10.5859999999998	4.67200000000003	9.56099999999969	0	0
15.6779999999999	14.75	10.0309999999999	0	0
11.797	9.58400000000029	8.23300000000017	0	0
11.2829999999999	8.17399999999998	9.80400000000009	0	0
9.29999999999973	5.68600000000015	8.37700000000041	0	0
8.8430000000003	2.32700000000023	10.0329999999999	0	0
13.2960000000003	9.86299999999983	9.67300000000023	0	0
10.069	5.68000000000029	7.92500000000018	0	0
11.4639999999999	7.11400000000003	8.26899999999978	0	0
11.9490000000001	9.23199999999997	8.65900000000011	0	0
14.5749999999998	12.2279999999996	9.66800000000012	0	0
14.4560000000001	11.0630000000001	9.73999999999978	0	0
12.27	7.98199999999997	10.1439999999998	0	0
10.1860000000001	5.63999999999987	10.2550000000001	0	0
9.39799999999968	4.27600000000029	9.70199999999977	0	0
8.48399999999992	4.90299999999979	8.11599999999999	0	0
11.1570000000002	8.221	9.61499999999978	0	0
11.5	6.31799999999976	10.5210000000002	0	0
10.1440000000002	6.17299999999977	9.16799999999967	0	0
9.27799999999979	4.54100000000017	9.17200000000003	0	0
16.1280000000002	14.2570000000001	11.1019999999999	0	0
10.1349999999998	6.19399999999996	9.56700000000001	0	0
12.498	10.5430000000001	10.221	0	0
11.6190000000001	8.13099999999986	9.1840000000002	0	0
10.384	6.79100000000017	9.88300000000027	0	0
9.625	3.43199999999979	10.0970000000002	0	0
13.212	10.8879999999999	9.62699999999995	0	0
9.88299999999981	3.95800000000008	10.9679999999998	0	0
9.87300000000005	4.69799999999987	8.92899999999963	0	0
11.462	6.00700000000006	9.65499999999975	0	0
11.982	9.88400000000001	10.739	0	0
9.84099999999989	5.81700000000001	9.8090000000002	0	0
10.9110000000001	4.07000000000016	11.0319999999997	0	0
11.3110000000001	9.71499999999969	9.80300000000034	0	0
9.06999999999971	3.39699999999993	8.72899999999981	0	0
9.55299999999988	4.14300000000003	9.4680000000003	0	0
12.8009999999999	13.2359999999999	10.029	0	0
14.4210000000003	15.9899999999998	9.74800000000005	0	0
10.4450000000002	6.28099999999995	8.47499999999991	0	0
11.0370000000003	5.69000000000005	9.59299999999985	0	0
10.8490000000002	7.65200000000004	9.52700000000004	0	0
11.6619999999998	7.21199999999999	9.81800000000021	0	0
10.0950000000003	4.80299999999988	8.78200000000015	0	0
8.77599999999984	3.41000000000031	8.45499999999993	0	0
11.8670000000002	7.82700000000023	9.20000000000027	0	0
12.4659999999999	9.61099999999988	9.346	0	0
10.0699999999997	5.91999999999962	10.0599999999999	0	0
9.81099999999969	6.45900000000029	10.654	0	0
10.3900000000003	7.77199999999993	8.76899999999978	0	0
14.451	12.8309999999997	10.4279999999999	0	0
9.20600000000013	6.11200000000008	8.27700000000004	0	0
8.10599999999977	3.56899999999996	9.43399999999974	0	0
9.08299999999963	3.58099999999968	9.99600000000009	0	0
8.34900000000016	2.17600000000039	8.029	0	0
9.60999999999967	3.40499999999975	8.81600000000026	0	0
11.6189999999997	7.30999999999995	9.06899999999996	0	0
10.8339999999998	8.27100000000019	10.3609999999999	0	0
9.07800000000043	3.68600000000015	9.93000000000029	0	0
10.3059999999996	7.02399999999989	8.73100000000022	0	0
9.61999999999989	5.92599999999993	9.35100000000011	0	0
9.05000000000018	5.08200000000033	8.54199999999992	0	0
8.89500000000044	2.63699999999972	8.87300000000005	0	0
11.9619999999995	8.69399999999996	8.98500000000013	0	0
9.00399999999991	2.97800000000007	8.28700000000026	0	0
12.1440000000002	9.58300000000008	10.6860000000001	0	0
9.13200000000052	5.09099999999989	8.37300000000005	0	0
9.46299999999974	4.11300000000028	8.71399999999994	0	0
8.40200000000004	2.82899999999972	9.22299999999996	0	0
10.4370000000008	3.47399999999971	10.2339999999999	0	0
16.4719999999998	14.9410000000003	11.7510000000002	0	0
8.64900000000034	4.08799999999974	8.47499999999991	0	0
20.1690000000008	22.375	10.7869999999998	0	0
9.31800000000021	3.90099999999984	8.9409999999998	0	0
8.59199999999964	3.09299999999985	8.8760000000002	0	0
15.7659999999996	7.72399999999971	15.4010000000007	0	0
13.1819999999998	10.4589999999998	11.4670000000006	0	0
10.0019999999995	4.89799999999968	9.88600000000042	0	0
13.5429999999997	9.71599999999989	10.7480000000005	0	0
9.02800000000025	4.95499999999993	8.59299999999985	0	0
8.91799999999967	3.18199999999979	8.3119999999999	0	0
9.10900000000038	3.88400000000001	9.26099999999951	0	0
10.866	7.29999999999973	8.18100000000049	0	0
9.28200000000015	4.94000000000005	9.27099999999973	0	0
10.0379999999996	3.79799999999977	8.16400000000067	0	0
11.0900000000001	6.53600000000006	10.7839999999997	0	0
11.2629999999999	6.47800000000007	9.46700000000055	0	0
21.3060000000005	23.0549999999998	12.7199999999993	0	0
14.1030000000001	14.386	12.9490000000005	0	0
12.5750000000007	12.7040000000002	9.84500000000025	0	0
8.47700000000077	2.21100000000024	9.35300000000007	0	0
8.83799999999974	5.76499999999987	8.69399999999951	0	0
12.1449999999995	10.7560000000003	10.509	0	0
9.72699999999986	4.62100000000009	9.21799999999985	0	0
8.94300000000021	4.75300000000016	8.32999999999993	0	0
8.22999999999956	2.32500000000027	9.42199999999957	0	0
9.82799999999952	4.88599999999997	9.33299999999963	0	0
12.2179999999998	7.60500000000002	9.75500000000011	0	0
8.86200000000008	2.94700000000012	8.26599999999962	0	0
13.2430000000004	12.2660000000001	10.7359999999999	0	0
8.96500000000015	3.34000000000015	8.99399999999969	0	0
10.0630000000001	5.11200000000008	8.80499999999938	0	0
11.3059999999996	8.08500000000004	8.28999999999996	0	0
8.35499999999956	3.36500000000024	8.71000000000004	0	0
19.0009999999993	21.73	11.875	0	0
11.0789999999997	6.90999999999985	9.36399999999958	0	0
10.5539999999992	5.71500000000015	9.05799999999999	0	0
7.82700000000023	3.279	8.1889999999994	0	0
8.10500000000047	3.97899999999981	9.69499999999971	0	0
8.34400000000005	3.66600000000017	9.88600000000042	0	0
8.74000000000069	6.1550000000002	7.8130000000001	0	0
9.5600000000004	4.17200000000003	8.92399999999998	0	0
10.5810000000001	8.48100000000022	8.13699999999972	0	0
11.0439999999999	6.17500000000018	9.29299999999967	0	0
10.5650000000005	5.58300000000008	10.6170000000002	0	0
8.79799999999977	3.32900000000018	10.3400000000001	0	0
11.8050000000003	8.06800000000021	11.1530000000002	0	0
11.1509999999998	8.09699999999975	11.8429999999998	0	0
12.5839999999998	9.56100000000015	11.0309999999999	0	0
14.3099999999995	17.2960000000003	10.6929999999993	0	0
10.4110000000001	5.91100000000006	11.1530000000002	0	0
9.89199999999983	3.72800000000007	10.3590000000004	0	0
9.63600000000042	7.2189999999996	8.76299999999992	0	0
11.402	8.69200000000001	9.63000000000011	0	0
9.54500000000007	5.4340000000002	8.33600000000024	0	0
12.7150000000001	9.28900000000021	10.3619999999992	0	0
9.25399999999991	4.68099999999959	8.96199999999953	0	0
9.33300000000054	4.90999999999985	10.3460000000005	0	0
9.52999999999975	5.5010000000002	8.8119999999999	0	0
10.152	6.38599999999997	9.21500000000015	0	0
8.78900000000067	4.61400000000003	8.16800000000057	0	0
21.6949999999997	29.0030000000002	12.143	0	0
12.9189999999999	8.7180000000003	9.14999999999964	0	0
9.43299999999999	5.22399999999971	7.86300000000028	0	0
9.82099999999991	3.75599999999986	9.46100000000024	0	0
10.5650000000005	5.56899999999996	8.10900000000038	0	0
9.27000000000044	2.55199999999968	9.51699999999983	0	0
10.1319999999996	4.70200000000023	9.42599999999948	0	0
12.2020000000002	8.97899999999981	9.41099999999915	0	0
14.8969999999999	13.2220000000002	10.3670000000002	0	0
8.51599999999962	2.31099999999969	9.21200000000044	0	0
10.6009999999997	6.30999999999949	8.44499999999971	0	0
22.3369999999995	26.6140000000005	11.3020000000006	0	0
9.98100000000068	4.99099999999999	8.72400000000016	0	0
10.3389999999999	5.33100000000013	8.85199999999986	0	0
11.0529999999999	4.76199999999972	9.98700000000008	0	0
10.7740000000003	6.39699999999993	9.48700000000008	0	0
12.0940000000001	6.54399999999987	10.741	0	0
9.77099999999973	6.45799999999963	8.8739999999998	0	0
10.9359999999997	6.9970000000003	10.0590000000002	0	0
11.4210000000003	6.86200000000008	9.37700000000041	0	0
8.4970000000003	3.98999999999978	8.58100000000013	0	0
9.25200000000041	3.98099999999977	7.60999999999967	0	0
8.52800000000025	2.66499999999996	8.84799999999996	0	0
12.5469999999996	7.98999999999978	9.52399999999943	0	0
8.27400000000034	2.27599999999984	8.14400000000023	0	0
37.1350000000002	47.308	15.1329999999998	0	0
11.2110000000002	7.63500000000022	11.0259999999998	0	0
8.55799999999999	3.0570000000007	8.70300000000043	0	0
9.13500000000022	4.71600000000035	8.19000000000051	0	0
14.2510000000002	13.2760000000007	10.0239999999994	0	0
12.3109999999997	7.95399999999972	11.0389999999998	0	0
9.66399999999976	3.6889999999994	10.6219999999994	0	0
10.21	5.08500000000004	9.23700000000008	0	0
9.23099999999977	5.77999999999975	9.11700000000019	0	0
12.3630000000003	7.83099999999922	10.335	0	0
12.4669999999996	12.3729999999996	11.116	0	0
11.4100000000008	7.30599999999959	8.98700000000008	0	0
11.1270000000004	6.92200000000048	9.53800000000047	0	0
11.0249999999996	5.03399999999965	9.85199999999986	0	0
12.9260000000004	12.3940000000002	10.5190000000002	0	0
9.2510000000002	5.2489999999998	9.90000000000055	0	0
9.8100000000004	4.07299999999941	10.2029999999995	0	0
10.4840000000004	5.92799999999988	8.78099999999995	0	0
8.32700000000023	3.56099999999969	10.6890000000003	0	0
7.97999999999956	4.23400000000038	9.57099999999991	0	0
9.10199999999986	3.32800000000043	9.28700000000026	0	0
11.8020000000006	9.44300000000021	10.4589999999998	0	0
10.4610000000002	7.77000000000044	9.14100000000053	0	0
9.91899999999987	5.3730000000005	10.2290000000003	0	0
12.5510000000004	10.0630000000001	9.52900000000045	0	0
10.3950000000004	5.32399999999961	9.32800000000043	0	0
8.73099999999977	5.13800000000083	7.66299999999956	0	0
8.78700000000026	2.8769999999995	8.14500000000044	0	0
10.0339999999997	6.64400000000023	9.28999999999996	0	0
10.8440000000001	6.00600000000031	9.05799999999999	0	0
17.1779999999999	17.4490000000005	10.9089999999997	0	0
18.2780000000002	20.1570000000002	10.7569999999996	0	0
18.4750000000004	17.5200000000004	11.0050000000001	0	0
8.11599999999999	3.78699999999935	8.95499999999993	0	0
9.79799999999977	4.10799999999927	8.61399999999958	0	0
8.70399999999972	4.02999999999975	8.88200000000052	0	0
12.0999999999995	10.7719999999999	10.3339999999998	0	0
7.38199999999961	2.58600000000024	8.375	0	0
9.26100000000042	4.75200000000041	8.90099999999984	0	0
11.5800000000008	7.57300000000032	9.73300000000017	0	0
11.2219999999998	8.85699999999997	9.17200000000048	0	0
9.78799999999956	7.68099999999959	8.49399999999969	0	0
12.8310000000001	8.91300000000047	11.9839999999995	0	0
9.15100000000075	3.0600000000004	8.38000000000011	0	0
11.3950000000004	8.8700000000008	9.16899999999987	0	0
8.17799999999988	3.77300000000014	9.64000000000033	0	0
9.90300000000025	5.78700000000026	9.92699999999968	0	0
8.97099999999955	4.05600000000049	8.94400000000041	0	0
8.29300000000057	3.41299999999956	10.3469999999998	0	0
9.39900000000034	3.76899999999932	10.0389999999998	0	0
9.60999999999967	4.44300000000021	10.3909999999996	0	0
10.4059999999999	5.24200000000019	9.2510000000002	0	0
10.0650000000005	5.32200000000012	9.89599999999973	0	0
10.9139999999998	7.88900000000012	9.76800000000003	0	0
9.9340000000002	6.36200000000008	9.95100000000002	0	0
10.6859999999997	7.2529999999997	9.27999999999975	0	0
10.3299999999999	4.74600000000009	9.38000000000011	0	0
13.8810000000003	12.3869999999997	10.9209999999994	0	0
11.2109999999993	6.77800000000025	9.23400000000038	0	0
9.35199999999986	4.1850000000004	8.13699999999972	0	0
18.3429999999998	12.9679999999998	15.8280000000004	0	0
9.47199999999975	4.68799999999919	10.0109999999995	0	0
15.8810000000003	15.223	10.8229999999994	0	0
9.38699999999972	4.88799999999992	8.95900000000074	0	0
11.4350000000004	9.68700000000081	10.7579999999998	0	0
15.9560000000001	8.43299999999999	14.4709999999995	0	0
14.1379999999999	11.2420000000002	9.83899999999994	0	0
10.7239999999993	6.61899999999969	8.85400000000027	0	0
9.86300000000028	4.79500000000007	8.8769999999995	0	0
9.69200000000001	5.31899999999951	9.14600000000064	0	0
8.36700000000019	3.12199999999939	7.97999999999956	0	0
9.01599999999962	6.94900000000052	9.15499999999975	0	0
10.3540000000003	6.73899999999958	10.1080000000002	0	0
8.41899999999987	2.25200000000041	8.85699999999997	0	0
15.875	13.7930000000006	10.7259999999997	0	0
9.53300000000036	5.65200000000004	9.27099999999973	0	0
8.6840000000002	2.3139999999994	8.75099999999929	0	0
10.0370000000003	5.94600000000082	9.28099999999995	0	0
9.53500000000076	5.84599999999955	9.29599999999937	0	0
9.27099999999973	5.63200000000052	10.2600000000002	0	0
8.47499999999945	2.61100000000079	9.94699999999921	0	0
8.58100000000013	2.21199999999953	10.107	0	0
9.42200000000048	5.44400000000041	9.36999999999989	0	0
9.2470000000003	4.50200000000041	9.29500000000007	0	0
9.78899999999976	4.07400000000052	9.16399999999976	0	0
12.0450000000001	10.1869999999999	9.9340000000002	0	0
14.072000000001	10.357	11.0620000000008	0	0
8.71600000000035	2.58399999999983	8.27700000000004	0	0
10.9560000000001	7.33200000000033	10.2629999999999	0	0
15.0509999999995	14.4849999999997	12.5460000000003	0	0
8.93199999999888	3.06500000000051	8.29399999999987	0	0
9.14700000000084	4.71299999999974	7.98700000000008	0	0
14.4400000000005	15.0799999999999	11.9189999999999	0	0
13.2890000000007	11.1929999999993	10.4390000000003	0	0
15.6360000000004	16.2129999999997	9.97899999999936	0	0
8.96799999999894	3.48000000000047	8.9980000000005	0	0
8.43999999999869	2.38500000000022	8.32899999999972	0	0
10.9200000000001	5.28800000000047	9.6909999999998	0	0
14.0640000000003	13.5	9.74099999999999	0	0
13.0440000000017	10.6319999999996	10.6729999999998	0	0
18.2070000000003	14.0290000000005	15.1549999999997	0	0
10.7929999999997	7.3730000000005	10.6580000000004	0	0
9.5679999999993	5.58100000000013	8.3119999999999	0	0
9.84700000000157	4.74300000000039	9.3720000000003	0	0
8.60699999999997	3.19399999999951	8.95100000000002	0	0
10.8970000000008	4.95200000000023	10.5479999999998	0	0
7.57599999999911	2.60800000000017	8.85400000000027	0	0
10.6200000000008	4.30799999999999	10.0319999999992	0	0
10.4060000000009	5.20799999999963	9.12899999999991	0	0
9.64799999999923	4.26900000000023	9.17900000000009	0	0
11.5439999999999	8.53899999999976	11.1529999999993	0	0
8.88799999999901	2.59000000000015	9.04500000000007	0	0
10.2240000000002	5.82299999999941	9.90400000000045	0	0
10.4169999999995	5.16600000000017	9.96000000000004	0	0
8.52700000000004	3.0679999999993	8.6889999999994	0	0
19.4610000000011	22.8460000000005	11.9549999999999	0	0
9.17699999999968	3.83799999999974	10.3070000000007	0	0
14.4799999999996	14.8500000000004	9.21900000000005	0	0
12.009	8.54500000000007	9.9989999999998	0	0
12.8420000000006	9.48799999999937	9.07400000000052	0	0
15.6620000000003	12.8049999999994	11.3339999999998	0	0
11.3809999999994	8.76400000000012	9.86200000000008	0	0
9.45299999999952	5.02300000000014	9.83399999999983	0	0
11.3170000000009	8.28800000000047	9.34000000000015	0	0
10.9259999999995	7.41799999999967	9.85099999999966	0	0
10.3529999999992	5.40100000000075	9.32800000000043	0	0
11.2270000000008	8.05799999999999	9.82999999999993	0	0
12.0169999999998	9.51299999999992	10.2139999999999	0	0
20.7579999999998	26.2399999999998	13.799	0	0
9.01199999999881	4.01699999999983	9.30799999999999	0	0
12.9580000000005	12.5190000000002	11.3990000000003	0	0
9.47499999999854	5.61500000000069	8.29500000000007	0	0
11.0130000000008	7.89599999999973	10.7960000000003	0	0
10.0499999999993	4.21599999999944	9.13799999999992	0	0
16.0810000000001	15.2730000000001	11.1909999999998	0	0
9.22099999999955	3.98099999999977	8.54700000000048	0	0
10.1230000000014	2.63200000000052	9.86200000000008	0	0
14.4459999999999	12.0060000000003	9.44499999999971	0	0
9.98599999999897	3.83500000000004	9.5679999999993	0	0
9.53200000000106	4.50600000000031	9.3769999999995	0	0
8.5049999999992	2.39099999999962	7.58800000000065	0	0
13.2980000000007	11.0940000000001	10.1319999999996	0	0
11.8760000000002	9.83399999999983	9.85800000000017	0	0
13.1200000000008	14.0200000000004	10.2070000000003	0	0
11.0820000000003	6.43599999999969	9.51400000000103	0	0
10.1239999999998	4.84799999999996	8.22600000000057	0	0
12.2909999999993	9.9369999999999	9.85999999999876	0	0
8.84299999999894	2.56999999999971	7.84299999999894	0	0
9.21199999999953	3.75	9.51499999999942	0	0
9.7510000000002	7.32899999999972	8.73599999999897	0	0
15.3880000000008	14.4930000000004	10.4939999999988	0	0
9.28199999999924	2.03000000000065	9.89699999999903	0	0
15.1779999999999	13.4719999999998	10.7690000000002	0	0
11.2739999999994	9.70100000000002	9.79000000000087	0	0
9.35099999999875	5.41300000000047	9.24799999999959	0	0
8.85800000000017	4.51400000000012	9.97500000000036	0	0
10.8670000000002	6.22500000000036	9.83699999999953	0	0
9.16500000000087	4.59699999999975	8.53000000000065	0	0
9.35900000000038	5.11999999999989	9.80999999999949	0	0
9.74200000000019	4.53200000000015	8.24499999999898	0	0
10.4420000000009	4.50900000000001	8.69599999999991	0	0
17.9030000000002	18.8819999999996	10.732	0	0
9.99300000000039	4.34299999999985	8.43199999999888	0	0
11.9069999999992	9.38599999999951	9.5109999999986	0	0
8.49799999999959	2.6309999999994	8.35699999999997	0	0
11.2630000000008	6.17000000000007	9.45000000000073	0	0
16.6540000000005	15.4980000000005	11.505000000001	0	0
12.6700000000001	13.3209999999999	11.4989999999998	0	0
10.9899999999998	6.10599999999977	9.47700000000077	0	0
10.2129999999997	7.04100000000017	9.39300000000003	0	0
9.04999999999927	3.96000000000004	9.78700000000026	0	0
8.64199999999983	3.64699999999993	10.3580000000002	0	0
8.71399999999994	3.75300000000061	9.26599999999962	0	0
9.99599999999919	5.42500000000018	9.8799999999992	0	0
10.0439999999999	5.2440000000006	10.4110000000001	0	0
9.2440000000006	3.5049999999992	7.90899999999965	0	0
9.2440000000006	3.53199999999924	10.3400000000001	0	0
12.0619999999999	7.34600000000046	9.90500000000065	0	0
11.2170000000006	9.15999999999985	10.3140000000003	0	0
8.0520000000015	3.50200000000041	8.78399999999965	0	0
9.44900000000052	4.15200000000004	10.2210000000014	0	0
10.1729999999989	8.29299999999967	8.9320000000007	0	0
8.44200000000092	2.14500000000044	8.89600000000064	0	0
10.898000000001	6.18299999999999	9.48899999999958	0	0
12.6730000000007	5.95800000000054	11.9519999999993	0	0
10.5990000000002	6.82300000000032	9.59000000000015	0	0
9.65299999999843	3.18299999999999	10.1059999999998	0	0
8.8179999999993	2.32000000000062	8.90200000000004	0	0
12.1629999999986	9.54500000000007	9.51000000000022	0	0
10.857	8.84999999999945	10.2010000000009	0	0
10.9580000000005	7.97700000000077	9.90099999999984	0	0
8.09299999999894	3.03800000000047	8.48700000000099	0	0
8.97200000000157	2.48300000000017	8.63899999999921	0	0
7.77800000000025	3.51199999999972	8.31099999999969	0	0
9.71099999999933	5.4429999999993	9.21900000000096	0	0
13.7170000000006	12.4050000000007	9.3700000000008	0	0
16.0580000000009	14.393	9.65699999999924	0	0
12.4319999999989	11.9189999999999	9.4989999999998	0	0
15.353000000001	14.7339999999995	13.2379999999994	0	0
10.3299999999999	9.52900000000045	9.35000000000036	0	0
11.6920000000009	10.4699999999993	10.6710000000003	0	0
9.60299999999916	5.96900000000005	8.79799999999886	0	0
12.8130000000001	9.46099999999933	9.57200000000012	0	0
11.268	6.63599999999951	9.01199999999881	0	0
12.0259999999998	6.40099999999984	10.0879999999997	0	0
11.6010000000006	8.10999999999967	10.3340000000007	0	0
9.54000000000087	3.30100000000039	10.7240000000002	0	0
9.08700000000135	3.71399999999994	8.21399999999994	0	0
11.0400000000009	5.63699999999972	10.380000000001	0	0
8.51699999999983	2.28400000000056	9.30199999999968	0	0
10.5939999999991	6.47299999999996	9.72199999999975	0	0
8.52900000000045	2.97699999999986	10.4629999999997	0	0
10.0259999999998	4.04399999999987	11.0229999999992	0	0
9.9369999999999	6.64400000000023	10.1180000000004	0	0
11.7610000000004	8.70799999999963	10.3500000000004	0	0
12.107	9.39300000000003	8.79400000000169	0	0
12.012999999999	8.71599999999944	9.59599999999955	0	0
12.2960000000003	9.45700000000033	9.45300000000134	0	0
10.5619999999999	6.83899999999994	10.375	0	0
12.3040000000001	8.45700000000033	10.1669999999995	0	0
11.6170000000002	7.26600000000053	9.64799999999923	0	0
11.6730000000007	8.49299999999948	9.46500000000015	0	0
12.7030000000013	7.8119999999999	10.4380000000001	0	0
12.2469999999994	10.6360000000004	11.1919999999991	0	0
12.898000000001	9.6820000000007	9.86099999999897	0	0
11.8420000000006	9.27799999999934	9.64400000000023	0	0
9.97899999999936	6.14599999999973	9.95499999999993	0	0
9.87099999999919	4.6869999999999	9.95100000000093	0	0
9.89999999999964	4.14800000000014	9.05500000000029	0	0
9.47899999999936	4.18199999999979	9.69300000000112	0	0
10.8340000000007	7.31400000000031	9.84000000000015	0	0
11.6490000000013	7.64000000000033	10.875	0	0
12.6370000000006	7.65300000000025	10.4229999999989	0	0
15.7450000000008	16.277	10.7259999999987	0	0
16.1819999999989	13.6099999999997	9.51899999999841	0	0
9.08600000000115	4.74799999999959	8.57899999999972	0	0
8.86800000000039	3.1899999999996	9.375	0	0
9.0580000000009	3.90099999999984	10.1280000000006	0	0
14.5280000000002	15.7730000000001	10.7100000000009	0	0
8.64500000000044	3.30899999999929	9.81099999999969	0	0
9.04399999999987	4.29199999999946	10.8729999999996	0	0
17.6589999999997	13.5810000000001	15.5740000000005	0	0
9.97399999999834	3.91100000000006	9.05299999999988	0	0
11.5769999999993	7.20300000000043	9.17499999999927	0	0
9.78099999999904	2.46299999999974	10.8019999999997	0	0
7.84200000000055	2.54700000000048	8.85800000000017	0	0
10.3880000000008	5.21600000000035	9.61299999999937	0	0
9.20399999999972	6.47500000000036	8.26699999999983	0	0
9.46500000000015	4.26099999999951	8.14199999999983	0	0
9.86499999999978	7.90200000000004	9.09900000000016	0	0
9.61399999999958	4.15100000000075	9.89199999999983	0	0
8.45899999999892	3.98300000000017	8.5	0	0
8.75900000000001	2.56800000000021	9.02300000000105	0	0
11.0400000000009	7.76600000000053	8.38999999999942	0	0
9.76100000000042	4.97900000000027	11.6630000000005	0	0
10.2090000000007	6.08600000000024	8.40500000000065	0	0
12.2060000000001	8.90599999999995	9.28900000000067	0	0
7.94500000000153	4.54899999999998	8.00900000000001	0	0
10.5760000000009	7.13799999999992	9.09200000000055	0	0
11.1330000000016	6.96099999999933	9.1880000000001	0	0
17.3520000000008	17.4650000000001	10.5240000000013	0	0
12.3359999999993	10.6239999999998	10.4110000000001	0	0
13.6969999999983	11.2979999999998	10.5990000000002	0	0
7.90800000000127	2.43199999999979	9.39500000000044	0	0
9.77399999999943	3.57200000000012	10.8379999999997	0	0
10.1200000000008	5.58500000000004	8.23799999999937	0	0
12.223	8.51699999999983	10.4920000000002	0	0
19.0209999999988	19.6310000000003	10.2520000000004	0	0
11.2289999999994	6.46699999999964	10.2600000000002	0	0
14.0950000000012	14.9180000000006	9.92799999999988	0	0
11.9930000000004	6.61299999999937	10.5010000000002	0	0
8.97299999999996	4.57700000000023	9.28400000000147	0	0
10.5390000000007	5.34400000000005	9.91300000000047	0	0
12.103000000001	9.86800000000039	9.22099999999955	0	0
11.8070000000007	6.75399999999991	10.0470000000005	0	0
11.8420000000006	7.21000000000004	9.82899999999972	0	0
22.1090000000004	23.3430000000008	11.2180000000008	0	0
10.6149999999998	5.38600000000042	10.4249999999993	0	0
11.7910000000011	6.48199999999997	9.10099999999875	0	0
11.3539999999994	6.54500000000007	9.47500000000036	0	0
12.0030000000006	7.27900000000045	9.49699999999939	0	0
8.58700000000135	2.98300000000017	8.38600000000042	0	0
9.9270000000015	5.46099999999933	8.81899999999951	0	0
9.72400000000016	5.64400000000023	9.30500000000029	0	0
9.30400000000009	4.21599999999853	9.29700000000048	0	0
8.82999999999993	4.78100000000086	8.35199999999895	0	0
12.648000000001	11.7970000000005	10.1190000000006	0	0
11.1869999999999	7.01300000000083	8.40399999999863	0	0
10.8500000000004	6.95499999999993	8.78199999999924	0	0
10.5460000000003	5.3809999999994	8.22400000000016	0	0
9.80899999999929	4.51900000000023	10.4850000000006	0	0
9.22400000000016	4.3239999999987	10.5720000000001	0	0
9.80500000000029	4.64500000000044	9.14499999999862	0	0
11.2909999999993	7.14799999999923	9.27399999999943	0	0
11.0159999999996	8.5669999999991	9.79800000000068	0	0
9.28200000000106	3.00300000000061	9.55299999999988	0	0
11.4860000000008	8.81700000000092	10.0510000000013	0	0
11.0110000000004	9.85000000000036	8.8070000000007	0	0
10.8050000000003	5.3739999999998	10.1660000000011	0	0
9.8690000000006	6.5049999999992	9.82999999999993	0	0
11.0730000000003	5.67000000000007	12.4110000000001	0	0
9.66300000000047	4.0729999999985	9.61999999999898	0	0
11.7099999999991	8.17300000000068	9.98099999999977	0	0
10.753999999999	5.14899999999943	8.6869999999999	0	0
12.2279999999992	7.94099999999889	9.97400000000016	0	0
16.735999999999	16.4520000000011	10.1800000000003	0	0
10.5889999999999	7.94900000000052	9.19100000000071	0	0
11.1489999999994	7.0510000000013	9.65999999999985	0	0
10.009	4.31999999999971	9.70399999999972	0	0
9.7549999999992	5.73499999999876	9.24200000000019	0	0
11.2250000000004	7.91599999999926	9.23499999999876	0	0
9.15900000000147	4.62700000000041	9.21700000000055	0	0
12.4070000000011	6.4380000000001	10.9099999999999	0	0
10.4629999999997	8.57699999999932	8.72699999999895	0	0
12.4210000000003	8.52599999999984	10.487000000001	0	0
10.3189999999995	6.6979999999985	8.67399999999907	0	0
11.7999999999993	6.87900000000081	8.44100000000071	0	0
9.88200000000143	5.17900000000009	7.79399999999987	0	0
12.5810000000001	10.5369999999984	9.28000000000065	0	0
9.07999999999993	4.91899999999987	8.28600000000006	0	0
11.6440000000002	8.96800000000076	9.76499999999942	0	0
8.54299999999967	5.47599999999875	7.49699999999939	0	0
11.6180000000004	9.91700000000128	9.59300000000076	0	0
10.1770000000015	7.72600000000057	9.39099999999962	0	0
10.6059999999998	7.82799999999952	10.7379999999994	0	0
10.134	6.20999999999913	10.728000000001	0	0
12.630000000001	8.73999999999978	10.0220000000008	0	0
14.6550000000007	13.5749999999989	10.6930000000011	0	0
10.1570000000011	6.6880000000001	9.54600000000028	0	0
9.56400000000031	5.14899999999943	8.44300000000112	0	0
11.0489999999991	6.52900000000045	9.22099999999955	0	0
9.96700000000055	4.6869999999999	9.246000000001	0	0
10.264000000001	7.27100000000064	9.11100000000079	0	0
13.753999999999	12.6979999999985	11.0990000000002	0	0
19.7969999999987	19.4379999999983	13.1500000000015	0	0
10.1759999999995	6.17900000000009	9.4330000000009	0	0
15.7309999999998	8.55000000000109	14.4979999999996	0	0
11.75	6.98300000000017	8.99199999999837	0	0
12.7939999999999	9.67000000000007	11.1669999999995	0	0
8.44900000000052	5.28899999999885	8.27499999999964	0	0
11.7150000000001	9.76300000000083	9.28700000000026	0	0
9.83300000000054	7.38199999999961	8.57400000000052	0	0
12.5349999999999	10.4099999999999	11.8369999999995	0	0
9.56100000000151	3.50699999999961	11.2510000000002	0	0
9.29100000000108	5.14499999999862	9.31900000000132	0	0
9.39099999999962	4.86099999999897	9.38300000000163	0	0
8.42099999999846	4.27800000000025	9.71599999999853	0	0
9.61699999999837	5.84699999999975	9.74499999999898	0	0
12.0509999999995	8.67799999999988	11.0969999999998	0	0
10.3430000000008	6.6820000000007	8.68900000000031	0	0
8.92900000000009	3.03900000000067	8.48000000000138	0	0
9.8010000000013	5.121000000001	9.02799999999843	0	0
10.7049999999999	5.4369999999999	10.0889999999999	0	0
9.43900000000031	5.35800000000017	8.82799999999952	0	0
11.4120000000003	6.88799999999901	10.9679999999989	0	0
15.8279999999995	15.4659999999985	10.1649999999991	0	0
15.4390000000003	16.8880000000008	10.2390000000014	0	0
12.6530000000002	11.9320000000007	8.58499999999913	0	0
9.52899999999863	6.03800000000047	9.6299999999992	0	0
10.9679999999989	7.69800000000032	9.17300000000068	0	0
9.04099999999926	5.44700000000012	9.35199999999895	0	0
9.81700000000092	7.45900000000074	9.26000000000022	0	0
14.1440000000002	13.610999999999	10.5720000000001	0	0
10.3140000000003	6.8739999999998	8.32799999999952	0	0
11.1730000000007	6.92399999999907	10.25	0	0
8.01599999999962	3.06099999999969	8.79700000000048	0	0
12.4409999999989	8.82999999999993	9.96500000000015	0	0
9.69499999999971	6.20999999999913	9.91599999999926	0	0
9.66399999999885	4.55499999999847	9.36599999999999	0	0
11.9760000000006	8.2510000000002	9.30099999999948	0	0
10.7960000000003	8.04200000000128	9.41799999999967	0	0
12.4509999999991	11.4329999999991	9.5619999999999	0	0
9.42699999999968	4.03000000000065	10.6209999999992	0	0
8.29199999999946	3.71500000000015	9.02199999999903	0	0
11.1169999999984	6.74599999999919	9.93499999999949	0	0
14.8970000000008	12.8709999999992	10.3350000000009	0	0
12.1670000000013	10.5300000000007	12.0769999999993	0	0
8.95099999999911	3.39799999999923	9.09100000000035	0	0
9.95499999999993	5.45299999999952	9.24399999999878	0	0
9.75600000000122	5.08200000000033	9.36499999999978	0	0
13.2259999999987	13.6039999999994	12.8169999999991	0	0
14.107	10.9189999999999	11.125	0	0
10.4070000000011	6.62800000000061	9.10699999999997	0	0
9.73999999999978	4.01100000000042	9.37200000000121	0	0
16.5699999999997	10.5409999999993	15.384	0	0
8.62700000000041	3.10400000000118	8.8739999999998	0	0
9.51100000000042	4.6239999999998	10.1809999999987	0	0
8.3739999999998	2.30199999999968	8.87800000000061	0	0
10.4799999999996	6.10499999999956	8.99399999999878	0	0
11.5589999999993	9.45300000000134	8.16899999999987	0	0
8.92299999999886	4.06099999999969	9.7450000000008	0	0
9.71600000000035	7.34900000000016	8.78299999999945	0	0
9.45699999999852	4.50900000000001	8.79500000000007	0	0
7.58600000000115	2.43000000000029	7.92299999999886	0	0
10.4500000000007	7.03299999999945	10.1620000000003	0	0
18.9650000000001	13.5770000000011	14.6700000000001	0	0
8.60399999999936	4.08699999999953	8.22800000000097	0	0
13.7780000000002	12.4309999999987	11.9950000000008	0	0
9.57999999999993	5.20700000000033	9.21099999999933	0	0
10.4429999999993	5.3119999999999	10.8129999999983	0	0
9.57099999999991	5.16799999999967	9.44400000000132	0	0
8.37199999999939	2.36800000000039	8.97799999999916	0	0
8.20499999999993	4.75300000000061	7.51300000000083	0	0
10.4850000000006	6.35300000000097	10.1829999999991	0	0
8.30400000000009	3.10199999999895	9.02399999999943	0	0
9.23899999999958	2.17399999999907	9.72899999999936	0	0
13.2700000000004	10.8429999999989	10.009	0	0
14.3629999999994	13.5429999999997	12.3420000000006	0	0
11.3070000000007	7.13200000000143	10.2489999999998	0	0
12.3869999999988	8.14099999999962	12.0300000000007	0	0
8.79999999999927	2.9320000000007	8.83799999999974	0	0
8.57699999999932	3.88600000000042	9.40899999999965	0	0
8.69100000000071	3.45599999999831	8.44200000000092	0	0
11.6260000000002	5.65799999999945	10.7969999999987	0	0
8.35300000000097	3.44800000000032	8.90099999999984	0	0
11.4349999999995	6.32899999999972	10.2380000000012	0	0
11.8070000000007	12.5450000000001	10.3770000000004	0	0
10.3180000000011	7.10399999999936	9.26000000000022	0	0
17.3279999999995	16.8029999999999	10.7129999999997	0	0
11.5689999999995	8.98199999999997	10.3639999999996	0	0
9.51599999999962	5.72999999999956	8.87699999999859	0	0
10.2029999999995	7.02000000000044	10.5759999999991	0	0
8.6140000000014	3.98799999999937	8.60900000000038	0	0
11.8500000000004	9.79999999999927	9.49499999999898	0	0
10.2899999999991	5.55500000000029	7.73199999999997	0	0
18.116	9.86499999999978	16.8209999999999	0	0
9.73700000000099	4.41399999999885	9.54199999999946	0	0
11.6460000000006	12.2649999999994	10.6880000000001	0	0
10.9340000000011	7.76400000000103	10.4899999999998	0	0
9.81400000000031	4.72099999999955	9.40300000000025	0	0
10.2430000000004	2.253999999999	12.1949999999997	0	0
9.75900000000001	4.73799999999937	9.44900000000052	0	0
10.1450000000004	3.79699999999866	10.2669999999998	0	0
8.27799999999843	3.26200000000063	7.98099999999977	0	0
10.5110000000004	5.0630000000001	10.2139999999999	0	0
8.71699999999873	2.36000000000058	8.99200000000019	0	0
12.5100000000002	10.5010000000002	12.0579999999991	0	0
9.30000000000109	4.21799999999894	8.66699999999946	0	0
11.380000000001	8.64600000000064	11.232	0	0
8.10399999999936	4.00199999999859	8.31500000000051	0	0
8.88400000000001	4.54399999999987	9.52099999999882	0	0
9.61799999999857	5.20900000000074	9.04199999999946	0	0
10.8040000000001	7.73600000000079	7.99300000000039	0	0
11.393	6.18900000000031	10.6719999999987	0	0
10.9170000000013	6.51299999999901	8.45399999999972	0	0
9.34699999999975	4.875	9.53099999999904	0	0
10.4400000000005	4.06999999999971	11.1040000000012	0	0
8.96599999999853	4.94099999999889	9.65599999999904	0	0
11.6800000000003	6.53499999999985	9.90099999999984	0	0
14.7689999999984	11.773000000001	10.9619999999995	0	0
9.55999999999949	2.93000000000029	10.2070000000003	0	0
9.17599999999948	3.3700000000008	8.91200000000026	0	0
9.96299999999974	5.22299999999996	8.71500000000015	0	0
12.0939999999991	6.125	12.8989999999994	0	0
11.3099999999995	6.9989999999998	10.0239999999994	0	0
12.1560000000009	9.12700000000041	10.9409999999989	0	0
12.255000000001	10.9429999999993	10.1650000000009	0	0
9.49599999999919	5.36700000000019	9.49900000000162	0	0
8.85100000000057	6.35000000000036	8.45799999999872	0	0
8.47199999999975	2.45300000000134	8.98899999999958	0	0
10.1119999999992	6.05299999999988	10.844000000001	0	0
10.5170000000016	4.45099999999911	10.8090000000011	0	0
9.64699999999903	4.61999999999898	8.77999999999884	0	0
11.5869999999995	8.3229999999985	11.2429999999986	0	0
11.4139999999989	7.80999999999949	9.98199999999997	0	0
9.23800000000119	3.91200000000026	9.85199999999895	0	0
10.3360000000011	7.27199999999903	9.03499999999985	0	0
10.3159999999989	6.6770000000015	10.9760000000006	0	0
10.6970000000001	8.54500000000007	9.71700000000055	0	0
11.0370000000003	7.00700000000143	9.50200000000041	0	0
10.4790000000012	7.09000000000015	9.16500000000087	0	0
10.228000000001	4.70899999999892	10.3079999999991	0	0
11.8550000000014	7.17299999999886	9.84799999999996	0	0
11.7530000000006	9.07099999999991	9.27200000000084	0	0
9.75400000000081	5.63600000000042	9.05600000000049	0	0
10.0370000000003	6.70800000000054	10.0549999999985	0	0
11.0960000000014	6.80400000000009	10.6880000000001	0	0
11.2270000000008	9.67000000000007	9.98199999999997	0	0
9.44900000000052	4.66300000000047	9.92299999999886	0	0
8.3809999999994	3.39900000000125	8.78199999999924	0	0
8.27999999999884	2.50400000000081	9.10000000000036	0	0
11.0380000000005	9.82899999999972	10.8779999999988	0	0
10.7609999999986	8.48899999999958	10.1810000000005	0	0
15.8780000000006	14.6100000000006	10.7579999999998	0	0
13.4060000000027	8.28199999999924	11.2650000000012	0	0
12.0509999999995	9.0059999999994	11.6489999999994	0	0
11.1180000000022	6.0010000000002	9.61800000000039	0	0
11.0360000000001	7.65300000000025	10.487000000001	0	0
11.8069999999971	9.97299999999996	10.0490000000009	0	0
10.8189999999995	6.8080000000009	10.0969999999998	0	0
13.1369999999988	11.1309999999994	10.5540000000001	0	0
11.0600000000013	9.05799999999908	8.96600000000035	0	0
9.90699999999924	5.21500000000015	8.82099999999991	0	0
10.3379999999997	5.29700000000048	9.13299999999981	0	0
11.3209999999999	6.13999999999942	8.72500000000036	0	0
13.7099999999991	9.65200000000004	11.366	0	0
8.08200000000215	3.6929999999993	9.14999999999964	0	0
8.92599999999948	3.42699999999968	9.21899999999914	0	0
9.6140000000014	3.92200000000048	10.0389999999989	0	0
13.0580000000009	10.6479999999992	11.643	0	0
10.0620000000017	7.53199999999924	7.78999999999905	0	0
8.29500000000189	3.69800000000032	8.13200000000143	0	0
8.85799999999654	4.22899999999936	8.57300000000032	0	0
12.9330000000009	9.28900000000067	9.29800000000068	0	0
10.0249999999978	6.11099999999897	9.10800000000017	0	0
8.97399999999834	2.45900000000074	8.91200000000026	0	0
10.4860000000008	9.16800000000148	9.21000000000095	0	0
11.0649999999987	5.38199999999961	9.40999999999985	0	0
14.9259999999995	14.9530000000013	11.5100000000002	0	0
15.5319999999992	13.985999999999	11.1400000000012	0	0
8.76699999999983	2.99200000000019	8.29800000000068	0	0
9.68999999999869	3.3700000000008	8.98799999999937	0	0
19.1510000000017	22.2440000000006	10.9599999999991	0	0
7.56000000000131	2.33600000000115	7.39300000000003	0	0
14.148000000001	11.8159999999989	9.89099999999962	0	0
10.9919999999984	4.73199999999997	10.0739999999987	0	0
12.6980000000003	8.52700000000004	12.4070000000011	0	0
15.5800000000017	12.7600000000002	12.2819999999992	0	0
13.4660000000003	10.6840000000011	11.3150000000005	0	0
8.48500000000058	2.36000000000058	10.7479999999996	0	0
7.79300000000148	4.22700000000077	9.00799999999981	0	0
8.81499999999869	2.37700000000041	8.77900000000045	0	0
10.4779999999992	6.18100000000049	8.35299999999916	0	0
11.4079999999994	8.93499999999949	9.99199999999837	0	0
11.6239999999998	7.98399999999856	10.7330000000002	0	0
8.91599999999744	3.86199999999917	11.3439999999991	0	0
11.5689999999995	9.47699999999895	9.13600000000042	0	0
16.0579999999973	16.3109999999997	10.5159999999996	0	0
10.0720000000001	8.57699999999932	7.71900000000096	0	0
8.92199999999866	3.24300000000039	9.15500000000065	0	0
9.32099999999991	3.9330000000009	9.02200000000084	0	0
11.4189999999981	9.35699999999997	9.77200000000084	0	0
10.3809999999976	5.67599999999948	9.50299999999879	0	0
9.96599999999671	7.86199999999917	7.63800000000083	0	0
10.0560000000005	3.56999999999971	10.4249999999993	0	0
10.7429999999986	7.63799999999901	10.6680000000015	0	0
30.8400000000001	31.5280000000002	19.1139999999996	0	0
8.15099999999802	2.64400000000023	7.88999999999942	0	0
9.57099999999991	5.07999999999993	7.90600000000086	0	0
8.5570000000007	3.25200000000041	9.35299999999916	0	0
10.8189999999995	6.59000000000015	8.27900000000045	0	0
12.0790000000015	6.98999999999978	10.6380000000008	0	0
11.9399999999987	7.33199999999852	9.42200000000048	0	0
11.0300000000025	6.74699999999939	9.68900000000031	0	0
8.92499999999927	4.66299999999865	9.16100000000006	0	0
12.4809999999998	7.1929999999993	11.384	0	0
9.14600000000064	3.90099999999984	9.14600000000064	0	0
10.005000000001	3.90900000000147	8.61700000000019	0	0
9.85900000000038	5.55500000000029	7.94900000000052	0	0
14.3029999999999	12.4400000000005	11.2690000000002	0	0
9.89400000000023	5.82699999999932	9.31999999999971	0	0
8.6929999999993	4.22500000000036	9.59499999999935	0	0
8.38999999999942	3.1880000000001	9.92200000000048	0	0
13.3729999999996	14.848	9.75099999999838	0	0
11.0519999999997	8.5059999999994	10.3869999999988	0	0
10.5139999999992	6.95600000000013	9.73500000000058	0	0
9.375	3.52199999999903	8.85300000000097	0	0
11.8140000000021	7.35599999999977	9.57799999999952	0	0
8.94599999999991	5.54900000000089	10.1750000000011	0	0
11.273000000001	6.28199999999924	8.83299999999872	0	0
10.0810000000019	7.875	8.28400000000147	0	0
11.2219999999979	8.32699999999932	9.06499999999869	0	0
9.13100000000122	2.22600000000057	9.31100000000151	0	0
9.30199999999968	5.61099999999897	9.38699999999881	0	0
8.59900000000198	2.34400000000096	8.67000000000007	0	0
9.38700000000244	4.97299999999996	9.45000000000073	0	0
9.41600000000108	4.22099999999955	9.36099999999897	0	0
10.2800000000025	5.79000000000087	8.76599999999962	0	0
9.95200000000114	4.88900000000103	10.6350000000002	0	0
10.1539999999986	6.25300000000061	8.97500000000036	0	0
8.68399999999747	2.34199999999873	9.27999999999884	0	0
9.54299999999785	4.70399999999972	10.2429999999986	0	0
12.0319999999992	8.40700000000106	11.7240000000002	0	0
9.91400000000067	5.31099999999969	10.2600000000002	0	0
10.0709999999999	3.91499999999905	8.97099999999955	0	0
11.1630000000005	5.60100000000057	9.48599999999897	0	0
8.50800000000163	2.17799999999988	8.18499999999949	0	0
14.4590000000026	12.2509999999984	9.46999999999935	0	0
8.52999999999884	4.04699999999866	10.0040000000008	0	0
10.3700000000026	6.37700000000041	8.89999999999964	0	0
11.3309999999983	6.05699999999888	11.1440000000002	0	0
8.14300000000003	2.3020000000015	8.73699999999917	0	0
9.34700000000157	4.74200000000019	9.67799999999988	0	0
8.42599999999948	4.51900000000023	9.58699999999953	0	0
8.77600000000166	5.98899999999958	8.59799999999996	0	0
11.255000000001	5.80600000000049	10.1509999999998	0	0
11.0879999999997	8.65200000000004	9.84399999999914	0	0
10.3599999999969	5.36800000000039	8.71100000000115	0	0
9.86300000000119	4.26599999999962	7.74300000000039	0	0
13.1420000000035	9.11399999999958	9.4940000000006	0	0
10.5930000000008	7.03700000000026	11.223	0	0
10.2969999999987	5.60300000000097	9.49099999999999	0	0
13.4500000000007	10.4120000000003	9.63500000000022	0	0
12.5889999999999	8.20200000000114	10.134	0	0
10.7530000000006	6.75199999999859	8.56999999999789	0	0
13.9699999999975	10.848	10.5270000000019	0	0
9.91599999999744	4.35999999999876	8.92599999999948	0	0
11.1229999999996	7.81700000000092	10.4609999999993	0	0
9.63400000000183	4.06700000000092	9.07099999999991	0	0
10.4809999999998	5.27300000000105	10.0240000000013	0	0
7.72699999999895	2.50500000000102	6.95400000000154	0	0
8.75800000000163	3.9369999999999	9.15300000000207	0	0
8.70200000000114	2.33500000000095	8.79499999999825	0	0
12.9900000000016	8.17200000000048	10.1870000000017	0	0
11.4830000000002	6.33100000000013	8.48800000000119	0	0
11.2910000000011	6.30600000000049	9.10499999999956	0	0
9.79100000000108	6.16299999999865	7.68600000000151	0	0
10.4890000000014	7.54500000000007	9.23500000000058	0	0
9.96099999999933	5.95399999999972	8.94599999999991	0	0
9.58899999999994	5.06999999999971	9.52300000000105	0	0
8.42099999999846	3.34000000000015	8.62700000000041	0	0
8.78399999999965	3.92599999999948	8.91300000000047	0	0
10.9490000000005	5.33400000000074	9.55500000000029	0	0
10.6340000000018	6.59000000000015	9.6830000000009	0	0
10.6320000000014	5.44399999999951	8.18700000000172	0	0
11.6629999999968	9.04800000000068	11.377999999997	0	0
13.1840000000011	12.9700000000012	11.0529999999999	0	0
10.5930000000008	6.8030000000017	11.7170000000006	0	0
9.05400000000009	5.88999999999942	7.85200000000259	0	0
8.36300000000119	3.19100000000071	9.68199999999706	0	0
10.4720000000016	5.73899999999958	9.48500000000058	0	0
9.51399999999921	5.50300000000061	9.71299999999974	0	0
10.8019999999997	6.38999999999942	10.6570000000029	0	0
8.90600000000268	3.62799999999879	8.90999999999985	0	0
13.6270000000004	11.6139999999996	10.7959999999985	0	0
14.9300000000003	12.7090000000007	9.73999999999796	0	0
9.88999999999942	7.78699999999844	8.61899999999878	0	0
11.1859999999979	7.55299999999988	10.0579999999973	0	0
11.4049999999988	5.45299999999952	10.7510000000002	0	0
9.55400000000009	5.13100000000122	11.1260000000002	0	0
11.8480000000018	7.1869999999999	9.38900000000285	0	0
15.2030000000013	13.4169999999995	11.1349999999984	0	0
9.01299999999901	2.70199999999932	9	0	0
9.80900000000111	3.8169999999991	9.00200000000041	0	0
9.29799999999886	3.58300000000054	10.6929999999993	0	0
16.1850000000013	13.9359999999997	10.8970000000008	0	0
20.6970000000001	15.478000000001	17.6549999999988	0	0
8.86899999999878	5.54899999999907	9.56299999999828	0	0
13.8509999999987	12.5570000000007	11.9039999999986	0	0
9.13999999999942	5.91200000000026	9.04399999999805	0	0
9.09000000000015	3.02499999999964	10.6359999999986	0	0
10.0849999999991	6.14099999999962	10.8369999999995	0	0
10.1180000000022	6.53100000000086	10.1820000000007	0	0
10.0030000000006	4.2489999999998	9.15599999999904	0	0
9.38000000000102	4.30500000000029	7.98200000000361	0	0
10.7309999999998	6.40399999999863	10.5570000000007	0	0
9.65800000000309	4.71600000000035	8.62299999999959	0	0
10.8889999999992	5.91599999999926	9.35900000000038	0	0
9.9429999999993	2.52300000000105	9.5089999999982	0	0
10.0020000000004	5.50699999999961	10.4709999999977	0	0
9.19100000000253	3.44000000000051	9.93900000000212	0	0
10.148000000001	5.04299999999967	10.4300000000003	0	0
9.50300000000061	2.97099999999955	10.5730000000003	0	0
12.023000000001	8.90300000000025	9.85200000000259	0	0
9.76599999999962	6.07600000000093	10.6690000000017	0	0
12.0730000000003	11.3140000000003	9.96299999999974	0	0
9.54200000000128	2.82099999999991	9.12900000000081	0	0
12.732	8.61899999999878	10.8919999999998	0	0
12.0730000000003	7.79899999999907	12.4209999999985	0	0
10.2710000000006	6.97899999999936	10.0760000000009	0	0
9.64300000000003	6.59099999999853	10.6899999999987	0	0
10.0619999999981	6.55600000000049	9.96500000000015	0	0
8.50700000000143	5.41599999999926	7.96700000000055	0	0
8.70100000000093	2.68499999999949	8.52400000000125	0	0
8.58799999999974	3.70099999999911	8.92299999999886	0	0
11.0119999999988	7.73099999999977	10.755000000001	0	0
9.91700000000128	6.70399999999972	9.61699999999837	0	0
9.77300000000105	4.98600000000079	8.20600000000195	0	0
8.63500000000204	3.35300000000097	8.27999999999884	0	0
11.1589999999997	8.01500000000124	9.92699999999968	0	0
8.52000000000044	3.83400000000074	8.59900000000198	0	0
8.69700000000012	3.41299999999865	10.5190000000002	0	0
9.23099999999977	3.98599999999897	9.62300000000323	0	0
12.0679999999993	8.1190000000006	8.56299999999828	0	0
12.5900000000001	9.29099999999926	10.0590000000011	0	0
9.39600000000064	3.53199999999924	8.3650000000016	0	0
10.8819999999978	7.35399999999936	9.36399999999776	0	0
10.9860000000008	7.38999999999942	8.99399999999878	0	0
9.60299999999916	4.44900000000052	9.56100000000151	0	0
11.1980000000003	8.65500000000065	10.3149999999987	0	0
10.607	6.91399999999885	8.99099999999817	0	0
12.0090000000018	7.2489999999998	10.2989999999991	0	0
9.41500000000087	3.78299999999945	9.59599999999773	0	0
12.0220000000008	7.19100000000071	9.31599999999889	0	0
10.1059999999998	5.48500000000058	9.13100000000122	0	0
8.85499999999956	2.77900000000045	8.07999999999811	0	0
8.50500000000102	3.83200000000033	7.47000000000116	0	0
8.71299999999974	3.37700000000041	9.84200000000055	0	0
8.42700000000332	4.00900000000001	8.81399999999849	0	0
10.9370000000017	8.26900000000023	9.35599999999977	0	0
14.0809999999983	13.116	9.94399999999951	0	0
9.47999999999956	6.21799999999894	8.6260000000002	0	0
8.59800000000178	5.51800000000003	7.3169999999991	0	0
10.4530000000013	5.14300000000003	8.71800000000076	0	0
