16.742	20.573	21.772	0	0
17.143	21.199	20.249	0	0
11.877	14.506	17.407	0	0
15.186	18.52	18.099	0	0
12.155	14.277	16.129	0	0
7.607	4.25999999999999	13.663	0	0
8.35499999999999	8.173	15.284	0	0
11.366	12.696	16.391	0	0
13.143	15.123	17.1679999999999	0	0
14.091	16.098	16.344	0	0
7.77999999999997	7.03300000000002	12.408	0	0
8.86200000000002	8.63299999999998	12.236	0	0
12.064	11.7790000000001	14.977	0	0
19.537	23.185	20.2979999999999	0	0
14.33	16.845	18.997	0	0
27.542	30.7	36.477	0	0
9.34399999999999	7.721	13.2430000000001	0	0
12.239	12.624	16.217	0	0
19.349	22.747	21.1790000000001	0	0
14.4350000000001	17.793	17.74	0	0
10.222	9.61000000000001	15.9640000000001	0	0
10.1510000000001	9.33900000000006	15.2470000000001	0	0
15.4110000000001	17.337	17.76	0	0
17.9259999999999	20.626	19.385	0	0
9.88499999999999	10.577	16.359	0	0
18.946	23.654	20.471	0	0
12.437	16.26	14.8170000000001	0	0
9.04099999999994	8.33699999999999	14.1419999999998	0	0
12.576	13.096	17.5709999999999	0	0
13.403	16.455	18.172	0	0
11.176	11.943	16.325	0	0
8.43399999999997	6.22699999999998	14.1489999999999	0	0
8.40000000000009	5.06999999999994	14.7540000000001	0	0
10.205	11.7520000000001	14.155	0	0
14.471	16.129	17.0230000000001	0	0
9.82800000000009	10.193	13.3330000000001	0	0
5.77800000000002	4.21199999999999	13.0939999999998	0	0
5.24400000000003	1.00599999999997	12.4970000000001	0	0
19.3790000000001	20.4289999999999	20.76	0	0
13.9399999999998	13.087	17.5720000000001	0	0
8.14300000000003	6.67599999999993	13.2280000000001	0	0
8.3420000000001	8.33100000000013	14.6949999999999	0	0
10.2329999999999	7.82500000000005	16.684	0	0
13.817	15.0629999999999	18.069	0	0
9.827	10.489	13.4530000000002	0	0
7.15200000000004	5.62599999999998	11.6510000000001	0	0
7.94799999999987	5.68200000000002	13.059	0	0
6.25500000000011	3.13400000000001	10.7339999999999	0	0
6.05100000000016	2.06600000000003	11.5799999999999	0	0
16.626	19.396	18.8299999999999	0	0
10.173	11.0849999999998	15.7269999999999	0	0
11.748	13.1490000000001	16.5119999999999	0	0
11.9949999999999	12.8239999999998	14.9829999999999	0	0
11.8630000000001	13.046	15.723	0	0
8.95400000000018	9.35200000000009	14.182	0	0
7.125	5.75299999999993	11.4869999999999	0	0
11.521	11.046	13.808	0	0
8.36799999999994	8.28600000000006	15.873	0	0
9.64100000000008	9.20399999999995	15.7190000000001	0	0
11.5040000000001	11.7650000000001	14.0280000000002	0	0
7.83299999999986	6.35899999999992	13.9919999999997	0	0
15.347	18.491	18.0990000000002	0	0
6.20000000000005	2.70400000000018	14.364	0	0
9.72400000000016	7.78999999999996	15.826	0	0
7.48500000000013	6.03700000000003	11.777	0	0
11.991	13.4019999999998	15.4169999999999	0	0
7.97600000000011	5.25999999999999	14.248	0	0
5.54600000000005	2.61999999999989	10.7640000000001	0	0
9.096	8.11400000000003	15.0610000000001	0	0
9.07199999999989	9.10199999999986	11.7399999999998	0	0
13.97	18.7529999999999	18.6839999999997	0	0
8.34700000000021	5.99699999999984	13.4580000000001	0	0
12.318	12.7949999999998	16.5419999999999	0	0
19.867	24.7280000000001	21.1849999999999	0	0
9.36500000000001	9.76400000000012	14.3280000000004	0	0
12.9079999999999	14.9859999999999	16.0709999999999	0	0
8.94900000000007	8.91100000000006	13.3889999999997	0	0
9.33299999999986	8.40899999999988	14.739	0	0
21.8230000000001	24.02	31.3530000000001	0	0
5.79199999999992	2.2650000000001	10.6370000000002	0	0
8.16899999999987	8.45399999999995	13.5140000000001	0	0
12.002	12.5739999999998	15.9560000000001	0	0
9.07500000000005	6.72200000000021	14.0329999999999	0	0
11.7340000000002	11.9019999999998	17.076	0	0
12.7139999999999	15.105	18.0119999999997	0	0
11.165	12.4559999999999	15.116	0	0
7.51600000000008	5.46100000000001	14.3409999999999	0	0
9.53999999999996	8.26299999999992	15.404	0	0
10.942	12.672	15.0619999999999	0	0
11.902	13.259	17.0630000000001	0	0
13.7600000000002	16.1030000000001	18.4129999999996	0	0
9.58099999999968	8.38700000000017	14.4569999999999	0	0
17.3519999999999	20.5419999999999	19.2320000000004	0	0
16.4179999999997	20.7939999999999	19.7560000000003	0	0
7.66800000000012	7.13900000000012	12.4749999999999	0	0
8.14099999999962	7.4989999999998	13.2870000000003	0	0
18.3220000000001	22.636	20.9410000000003	0	0
5.44499999999971	2.80500000000029	10.8240000000001	0	0
11.7449999999999	13.348	16.6529999999998	0	0
14.46	16.8830000000003	17.1600000000003	0	0
11.3670000000002	11.7890000000002	18.4950000000003	0	0
14.703	17.337	17.3209999999999	0	0
13.2339999999999	14.8149999999996	16.6509999999998	0	0
10.576	9.79700000000003	16.2130000000002	0	0
12.4650000000001	12.165	16.9269999999997	0	0
11.3049999999998	12.306	14.261	0	0
7.38300000000027	5.4340000000002	14.826	0	0
12.7689999999998	14.2829999999999	16.5140000000001	0	0
10.4459999999999	9.97600000000011	14.6879999999996	0	0
10.0340000000001	11.6110000000003	17.4059999999999	0	0
8.60100000000011	7.67500000000018	13.9609999999998	0	0
8.13599999999997	5.07400000000007	12.837	0	0
8.44299999999976	8.27299999999968	14.5659999999998	0	0
13.4920000000002	15.1770000000001	16.6399999999999	0	0
12.625	13.9059999999999	16.2220000000002	0	0
10.7709999999997	11.8020000000001	16.2719999999999	0	0
18.431	22.1100000000001	19.3690000000001	0	0
11.212	11.7130000000002	14.5409999999997	0	0
11.8000000000002	12.346	16.4089999999997	0	0
13.2819999999997	15.9200000000001	16.8870000000006	0	0
5.61699999999973	2.26999999999998	12.2179999999998	0	0
7.83999999999969	5.42999999999984	12.4700000000003	0	0
11.4379999999996	11.7759999999998	17.4230000000007	0	0
11.2280000000001	12.7600000000002	17.9899999999998	0	0
13.0410000000002	15.0659999999998	17.4780000000001	0	0
11.0589999999997	11.0690000000004	15.2890000000007	0	0
11.4920000000002	11.1380000000004	17.5230000000001	0	0
15.3400000000001	17.2709999999997	17.2699999999995	0	0
18.1880000000001	21.4549999999999	20.5590000000002	0	0
9.96799999999985	9.32299999999987	14.3099999999995	0	0
13.3220000000001	16.174	16.0879999999997	0	0
17.4109999999996	21.2719999999999	19.0929999999998	0	0
24.9539999999997	27.1699999999996	38.058	0	0
11.8510000000001	14.558	16.5860000000002	0	0
11.6390000000001	13.011	14.9369999999999	0	0
11.1039999999998	11.1309999999999	14.0419999999995	0	0
12.8669999999997	14.3850000000002	15.0950000000003	0	0
11.7279999999996	15.2030000000004	15.9049999999997	0	0
8.49499999999989	6.904	12.6720000000005	0	0
12.6169999999997	14.9920000000002	16.2119999999995	0	0
7.15099999999984	6.43599999999969	12.1360000000004	0	0
8.11799999999994	7.49399999999969	14.4260000000004	0	0
13.4030000000002	14.674	14.8019999999997	0	0
11.6710000000003	12.4120000000003	15.5749999999998	0	0
15.5639999999999	19.3449999999998	17.5860000000002	0	0
11.5740000000001	12.9930000000004	15.0200000000004	0	0
21.549	24.5210000000002	22.4279999999999	0	0
12.0650000000001	12.6559999999999	17.183	0	0
7.6880000000001	5.02799999999979	9.91800000000057	0	0
8.971	7.05799999999999	13.0459999999994	0	0
12.6479999999997	13.1730000000002	16.6610000000001	0	0
12.9949999999999	13.8969999999999	18.1289999999999	0	0
19.0790000000002	22.4870000000001	18.8770000000004	0	0
7.85800000000017	7.51299999999992	15.201	0	0
7.89699999999993	5.53800000000001	14.2750000000005	0	0
14.7190000000001	16.5799999999999	16.866	0	0
11.5410000000002	10.6500000000001	16.7860000000001	0	0
13.1900000000001	14.2220000000002	16.8429999999998	0	0
6.654	4.88000000000011	11.8119999999999	0	0
10.8690000000001	11.9440000000004	15.9070000000002	0	0
12.4979999999996	12.2869999999998	17.7509999999993	0	0
17.6660000000002	20.835	19.3409999999994	0	0
13.8360000000002	15.5099999999998	18.165	0	0
13.8269999999998	16.9270000000001	16.6790000000001	0	0
12.6170000000002	13.4029999999998	17.3279999999995	0	0
10.0650000000001	9.10000000000036	13.5640000000003	0	0
11.7619999999997	11.6019999999999	15.6219999999994	0	0
11.6580000000004	12.0159999999996	16.6219999999994	0	0
14.6059999999998	15.4529999999995	17.4689999999991	0	0
12.6799999999994	14.2160000000003	14.5960000000005	0	0
7.90800000000036	6.97000000000025	13.1989999999996	0	0
15.799	18.7150000000001	16.9089999999997	0	0
19.9300000000003	25.0640000000003	19.6709999999994	0	0
15.8850000000002	18.4199999999992	16.6639999999998	0	0
12.4030000000002	13.1210000000001	16.1880000000001	0	0
11.5	12.4809999999998	15.6899999999996	0	0
11.8020000000006	12.6439999999993	15.2240000000002	0	0
9.12800000000061	8.29300000000057	12.0970000000007	0	0
7.51999999999953	5.65200000000004	11.5889999999999	0	0
5.69700000000012	1.43100000000049	10.9179999999997	0	0
6.63400000000001	3.42199999999957	11.317	0	0
6.74200000000019	4.19900000000052	12.8449999999993	0	0
7.69000000000051	6.36300000000028	12.875	0	0
8.11999999999989	5.25500000000011	13.2840000000006	0	0
9.29400000000078	8.88000000000011	13.7470000000003	0	0
6.77100000000064	4.06900000000041	10.6489999999994	0	0
12.3090000000002	13.2539999999999	16.1079999999993	0	0
12.1670000000004	13.2379999999994	16.9960000000001	0	0
17.0210000000006	22.0219999999999	18.1379999999999	0	0
11.5770000000002	12.9890000000005	15.2820000000002	0	0
8.28000000000065	5.11899999999969	14.0769999999993	0	0
7.36399999999958	6.14099999999962	13.3729999999996	0	0
18.2259999999997	23.5380000000005	20.9989999999998	0	0
13.7110000000002	16.5019999999995	18.0250000000005	0	0
17.5929999999998	21.1410000000005	18.6720000000005	0	0
8.35300000000007	6.40300000000025	12.7420000000002	0	0
13.027	16.4000000000005	15.8029999999999	0	0
12.5680000000002	14.576	16.7290000000003	0	0
14.5660000000007	16.2169999999996	17.5969999999998	0	0
8.57999999999993	4.51400000000012	13.2150000000001	0	0
5.66299999999956	3.7480000000005	11.2060000000001	0	0
9.73400000000038	10.0770000000002	10.9969999999994	0	0
6.74600000000009	4.2489999999998	11.107	0	0
8.08800000000065	7.44600000000082	11.866	0	0
8.12400000000071	6.20800000000054	14.3249999999998	0	0
14.0640000000003	16.6379999999999	15.9490000000005	0	0
10.0309999999999	11.4619999999995	14.4579999999996	0	0
14.0960000000005	16.5079999999998	17.6689999999999	0	0
8.49600000000009	8.19799999999941	12.5679999999993	0	0
9.09400000000005	8.49499999999989	15.8000000000002	0	0
8.98199999999997	8.10999999999967	13.3330000000005	0	0
9.59000000000015	10.3899999999994	13.732	0	0
6.9970000000003	5.19900000000052	15.076	0	0
12.2639999999992	12.7629999999999	16.009	0	0
7.80599999999959	5.55500000000029	13.4870000000001	0	0
10.8429999999998	12.2489999999998	16.7190000000001	0	0
10.4849999999997	11.7529999999997	14.0969999999998	0	0
11.8499999999995	12.0540000000001	14.634	0	0
5.09500000000025	2.5059999999994	11.3239999999996	0	0
6.46100000000024	3.05299999999988	13.5910000000003	0	0
14.6769999999997	17.8069999999998	16.4349999999995	0	0
9.25800000000072	9.14199999999983	12.8270000000002	0	0
10.1819999999998	10.1620000000003	16.2510000000002	0	0
5.82699999999932	3.01499999999942	11.1900000000005	0	0
11.7750000000005	12.04	15.6189999999997	0	0
13.4769999999999	15.9099999999999	17.6750000000002	0	0
14.5810000000001	18.0119999999997	17.4350000000004	0	0
12.4870000000001	13.924	16.1850000000004	0	0
16.6019999999999	20.8320000000003	17.7740000000003	0	0
10.5150000000003	10.143	12.4459999999999	0	0
8.7519999999995	8.42699999999968	14.4840000000004	0	0
10.7710000000006	11.1379999999999	16.2470000000003	0	0
10.4580000000005	10.4719999999998	15.5190000000002	0	0
11.1299999999992	10.6270000000004	16.8440000000001	0	0
11.79	12.0380000000005	17.4350000000004	0	0
7.67699999999968	6.10600000000068	12.085	0	0
7.76699999999983	6.88800000000083	12.2709999999997	0	0
5.42000000000007	3.46700000000055	12.7820000000002	0	0
10.7399999999998	10.0559999999996	14.9790000000003	0	0
8.97099999999955	6.8110000000006	12.326	0	0
10.6469999999999	11.7220000000007	14.7369999999992	0	0
14.3860000000004	16.5849999999991	17.6710000000003	0	0
11.424	11.71	16.5640000000003	0	0
9.64499999999953	7.53300000000036	13.7379999999994	0	0
5.39699999999993	2.47599999999966	10.6530000000002	0	0
11.665	12.9210000000003	14.6539999999986	0	0
8.91299999999956	9.20900000000074	12.2619999999988	0	0
9.07400000000052	8.42300000000068	12.7029999999995	0	0
7.46700000000055	7.04699999999957	13.0519999999997	0	0
10.4770000000008	9.75500000000011	15.3909999999996	0	0
8.75700000000052	8.05300000000079	12.9149999999991	0	0
11.5909999999994	13.491	15.4220000000005	0	0
6.51199999999972	4.4389999999994	12.1000000000004	0	0
11.2420000000002	13.1570000000002	14.8739999999998	0	0
8.58699999999953	9.07799999999952	14.9130000000005	0	0
9.8130000000001	10.1499999999996	13.6530000000002	0	0
6.53999999999996	3.94599999999991	12.3340000000007	0	0
7.77300000000014	9.31400000000031	13.2600000000002	0	0
12.4589999999998	12.9900000000007	18.1869999999999	0	0
11.9810000000007	12.585	17.9930000000004	0	0
9.24799999999959	7.65099999999984	12.2470000000012	0	0
6.11500000000069	3.74900000000071	12.2180000000008	0	0
9.4380000000001	7.86799999999948	13.0580000000009	0	0
12.415	12.8510000000006	17.4539999999997	0	0
14.2670000000007	17.5420000000004	16.4470000000001	0	0
5.57300000000032	2.77399999999943	11.5709999999999	0	0
11.3680000000004	10.1040000000003	17.1759999999995	0	0
13.2030000000004	13.9429999999993	17.9339999999993	0	0
12.4200000000001	14.268	15.9380000000001	0	0
11.1840000000002	11.9409999999998	16.8529999999992	0	0
11.152	11.8959999999997	14.5020000000004	0	0
13.4609999999993	16.0919999999996	16.7330000000002	0	0
7.63199999999961	4.09600000000046	13.7060000000001	0	0
12.808	15.0029999999997	15.7780000000002	0	0
11.7359999999999	13.4160000000002	14.3069999999989	0	0
10.2069999999994	9.32999999999993	11.8179999999993	0	0
14.357	6.7529999999997	28.8130000000001	0	0
9.53300000000036	7.77100000000064	13.0100000000002	0	0
12.3690000000006	13.5200000000004	17.6880000000001	0	0
6.16300000000047	3.39199999999983	12.0799999999999	0	0
18.3620000000001	20.9099999999999	20.2839999999997	0	0
8.7440000000006	7.73000000000047	12.7479999999996	0	0
12.232	15.884	16.9920000000002	0	0
19.1059999999998	22.2139999999999	19.5300000000007	0	0
12.5129999999999	15.1679999999997	16.8540000000012	0	0
21.2599999999993	24.2950000000001	21.8250000000007	0	0
16.107	17.9260000000004	18.5680000000011	0	0
8.90700000000015	6.88600000000042	14.7139999999999	0	0
15.0909999999994	18.1210000000001	18.4740000000002	0	0
7.92200000000048	5.4369999999999	14.0540000000001	0	0
10.1959999999999	10.0380000000005	14.6800000000003	0	0
11.4259999999995	9.58899999999994	17.2029999999995	0	0
20.1109999999999	22.2060000000001	20.125	0	0
13.7979999999998	14.4480000000003	18.2440000000006	0	0
8.26900000000023	7.20899999999983	14.4409999999989	0	0
11.0569999999998	12.9899999999998	14.5759999999991	0	0
10.8739999999998	10.6950000000006	13.1619999999984	0	0
7.59599999999955	6.72800000000007	12.8639999999996	0	0
9.4989999999998	9.3130000000001	13.098	0	0
12.451	12.2560000000003	17.402	0	0
10.8629999999994	11.1480000000001	14.0020000000004	0	0
7.1239999999998	5.52300000000014	12.4879999999994	0	0
6.21900000000005	4.01400000000012	10.634	0	0
7.63499999999931	6.84400000000005	11.4979999999996	0	0
7.09700000000066	5.04399999999987	12.8249999999989	0	0
6.02700000000004	1.67000000000007	11.9340000000011	0	0
11.2190000000001	11.6040000000003	16.1360000000004	0	0
8.84799999999996	7.95200000000023	14.6399999999994	0	0
16.1989999999996	18.1230000000005	19.6689999999999	0	0
15.674	17.2839999999997	18.5810000000001	0	0
20.0789999999997	24.4870000000001	18.5690000000013	0	0
10.799	11.8670000000002	16.0930000000008	0	0
12.1939999999995	12.7299999999996	16.6770000000015	0	0
13.8980000000001	16.4099999999999	18.7939999999999	0	0
12.0290000000005	12.4949999999999	13.9830000000002	0	0
8.52800000000025	7.03300000000036	14.5739999999987	0	0
6.14300000000003	2.40499999999975	13.6610000000001	0	0
16.4530000000004	19.8270000000002	18.7489999999998	0	0
10.6559999999999	8.26000000000022	14.0390000000007	0	0
8.27499999999964	6.28800000000047	15.0470000000005	0	0
11.9059999999999	13.5830000000005	17.6770000000015	0	0
13.2690000000002	15.799	17.0660000000007	0	0
14.2330000000002	17.5969999999998	17.0839999999989	0	0
13.357	14.2759999999998	16.4349999999995	0	0
11.9369999999999	13.5480000000007	15.6929999999993	0	0
9.72699999999986	10.4989999999998	12.6170000000002	0	0
12.1210000000001	13.223	13.746000000001	0	0
12.6959999999999	15.085	13.5879999999997	0	0
5.91200000000026	3.03600000000006	11.110999999999	0	0
7.52700000000004	6.49900000000071	14.5920000000006	0	0
10.4560000000001	13.3289999999997	14.030999999999	0	0
10.0789999999997	9.48199999999997	16.9309999999987	0	0
10.5780000000004	10.7170000000006	15.9320000000007	0	0
7.89600000000064	6.41899999999987	13.0120000000006	0	0
18.5730000000003	17.9830000000002	31.4419999999991	0	0
12.0630000000001	12.6799999999994	14.7289999999994	0	0
11.259	10.1479999999992	17.643	0	0
12.0239999999994	12.6080000000002	12.9080000000013	0	0
8.4389999999994	7.94700000000012	13.1129999999994	0	0
5.62100000000009	2.55899999999929	11.1119999999992	0	0
12.8330000000005	13.1170000000002	17.3680000000004	0	0
13.7289999999994	16.4899999999998	17.9500000000007	0	0
11.5410000000002	12.7170000000006	15.5379999999986	0	0
12.6550000000007	14.5779999999995	16.2549999999992	0	0
9.12700000000041	6.75799999999981	15.0149999999994	0	0
5.28000000000065	1.21000000000004	12.1660000000011	0	0
10.9079999999994	12.29	16.018	0	0
15.8919999999998	20.1439999999993	19.393	0	0
15.7189999999991	17.9120000000003	18.6610000000001	0	0
17.3389999999999	20.0110000000004	16.5470000000005	0	0
18.741	21.5380000000005	20.8760000000002	0	0
6.38500000000022	3.93900000000031	12.1060000000016	0	0
8.05400000000009	6.54399999999987	15.7039999999997	0	0
14.5	17.1959999999999	18.280999999999	0	0
12.4679999999989	15.7330000000002	15.0630000000001	0	0
7.40599999999904	5.09100000000035	12.0770000000011	0	0
5.60399999999936	2.64099999999962	12.1650000000009	0	0
15.5949999999993	18.5120000000006	18.9189999999999	0	0
8.83300000000054	8.6239999999998	12.9589999999989	0	0
11.9289999999983	13.9300000000003	14.2340000000004	0	0
6.52000000000044	4.63700000000063	11.2620000000006	0	0
7.28100000000086	4.24700000000121	12.4529999999995	0	0
12.6190000000006	13.902	18.2759999999998	0	0
10.7739999999994	9.8700000000008	16.3269999999993	0	0
10.8909999999996	10.6290000000008	16.2899999999991	0	0
9.77700000000004	9.15300000000025	14.4830000000002	0	0
5.38400000000001	1.76300000000083	12.5439999999999	0	0
8.64899999999943	7.98500000000058	12.509	0	0
8.70499999999993	8.17599999999948	13.5200000000004	0	0
6.06400000000031	2.77400000000125	13.3819999999996	0	0
7.128999999999	3.07999999999993	14.8850000000002	0	0
11.3989999999994	11.3179999999993	13.9290000000001	0	0
11.3490000000002	12.3999999999996	16.6540000000005	0	0
12.2060000000001	13.0519999999997	17.4759999999987	0	0
16.3869999999988	19.228000000001	18.7669999999998	0	0
14.1459999999988	16.6670000000013	18.4860000000008	0	0
8.16500000000087	6.29600000000028	14.601999999999	0	0
11.1920000000009	12.1589999999997	17.0259999999998	0	0
7.29600000000028	5.22099999999955	12.3130000000001	0	0
11.869999999999	13.1200000000008	15.4570000000003	0	0
7.84500000000116	6.69499999999971	14.1839999999993	0	0
9.22400000000016	8.10000000000036	15.4449999999997	0	0
10.7650000000012	10.0720000000001	15.8109999999997	0	0
12.3880000000008	12.1779999999999	16.1790000000001	0	0
19.0640000000003	23.357	19.0229999999992	0	0
12.6680000000015	14.8199999999997	16.6329999999998	0	0
11.1129999999994	11.8490000000002	14.996000000001	0	0
5.98700000000099	2.48000000000138	10.982	0	0
19.4570000000003	25.1740000000009	19.6940000000013	0	0
17.2219999999998	21.2000000000007	19.244999999999	0	0
13.6910000000007	15.3170000000009	17.3790000000008	0	0
6.99300000000039	4.31500000000051	12.8949999999986	0	0
10.6020000000008	10.4959999999992	16.777	0	0
14.7739999999994	18.5619999999999	18.6920000000009	0	0
9.48799999999937	9.32600000000093	14.5360000000001	0	0
6.11899999999878	3.51599999999962	11.4130000000005	0	0
9.30900000000111	9.53399999999965	15.3289999999997	0	0
9.79000000000087	8.75700000000143	16.8080000000009	0	0
12.4279999999999	14.0060000000012	15.2290000000012	0	0
12.7029999999995	13.4940000000006	18.2299999999996	0	0
9.85699999999997	9.30199999999968	13.0339999999997	0	0
9.01900000000023	8.97299999999996	14.5630000000001	0	0
7.90999999999985	7.27599999999984	11.8729999999996	0	0
8.72199999999975	9.39099999999962	14.5229999999992	0	0
13.4920000000002	15.5869999999995	20.3089999999993	0	0
13.4750000000004	16.4089999999997	15.8649999999998	0	0
8.37299999999959	6.70299999999952	14.6669999999995	0	0
11.625	11.8410000000003	15.9130000000005	0	0
15.6370000000006	19.0670000000009	18.137999999999	0	0
16.5169999999998	20.9009999999998	17.8080000000009	0	0
11.2790000000005	12.7469999999994	13.6839999999993	0	0
6.71199999999953	4.9989999999998	12.3680000000004	0	0
10.0459999999985	9.18499999999949	16.0869999999995	0	0
15.9839999999986	18.4350000000013	21.5529999999999	0	0
25.612000000001	28.5650000000005	30.6679999999997	0	0
14.1999999999989	15.6929999999993	18.0969999999998	0	0
10.3509999999987	9.2549999999992	18.7309999999998	0	0
8.34400000000096	7.15600000000086	11.8199999999997	0	0
7.45000000000073	7.07699999999932	12.7729999999992	0	0
13.4080000000013	15.3099999999995	17.1700000000001	0	0
17.518	21.0139999999992	18.9879999999994	0	0
15.9749999999985	19.0599999999995	19.5390000000007	0	0
9.54500000000007	10.1010000000006	15.6810000000005	0	0
12.0889999999999	13.6589999999997	15.5210000000006	0	0
10.9650000000001	11.7510000000002	16.2479999999996	0	0
15.7130000000016	19.139000000001	19.112000000001	0	0
10.6779999999999	11.5259999999998	15.4269999999997	0	0
20.1949999999997	24.2070000000003	19.985999999999	0	0
10.3259999999991	10.3799999999992	15.4480000000003	0	0
9.02499999999964	9.1200000000008	13.2399999999998	0	0
10.4369999999999	8.49499999999898	15.1790000000001	0	0
12.5329999999994	13.2990000000009	17.6929999999993	0	0
10.1710000000003	9.27200000000084	15.1830000000009	0	0
12.8819999999996	15.2739999999994	16.116	0	0
8.52600000000166	6.47199999999975	13.0329999999994	0	0
12.0920000000006	14.8230000000003	15.4660000000003	0	0
10.7000000000007	10.9159999999993	13.4639999999999	0	0
15.8140000000003	19.603000000001	19.1010000000006	0	0
14.6530000000002	15.1739999999991	18.6689999999999	0	0
12.25	11.7420000000002	16.2690000000002	0	0
12.9210000000003	14.235999999999	17.223	0	0
5.60800000000017	1.73800000000119	11.7430000000004	0	0
13.8219999999983	15.0820000000003	16.9639999999999	0	0
15.7749999999996	16.8549999999996	20.5920000000006	0	0
7.70499999999993	4.89500000000044	10.0079999999998	0	0
12.4349999999995	14.0249999999996	17.7750000000015	0	0
9.50600000000122	8.27900000000045	14.6049999999996	0	0
8.41899999999987	6.02300000000105	14.3970000000008	0	0
9.68499999999949	8.64899999999943	15.3709999999992	0	0
6.18100000000049	3.47199999999975	10.753999999999	0	0
10.482	9.82400000000052	15.0120000000006	0	0
13.148000000001	13.3119999999999	16.7520000000004	0	0
7.15899999999965	5.42100000000028	12.255000000001	0	0
7.48199999999997	6.07300000000032	12.9670000000006	0	0
10.3359999999993	9.31400000000031	14.857	0	0
6.33100000000013	3.21100000000115	12.9449999999997	0	0
12.4200000000001	12.7829999999994	16.0709999999999	0	0
11.0820000000003	11.7129999999997	14.3790000000008	0	0
10.9660000000003	11.2620000000006	13.5259999999998	0	0
5.8130000000001	2.94099999999889	14.223	0	0
7.32300000000032	5.00900000000001	14.6730000000007	0	0
15.0139999999992	16.3819999999996	17.2380000000012	0	0
9.26599999999962	8.69499999999971	14.0490000000009	0	0
10.7919999999995	10.1140000000014	16.3430000000008	0	0
11.5069999999996	11.6029999999992	16.4569999999985	0	0
15.1649999999991	17.4830000000002	18.5259999999998	0	0
11.5560000000005	12.3189999999995	16.6039999999994	0	0
9.78200000000106	9.76699999999983	13.2250000000004	0	0
7.14700000000084	4.66699999999946	13.9390000000003	0	0
10.496000000001	9.88500000000022	15.2579999999998	0	0
10.3040000000001	11.0040000000008	15.5509999999995	0	0
13.6329999999998	16.1779999999999	17.8770000000004	0	0
12.7930000000015	6.92599999999948	25.0100000000002	0	0
10.6839999999993	11.9089999999997	14.7910000000011	0	0
17.1269999999986	20.4410000000007	18.3989999999994	0	0
9.6830000000009	8.65000000000146	16.4570000000003	0	0
10.9070000000011	10.9060000000009	15.5190000000002	0	0
11.491	12.6039999999994	16.2389999999996	0	0
11.0010000000002	10.6460000000006	16.023000000001	0	0
12.7600000000002	14.0499999999993	18.1530000000021	0	0
11.5479999999989	10.2440000000006	16.3220000000001	0	0
6.09700000000157	4.64899999999943	11.8969999999972	0	0
14.9269999999997	18.8910000000014	18.0420000000013	0	0
12.0540000000001	14.0020000000004	15.3350000000028	0	0
13.255000000001	14.7489999999998	16.8369999999995	0	0
20.255000000001	25.732	20.6160000000018	0	0
7.41599999999926	5.48500000000058	15.0479999999989	0	0
9.40699999999924	9.65300000000025	12.9160000000011	0	0
19.9989999999998	24.5849999999991	20.0109999999986	0	0
17.5319999999992	19.9009999999998	17.9509999999973	0	0
12.2560000000012	12.4390000000003	17.2289999999994	0	0
6.57899999999972	3.05500000000029	9.3070000000007	0	0
10.6400000000012	12.0130000000008	14.413999999997	0	0
10.5659999999989	9.91200000000026	15.9229999999989	0	0
7.42699999999968	6.52600000000166	13.5880000000034	0	0
19.6589999999997	19.1549999999988	29.780999999999	0	0
12.0820000000003	13.4489999999987	15.3079999999973	0	0
17.5519999999997	23.6460000000006	21.6610000000001	0	0
6.81000000000131	3.92200000000048	12.482	0	0
13.2810000000009	15.112000000001	18.5699999999997	0	0
10.1900000000005	9.11199999999917	15.4039999999986	0	0
11.9260000000013	13.152	15.6270000000004	0	0
6.04299999999967	3.04700000000048	10.4680000000008	0	0
12.5650000000005	12.973	15.9730000000018	0	0
12.1810000000005	13.7389999999996	16.8619999999974	0	0
17.0559999999987	21.5670000000009	20.005000000001	0	0
11.0990000000002	10.6650000000009	14.9080000000031	0	0
17.6869999999999	22.7849999999999	19.2700000000004	0	0
18.0669999999991	20.7300000000014	20.1270000000004	0	0
22.6350000000002	27.6779999999999	21.4890000000014	0	0
17.7109999999993	21.0040000000008	18.7810000000027	0	0
14.6309999999994	18.5070000000014	18.726999999999	0	0
13.0159999999996	15.4709999999995	16.3840000000018	0	0
14.3289999999997	15.478000000001	19.0479999999989	0	0
11.1569999999992	12.362000000001	13.6349999999984	0	0
19.3400000000001	22.6000000000004	20.8209999999999	0	0
16.8080000000009	21.277	18.4799999999996	0	0
15.1749999999993	18.518	17.2070000000022	0	0
10.9779999999992	13.2299999999996	16.2419999999984	0	0
8.80699999999888	9.34199999999873	14.0669999999991	0	0
8.69700000000012	7.31500000000051	14.2589999999982	0	0
13.360999999999	16.9349999999995	16.8420000000006	0	0
9.39899999999943	9.50300000000061	12.6660000000011	0	0
10.9830000000002	11.7139999999999	15.6009999999987	0	0
7.44900000000052	4.99300000000039	11.8369999999995	0	0
11.3289999999997	12.360999999999	14.5730000000003	0	0
8.33200000000033	6.86800000000039	13.630000000001	0	0
11.3539999999994	11.7950000000001	16.5699999999997	0	0
8.69900000000052	10.0190000000002	13.1039999999994	0	0
8.66899999999987	7.31899999999951	15.137999999999	0	0
11.125	11.4790000000012	15.3770000000004	0	0
11.643	12.0459999999985	17.612000000001	0	0
12.3249999999989	14.6710000000003	19.0819999999985	0	0
10.2560000000012	10.6900000000005	16.2690000000002	0	0
19.0439999999999	22.6399999999994	20.0519999999997	0	0
19.1190000000006	22.5260000000017	21.4129999999968	0	0
12.1380000000008	13.1260000000002	17.357	0	0
16.7219999999998	18.3369999999995	20.4549999999981	0	0
18.1640000000007	22.1970000000001	19.2849999999999	0	0
18.1599999999999	24.6659999999993	19.268	0	0
12.6530000000002	14.2380000000012	18.3130000000019	0	0
10.0239999999994	8.2450000000008	17.8640000000014	0	0
10.8940000000002	10.4099999999999	14.1349999999984	0	0
11.994999999999	13.1649999999991	12.8919999999998	0	0
11.2450000000008	12.8349999999991	13.8359999999993	0	0
9.84500000000116	10.4089999999997	12.6310000000012	0	0
8.07600000000093	7.79599999999846	14.7880000000005	0	0
15.280999999999	19.6759999999995	17.3989999999976	0	0
13.3060000000005	14.5879999999997	17.5560000000005	0	0
8.69100000000071	6.79699999999866	13.7779999999984	0	0
8.99799999999959	9.76499999999942	13.7040000000015	0	0
10.848	11.878999999999	14.6830000000009	0	0
10.0109999999986	10.3369999999995	14.7270000000026	0	0
9.28299999999945	9.97699999999895	15.1330000000016	0	0
17.2970000000005	21.1309999999994	18.6870000000017	0	0
10.6000000000004	11.0909999999985	15.6829999999973	0	0
13.6419999999998	13.0910000000003	17.5480000000025	0	0
17.4480000000003	20.027	18.5690000000031	0	0
6.96100000000115	5.91400000000067	14.3869999999988	0	0
8.90300000000025	6.90799999999945	15.1589999999997	0	0
9.06500000000051	8.14100000000144	14.4680000000008	0	0
12.0959999999995	12.1029999999992	15.5099999999984	0	0
7.30299999999988	6.28299999999945	11.2999999999993	0	0
6.26900000000023	3.43600000000151	10.1330000000016	0	0
10.2700000000004	9.91699999999946	14.4839999999967	0	0
13.4740000000002	18.4869999999992	15.9809999999998	0	0
11.3889999999992	11.8279999999995	15.5919999999969	0	0
10.0969999999998	10.3510000000006	13.7660000000033	0	0
9.01100000000042	7.55500000000029	15.854000000003	0	0
10.4880000000012	10.4699999999993	17.0429999999978	0	0
9.50900000000001	9.19900000000052	14.4979999999996	0	0
7.88700000000063	5.98099999999977	13.8830000000016	0	0
10.6869999999999	10.509	13.1229999999996	0	0
10.5489999999991	12.1509999999998	15.8080000000009	0	0
16.277	19.0900000000001	18.913999999997	0	0
16.3919999999998	17.5450000000001	19.5889999999999	0	0
16.0259999999998	17.9140000000007	19.7270000000026	0	0
6.69900000000052	4.88600000000042	11.895999999997	0	0
12.125	13.9979999999996	17.4710000000014	0	0
12.0820000000003	13.2469999999994	14.8259999999973	0	0
10.9989999999998	11.4549999999999	15.0459999999985	0	0
11.902	11.5450000000001	17.0090000000018	0	0
7.09099999999853	4.97899999999936	12.4480000000003	0	0
14.1189999999988	16.985999999999	16.8169999999991	0	0
17.2330000000002	20.7240000000002	17.6020000000026	0	0
15.9840000000004	18.8899999999994	17.8430000000008	0	0
11.9050000000007	14.6920000000009	15.9850000000006	0	0
9.74499999999898	9.40099999999984	15.8809999999976	0	0
9.35000000000036	9.0739999999987	12.7479999999996	0	0
8.36700000000019	8.21299999999974	12.9639999999999	0	0
9.6200000000008	9.82099999999991	12.6759999999995	0	0
6.90799999999945	3.78200000000106	12.5339999999997	0	0
12.4269999999997	13.7400000000016	16.8960000000006	0	0
8.80400000000009	7.86399999999958	13.8009999999995	0	0
5.58700000000135	0.494000000000597	10.3439999999973	0	0
17.8240000000005	15.2309999999998	30.8689999999988	0	0
7.9989999999998	5.83499999999913	14.7520000000004	0	0
7.66399999999885	4.78199999999924	14.0999999999985	0	0
15.1880000000001	18.4590000000007	18.8029999999999	0	0
6.76899999999841	5.19599999999991	11.5109999999986	0	0
7.31299999999828	3.24599999999919	14.0380000000005	0	0
11.7800000000007	11.6530000000002	16.6680000000015	0	0
12.1090000000004	13.2979999999989	17.6640000000007	0	0
7.81999999999971	6.1239999999998	13.1959999999999	0	0
6.98199999999997	3.69599999999991	9.31599999999889	0	0
15.1299999999992	19.7510000000002	17.4540000000015	0	0
7.42900000000009	5.99599999999919	12.5770000000011	0	0
6.16399999999885	2.86199999999917	11.7710000000006	0	0
8.20099999999911	7.38600000000042	14.0169999999998	0	0
11.514000000001	12.3670000000002	14.3260000000009	0	0
11.3350000000009	10.2049999999999	16.232	0	0
9.43000000000029	9.28600000000006	14.1450000000004	0	0
10.0120000000006	10.1939999999995	13.760000000002	0	0
8.54700000000048	8.01200000000063	14.5109999999986	0	0
8.26499999999942	7.32099999999991	13.8220000000001	0	0
12.848	14.9989999999998	16.2150000000001	0	0
12.241	12.777	17.8410000000003	0	0
7.30400000000009	3.38800000000083	12.5699999999997	0	0
15.7870000000003	18.7790000000005	17.6779999999999	0	0
13.027	15.6659999999993	17.4370000000017	0	0
12.4130000000005	14.003999999999	16.9809999999998	0	0
14.4300000000003	17.6260000000002	18.9039999999986	0	0
14.7860000000001	17.0329999999994	17.1289999999972	0	0
15.7109999999993	19.1290000000008	19.3189999999995	0	0
8.2400000000016	7.20399999999972	13.9550000000017	0	0
8.36000000000058	8.64199999999983	14.9459999999999	0	0
11.253999999999	12.482	14.7289999999994	0	0
9.08100000000013	7.02799999999843	12.7000000000007	0	0
6.25200000000041	4.60399999999936	11.9120000000003	0	0
9.01000000000022	7.75900000000001	15.0440000000017	0	0
8.41299999999865	5.03600000000006	14.7860000000001	0	0
13.4030000000002	14.9229999999989	15.4799999999996	0	0
12.6909999999989	13.2860000000001	17.8590000000004	0	0
12.1189999999988	13.1839999999993	18.6899999999987	0	0
6.23800000000119	1.78300000000127	13.5119999999988	0	0
9.03600000000006	6.14600000000064	14.4549999999981	0	0
13.8299999999999	15.6409999999996	16.9669999999969	0	0
14.1999999999989	17.3330000000005	17.5799999999981	0	0
18.366	22.6809999999987	19.4439999999995	0	0
17.9429999999993	22.3739999999998	18.3080000000009	0	0
8.58500000000095	6.53000000000065	15.3899999999994	0	0
13.0470000000005	13.3549999999996	17.3770000000004	0	0
7.36000000000058	5.45700000000033	12.4370000000017	0	0
9.003999999999	6.43900000000031	14.150999999998	0	0
13.2150000000001	14.594000000001	14.5519999999997	0	0
12.0199999999986	11.607	15.8889999999992	0	0
6.18299999999908	3.98199999999997	11.7540000000008	0	0
16.4840000000004	18.973	18.9290000000001	0	0
10.5859999999993	10.6799999999985	14.1849999999977	0	0
12.3310000000001	12.9089999999997	15.4859999999971	0	0
11.9310000000005	12.6989999999987	15.875	0	0
10.1859999999997	10.530999999999	15.6389999999992	0	0
8.03099999999904	7.69399999999951	13.3149999999987	0	0
9.91400000000067	8.54800000000068	16.6049999999996	0	0
11.3170000000009	12.7289999999994	17.8770000000004	0	0
5.39899999999943	1.88900000000103	11.3400000000001	0	0
14.3019999999997	14.853000000001	17.2440000000024	0	0
9.11100000000079	8.01300000000083	15.7609999999986	0	0
14.518	17.2749999999996	15.6399999999994	0	0
11.1460000000006	13.0439999999999	14.5420000000013	0	0
16.4779999999992	20.2829999999994	18.8270000000011	0	0
18.8260000000009	24.5240000000013	20.5119999999988	0	0
12.5519999999997	12.8240000000005	14.6499999999978	0	0
16.7119999999995	20.2870000000003	17.1790000000001	0	0
13.7130000000016	15.4140000000007	17.8650000000016	0	0
11.3289999999997	13.5330000000013	17.8260000000009	0	0
8.16500000000087	7.41199999999844	13.7339999999967	0	0
16.6650000000009	17.0060000000012	26.1169999999984	0	0
8.72100000000137	8.44700000000012	14.1790000000001	0	0
6.48500000000058	3.16300000000047	12.5630000000019	0	0
8.6239999999998	8.75200000000041	16.5619999999981	0	0
12.3310000000001	13.098	19.5289999999986	0	0
11.0599999999995	11.5959999999995	15.3580000000002	0	0
11.6540000000005	12.8140000000003	16.0840000000026	0	0
8.77700000000004	8.25500000000102	13.0849999999991	0	0
9.78700000000026	9.53399999999965	13.9410000000025	0	0
8.27500000000146	5.82499999999891	14.2569999999978	0	0
9.82099999999991	10.8070000000007	14.5560000000005	0	0
10.1299999999992	10.2439999999988	14.1810000000005	0	0
11.5849999999991	12.741	16.6739999999991	0	0
7.03100000000086	5.01199999999881	11.344000000001	0	0
10.630000000001	10.6620000000003	14.9150000000009	0	0
10.8129999999983	11.7799999999988	13.5570000000007	0	0
7.24300000000039	4.39100000000144	13.6029999999992	0	0
8.95100000000093	8.84599999999955	14.4660000000003	0	0
9.34799999999996	9.58299999999872	13.2890000000007	0	0
12.4600000000009	15.4439999999995	13.5900000000001	0	0
6.55199999999968	3.6820000000007	10.732	0	0
8.91899999999805	8.61199999999917	12.6910000000025	0	0
8.43100000000049	5.94399999999951	14.4320000000007	0	0
13.3520000000026	15.125	19.8550000000032	0	0
11.405999999999	12.1530000000021	16.8539999999994	0	0
16.5169999999998	20.0550000000003	18.7710000000006	0	0
14.8410000000003	16.7860000000001	17.510000000002	0	0
12.0669999999991	11.9120000000003	17.2489999999998	0	0
11.6640000000007	11.7109999999993	16.3689999999988	0	0
10.4159999999974	9.6720000000023	13.7439999999988	0	0
18.0440000000017	22.1260000000002	19.3770000000004	0	0
10.8940000000002	9.63799999999901	15.0679999999993	0	0
10.6520000000019	10.7690000000002	15.232	0	0
9.09100000000035	8.54300000000148	12.9730000000018	0	0
6.14500000000044	3.30600000000049	12.3450000000012	0	0
7.91300000000047	6.5099999999984	13.7589999999982	0	0
8.15699999999924	7.78700000000026	14.6849999999977	0	0
5.79300000000148	2.59899999999834	12.0780000000013	0	0
6.79699999999866	2.90600000000268	12.3789999999972	0	0
11.6739999999991	12.7109999999993	15.1900000000023	0	0
6.67299999999886	4.02799999999843	11.3429999999971	0	0
6.71699999999691	3.6260000000002	12.5159999999996	0	0
8.72500000000218	8.66100000000006	14.7999999999993	0	0
9.89500000000044	10.0190000000002	12.8739999999998	0	0
13.1929999999993	13.2180000000008	19.2999999999993	0	0
11.1900000000023	11.5469999999987	14.913999999997	0	0
8.78899999999703	7.69900000000052	15.8559999999998	0	0
8.62299999999959	7.37299999999959	15.0579999999973	0	0
8.40200000000186	7.39099999999962	13.1759999999995	0	0
8.84099999999671	7.41400000000067	16.351999999999	0	0
12.6319999999978	14.125	16.7690000000002	0	0
10.6980000000003	9.84700000000157	16.0830000000024	0	0
9.49199999999837	8.64999999999782	15.2789999999986	0	0
11.1080000000002	11.5800000000017	15.7520000000004	0	0
11.8080000000009	12.1049999999996	16.4609999999993	0	0
11.8999999999978	12.7479999999996	15.2070000000022	0	0
10.7870000000003	10.0879999999997	14.9969999999994	0	0
11.7119999999995	13.0219999999972	14.6239999999998	0	0
12.880000000001	13.650999999998	16.1599999999999	0	0
15.6909999999989	17.5159999999996	17.969000000001	0	0
14.1129999999976	16.851999999999	16.2390000000014	0	0
10.6569999999992	10.0339999999997	14.6349999999984	0	0
12.4409999999989	14.3600000000006	16.4639999999999	0	0
8.16200000000026	6.63999999999942	13.0440000000017	0	0
7.92399999999907	6.23500000000058	11.1290000000008	0	0
8.57900000000154	8.43000000000029	14.4360000000015	0	0
12.7930000000015	16.012999999999	16.7099999999991	0	0
13.010000000002	14.510000000002	15.6739999999991	0	0
16.3109999999979	17.9129999999968	18.2740000000013	0	0
17.7880000000005	20.3149999999987	18.5270000000019	0	0
8.66300000000047	7.15000000000146	13.6180000000022	0	0
13.5800000000017	15.8150000000023	17.505000000001	0	0
10.9700000000012	10.6680000000015	15.244999999999	0	0
8.56999999999971	7.12299999999959	12.9830000000002	0	0
9.16899999999805	9.02600000000166	13.3660000000018	0	0
11.4400000000023	12.0440000000017	14.3450000000012	0	0
13.0010000000002	13.643	16.9229999999989	0	0
12.5010000000002	12.7999999999993	15.9120000000003	0	0
11.7649999999994	12.867000000002	16.5699999999997	0	0
8.43800000000192	7.20300000000134	13.7520000000004	0	0
11.9699999999975	12.627999999997	15.1729999999989	0	0
7.38400000000183	5.60499999999956	16.25	0	0
12.1159999999982	12.9150000000009	17.7920000000013	0	0
11.6859999999979	12.145999999997	14.0470000000023	0	0
9.79500000000189	8.31599999999889	15.4850000000006	0	0
8.63999999999942	8.63799999999901	14.6039999999994	0	0
5.76800000000003	2.83699999999953	12.0380000000005	0	0
12.8409999999967	13.4449999999997	16.851999999999	0	0
15.7860000000001	19.1949999999997	18.1790000000001	0	0
17.3050000000003	22.3120000000017	18.3050000000003	0	0
10.4849999999969	11.0779999999977	15.1369999999988	0	0
17.2259999999987	20.8250000000007	18.086000000003	0	0
8.59999999999854	8.96500000000015	14.1440000000002	0	0
12.8790000000008	15.0949999999975	15.7540000000008	0	0
9.74699999999939	10.7330000000002	12.9969999999994	0	0
5.61200000000099	2.10000000000218	11.7839999999997	0	0
5.88000000000102	2.5679999999993	11.6990000000005	0	0
11.987000000001	13.0789999999979	16.1769999999997	0	0
10.0080000000016	9.63200000000143	13.1569999999992	0	0
7.34100000000035	4.3640000000014	13.4049999999988	0	0
7.25200000000041	5.65900000000329	12.9349999999977	0	0
10.607	10.4359999999979	14.3389999999999	0	0
6.40299999999843	4.46299999999974	12.2160000000003	0	0
12.1280000000006	13.1380000000026	17.5869999999995	0	0
9.33100000000195	8.52999999999884	15.9050000000025	0	0
15.3100000000013	18.012999999999	19.2339999999967	0	0
13.502999999997	14.7619999999988	16.9779999999992	0	0
21.6779999999999	23.1569999999992	20.099000000002	0	0
10.5419999999976	8.54500000000189	13.4110000000001	0	0
7.30500000000029	5.96500000000015	10.8739999999998	0	0
11.3989999999976	12.4599999999991	13.8610000000008	0	0
12.2430000000022	13.3469999999979	16.6389999999992	0	0
11.2299999999996	13.5669999999991	14.8369999999995	0	0
5.33799999999974	1.43800000000192	10.7180000000008	0	0
7.0779999999977	3.41500000000087	13.773000000001	0	0
10.0289999999986	11.0619999999981	15.4989999999998	0	0
10.737000000001	12.1739999999991	13.7560000000012	0	0
8.99299999999857	7.39300000000003	12.5010000000002	0	0
10.5239999999976	11.1779999999999	15.3300000000017	0	0
10.7219999999979	9.74600000000282	15.2010000000009	0	0
8.44499999999971	7.70700000000215	13.3199999999997	0	0
7.09699999999793	4.40000000000146	11.2690000000002	0	0
7.29400000000169	5.39600000000064	10.530999999999	0	0
6.38600000000224	2.62599999999657	10.982	0	0
11.9439999999995	13.4380000000019	14.9859999999971	0	0
11.6039999999994	11.6510000000017	15.1709999999985	0	0
14.3300000000017	16.6159999999982	19.5220000000008	0	0
7.03499999999985	2.77199999999721	12.1739999999991	0	0
14.612000000001	16.5269999999982	16.5969999999979	0	0
15.3329999999987	19.9160000000011	18.1940000000031	0	0
16.7049999999981	21.8479999999981	18.487000000001	0	0
11.4269999999997	13.1209999999992	13.9670000000006	0	0
8.84100000000035	7.17699999999968	15.0529999999999	0	0
9.25400000000081	8.41599999999744	14.8639999999978	0	0
7.66900000000169	6.20699999999852	13.3189999999995	0	0
11.4369999999981	12.6800000000003	15.4459999999999	0	0
12.6310000000012	14.0030000000006	17.7739999999976	0	0
6.71800000000076	2.72299999999814	11.2289999999994	0	0
8.75700000000143	6.56999999999971	13.887999999999	0	0
9.0789999999979	8.88999999999942	15.1359999999986	0	0
10.3450000000012	10.3680000000022	15.8340000000026	0	0
10.6280000000006	10.0169999999998	15.6189999999988	0	0
11.8339999999989	12.2210000000014	17.9120000000003	0	0
6.96199999999953	4.98700000000099	11.5169999999998	0	0
8.53500000000349	6.61399999999776	12.2009999999973	0	0
10.244999999999	9.28700000000026	13.2309999999998	0	0
15.7650000000031	18.8859999999986	19.1549999999988	0	0
19.025999999998	23.4600000000028	19.3990000000013	0	0
13.349000000002	15.5920000000006	18.3990000000013	0	0
14.724000000002	17.5540000000001	15.7469999999994	0	0
14.7390000000014	16.0959999999977	17.2309999999998	0	0
14.0780000000013	16.5	16.6110000000008	0	0
8.62700000000041	8.44599999999991	13.6699999999983	0	0
5.42499999999927	1.63899999999921	10.3299999999981	0	0
8.20799999999872	7.45500000000175	13.387999999999	0	0
11.9700000000012	12.8869999999988	16.6859999999979	0	0
14.1889999999985	15.9779999999992	18.8070000000007	0	0
11.6779999999999	12.6490000000013	14.4560000000019	0	0
8.70900000000256	6.68099999999686	14.0580000000009	0	0
13	14.6399999999994	17.0360000000001	0	0
14.7249999999985	17.2479999999996	17.7479999999996	0	0
20.4249999999993	23.2430000000022	20.4010000000017	0	0
11.8859999999986	13.5320000000029	15.8590000000004	0	0
10.0669999999991	8.9330000000009	12.4120000000003	0	0
6.0109999999986	3.4320000000007	10.3240000000005	0	0
9.83700000000317	10.7280000000028	14.8960000000006	0	0
7.64700000000084	6.60099999999875	12.8899999999994	0	0
5.7019999999975	1.16699999999764	12.6779999999999	0	0
7.98799999999756	6.22300000000178	11.3209999999999	0	0
8.51199999999881	8.44599999999991	12.9919999999984	0	0
7.96500000000015	6.47999999999956	13.1730000000025	0	0
10.507999999998	11.6730000000025	14.4290000000001	0	0
11.3999999999978	11.992000000002	15.5650000000023	0	0
8.37999999999738	7.61299999999756	11.8650000000016	0	0
5.59800000000178	2.15399999999863	9.97699999999895	0	0
8.65499999999884	6.27999999999884	14.5629999999983	0	0
9.17399999999907	8.97299999999814	16.0300000000025	0	0
7.3849999999984	5.86499999999796	12.2929999999978	0	0
11.3420000000006	11.7439999999988	16.3400000000001	0	0
16.3660000000018	21.505000000001	17.8250000000007	0	0
8.44000000000233	7.9320000000007	12.5820000000022	0	0
7.11000000000058	4.01299999999901	12.5150000000031	0	0
6.96399999999994	4.7029999999977	13.0010000000002	0	0
11.4340000000011	12.5449999999983	15.8899999999994	0	0
10.0639999999985	9.38300000000163	12.9619999999995	0	0
8.98600000000079	10.3119999999981	14.4370000000017	0	0
8.00800000000163	7.39800000000105	12.622000000003	0	0
7.75400000000081	5.88700000000244	11.6189999999988	0	0
10.5709999999999	12.0850000000028	14.0030000000006	0	0
13.7589999999982	15.8640000000014	16.4529999999977	0	0
9.23300000000017	9.48400000000038	12.8299999999981	0	0
10.4050000000025	11.5469999999987	14.3220000000001	0	0
11.8389999999999	12.4340000000011	15.7479999999996	0	0
6.58599999999933	3.00699999999779	13.476999999999	0	0
12.2760000000017	13.0969999999979	16.2030000000013	0	0
8.13699999999881	5.45699999999852	12.6090000000004	0	0
9.15500000000247	7.62200000000303	14.5999999999985	0	0
16.107	19.4040000000023	18.2299999999996	0	0
11.4809999999998	10.3889999999992	15.880000000001	0	0
11.3019999999997	11.6990000000005	16.2259999999987	0	0
9.82600000000093	9.98500000000058	13.7330000000002	0	0
11.3810000000012	11.5190000000002	15.4639999999999	0	0
10.4110000000001	9.64799999999741	13.5930000000008	0	0
9.47599999999875	9.15799999999945	15.0839999999989	0	0
9.86300000000119	10.2200000000012	14.3489999999983	0	0
7.70899999999892	5.66200000000026	13.2030000000013	0	0
6.42299999999886	3.52699999999822	12.4720000000016	0	0
15.4209999999985	19.0550000000003	19.0879999999997	0	0
18.4180000000015	23.0260000000017	19.744999999999	0	0
11.0439999999981	10.8970000000008	15.2040000000015	0	0
12.1029999999992	13.3719999999994	16.5960000000014	0	0
8.11999999999898	7.43400000000111	15.0169999999998	0	0
8.74699999999939	7.17299999999886	15.5590000000011	0	0
20.2520000000004	20.7979999999989	29.505000000001	0	0
12.1550000000025	13.780999999999	15.3899999999994	0	0
8.14799999999741	6.42000000000189	12.5150000000031	0	0
9.04100000000108	7.11599999999817	14.6610000000001	0	0
8.35800000000017	7.86100000000079	13.1159999999982	0	0
8.65699999999924	6.6919999999991	14.2299999999996	0	0
13.3040000000001	14.0889999999999	16.5699999999997	0	0
10.2419999999984	10.5459999999985	14.2660000000033	0	0
6.70800000000236	4.16100000000006	13.3179999999993	0	0
11.1309999999976	11.5629999999983	16.0119999999988	0	0
12.0859999999993	12.9020000000019	13.992000000002	0	0
6.94400000000314	6.22000000000116	11.6440000000002	0	0
9.81199999999808	9.14199999999983	14.6130000000012	0	0
9.42299999999886	7.35299999999916	13.2350000000006	0	0
10.8230000000003	10.5799999999981	14.2729999999974	0	0
9.06400000000212	7.31899999999951	16.0149999999994	0	0
13.6790000000001	15.4110000000001	15.8950000000004	0	0
13.9850000000006	15.0469999999987	16.3810000000012	0	0
8.17799999999988	7.25800000000163	14.2860000000001	0	0
10.2139999999999	10.8960000000006	15.5550000000003	0	0
7.47400000000198	4.83799999999974	12.9439999999995	0	0
10.2899999999972	9.34000000000015	15.0190000000002	0	0
16.4989999999998	21.2989999999991	19.9480000000003	0	0
14.4150000000009	15.8429999999971	18.7039999999979	0	0
11.0440000000017	11.9039999999986	15.0349999999999	0	0
14.6260000000002	16.862000000001	20.3209999999999	0	0
13.0390000000007	13.3740000000034	15.7849999999999	0	0
14.5469999999987	16.5810000000019	18.9209999999985	0	0
11.5039999999972	12.114999999998	15.8410000000003	0	0
8.63100000000122	8.28399999999965	13.1150000000016	0	0
11.9250000000029	11.9279999999999	15.867000000002	0	0
8.32700000000114	6.91100000000006	13.5010000000002	0	0
7.52200000000084	5.64700000000084	13.0849999999991	0	0
9.2029999999977	8.25600000000122	15.0989999999983	0	0
12.369999999999	14.3119999999981	17.3889999999992	0	0
9.42699999999968	9.5480000000025	13.0849999999991	0	0
6.01500000000306	2.76500000000306	11.530999999999	0	0
8.65600000000268	7.86200000000099	15.1389999999992	0	0
12.4019999999982	13.7429999999986	16.4660000000003	0	0
8.75699999999779	7.15799999999945	13.8349999999991	0	0
7.98099999999977	6.58199999999852	13.0470000000023	0	0
16.8729999999996	20.7380000000012	19.9779999999992	0	0
12.9179999999978	14.3949999999968	16.6850000000013	0	0
16.232	20.5489999999991	16.7030000000013	0	0
16.482	18.744999999999	17.6680000000015	0	0
8.34599999999773	7.41200000000026	11.5119999999988	0	0
7.03900000000067	3.9900000000016	12.1890000000021	0	0
14.8339999999989	15.5970000000016	16.9260000000031	0	0
11.1569999999992	12.4760000000024	16.2900000000009	0	0
9.51700000000346	9.25399999999718	14.002999999997	0	0
10.1309999999976	11.0889999999999	13.6270000000004	0	0
9.5480000000025	9.47799999999916	11.7619999999988	0	0
5.61199999999735	2.48700000000099	10.7989999999991	0	0
12.5410000000011	13.7400000000016	15.0119999999988	0	0
8.25300000000061	6.73999999999796	12.4670000000006	0	0
6.75800000000163	4.29699999999866	12.2720000000008	0	0
13.2639999999992	15.262999999999	17.9879999999976	0	0
20.094000000001	23.732	22.0459999999985	0	0
15.8430000000008	17.7000000000007	16.2619999999988	0	0
12.5669999999991	13.898000000001	17.643	0	0
9.88400000000183	10.1759999999995	14.8060000000005	0	0
13.643	14.7870000000003	18.1620000000003	0	0
16.260000000002	18.9539999999979	18.4909999999982	0	0
15.8029999999999	17.5989999999983	18.6399999999994	0	0
9.05199999999968	8.57800000000134	12.0159999999996	0	0
8.31399999999849	7.79799999999886	14.2259999999987	0	0
12.4569999999985	15.3509999999987	15.5849999999991	0	0
9.60499999999956	10.3199999999997	15.6280000000006	0	0
9.05500000000029	8.68699999999808	14.9200000000019	0	0
8.95300000000134	7.01699999999983	14.6440000000002	0	0
15.5429999999978	20.3849999999984	16.8739999999998	0	0
12.387999999999	12.8640000000014	15.9219999999987	0	0
10.0550000000003	9.39099999999962	15.2099999999991	0	0
11.2429999999986	11.7309999999998	16.0299999999988	0	0
10.5880000000034	11.0229999999974	14.405999999999	0	0
16.9530000000013	20.1870000000017	18.1709999999985	0	0
12.9759999999987	14.8600000000006	14.494999999999	0	0
12.1349999999984	13.8350000000028	15.5699999999997	0	0
15.3050000000003	16.1800000000003	17.8549999999996	0	0
9.51399999999921	9.8760000000002	14.6360000000022	0	0
11.3430000000008	12.1359999999986	14.9449999999997	0	0
10.9449999999997	12.0629999999983	14.6409999999996	0	0
5.73699999999735	3.82999999999811	12.3590000000004	0	0
8.08599999999933	5.75900000000183	13.6820000000007	0	0
12.0370000000003	10.9750000000022	15.5790000000015	0	0
11.7030000000013	12.8469999999979	16.1059999999998	0	0
8.68600000000151	8.01399999999921	13.719000000001	0	0
10.6539999999986	11.6529999999984	15.9780000000028	0	0
10.3340000000026	8.70800000000236	15.1330000000016	0	0
7.82200000000012	6.27600000000166	14.9700000000012	0	0
8.99300000000221	8.69099999999889	14.7119999999995	0	0
10.4720000000016	9.0099999999984	14.109000000004	0	0
5.22400000000198	2.22599999999875	10.1369999999952	0	0
6.97400000000198	3.90399999999863	12.0869999999995	0	0
10.0480000000025	8.46900000000096	15.7410000000018	0	0
7.62800000000061	5.25	14.4320000000007	0	0
6.01299999999901	3.92899999999645	11.3949999999968	0	0
13.6959999999999	14.7619999999988	18.6549999999988	0	0
11.0070000000014	11.5489999999991	15.0400000000009	0	0
13.612000000001	16.869999999999	16.663999999997	0	0
6.13299999999799	3.83799999999974	11.974000000002	0	0
16.3050000000003	20.0009999999966	21.1460000000006	0	0
15.3890000000029	17.4209999999985	19.150999999998	0	0
14.8379999999997	18.0080000000016	17.8110000000015	0	0
12.594000000001	14.1650000000009	16.8110000000015	0	0
7.6830000000009	6.49499999999898	13.3029999999999	0	0
11.1009999999987	11.6209999999992	15.239999999998	0	0
15.882999999998	18.7779999999984	20	0	0
11.0659999999989	13.1230000000032	15.601999999999	0	0
6.48300000000017	3.46200000000317	13.4270000000033	0	0
9.91499999999724	10.349000000002	13.4380000000019	0	0
16.2350000000006	19.1599999999999	17.7160000000003	0	0
12.6399999999994	14.2769999999982	17.2129999999961	0	0
7.73400000000038	6.13100000000122	12.5439999999944	0	0
15.9580000000024	18.3110000000015	17.3369999999995	0	0
9.81299999999828	8.99699999999939	15.4369999999981	0	0
12.0229999999974	13.6689999999981	15.3089999999938	0	0
13.9840000000004	16.8989999999976	17.3319999999949	0	0
11.3009999999995	11.3580000000002	16.2569999999978	0	0
21.6009999999987	24.3000000000029	21.0570000000007	0	0
