33.795	23.724	34.655	0	0
27.564	20.952	27.94	0	0
26.119	14.409	27.023	0	0
32.846	19.44	34.985	0	0
29.728	16.341	31.228	0	0
30.728	18.898	30.791	0	0
32.114	15.411	34.035	0	0
28.803	13.168	32.202	0	0
12.134	6.60300000000001	13.516	0	0
22.191	4.77100000000002	25.843	0	0
25.187	7.065	24.1519999999999	0	0
29.2380000000001	17.593	30.046	0	0
23.9549999999999	9.15600000000001	25.3520000000001	0	0
26.754	11.527	27.5569999999999	0	0
29.763	18.135	32.865	0	0
25.439	9.96899999999999	27.8879999999999	0	0
26.268	9.87100000000004	27.7769999999999	0	0
25.5050000000001	8.39200000000005	28.0640000000001	0	0
23.1149999999999	5.24699999999996	25.124	0	0
23.524	4.81100000000004	25.7270000000001	0	0
19.0890000000001	4.69500000000005	20.8589999999999	0	0
37.626	34.875	35.9459999999999	0	0
35.7369999999999	30.7489999999999	38.405	0	0
17.74	4.24599999999998	20.3579999999999	0	0
24.787	9.14999999999998	27.2929999999999	0	0
20.499	3.25400000000002	22.5840000000001	0	0
20.1700000000001	3.1160000000001	25.153	0	0
20.8619999999999	11.0319999999999	21.489	0	0
24.0360000000001	17.234	25.941	0	0
29.6770000000001	18.574	31.02	0	0
30.3789999999999	17.263	31.0609999999999	0	0
17.4290000000001	2.00700000000006	19.473	0	0
27.7860000000001	13.62	29.1329999999998	0	0
25.635	8.23299999999995	30.652	0	0
29.0690000000002	13.513	32.7529999999999	0	0
27	10.8050000000001	27.8169999999998	0	0
21.2239999999999	7.2650000000001	25.0530000000001	0	0
29.6550000000002	26.736	28.1479999999999	0	0
24.3030000000001	7.22800000000007	26.9639999999999	0	0
19.807	3.19900000000007	21.825	0	0
29.202	17.309	32.0759999999998	0	0
24.682	9.56999999999994	25.77	0	0
35.759	27.704	34.9590000000003	0	0
22.8150000000001	4.05700000000002	24.346	0	0
31.3040000000001	20.9380000000001	33.4810000000002	0	0
26.5709999999999	13.5150000000001	30.2819999999997	0	0
24.549	5.87100000000009	31.2129999999997	0	0
24.5	8.06799999999998	27.8290000000002	0	0
22.6309999999999	11.3119999999999	26.2550000000001	0	0
23.0650000000001	5.96600000000012	23.7149999999997	0	0
25.7919999999999	5.49099999999999	29.6560000000004	0	0
42.3440000000001	33.991	38.7340000000004	0	0
27.96	20.7929999999999	26.002	0	0
27.1239999999998	5.91799999999989	30.0030000000002	0	0
22.1030000000001	4.72399999999993	23.7380000000003	0	0
21.7849999999999	6.78599999999983	23.212	0	0
17.5140000000001	2.68399999999997	20.3679999999999	0	0
24.7160000000003	14.79	26.982	0	0
37.0749999999998	28.2539999999999	41.806	0	0
34.107	20.9870000000001	34.6059999999998	0	0
21.808	10.972	23.873	0	0
24.1820000000002	7.95699999999988	25.944	0	0
31.0630000000001	22.191	31.3360000000002	0	0
20.9119999999998	7.73299999999995	20.732	0	0
30.8670000000002	17.4680000000001	28.768	0	0
39.1210000000001	28.7909999999999	42.723	0	0
27.0369999999998	13.037	30.6849999999999	0	0
17.8119999999999	3.34899999999993	18.7070000000003	0	0
24.4009999999998	5.76800000000003	27.5830000000001	0	0
31.6899999999996	21.9829999999999	36.4389999999999	0	0
29.308	19.8	30.9789999999998	0	0
28.3440000000001	10.1689999999999	31.0920000000001	0	0
30.7930000000001	21.701	29.5569999999998	0	0
28.0030000000002	16.6689999999999	28.6590000000001	0	0
27.75	15.675	31.1260000000002	0	0
29.3330000000001	18.8679999999999	30.1820000000002	0	0
26.4750000000004	10.127	28.9349999999999	0	0
29.1500000000001	17.5860000000002	33.2249999999999	0	0
18.2819999999997	4.46600000000035	22.3959999999997	0	0
21.0549999999998	5.82000000000016	24.165	0	0
25.6979999999999	9.34100000000035	29.9780000000001	0	0
26.8380000000002	8.45400000000018	31.9229999999998	0	0
33.8499999999999	25.4849999999997	32.6970000000001	0	0
27.6299999999997	8.03700000000026	29.5479999999998	0	0
20.4869999999996	5.5	22.5139999999992	0	0
21.4110000000001	6.45499999999993	25.4299999999994	0	0
30.1000000000004	16.3099999999999	32.6139999999996	0	0
21.0989999999993	2	25.5780000000004	0	0
23.2520000000004	4.41800000000012	28.7779999999993	0	0
21.402	6.66100000000006	23.4549999999999	0	0
28.3369999999995	12.366	28.6210000000001	0	0
27.9400000000005	11.0239999999999	29.7150000000001	0	0
31.8559999999998	19.4989999999998	34.0219999999999	0	0
36.3359999999993	26.0650000000001	37.8599999999997	0	0
25.7859999999991	13.2060000000001	26.2640000000001	0	0
22.3939999999993	8.33100000000013	26.7480000000005	0	0
24.8109999999997	4.78300000000036	30.451	0	0
27.018	14.0239999999999	29.5880000000006	0	0
36.3189999999995	31.9290000000001	35.5299999999997	0	0
36.7200000000003	33.7060000000001	36.4850000000006	0	0
30.3040000000001	19.5160000000001	31.6880000000001	0	0
24.1730000000007	7.6579999999999	27.2340000000004	0	0
25.9049999999997	12.0679999999998	29.826	0	0
19.3500000000004	5.99199999999973	20.4830000000002	0	0
21.326	7.31799999999976	22.5189999999993	0	0
24.2750000000005	17.1040000000003	24.3860000000004	0	0
25.7119999999995	10.0650000000001	27.4369999999999	0	0
39.6440000000002	33.4100000000003	42.5	0	0
26.2610000000004	14.944	25.8179999999993	0	0
24.2999999999993	9.20499999999993	25.8710000000001	0	0
24.7060000000001	12.4900000000002	23.7300000000005	0	0
30.0419999999995	16.4949999999999	29.2690000000002	0	0
25.8889999999992	10.0160000000001	26.3389999999999	0	0
30.7659999999996	13.4879999999998	35.1179999999995	0	0
24.5199999999995	14.0169999999998	24.3910000000005	0	0
25.7840000000006	8.58699999999999	26.7309999999998	0	0
21.4760000000006	7.096	24.3969999999999	0	0
19.5770000000002	3.07000000000016	25.4589999999998	0	0
24.6610000000001	17.1170000000002	24.2369999999992	0	0
29.598	17.1549999999997	28.0100000000002	0	0
28.2600000000002	18.98	32.6820000000007	0	0
26.375	13.6150000000002	27.1469999999999	0	0
29.3969999999999	15.6480000000001	29.7340000000004	0	0
29.3739999999998	13.9409999999998	31.1679999999997	0	0
22.4100000000008	4.31200000000035	26.7809999999999	0	0
28.5750000000007	14.0899999999997	32.8779999999997	0	0
27.4719999999998	8.05099999999993	31.6569999999992	0	0
17.9170000000004	2.32900000000018	23.8760000000002	0	0
26.0069999999996	6.02500000000009	31.3580000000002	0	0
30.3240000000005	15.4960000000001	33.7970000000005	0	0
28.9489999999996	17.038	31.2130000000006	0	0
31.7039999999997	21.0480000000002	32.9650000000001	0	0
30.2579999999998	13.2580000000003	30.5470000000005	0	0
21.6629999999996	7.53700000000026	23.6379999999999	0	0
24.335	7.82200000000012	27.473	0	0
25.3339999999998	7.91699999999992	25.5639999999994	0	0
25.4980000000005	5.45199999999977	27.3099999999995	0	0
27.3510000000006	9.10399999999981	29.9169999999995	0	0
22.6590000000006	4.38200000000006	28.6139999999996	0	0
22.415	3.92300000000023	26.0240000000003	0	0
30.9960000000001	19.9140000000002	32.5630000000001	0	0
25.3220000000001	7.33699999999999	27.8230000000003	0	0
25.3010000000004	11.9069999999997	29.6229999999996	0	0
16.7399999999998	1.20499999999993	21.5990000000002	0	0
29.0100000000002	17.4859999999999	29.0500000000002	0	0
27.1979999999994	14.4270000000001	29.3739999999998	0	0
18.0860000000002	5.95299999999997	19.8809999999994	0	0
25.1190000000006	10.3519999999999	26.4830000000002	0	0
20.1689999999999	10.0059999999999	21.3209999999999	0	0
28.5020000000004	16.2070000000003	34.4229999999998	0	0
25.6310000000003	9.22299999999996	26.4780000000001	0	0
28.5380000000005	17.2019999999998	27.9949999999999	0	0
23.1559999999999	3.63699999999972	25.5660000000007	0	0
20.1239999999998	4.47999999999956	21.8800000000001	0	0
24.1419999999998	2.98400000000038	26.4190000000008	0	0
26.0910000000003	7.25999999999976	28.5559999999996	0	0
38.5590000000002	32.9480000000003	38.1869999999999	0	0
31.8919999999998	16.9099999999999	33.4220000000005	0	0
25.9499999999998	15.6340000000005	26.1390000000001	0	0
23.808	6.29500000000007	24.6559999999999	0	0
37.3220000000001	37.0410000000002	33.1800000000003	0	0
29.6679999999997	13.4759999999997	32.0130000000008	0	0
24.6040000000003	11.7460000000001	26.4549999999999	0	0
19.7610000000004	3.82200000000012	20.5470000000005	0	0
38.1369999999997	30.6790000000001	37.6139999999996	0	0
16.8699999999999	4.23700000000008	18.4660000000003	0	0
24.7140000000009	9.60699999999997	28.6819999999989	0	0
20.8249999999998	13.1040000000003	21.0120000000006	0	0
23.9160000000002	8.96199999999953	25.4889999999996	0	0
25.8000000000002	10.924	27.8209999999999	0	0
19.2159999999994	6.82999999999993	21.6790000000001	0	0
30.3280000000004	13.0010000000002	30.4349999999995	0	0
27.0750000000007	22.1390000000001	27.4560000000001	0	0
25.6400000000012	7.75500000000011	27.7019999999993	0	0
22.5199999999986	6.32399999999961	23.3379999999997	0	0
28.1829999999991	24.7369999999992	28.0200000000004	0	0
28.0839999999989	12.4879999999994	32.7510000000002	0	0
22.6180000000004	4.58899999999994	24.0020000000004	0	0
20.0829999999987	3.90499999999975	25.264000000001	0	0
23.357	7.22100000000046	26.2960000000003	0	0
22.9930000000004	12.6220000000003	27.482	0	0
24.8350000000009	10.0949999999993	26.9660000000003	0	0
40.6040000000012	35.0009999999993	40.2610000000004	0	0
35.7980000000007	23.9409999999998	35.3109999999997	0	0
31.1679999999997	19.2600000000002	35.155999999999	0	0
27.0930000000008	12.3419999999996	26.155999999999	0	0
27.2999999999993	13.8759999999993	28.4779999999992	0	0
21.021999999999	9.19799999999941	21.7570000000014	0	0
25.8420000000006	11.6809999999996	28.9550000000017	0	0
19.505000000001	3.09100000000035	25.0049999999992	0	0
25.1290000000008	11.1120000000001	28.3439999999991	0	0
23.9660000000003	7.55099999999948	27.0929999999989	0	0
24.1740000000009	8.63799999999992	27.1440000000002	0	0
22.5150000000012	10.9440000000004	22.0529999999999	0	0
25.8799999999992	13.0560000000005	28.0100000000002	0	0
19.5259999999998	3.78899999999976	24.3490000000002	0	0
30.616	18.6149999999998	29.4789999999994	0	0
25.7570000000014	10.165	24.0739999999987	0	0
30.8760000000002	19.2369999999992	32.7459999999992	0	0
22.8869999999988	8.69700000000012	25.4410000000007	0	0
29.4030000000002	13.1629999999996	30.0900000000001	0	0
23.7299999999996	6.08500000000004	27.5399999999991	0	0
31.3339999999989	18.2080000000005	32.9499999999989	0	0
28.9009999999998	15.701	29.5049999999992	0	0
18.1239999999998	6.14599999999973	20.3220000000001	0	0
18.0640000000003	3.15399999999954	19.009	0	0
24.0630000000001	4.59199999999964	27.7309999999998	0	0
28.7100000000009	12.6469999999999	31.8220000000001	0	0
25.9890000000014	10.8090000000002	26.473	0	0
29.7099999999991	15.9859999999999	32.4279999999999	0	0
24.3230000000003	6.91400000000067	29.4309999999987	0	0
23.8959999999988	8.20699999999943	27.6049999999996	0	0
25.4079999999994	10.473	26.5489999999991	0	0
24.9060000000009	14.9809999999998	27.5570000000007	0	0
19.3629999999994	9.19200000000001	20.2510000000002	0	0
24.4639999999999	8.51100000000042	26.5049999999992	0	0
22.7829999999994	15.2740000000003	24.3690000000006	0	0
29.9989999999998	20.5479999999998	30.5640000000003	0	0
28.2049999999999	14.0020000000004	32.1239999999998	0	0
32.5529999999999	20.6399999999994	34.746000000001	0	0
25.509	10.9540000000006	28.0530000000017	0	0
26.8520000000008	14.2209999999995	27	0	0
20.753999999999	8.38000000000011	26.6530000000002	0	0
31.3150000000005	22.4529999999995	33.8049999999985	0	0
38.8889999999992	38.0720000000001	36.4670000000006	0	0
18.125	6.64399999999932	21.1100000000006	0	0
28.4560000000001	11.0479999999998	34.5720000000001	0	0
27.2089999999989	12.527	31.8430000000008	0	0
37.4480000000003	30.2420000000002	37.777	0	0
31.0670000000009	20.1749999999993	33.7300000000014	0	0
28.9940000000006	20.576	28.6399999999994	0	0
26.5910000000003	12.29	26.3520000000008	0	0
26.1149999999998	10.4989999999998	26.5459999999985	0	0
24.2489999999998	9.17900000000009	27.3919999999998	0	0
21.6989999999987	3.24000000000069	26.3180000000011	0	0
24.9279999999999	10.7539999999999	25.6800000000003	0	0
29.1049999999996	10.2919999999995	38.4130000000005	0	0
25.4470000000001	6.61000000000058	31.768	0	0
33.4879999999994	20.9290000000001	36.6540000000005	0	0
23.5559999999987	6.69499999999971	26.7289999999994	0	0
24.9060000000009	8.42700000000059	29.6389999999992	0	0
24.2369999999992	6.57800000000043	27.7569999999996	0	0
28.7070000000003	11.9229999999998	28.9319999999989	0	0
22.1490000000013	2.8720000000003	25.2489999999998	0	0
23.4309999999987	7.28700000000026	25.0499999999993	0	0
32.9789999999994	21.9610000000002	35.8680000000004	0	0
19.2750000000015	4.13799999999992	21.4840000000004	0	0
23.9060000000009	9.43900000000031	25.3500000000004	0	0
24.8059999999987	4.46500000000015	27.8999999999996	0	0
21.7279999999992	4.79299999999967	22.9660000000003	0	0
27.6959999999999	14.9759999999997	27.3230000000003	0	0
22.0509999999995	1.86700000000019	27.148000000001	0	0
24.5150000000012	9.78200000000015	27.4850000000006	0	0
24.0209999999988	14.2489999999998	23.893	0	0
26.4279999999999	8.12899999999991	32.8410000000003	0	0
26.1959999999999	11.741	32.0769999999993	0	0
31.155999999999	20.4340000000002	33.1869999999999	0	0
23.3320000000003	6.69800000000032	26.2049999999999	0	0
24.3580000000002	9.67799999999988	25.6849999999995	0	0
42.6100000000006	43.5559999999996	38.2399999999998	0	0
26.7759999999998	16.3790000000008	27.1819999999989	0	0
29.5239999999994	19.5699999999997	32.5550000000003	0	0
25.5329999999994	13.4529999999995	28.7130000000016	0	0
25.0300000000007	9.38100000000031	25.6739999999991	0	0
17.7849999999999	4.13600000000042	20.1179999999986	0	0
31.0709999999999	18.1509999999998	29.9279999999999	0	0
18.7659999999996	7.94599999999991	19.2170000000006	0	0
20.8539999999994	5.10999999999967	25.6029999999992	0	0
17.7219999999998	5.50900000000001	20.2820000000011	0	0
25.0540000000001	11.3960000000006	23.8870000000006	0	0
32.6409999999996	21.8680000000004	32.896999999999	0	0
23.8310000000001	14.9559999999992	26.5630000000001	0	0
18.5669999999991	7.35300000000007	20.7880000000005	0	0
24.6459999999988	11.8119999999999	26.4380000000001	0	0
26.4880000000012	8.15200000000004	30.0460000000003	0	0
28.5159999999996	12.9540000000006	29.8649999999998	0	0
23.6700000000001	5.78800000000047	27.9789999999994	0	0
28.143	23.3410000000003	27.112000000001	0	0
29.9650000000001	15.0439999999999	32.3400000000001	0	0
27.9629999999997	9.58300000000054	29.5389999999989	0	0
29.7910000000011	22.3820000000005	28.4490000000005	0	0
23.1829999999991	11.8069999999998	25.7780000000002	0	0
29.4559999999983	12.6709999999994	30.8549999999996	0	0
24.1720000000005	9.46100000000024	26.7120000000014	0	0
23.866	2.42200000000048	28.8089999999993	0	0
32.4149999999991	25.7139999999999	31.3460000000014	0	0
34.6720000000005	23.4169999999995	34.1239999999998	0	0
28.8269999999993	15.8620000000001	34.1499999999996	0	0
29.6479999999992	16.576	29.4159999999993	0	0
19.2909999999993	3.61399999999958	23.1750000000011	0	0
24.862000000001	7.46299999999974	25.5360000000001	0	0
21.3959999999988	2.78400000000056	25.1709999999985	0	0
19.0069999999996	3.85400000000027	22.1409999999996	0	0
24.9989999999998	6.5590000000002	29.2510000000002	0	0
21.6219999999994	12.018	22.0419999999995	0	0
19.2049999999999	2.1850000000004	25.3410000000003	0	0
18.0689999999995	3.98300000000017	20.7399999999998	0	0
32.5249999999996	20.5479999999998	35.8400000000001	0	0
25.6589999999997	11.4570000000003	28.6939999999995	0	0
30.2309999999998	18.0410000000002	29.4110000000001	0	0
25.0259999999998	18.098	24.6749999999993	0	0
21.2119999999995	7.15599999999995	26.1679999999997	0	0
28.6350000000002	18.9580000000005	30.3009999999995	0	0
29.7380000000012	21.6679999999997	31.3150000000005	0	0
15.7990000000009	1.55299999999988	17.7520000000004	0	0
24.3369999999995	4.46799999999985	29.6110000000008	0	0
25.2389999999996	12.4800000000005	27.8420000000006	0	0
20.2300000000014	8.76699999999983	21.6440000000002	0	0
21.3590000000004	6.27300000000014	24.518	0	0
22.348	2.8110000000006	25.3150000000005	0	0
23.7309999999998	6.20600000000013	30.1530000000002	0	0
33.9840000000004	28.0420000000004	35.9359999999997	0	0
23.9279999999999	7.46699999999964	26.875	0	0
26.7759999999998	7.41799999999967	28.6679999999997	0	0
27.2200000000012	14.5339999999997	31.9529999999995	0	0
40.5390000000007	39.5299999999997	37.5810000000001	0	0
28.2209999999995	11.9459999999999	30.4239999999991	0	0
30.5419999999995	17.9409999999998	33.4609999999993	0	0
27.9930000000004	12.5820000000003	28.0149999999994	0	0
26.9200000000001	12.9570000000003	29.2139999999999	0	0
24.0079999999998	9.91899999999987	24.5300000000007	0	0
22.1890000000003	5.46500000000015	25.7529999999988	0	0
25.0030000000006	12.0859999999993	28.6980000000003	0	0
22.9210000000003	7.48799999999937	25.1069999999982	0	0
29.7510000000002	20.2210000000005	30.132999999998	0	0
17.5470000000005	3.65900000000056	18.3790000000008	0	0
23.152	8.3090000000002	23.476999999999	0	0
32.6829999999991	24.6819999999989	38.3489999999983	0	0
30.9930000000004	18.4259999999995	32.7100000000028	0	0
26.5570000000007	7.85599999999977	33.1990000000005	0	0
27.8820000000014	16	28.9540000000015	0	0
24.1549999999988	9.48099999999977	29.5469999999987	0	0
22.8970000000008	8.74200000000019	25.2649999999994	0	0
39.0859999999993	31.7369999999992	36.992000000002	0	0
31.5930000000008	17.0049999999992	31.2540000000008	0	0
20.4459999999999	10.1489999999994	20.974000000002	0	0
24.6139999999996	14.3559999999998	24.739999999998	0	0
22.4519999999993	9.56899999999951	24.7720000000008	0	0
19.4939999999988	5.44099999999889	23.9209999999985	0	0
19.1869999999999	3.94000000000051	21.4570000000022	0	0
25.4449999999997	3.78499999999985	29.6970000000001	0	0
25.259	7.95199999999932	29.0760000000009	0	0
26.6499999999996	8.51900000000023	30.1090000000004	0	0
22.0100000000002	8.44400000000132	24.476999999999	0	0
26.6129999999994	8.63899999999921	32.5010000000002	0	0
32.6740000000009	18.2330000000002	33.3859999999986	0	0
23.8220000000001	10.5650000000005	26.8410000000003	0	0
28.3420000000006	16.7639999999992	29.362000000001	0	0
31.6850000000013	21.0539999999983	33.8580000000002	0	0
31.0779999999977	15.889000000001	35.5640000000021	0	0
22.0040000000008	2.62099999999919	25.7839999999997	0	0
25.4440000000031	16.8389999999999	28.2770000000019	0	0
25.6500000000015	10.1190000000006	26.1390000000029	0	0
27.4130000000005	9.42699999999968	30.8139999999985	0	0
36.893	30.8459999999995	36.6719999999987	0	0
16.5249999999978	2.71299999999974	19.2180000000008	0	0
26.5970000000016	12.2340000000004	27.5310000000027	0	0
23.8950000000004	6.84799999999996	28.0669999999991	0	0
21.8340000000026	3.27499999999964	23.724000000002	0	0
30.5809999999983	23.4589999999989	31.1769999999997	0	0
22.3899999999994	5.11599999999999	22.2220000000016	0	0
20.6670000000013	6.2450000000008	25.4169999999976	0	0
29.4789999999994	11.6220000000012	33.3209999999999	0	0
25.2189999999973	5.20600000000013	24.9629999999997	0	0
26.7940000000017	11.6200000000008	27.0040000000008	0	0
25.6830000000009	8.41799999999967	30.9560000000019	0	0
16.8760000000002	2.00400000000081	19.280999999999	0	0
24.9670000000006	11.7439999999988	27.7649999999994	0	0
24.6620000000003	11.8940000000002	29.0979999999981	0	0
26.8559999999998	13.9430000000011	29.1059999999998	0	0
23.8250000000007	8.36099999999897	24.3430000000008	0	0
22.5239999999976	4.92299999999886	23.5790000000015	0	0
22.5	4.33799999999974	24.8990000000013	0	0
25.643	11.8729999999996	25.1700000000019	0	0
32.3300000000017	21.7199999999993	31.8970000000008	0	0
26.5879999999997	13.2849999999999	25.7189999999973	0	0
32.5550000000003	27.8029999999999	33.143	0	0
27.1450000000004	14.5460000000003	29.5290000000023	0	0
31.3199999999997	22.4989999999998	30.6219999999994	0	0
26.0760000000009	8.871000000001	27.7559999999976	0	0
30.3580000000002	18.0020000000004	32.0610000000015	0	0
29.9680000000008	17.6769999999997	30.8060000000005	0	0
33.5049999999974	22.1219999999994	32.8120000000017	0	0
28.018	10.5409999999993	29.6419999999998	0	0
27.9039999999986	7.67200000000048	33.3469999999979	0	0
22.0040000000008	9.20499999999993	23.9179999999978	0	0
22.8589999999967	8.21399999999994	24.2939999999981	0	0
23	10.8590000000004	22.9599999999991	0	0
23.867000000002	8.25300000000061	26.3090000000011	0	0
32.4099999999999	19.7700000000004	35.2079999999987	0	0
28.9490000000005	16.982	33.8889999999992	0	0
26.9729999999981	14.3229999999985	30.9809999999998	0	0
22.6309999999976	6.39000000000124	25.2969999999987	0	0
31.2039999999979	18.1739999999991	36.3159999999989	0	0
21.4530000000013	4.89600000000064	25.6849999999977	0	0
23.1549999999988	5.003999999999	28.5470000000023	0	0
17.8029999999999	4.21099999999933	18.7340000000004	0	0
35.5439999999981	22.5079999999998	33.5430000000015	0	0
27.8459999999977	12.030999999999	28.9229999999989	0	0
24.5680000000029	10.3289999999997	27.2599999999984	0	0
34.1939999999995	23.5709999999999	36.3849999999984	0	0
21.4910000000018	8.58600000000115	23.1570000000029	0	0
27.7729999999974	16.7960000000003	27.586000000003	0	0
22.155999999999	5.63699999999881	24.2910000000011	0	0
26.4660000000003	16.869999999999	29.1010000000024	0	0
32.3889999999992	27.6689999999999	32.7650000000031	0	0
27.8770000000004	16.1790000000001	28.2530000000006	0	0
27.732	10.5439999999999	30.349000000002	0	0
24.9130000000005	10.9650000000001	27.9939999999988	0	0
31.617000000002	21.9290000000001	31.7039999999979	0	0
28.7000000000007	22.1489999999994	28.2609999999986	0	0
17.2059999999983	1.43600000000151	21.4310000000005	0	0
22.5720000000001	5.53000000000065	24.4210000000021	0	0
29.8240000000005	18.0070000000014	30.2279999999992	0	0
23.0030000000006	5.04000000000087	23.6669999999976	0	0
28.6940000000031	20.5499999999993	29.1769999999997	0	0
25.9629999999997	8.48199999999997	30.6590000000033	0	0
24.9700000000012	12.1329999999998	30.0509999999995	0	0
29.7910000000011	14.6010000000006	32.8790000000008	0	0
33.8310000000019	19.3670000000002	34.4079999999994	0	0
34.5040000000008	26.3140000000003	37.3140000000021	0	0
19.6860000000015	10.1460000000006	19.2590000000018	0	0
26.150999999998	13.0499999999993	30.3849999999984	0	0
21.5249999999978	5.59799999999996	21.8139999999985	0	0
24.9960000000028	3.38999999999942	27.3799999999974	0	0
25.2829999999994	10.1149999999998	25.9279999999999	0	0
28.5099999999984	17.1710000000003	28.8010000000031	0	0
23.5499999999993	11.8780000000006	24.9079999999994	0	0
26.137999999999	10.1700000000001	29.7979999999989	0	0
20.8040000000001	10.7340000000004	23.7639999999992	0	0
19	8.93599999999969	23.4239999999991	0	0
22.8819999999978	7.00300000000061	24.4279999999999	0	0
23.905999999999	11.7709999999988	28.1570000000029	0	0
22.1850000000013	2.09000000000015	25.2360000000008	0	0
24.9309999999969	9.35900000000038	25.5639999999985	0	0
33.9180000000015	22.1020000000008	36.0590000000011	0	0
26.8240000000005	16.1980000000003	27.9539999999979	0	0
25.2000000000007	11.1700000000001	26.8639999999978	0	0
24.0770000000011	9.60200000000077	25.898000000001	0	0
22.099000000002	4.45499999999993	23.5450000000019	0	0
26.7829999999994	6.89999999999964	30.7309999999998	0	0
21.9399999999987	2.5630000000001	25.3230000000003	0	0
36.0360000000001	27.4570000000003	36.0139999999992	0	0
20.4840000000004	3.78000000000065	23.7619999999988	0	0
22.9000000000015	5.94399999999951	25.3319999999985	0	0
38.2829999999994	36.6740000000009	35.1389999999992	0	0
28.8899999999994	18.7380000000012	29.1569999999992	0	0
23.6959999999999	6.50900000000001	27.1129999999976	0	0
21.0689999999995	12.110999999999	20.8610000000008	0	0
32.1790000000001	21.7560000000012	36.2970000000023	0	0
41.094000000001	44.1669999999995	35.7929999999978	0	0
25.3139999999985	12.4709999999995	27.349000000002	0	0
29.9040000000023	23.7450000000008	29.4300000000003	0	0
27.3650000000016	7.07699999999932	31.0349999999999	0	0
32.1539999999986	23.6790000000001	34.7069999999985	0	0
32.9570000000022	29.1129999999994	31.8729999999996	0	0
17.7980000000025	5.55400000000009	18.5320000000029	0	0
27.9229999999989	22.1899999999987	29.9259999999995	0	0
23.9529999999977	9.06400000000031	25.6719999999987	0	0
19.3379999999997	6.7450000000008	21.2039999999979	0	0
26.3400000000001	10.514000000001	29.1260000000002	0	0
19.3729999999996	7.66599999999926	21.744999999999	0	0
22.2860000000001	5.38199999999961	26.8679999999986	0	0
27.4089999999997	15.0220000000008	30.898000000001	0	0
24.5590000000011	13.7890000000007	27.1630000000005	0	0
31.9529999999977	22.9830000000002	33.5830000000024	0	0
22.9969999999994	3.35100000000057	22.494999999999	0	0
18.887999999999	3.43299999999908	17.7649999999994	0	0
20.9140000000007	2.57400000000052	20.5650000000023	0	0
20.8970000000008	0.930000000000291	21.0489999999991	0	0
18.4919999999984	5.51899999999841	17.8029999999999	0	0
26.6049999999996	8.71600000000035	25.127999999997	0	0
18.3709999999992	2.59000000000015	17.844000000001	0	0
20.4340000000011	2.32500000000073	20.3990000000013	0	0
21.023000000001	1.89699999999903	20.4629999999997	0	0
22.6880000000019	1.39700000000084	21.7379999999976	0	0
16.2610000000022	0.707999999998719	16.2620000000024	0	0
20.3619999999974	2.05899999999929	19.607	0	0
21.4880000000012	1.99300000000039	20.8250000000007	0	0
23.2950000000019	1.67000000000007	22.6369999999988	0	0
22.3320000000022	4.8849999999984	21.2910000000011	0	0
21.505000000001	3.98300000000017	20.7530000000006	0	0
23.0889999999999	3.75	22.1369999999988	0	0
21.7669999999998	2.02800000000025	21.1360000000022	0	0
20.400999999998	1.16699999999946	20.6589999999997	0	0
20.4910000000018	2.34899999999834	20.2720000000008	0	0
21.3610000000008	3.04000000000087	21.7700000000004	0	0
23.8469999999979	2.14500000000044	23.1129999999976	0	0
24.5329999999994	2.80500000000029	24.137999999999	0	0
19.398000000001	3.07300000000032	19.1450000000004	0	0
21.1580000000031	2.8179999999993	21.2590000000018	0	0
20.9540000000015	3.55400000000009	20.2339999999967	0	0
15.4979999999996	1.05099999999948	15.2139999999999	0	0
26.1999999999971	8.25799999999981	25.244999999999	0	0
19.125	1.92599999999948	18.7510000000002	0	0
21.6740000000027	2.77700000000004	21.1640000000007	0	0
22.3369999999995	4.05799999999908	22.1620000000003	0	0
22.5740000000005	1.99800000000141	22.5879999999997	0	0
20.9409999999989	2.32300000000032	20.3120000000017	0	0
20.9589999999989	1.35599999999977	20.2210000000014	0	0
21.5999999999985	3.50699999999961	21.9529999999977	0	0
20.8480000000018	1.95700000000033	19.987000000001	0	0
21.3080000000009	1.91699999999946	20.6239999999998	0	0
24.7539999999972	4.16299999999865	24.2740000000013	0	0
15.8479999999981	0.679000000000087	15.8420000000006	0	0
16.0649999999987	2.55099999999948	15.4190000000017	0	0
21.0869999999995	1.71600000000035	21.5429999999978	0	0
23.9010000000017	2.72500000000036	24.0020000000004	0	0
16.530999999999	0.948999999998705	15.9579999999987	0	0
24.2210000000014	4.37199999999939	23.1190000000024	0	0
22.4069999999992	1.40800000000127	23.5669999999991	0	0
21.9379999999983	3.57600000000093	21.1059999999998	0	0
19.232	3.28499999999985	18.2400000000016	0	0
19.0630000000019	4	17.6919999999991	0	0
21.8029999999999	1.66799999999967	21.4779999999992	0	0
21.0200000000004	2.2510000000002	20.4890000000014	0	0
23.7139999999999	2.97600000000057	22.9279999999999	0	0
16.4430000000029	1.00200000000041	16.0650000000023	0	0
18.232	2.1190000000006	17.6049999999996	0	0
22.8709999999992	1.68299999999908	22.2459999999992	0	0
15.869999999999	0.915999999999258	15.5159999999996	0	0
23.0250000000015	1.87700000000041	22.2249999999985	0	0
14.9989999999998	0.891999999999825	15.8060000000005	0	0
20.6529999999984	2.52999999999884	19.8619999999974	0	0
23.5349999999999	5.26100000000042	22.4500000000007	0	0
21.5960000000014	1.60100000000057	21.1159999999982	0	0
25.5289999999986	4.83899999999994	24.8909999999996	0	0
21.6009999999987	2.80600000000049	21.1769999999997	0	0
16.5479999999989	2.49799999999959	15.8270000000011	0	0
19.7649999999994	2.09100000000035	19.4359999999979	0	0
17.4380000000019	1.27999999999884	16.8230000000003	0	0
17.4320000000007	2.62199999999939	16.857	0	0
22.002999999997	2.50200000000041	21.5519999999997	0	0
22.9550000000017	1.91699999999946	22.9180000000015	0	0
21.0109999999986	1.8760000000002	20.9550000000017	0	0
20.2170000000006	1.03800000000047	20.0300000000025	0	0
23.244999999999	2.54899999999907	23.1880000000019	0	0
27.773000000001	14.9840000000004	25.2710000000006	0	0
20.755000000001	2.47099999999955	20.6319999999978	0	0
18.6200000000026	2.98899999999958	18.7549999999974	0	0
23.3299999999981	1.98999999999978	22.4000000000015	0	0
25.8179999999993	5.96200000000135	24.5650000000023	0	0
22.724000000002	3.08899999999994	21.869999999999	0	0
21.7059999999983	3.93599999999969	21.2299999999996	0	0
20.1759999999995	1.86399999999958	20.5979999999981	0	0
17.5509999999995	2.73400000000038	17.6790000000001	0	0
20.5420000000013	2.06400000000031	20.0489999999991	0	0
20.5319999999992	5.44000000000051	19.2049999999981	0	0
22.9579999999987	1.43499999999949	23.0829999999987	0	0
19.0740000000005	2.26600000000144	18.6570000000029	0	0
20.9330000000009	2.29399999999987	20.2179999999971	0	0
21.7309999999998	4.05699999999888	22.3599999999969	0	0
18.8780000000006	1.53499999999985	19.268	0	0
21.1399999999994	2.27700000000004	21.4650000000001	0	0
25.0010000000002	10.0969999999998	23.726999999999	0	0
20.6970000000001	2.75199999999859	20.1029999999992	0	0
23.887999999999	2.02700000000004	23.2890000000007	0	0
15.732	2.2510000000002	15.2270000000026	0	0
19.2950000000019	2.99799999999959	18.482	0	0
21.7459999999992	4.97499999999854	21.8349999999991	0	0
22.3630000000012	3.7559999999994	21.4700000000012	0	0
26.1150000000016	7.71199999999953	25.1290000000008	0	0
25.7520000000004	4.01499999999942	25.3559999999998	0	0
20.099000000002	1.47299999999996	20.6809999999969	0	0
19.8089999999975	1.57500000000073	20.0560000000005	0	0
18.012999999999	1.71500000000015	17.7080000000024	0	0
17.6749999999993	1.0619999999999	17.8680000000022	0	0
22.1959999999999	0.812999999998283	21.8389999999999	0	0
17.4180000000015	0.906999999999243	17.1669999999976	0	0
20.8380000000034	2.02100000000064	20.882999999998	0	0
20.8029999999999	2.79999999999927	20.2439999999988	0	0
23.8259999999973	2.19800000000032	23.0789999999979	0	0
21.2049999999981	2.1969999999983	20.739999999998	0	0
21.893	1.8229999999985	21.1660000000011	0	0
21.4939999999988	2.77200000000084	20.5140000000029	0	0
24.3139999999985	2.04900000000089	23.6320000000014	0	0
18.0399999999972	1.29500000000007	17.5410000000011	0	0
23.5399999999972	3.9950000000008	22.3329999999987	0	0
15.5210000000006	0.527000000000044	15.8379999999997	0	0
22.226999999999	3.73899999999958	21.5869999999995	0	0
25.9210000000021	12.2669999999998	24.2780000000021	0	0
20.6839999999975	2.59000000000015	20.2649999999994	0	0
22.2909999999974	2.54299999999967	21.9169999999976	0	0
22.1650000000009	3.65599999999904	21.630000000001	0	0
18.8290000000015	1.6239999999998	18.5799999999981	0	0
20.6999999999971	5.83400000000074	19.7940000000017	0	0
21.0060000000012	2.15999999999985	20.367000000002	0	0
18.8499999999985	2.19600000000173	18.1489999999976	0	0
23.2720000000008	2.46500000000015	23.2300000000032	0	0
23.2040000000015	7.66599999999926	21.7980000000025	0	0
24.0969999999979	2.86000000000058	22.8509999999987	0	0
23.6670000000013	2.04500000000007	23.2440000000024	0	0
23.744999999999	7.44399999999951	23.3340000000026	0	0
21.2469999999994	1.96299999999974	20.4650000000001	0	0
21.3479999999981	1.9940000000006	21.0580000000009	0	0
23.5780000000013	2.91800000000148	23.1280000000006	0	0
18.3209999999999	1.82400000000052	18.3949999999968	0	0
23.6470000000008	2.25900000000001	23.9799999999996	0	0
21.0929999999971	1.70700000000033	21.0579999999973	0	0
34.4030000000021	25.2939999999999	31.7109999999993	0	0
29.5910000000003	12.4660000000003	28.9269999999997	0	0
20.9569999999985	2.39999999999964	21.0560000000005	0	0
24.7000000000007	7.79799999999886	27.1020000000026	0	0
9.50900000000183	0.662000000000262	10.1749999999993	0	0
25.2780000000021	3.69000000000051	27.4269999999997	0	0
24.4670000000006	2.41700000000128	26.1219999999994	0	0
21.3920000000035	2.70300000000134	21.0869999999995	0	0
21.1579999999994	1.25800000000163	20.8329999999987	0	0
19.4030000000021	1.77100000000064	19.0810000000019	0	0
22.2569999999978	1.66100000000006	21.4919999999984	0	0
21.2069999999985	1.89300000000003	22.0769999999975	0	0
23.2359999999971	4.78399999999965	23.3380000000034	0	0
20.6829999999973	2.40400000000045	20.7350000000006	0	0
21.7220000000016	4.17000000000007	21.6229999999996	0	0
16.3500000000022	1.81400000000031	16.0570000000007	0	0
23.6160000000018	2.92299999999886	22.9880000000012	0	0
21.8009999999995	10.9619999999995	20.0010000000002	0	0
27.119999999999	16.862000000001	23.7949999999983	0	0
26.7999999999993	12.1829999999991	27.4609999999993	0	0
23.0879999999997	6.13700000000063	22.0090000000018	0	0
17.2970000000023	2.23799999999937	16.6610000000001	0	0
16.3960000000006	4.02100000000064	15.8329999999987	0	0
21.6549999999988	4.15899999999965	21.0810000000019	0	0
16.7700000000004	1.65400000000045	15.997000000003	0	0
17.7669999999998	1.92799999999988	17.3729999999996	0	0
18.3950000000004	1.23700000000099	17.7130000000034	0	0
24.8359999999993	4.79999999999927	24.3130000000019	0	0
20.5089999999982	4.94700000000012	19.885000000002	0	0
24.148000000001	3.18599999999969	24.0339999999997	0	0
16.7819999999992	2.14099999999962	16.5089999999982	0	0
19.9680000000008	0.689000000000306	20.0330000000031	0	0
23.2229999999981	2.08100000000013	23.2510000000002	0	0
20.2839999999997	1.246000000001	20.0200000000004	0	0
21.1929999999993	2.07699999999932	20.4939999999988	0	0
18.5190000000002	2.3809999999994	17.9779999999992	0	0
24.0210000000006	3.3760000000002	23.4230000000025	0	0
23.5610000000015	2.28899999999885	23.2930000000015	0	0
22.8739999999998	2.09000000000015	23	0	0
18.4799999999996	2.125	18.3470000000016	0	0
26.9709999999977	8.18400000000111	26.0390000000007	0	0
17.5989999999983	1.61200000000099	18.0770000000011	0	0
22.8470000000016	1.49499999999898	22.4379999999983	0	0
20.1229999999996	1.40600000000086	19.7279999999992	0	0
24.3470000000016	2.94399999999951	24.7540000000008	0	0
24.5720000000001	4.46999999999935	24.0460000000021	0	0
23.869999999999	2.71399999999994	23.255000000001	0	0
17.2479999999996	1.67399999999907	17.5319999999992	0	0
23.9119999999966	3.6869999999999	22.7560000000012	0	0
23.2309999999998	3.46700000000055	24.8009999999995	0	0
24.1790000000001	3.58200000000033	23.8179999999993	0	0
21.3499999999985	2.44100000000071	20.3280000000013	0	0
20.9140000000007	3.35599999999977	21.4290000000001	0	0
21.6210000000028	8.43500000000131	20.9239999999991	0	0
26.5269999999982	11.3379999999997	25.8820000000014	0	0
23.9210000000021	3.4369999999999	23.9399999999987	0	0
19.8010000000031	1.45600000000013	20.8600000000006	0	0
24.7530000000006	5.24399999999878	23.4670000000006	0	0
22.6020000000026	1.84300000000076	22.9979999999996	0	0
24.0109999999986	3.01699999999983	23.1009999999987	0	0
20.5119999999988	1.46199999999953	20.1699999999983	0	0
20.7069999999985	1.62099999999919	20.1550000000025	0	0
21.2970000000023	4.10200000000077	21.476999999999	0	0
22.9170000000013	5.54999999999927	22.1719999999987	0	0
24.1640000000007	2.1929999999993	25.0119999999988	0	0
22.2139999999999	4.01499999999942	21.6099999999969	0	0
20.5220000000008	1.7450000000008	20.2549999999974	0	0
24.1260000000002	6.90899999999965	23.1310000000012	0	0
20.9219999999987	1.31800000000112	20.604000000003	0	0
21.3300000000017	2.24200000000019	21.4860000000008	0	0
22.7610000000022	4.89400000000023	21.7340000000004	0	0
20.7289999999994	1.50500000000102	20.5590000000011	0	0
21.0329999999994	2.1299999999992	20.7590000000018	0	0
19.4609999999993	3.88900000000103	18.7860000000001	0	0
22.1520000000019	4.72799999999916	21.8320000000022	0	0
21.4219999999987	2.60399999999936	21.0400000000009	0	0
20.9319999999971	1.91300000000047	20.2849999999999	0	0
23.3790000000008	2.35900000000038	23.0669999999991	0	0
18.857	3.36199999999917	18.0509999999995	0	0
21.1409999999996	2.47500000000036	20.3280000000013	0	0
20.2740000000013	1.76999999999862	20.3580000000002	0	0
18.4969999999994	1.71999999999935	17.9120000000003	0	0
17.2180000000008	4.04500000000007	16.4110000000001	0	0
20.5190000000002	3.06999999999971	19.7510000000002	0	0
23.4209999999985	2.13299999999981	22.8319999999985	0	0
23.0589999999975	6.36399999999958	22.7369999999974	0	0
20.2690000000002	1.21999999999935	20.2720000000008	0	0
27.0770000000011	6.54600000000028	25.1660000000011	0	0
20.8249999999971	1.84099999999853	20.8659999999982	0	0
18.3809999999976	1.67300000000068	18.012999999999	0	0
19.9969999999994	0.923000000000684	19.6709999999985	0	0
28.3549999999996	11.8309999999983	26.2940000000017	0	0
20.8169999999991	2.10599999999977	20.5430000000015	0	0
22.0529999999999	4.29099999999926	22.2490000000034	0	0
8.91500000000087	0.43999999999869	8.65699999999924	0	0
24.8559999999998	3.56700000000092	23.7639999999992	0	0
24.3270000000011	4.40000000000146	24.3619999999974	0	0
21.8619999999974	3.97499999999854	21.4349999999977	0	0
21.8729999999996	1.98199999999997	21.7710000000006	0	0
21.7469999999994	7.24699999999939	20.0190000000002	0	0
17.2389999999978	4.8010000000013	16.3019999999997	0	0
19.7580000000016	1.36300000000119	19.643	0	0
20.0770000000011	2.05199999999968	19.7769999999982	0	0
25.6470000000008	5.0630000000001	25.6539999999986	0	0
19.4739999999983	8.94100000000071	18.5030000000006	0	0
22.3890000000029	4.93900000000031	21.5020000000004	0	0
21.5030000000006	2.9320000000007	21.5210000000006	0	0
23.648000000001	2.29000000000087	23.3880000000026	0	0
21.538999999997	3.79300000000148	21.1310000000012	0	0
23.3159999999989	2.13800000000083	22.0059999999976	0	0
21.5720000000001	3.11700000000019	21.849000000002	0	0
20.2109999999993	4.10399999999936	20.0709999999999	0	0
24.6959999999999	4.32000000000153	23.7209999999977	0	0
20.867000000002	1.72600000000057	21.4700000000012	0	0
21.630000000001	3.38400000000001	20.8029999999999	0	0
21.3510000000024	2.25699999999961	21.3239999999969	0	0
20.6290000000008	1.84400000000096	20.137999999999	0	0
20.893	1.90399999999863	20.3830000000016	0	0
20.7810000000027	1.64999999999964	20.7609999999986	0	0
19.0819999999985	1.86700000000019	18.9830000000002	0	0
21.4650000000001	3.47600000000057	20.8150000000023	0	0
23.4230000000025	2.01100000000042	24.0540000000037	0	0
22.6779999999999	2.52700000000004	22.1209999999992	0	0
21.6629999999968	3.46599999999853	21.6009999999951	0	0
24.0399999999972	3.57300000000032	23.4669999999969	0	0
26.9340000000011	5.61399999999958	25.6550000000061	0	0
25.2799999999988	5.5510000000013	24.0010000000038	0	0
20.7790000000023	2.19399999999951	21.3079999999973	0	0
25.5779999999977	5.41800000000148	24.5550000000003	0	0
22.4939999999988	1.56599999999889	21.7719999999972	0	0
20.6180000000022	1.34300000000076	19.9700000000012	0	0
21.3549999999996	2.97700000000077	20.9910000000018	0	0
21.0090000000018	1.99299999999857	20.3709999999992	0	0
20.9909999999982	2.27499999999964	20.4539999999979	0	0
22.0810000000019	3.63199999999961	21.4080000000031	0	0
22.1090000000004	2.63199999999961	21.612000000001	0	0
9.79100000000108	0.337000000001353	9.68400000000111	0	0
24.4579999999987	3.61200000000099	23.8830000000016	0	0
23.7309999999998	2.73199999999997	23.8160000000062	0	0
23.9130000000005	2.09599999999955	23.7149999999965	0	0
20.6679999999978	3.64300000000003	20.6889999999985	0	0
20.0300000000025	4.25200000000041	19.7279999999955	0	0
25.0169999999998	4.06999999999971	25.627999999997	0	0
21.4210000000021	2.75500000000102	20.9930000000022	0	0
19.4430000000029	3.71199999999953	19.1259999999966	0	0
21.6460000000006	2.59799999999996	21.1460000000006	0	0
20.6540000000023	1.6830000000009	21.2220000000016	0	0
15.8679999999986	0.947000000000116	15.7139999999999	0	0
24.5450000000019	7.91599999999926	23.2769999999946	0	0
24.5580000000045	3.2450000000008	24.3400000000038	0	0
21.2700000000041	3.26499999999942	20.6030000000028	0	0
25.5789999999979	9.24499999999898	24.1230000000069	0	0
23.637999999999	5.07899999999972	22.3789999999935	0	0
20.7980000000025	2.49300000000039	19.8949999999968	0	0
25.0889999999999	11.4170000000013	22.5109999999986	0	0
23.5599999999977	3.60199999999895	22.8289999999979	0	0
16.2960000000021	0.604999999999563	16.1610000000001	0	0
17.6779999999999	5.24900000000162	16.5239999999976	0	0
22.2279999999955	4.75799999999981	21.8859999999986	0	0
26.9329999999973	9.92000000000007	25.5950000000012	0	0
18.8499999999985	2.21600000000035	19.0740000000005	0	0
21.387999999999	2.98799999999937	21.1949999999997	0	0
22.0570000000007	3.50199999999859	21.5869999999995	0	0
24.4779999999955	4.80600000000049	23.5120000000024	0	0
23.6059999999998	1.61899999999878	23.5680000000066	0	0
18.6939999999959	1.09500000000116	18.2510000000038	0	0
21.1310000000012	2.10699999999997	20.4369999999981	0	0
17.9910000000018	4.97600000000057	17.1829999999973	0	0
24.7679999999964	4.19499999999971	24.476999999999	0	0
23.0760000000009	2.52899999999863	23.1660000000047	0	0
20.8070000000007	1.90600000000086	21.2770000000019	0	0
23.8320000000022	1.9369999999999	23.9409999999989	0	0
21.0279999999984	1.78900000000067	20.9579999999987	0	0
20.4190000000017	1.41300000000047	20.6180000000022	0	0
21.4189999999944	3.46500000000015	20.8890000000029	0	0
18.7469999999958	1.53900000000067	18.2890000000043	0	0
19.5840000000026	3.24199999999837	18.5440000000017	0	0
16.6129999999976	1.34599999999955	16.1140000000014	0	0
24.971000000005	6.35100000000057	24.8629999999976	0	0
20.8260000000009	1.81099999999969	20.4060000000027	0	0
23.9429999999993	2.94000000000051	23.5959999999977	0	0
20.375	1.96099999999933	20.2549999999974	0	0
23.5670000000027	3.11000000000058	22.7649999999994	0	0
22.4190000000017	4.53199999999924	21.2969999999987	0	0
21.375	2.29200000000128	20.6800000000003	0	0
21.4990000000034	1.21600000000035	21.9309999999969	0	0
25.2669999999998	6.48300000000017	26.0350000000035	0	0
16.1500000000015	0.810999999999694	16.0250000000015	0	0
21.3399999999965	2.10200000000077	21.8260000000009	0	0
20.5570000000007	2.25199999999859	20.101999999999	0	0
23.3899999999994	2.28399999999965	23.6419999999998	0	0
8.9210000000021	0.693999999999505	8.73799999999756	0	0
20.4910000000018	1.41899999999987	19.8029999999999	0	0
17.8430000000008	1.08999999999833	17.0459999999948	0	0
22.0820000000022	1.51900000000023	21.1500000000015	0	0
20.6030000000028	1.53900000000067	19.6260000000038	0	0
21.1919999999955	1.76599999999962	20.4360000000015	0	0
22.1410000000033	1.79900000000089	21.2200000000012	0	0
22.6910000000062	2.51000000000022	21.7200000000012	0	0
25.1659999999974	3.49200000000019	23.7650000000067	0	0
22.6429999999964	1.91899999999987	21.7750000000015	0	0
23.3740000000034	1.59900000000016	22.4360000000015	0	0
20.3760000000038	2.36800000000039	19.5480000000025	0	0
21.0140000000029	1.70999999999913	20.0190000000002	0	0
16.2099999999991	0.840000000000146	15.5500000000029	0	0
16.5670000000027	1.65800000000127	16.0020000000004	0	0
20.586000000003	1.92999999999847	19.6610000000001	0	0
19.971000000005	1.26800000000003	19.2589999999982	0	0
20.4289999999964	1.28799999999865	19.4609999999957	0	0
17.9689999999973	1.60699999999997	17.2510000000038	0	0
20.5740000000005	1.6260000000002	19.8309999999983	0	0
20.4660000000003	2.88799999999901	19.6469999999972	0	0
21.5559999999969	2.72700000000077	20.3380000000034	0	0
21.2029999999941	3.36200000000099	19.916999999994	0	0
20.2680000000037	1.52599999999984	19.127999999997	0	0
23.1800000000003	2.85900000000038	22.0050000000047	0	0
20.6160000000018	1.46500000000015	19.5979999999981	0	0
19.8229999999967	1.30899999999929	19.0360000000001	0	0
26.0999999999985	7.91699999999946	24.2069999999949	0	0
21.028999999995	2.30999999999949	20.1199999999953	0	0
23.7359999999971	2.50200000000041	22.6130000000048	0	0
18.4360000000015	1.52600000000166	17.6449999999968	0	0
22.7089999999953	1.5669999999991	21.6129999999976	0	0
20.9310000000041	1.77599999999984	19.8249999999971	0	0
19.8109999999942	1.625	18.9630000000034	0	0
23.609000000004	3.05099999999948	22.6049999999959	0	0
18.3790000000008	1.35699999999997	17.6140000000014	0	0
18.1119999999937	1.28000000000065	17.2969999999987	0	0
21.2079999999987	2.46099999999933	19.8989999999976	0	0
21.3699999999953	2.88799999999901	20.1919999999955	0	0
20.9539999999979	1.61899999999878	19.7419999999984	0	0
23.7200000000012	2.63500000000022	22.5050000000047	0	0
23.4620000000068	2.9489999999987	22.1280000000042	0	0
24.226999999999	3.88000000000102	22.7119999999995	0	0
22.0760000000009	4.61100000000079	20.4790000000066	0	0
22.4689999999973	2.30600000000049	21.1370000000024	0	0
19.0139999999956	2.86399999999958	17.7830000000031	0	0
18.1129999999976	1.55999999999949	17.1310000000012	0	0
21.5899999999965	2.71399999999994	20.2429999999949	0	0
22.8339999999953	5.12299999999959	20.7870000000039	0	0
17.1139999999941	2.37400000000162	16.2350000000006	0	0
19.872000000003	4.07600000000093	18.2050000000017	0	0
17.9789999999994	1.25700000000143	17.1949999999997	0	0
16.1889999999985	0.799999999999272	15.4919999999984	0	0
16.9170000000013	2.16300000000047	15.8539999999994	0	0
23.2790000000023	2.8799999999992	22.023000000001	0	0
16.5299999999988	2.37200000000121	15.5269999999946	0	0
22.1280000000042	3.25600000000122	20.7590000000055	0	0
21.3159999999989	2.68100000000049	19.976999999999	0	0
20.0120000000024	1.45800000000054	19.1189999999988	0	0
18.7510000000038	1.9429999999993	17.8340000000026	0	0
16.1140000000014	1.17299999999886	15.4069999999992	0	0
16.8889999999956	2.60599999999977	16.1800000000003	0	0
22.336000000003	4.6200000000008	20.8499999999985	0	0
20.0749999999971	1.38000000000102	19.3440000000046	0	0
20.0270000000019	1.21700000000055	19.3410000000003	0	0
22.3960000000006	1.68000000000029	21.4809999999998	0	0
24.0959999999977	2.23300000000017	22.8659999999945	0	0
21.0720000000001	2.13400000000001	19.9150000000009	0	0
20.5750000000044	1.16499999999905	19.747000000003	0	0
23.0169999999998	1.63299999999981	22.1229999999996	0	0
22.3609999999971	1.60800000000017	21.4590000000026	0	0
22.2379999999976	2.00299999999879	21.4200000000055	0	0
17.8919999999998	1.11399999999958	17.2099999999991	0	0
20.9880000000048	2.1929999999993	20.1390000000029	0	0
24.8329999999987	3.02300000000105	23.3559999999998	0	0
21.6399999999994	3.51100000000042	20.4460000000036	0	0
20.0820000000022	1.11599999999999	19.2969999999987	0	0
16.5649999999951	1.88299999999981	15.846000000005	0	0
18.2280000000028	1.74200000000019	17.4609999999957	0	0
23.4390000000058	1.57899999999972	22.5749999999971	0	0
20.6610000000001	1.89400000000023	19.8640000000014	0	0
19.5930000000008	3.34900000000016	18.3130000000019	0	0
23.8890000000029	2.7440000000006	22.6489999999976	0	0
21.7119999999995	1.79999999999927	20.650999999998	0	0
21.5090000000055	3.21700000000055	20.1159999999945	0	0
20.7309999999998	2.08100000000013	19.7909999999974	0	0
23.4959999999992	1.95600000000013	22.1829999999973	0	0
18.4720000000016	2.58899999999994	17.4540000000052	0	0
16.8489999999947	1.84000000000015	15.9550000000017	0	0
20.1059999999998	1.45899999999892	19.4030000000057	0	0
16.5869999999995	1.29600000000028	15.9310000000041	0	0
19.9830000000002	1.83099999999831	19.0819999999949	0	0
21.2669999999998	2.33599999999933	19.9300000000003	0	0
16.2760000000053	1.73000000000138	15.5769999999975	0	0
21.3799999999974	2.77400000000125	20.1330000000016	0	0
20.3629999999976	1.20999999999913	19.5840000000026	0	0
21.5040000000008	2.371000000001	20.2249999999985	0	0
23.4959999999992	3.91600000000108	22.273000000001	0	0
22.8790000000008	2.20199999999932	22.2479999999996	0	0
22.8719999999958	2.13299999999981	21.8179999999993	0	0
18.6929999999993	1.88299999999981	17.7819999999992	0	0
20.8550000000032	2.18999999999869	19.8640000000014	0	0
25.8150000000023	7.60900000000038	23.6689999999944	0	0
21.5579999999973	3.10200000000077	20.2530000000042	0	0
20.3629999999976	1.20299999999952	19.461000000003	0	0
23.2520000000004	1.59699999999975	22.1929999999993	0	0
24.8430000000008	3.76000000000022	23.7330000000002	0	0
19.7909999999974	4.31500000000051	18.2280000000028	0	0
20.9599999999991	2.11999999999898	19.7540000000008	0	0
22.150999999998	3.6239999999998	20.8899999999994	0	0
24.7169999999969	4.77299999999923	22.7880000000005	0	0
21.2390000000014	2.75900000000001	19.9809999999998	0	0
18.4510000000009	1.92400000000089	17.5799999999945	0	0
20.5740000000005	1.52100000000064	19.6670000000013	0	0
20.8420000000042	2.20300000000134	19.7950000000055	0	0
20.5140000000029	1.3070000000007	19.6580000000031	0	0
20.9619999999995	2.28900000000067	20.1560000000027	0	0
23.0829999999987	3.72699999999895	21.8709999999992	0	0
20.6540000000023	1.64499999999862	19.8040000000037	0	0
21.0509999999995	2.36299999999937	20.1849999999977	0	0
23.3369999999995	1.70000000000073	22.2169999999969	0	0
21.0319999999992	1.86000000000058	20.2170000000042	0	0
15.9909999999945	1.1239999999998	15.2799999999988	0	0
21.2160000000003	3.13700000000063	20.0930000000008	0	0
20.7890000000043	1.90400000000045	19.6100000000006	0	0
23.4859999999971	2.58200000000033	22.3050000000003	0	0
18.6460000000006	2.13299999999981	17.6229999999996	0	0
20.7869999999966	1.69700000000012	19.7139999999999	0	0
18.4620000000068	1.81499999999869	17.7220000000016	0	0
22.6660000000047	1.8799999999992	21.5529999999999	0	0
18.9029999999984	2.60400000000118	18.0020000000004	0	0
20.6589999999997	2.83599999999933	19.5190000000002	0	0
21.0070000000051	1.54299999999967	20.2319999999963	0	0
23.1650000000009	2.378999999999	22.1460000000006	0	0
18.6959999999963	2.19300000000112	17.8949999999968	0	0
22.4250000000029	2.32300000000032	21.5599999999977	0	0
20.7450000000026	2.0619999999999	19.8040000000037	0	0
18.7830000000031	2.3690000000006	17.6789999999964	0	0
23.4530000000013	4.10100000000057	21.8679999999949	0	0
21.7429999999949	4.02400000000125	20.4529999999941	0	0
21.1710000000021	2.6979999999985	19.9619999999995	0	0
22.2949999999983	1.93000000000029	21.3270000000048	0	0
20.6860000000015	1.72699999999895	19.7430000000022	0	0
20.612000000001	1.76400000000103	19.6710000000021	0	0
23.5269999999946	2.1880000000001	22.260000000002	0	0
22.9460000000036	2.21200000000135	22.002999999997	0	0
23.6829999999973	2.70699999999852	22.4690000000046	0	0
20.6030000000028	1.58699999999953	19.7130000000034	0	0
18.2979999999952	1.49200000000019	17.4529999999941	0	0
24.1130000000048	2.46899999999914	22.8950000000041	0	0
16.6540000000023	1.24799999999959	16.0500000000029	0	0
18.4639999999999	2.21299999999974	17.5299999999988	0	0
20.9969999999958	2.32799999999952	20.1180000000022	0	0
21.4350000000049	2.94399999999951	20.1579999999958	0	0
23.0590000000011	1.53399999999965	22.1129999999976	0	0
22.9850000000006	1.62299999999959	22.1510000000053	0	0
23.0590000000011	2.57400000000052	22.0720000000001	0	0
20.2039999999979	1.67399999999907	19.4000000000015	0	0
16.3059999999969	1.34100000000035	15.7390000000014	0	0
23.9419999999955	2.1969999999983	22.6179999999949	0	0
20.6489999999976	1.61599999999999	19.5679999999993	0	0
21.8679999999949	2.62400000000162	20.7379999999976	0	0
21.1290000000008	2.45499999999993	20.1289999999935	0	0
20.8169999999955	1.74800000000141	19.801999999996	0	0
23.5080000000016	2.32899999999972	22.3510000000024	0	0
21.1399999999994	1.46399999999994	20.0199999999968	0	0
20.8669999999984	2.44599999999991	19.9590000000026	0	0
23.2819999999992	2.59900000000016	22.1829999999973	0	0
21.5619999999981	2.38899999999921	20.5290000000023	0	0
22.5930000000008	3.81900000000132	21.5480000000025	0	0
20.0069999999978	1.76000000000022	19.1549999999988	0	0
18.8190000000031	2.496000000001	17.9079999999958	0	0
21.4700000000012	2.48099999999977	20.0819999999949	0	0
24.0290000000023	2.43599999999969	22.7780000000057	0	0
20.864999999998	2.25199999999859	19.8379999999961	0	0
21.7830000000031	3.67100000000028	20.5710000000036	0	0
25.2479999999996	4.04800000000068	23.2109999999957	0	0
23.0219999999972	2.64100000000144	21.5520000000033	0	0
21.3830000000016	2.09400000000096	20.2510000000038	0	0
21.9539999999979	2.38799999999901	20.8100000000049	0	0
24.7099999999991	4.38199999999961	23.1559999999954	0	0
16.5889999999999	1.3760000000002	15.9320000000007	0	0
19.0619999999981	2.36199999999917	18.2530000000042	0	0
21.2060000000056	2.95399999999972	20.1390000000029	0	0
21.211000000003	2.45800000000054	20.1489999999976	0	0
16.8139999999985	1.76900000000023	16.0760000000009	0	0
20.8430000000008	1.20300000000134	20.0859999999957	0	0
20.987000000001	2.86399999999958	20.0309999999954	0	0
17.7760000000053	1.18499999999949	17.1549999999988	0	0
19.9720000000016	1.55900000000111	19.1990000000005	0	0
18.3110000000015	1.45700000000033	17.648000000001	0	0
22.3059999999969	1.90300000000025	21.4639999999999	0	0
15.5380000000005	0.986000000000786	15.0760000000009	0	0
18.3499999999985	2.08100000000013	17.7130000000034	0	0
25.6359999999986	4.49499999999898	23.5910000000003	0	0
23.6109999999971	2.37199999999939	22.252999999997	0	0
16.7119999999995	1.50300000000061	15.9279999999999	0	0
21.3410000000003	2.77799999999843	20.1010000000024	0	0
19.2119999999995	3.20200000000114	18.1160000000018	0	0
19.1500000000015	3.46700000000055	17.958000000006	0	0
21.3199999999997	3.0630000000001	20.1689999999944	0	0
20.7099999999991	3.43900000000031	19.7569999999978	0	0
18.359000000004	1.82300000000032	17.3410000000003	0	0
24.3300000000017	3.04199999999946	23.1209999999992	0	0
22.0839999999953	3.51199999999881	20.7750000000015	0	0
18.4589999999953	2.73499999999876	17.5439999999944	0	0
16.864999999998	2.11300000000119	15.900999999998	0	0
20.5469999999987	3.25300000000061	19.2570000000051	0	0
19.4920000000056	4.08699999999953	18.2839999999997	0	0
20.0970000000016	2.35200000000077	19.0540000000037	0	0
