14.014	11.26	14.321	0	0
14.315	11.623	14.659	0	0
12.206	7.124	12.825	0	0
10.984	1.659	11.021	0	0
13.59	4.934	13.413	0	0
16.29	15.974	15.166	0	0
15.857	15.172	14.482	0	0
14.624	10.089	14.657	0	0
14.605	10.785	14.488	0	0
13.085	8.20500000000001	12.942	0	0
12.339	4.27800000000002	13.005	0	0
13.478	10.597	13.524	0	0
11.476	3.77100000000002	10.893	0	0
15.245	10.951	15.061	0	0
14.439	11.675	13.301	0	0
13.154	10.743	13.874	0	0
12.264	8.56999999999999	12.829	0	0
12.922	7.88400000000001	12.927	0	0
11.737	3.53399999999999	11.896	0	0
15.611	14.489	13.802	0	0
13.2729999999999	6.14600000000002	12.761	0	0
12.545	5.459	12.616	0	0
14.426	11.574	14.2769999999999	0	0
13.657	5.572	14.044	0	0
14.485	9.96300000000002	13.5870000000001	0	0
15.0229999999999	12.732	14.0600000000001	0	0
15.671	9.959	14.994	0	0
13.627	6.738	14.2859999999999	0	0
13.205	6.54499999999996	12.092	0	0
14.2959999999999	13.412	14.104	0	0
13.404	8.00999999999999	12.6660000000001	0	0
13.451	4.95600000000002	13.95	0	0
13.436	6.91199999999992	12.659	0	0
13.133	9.28499999999997	12.6180000000001	0	0
12.092	6.11199999999997	12.735	0	0
15.85	11.889	14.8629999999999	0	0
12.2919999999999	7.49899999999991	12.3049999999998	0	0
15.0420000000001	13.4340000000001	13.9849999999999	0	0
11.7420000000002	4.62	12.202	0	0
11.4959999999999	2.00199999999995	11.2049999999999	0	0
14.9590000000001	13.552	14.4560000000001	0	0
13.3120000000001	8.82000000000005	13.9009999999998	0	0
13.9079999999999	11.067	14.019	0	0
14.1759999999999	10.8770000000001	14.162	0	0
12.0509999999999	6.22500000000002	11.921	0	0
12.24	4.31299999999999	13.021	0	0
12.4950000000001	5.81799999999998	12.453	0	0
16.086	16.438	16.0429999999999	0	0
11.4970000000001	6.44299999999998	12.3449999999998	0	0
12.5989999999999	5.62900000000002	12.585	0	0
12.6279999999999	5.61999999999989	12.4929999999999	0	0
13.3199999999999	9.86000000000001	13.4549999999999	0	0
13.9370000000001	8.16699999999992	12.5650000000001	0	0
11.5230000000001	3.98599999999999	11.713	0	0
15.1490000000001	13.174	14.0800000000002	0	0
14.3299999999999	13.677	13.213	0	0
15.742	15.926	13.9190000000001	0	0
14.068	11.4820000000001	13.2220000000002	0	0
11.1880000000001	3.43799999999999	11.5550000000001	0	0
12.7179999999998	3.91999999999996	12.2750000000001	0	0
11.914	4.21600000000001	11.933	0	0
12.723	9.49600000000009	13.2919999999999	0	0
11.8600000000001	4.08999999999992	12.2380000000001	0	0
11.3700000000001	4.93899999999985	11.682	0	0
13.4349999999999	7.80500000000006	12.9569999999999	0	0
13.3040000000001	9.00300000000016	12.748	0	0
13.231	6.75399999999991	13.471	0	0
12.241	5.96699999999987	12.076	0	0
12.325	6.12200000000007	11.453	0	0
11.971	5.94400000000019	12.204	0	0
15.1020000000001	14.8320000000001	14.3620000000001	0	0
16.54	16.2380000000001	14.529	0	0
12.1410000000001	7.88400000000001	13.174	0	0
13.1200000000003	5.95100000000002	14.1550000000002	0	0
13.7800000000002	11.106	12.7350000000001	0	0
18.2169999999996	22.239	15.6190000000001	0	0
13.0509999999999	6.9670000000001	13.6409999999996	0	0
12.7240000000002	10.518	12.7220000000002	0	0
12.8349999999996	7.16100000000006	12.864	0	0
11.6370000000002	2.35699999999997	11.8220000000001	0	0
12.3150000000001	5.88499999999999	12.0999999999999	0	0
11.1499999999996	3.50300000000016	11.6700000000001	0	0
12.7600000000002	7.79299999999989	11.9190000000003	0	0
14.9870000000001	9.52299999999991	14.2930000000001	0	0
11.2759999999998	4.40300000000002	11.3710000000001	0	0
11.5810000000001	4.48099999999999	11.4009999999998	0	0
12.509	5.95100000000002	12.9169999999999	0	0
14.123	2.3610000000001	14.3650000000002	0	0
11.9960000000001	7.9369999999999	12.3870000000002	0	0
11.0830000000001	2.33799999999997	11.2360000000003	0	0
12.491	9.67599999999993	12.7729999999997	0	0
12.096	5.44200000000001	12.4629999999997	0	0
14.3039999999996	11.5550000000001	14.056	0	0
12.7139999999999	6.92699999999991	12.3040000000001	0	0
12.7479999999996	7.05199999999991	12.3040000000001	0	0
12.6310000000003	8.38299999999981	12.444	0	0
11.4500000000003	4.61899999999991	11.6519999999996	0	0
12.7760000000003	7.98299999999995	12.741	0	0
12.393	7.923	12.9050000000002	0	0
10.8160000000003	2.63000000000011	11.1879999999996	0	0
12.009	6.66300000000001	12.8119999999999	0	0
12.9500000000003	7.45900000000006	12.924	0	0
14.364	13.8779999999999	13.9740000000002	0	0
15.8509999999997	16.3530000000001	14.5300000000002	0	0
13.7750000000001	6.53700000000003	13.893	0	0
13.0409999999997	8.346	12.8989999999999	0	0
16.8139999999999	15.4960000000001	15.0859999999998	0	0
12.748	2.67399999999998	12.1959999999999	0	0
11.2179999999998	3.22900000000004	11.732	0	0
12.7570000000001	7.23800000000006	13.6420000000003	0	0
11.9250000000002	4.30599999999981	11.471	0	0
16.2039999999997	15.0809999999999	15.145	0	0
13.3629999999998	9.99700000000007	13.1780000000003	0	0
12.5080000000003	6.16399999999999	12.3920000000003	0	0
12.7440000000001	6.05099999999993	12.7709999999997	0	0
15.8000000000002	15.0610000000001	14.788	0	0
12.069	2.39200000000005	11.5219999999999	0	0
13.623	11.3339999999998	13.9809999999998	0	0
12.2750000000001	3.7639999999999	11.8090000000002	0	0
12.4919999999997	7.56399999999985	12.6060000000002	0	0
13.3820000000001	4.53500000000031	13.0140000000001	0	0
12.7200000000003	8.67799999999988	12.7380000000003	0	0
12.0369999999998	6.55200000000013	12.5860000000002	0	0
11.9340000000002	4.65800000000036	12.395	0	0
14.866	14.527	13.9260000000004	0	0
12.607	7.66800000000012	12.6289999999999	0	0
14.1040000000003	11.2089999999998	13.701	0	0
12.9940000000001	8.67299999999977	13.1419999999998	0	0
12.8120000000004	5.64400000000023	12.5729999999999	0	0
14.9279999999999	6.67500000000018	15.558	0	0
13.5189999999998	11.1610000000001	13.0029999999997	0	0
14.8980000000001	14.5799999999999	14.6349999999998	0	0
11.9949999999999	7.67599999999993	12.3429999999998	0	0
12.4520000000002	8.51000000000022	12.7520000000004	0	0
12.8470000000002	5.17599999999993	11.413	0	0
13.2080000000001	6.60399999999981	12.8669999999997	0	0
12.163	7.05099999999993	12.0500000000002	0	0
11.7919999999999	3.75900000000001	11.4789999999998	0	0
15.0920000000001	11.9300000000003	13.6309999999999	0	0
12.3820000000001	6.44499999999971	13.0819999999999	0	0
13.1480000000001	11.1530000000002	13.2939999999999	0	0
11.2569999999996	3.47000000000025	10.6559999999999	0	0
12.2509999999997	5.82700000000023	12.3939999999998	0	0
17.8289999999997	17.998	15.1109999999999	0	0
12.8410000000003	8.98000000000002	12.6569999999997	0	0
17.0289999999995	19.0819999999999	14.5779999999995	0	0
12.2030000000004	8.13799999999992	12.1709999999994	0	0
14.1480000000001	12.8799999999997	13.2809999999999	0	0
13.7640000000001	7.38599999999997	13.9310000000005	0	0
11.0650000000005	3.13300000000027	11.4830000000002	0	0
14.3059999999996	11.6839999999997	13.9340000000002	0	0
13.7299999999996	10.6219999999998	13.2270000000008	0	0
11.424	4.23199999999997	11.9380000000001	0	0
13.0429999999997	8.73500000000013	13.482	0	0
12.3000000000002	5.69200000000001	12.4700000000003	0	0
13.3959999999997	11.0230000000001	14.0080000000007	0	0
13.759	10.3300000000004	13.7820000000002	0	0
11.5709999999999	4.87300000000005	11.7029999999995	0	0
12.6120000000001	7.76800000000003	12.4209999999994	0	0
12.1999999999998	5.45499999999993	12.3460000000005	0	0
16.5129999999999	15.6469999999999	14.2049999999999	0	0
15.5570000000007	14.4690000000001	14.0500000000002	0	0
11.8200000000006	5.7470000000003	11.5630000000001	0	0
12.0449999999992	3.49299999999994	11.518	0	0
11.8770000000004	3.19399999999996	11.6190000000006	0	0
11.7489999999998	6.07499999999982	12.1629999999996	0	0
14.7539999999999	12.0159999999996	13.7820000000002	0	0
11.0970000000007	3.5619999999999	11.7119999999995	0	0
11.2469999999994	4.31999999999971	10.9679999999998	0	0
17.1970000000001	15.2449999999999	15.7489999999998	0	0
13.5910000000003	13.3779999999997	13.8820000000005	0	0
12.4589999999998	5.77099999999973	11.6450000000004	0	0
13.4639999999999	4.73299999999972	13.6040000000003	0	0
12.3559999999998	7.14200000000028	12.8140000000003	0	0
11.4749999999995	4.27599999999984	11.6479999999992	0	0
13.2219999999998	4.89400000000023	12.9679999999998	0	0
13.7849999999999	7.83699999999999	13.3360000000002	0	0
13.5100000000002	5.73300000000017	12.652	0	0
13.1790000000001	8.8430000000003	13.5149999999994	0	0
12.7850000000008	7.88099999999986	12.8809999999994	0	0
11.5929999999998	2.02599999999984	10.8910000000005	0	0
17.1190000000006	17.98	15.2830000000004	0	0
13.4920000000002	7.33500000000004	13.3109999999997	0	0
19.9750000000004	24.6379999999999	15.9099999999999	0	0
16.8100000000004	15.7650000000003	14.8090000000002	0	0
13.4390000000003	9.44300000000021	12.7439999999997	0	0
11.7470000000003	3.00700000000006	11.4500000000007	0	0
12.6409999999996	9.36000000000013	12.3059999999996	0	0
11.5519999999997	5.0619999999999	11.6450000000004	0	0
11.7389999999996	3.94900000000007	11.5849999999991	0	0
14.6759999999995	13.1330000000003	14.4829999999993	0	0
12.8040000000001	5.27100000000019	12.1199999999999	0	0
13.96	13.8700000000003	14.2310000000007	0	0
12.2129999999997	5.52700000000004	12.3869999999997	0	0
12.0240000000003	5.73900000000003	11.8230000000003	0	0
12.0640000000003	7.82799999999997	12.4080000000004	0	0
12.8109999999997	6.33299999999963	12.3120000000008	0	0
14.1390000000001	9.41600000000017	13.5420000000004	0	0
12.6270000000004	2.83099999999968	12.8899999999994	0	0
15.6499999999996	15.6959999999999	15.1639999999998	0	0
11.4669999999996	2.98999999999978	11.7849999999999	0	0
15.165	10.3760000000002	15.9159999999993	0	0
10.817	2.88299999999981	11.0029999999997	0	0
11.6869999999999	5.51099999999997	11.8760000000002	0	0
16.3009999999995	19.049	15.2609999999995	0	0
11.9830000000002	7.24400000000014	12.3959999999997	0	0
11.3489999999993	1.84900000000016	11.152	0	0
11.4560000000001	4.23099999999977	11.8860000000004	0	0
12.2210000000005	6.75099999999975	12.2219999999998	0	0
13.0520000000006	6.68599999999969	12.3150000000005	0	0
14.1550000000007	13.0909999999999	13.0619999999999	0	0
13.491	9.57500000000027	13.5209999999997	0	0
13.741	9.26500000000033	13.8819999999996	0	0
12.9430000000002	6.83699999999999	12.2060000000001	0	0
11.9259999999995	5.28200000000015	12.2290000000003	0	0
10.8509999999997	3.26699999999983	11.0829999999996	0	0
14.4849999999997	12.056	14.0329999999994	0	0
11.576	4.57400000000007	11.6459999999997	0	0
11.3540000000003	2.4409999999998	11.2580000000007	0	0
11.9759999999997	4.78200000000015	11.9129999999996	0	0
12.8250000000007	7.90800000000036	12.4800000000005	0	0
11.8459999999995	6.52600000000029	12.0230000000001	0	0
11.9560000000001	3.59000000000015	12.5550000000003	0	0
10.8850000000002	1.8090000000002	10.4560000000001	0	0
11.4479999999994	5.36900000000014	11.9380000000001	0	0
12.942	8.15300000000025	12.0249999999996	0	0
14.3270000000002	12.7080000000001	14.7470000000003	0	0
11.9129999999996	3.95699999999988	11.9430000000002	0	0
14.5929999999998	10.8179999999998	13.6849999999995	0	0
13.3299999999999	10.165	13.8689999999997	0	0
12.1979999999994	7.05099999999993	12.1580000000004	0	0
12.1199999999999	6.36000000000013	11.7089999999998	0	0
15.826	9.93899999999985	14.5279999999993	0	0
13.3919999999998	9.4380000000001	13.0989999999993	0	0
15.5569999999998	15.152	15.4179999999997	0	0
11.5050000000001	4.81600000000026	11.8370000000004	0	0
12.3209999999999	6.44999999999982	13.1350000000002	0	0
14.6059999999998	12.1490000000003	13.241	0	0
13.7080000000005	12.0910000000003	13.2179999999998	0	0
12.6160000000009	7.23499999999967	12.9949999999999	0	0
12.277	7.33799999999974	12.2790000000005	0	0
11.9660000000003	5.44500000000062	12.4179999999997	0	0
12.8500000000004	7.10900000000038	12.732	0	0
15.8549999999996	16.1459999999997	15.1049999999996	0	0
16.0540000000001	12.8389999999999	14.3810000000003	0	0
13.9769999999999	11.0360000000001	12.6639999999998	0	0
14.6630000000005	12.4549999999999	12.5370000000003	0	0
12.835	8.50600000000031	11.232	0	0
14.8650000000007	13.0569999999998	13.6419999999998	0	0
11.4650000000001	5.83099999999922	11.7889999999998	0	0
15.0240000000003	13.1929999999993	14.5809999999992	0	0
12.3950000000004	7.23700000000008	12.2369999999992	0	0
14.9499999999998	10.7239999999993	14.9610000000002	0	0
14.5259999999998	10.768	14.5700000000006	0	0
12.4110000000001	5.84399999999914	12.6000000000004	0	0
13.527	8.04899999999998	13.0799999999999	0	0
12.5070000000005	5.51400000000012	12.3180000000002	0	0
12.1930000000002	6.23900000000049	12.6790000000001	0	0
13.893	9.73899999999958	13.3460000000005	0	0
13.7660000000005	10.1460000000006	12.4699999999993	0	0
16.433	17.1779999999999	14.8390000000009	0	0
14.3249999999998	12.5770000000002	12.9899999999998	0	0
11.665	1.99499999999989	11.5569999999998	0	0
16.384	20.1009999999997	15.067	0	0
13.0679999999993	10.2740000000003	13.3440000000001	0	0
18.3649999999998	14.3959999999997	16.4279999999999	0	0
12.5709999999999	8.16899999999987	12.7820000000002	0	0
12.7610000000004	7.69399999999951	12.0409999999993	0	0
13.2970000000005	10.8609999999999	13.5599999999995	0	0
11.8390000000009	2.10699999999997	11.8190000000004	0	0
11.2439999999997	3.37800000000061	12.0239999999994	0	0
12.2049999999999	5.97500000000036	11.259	0	0
16.3240000000005	18.9300000000003	15.1320000000005	0	0
11.8159999999998	4.59400000000005	12.0370000000003	0	0
13.2650000000003	9.32200000000012	12.915	0	0
13.1090000000004	1.85800000000017	12.5740000000005	0	0
14.8739999999998	15.3860000000004	14.1050000000005	0	0
13.2030000000004	6.8130000000001	13.0360000000001	0	0
11.2849999999999	2.5	10.924	0	0
11.8249999999998	4.32499999999982	12.3310000000001	0	0
12.1880000000001	8.6239999999998	11.942	0	0
11.2019999999993	6.74099999999999	11.473	0	0
12.2719999999999	6.04399999999987	12.7539999999999	0	0
11.5609999999997	5	11.29	0	0
13.2520000000004	10.7380000000003	12.4179999999997	0	0
11.6779999999999	4.1309999999994	11.6539999999995	0	0
11.1480000000001	3.61200000000008	11.4409999999998	0	0
12.3130000000001	5.82499999999982	12.0190000000002	0	0
11.9009999999998	6.69300000000021	12.4039999999995	0	0
21.7089999999989	24.1629999999996	16.6540000000005	0	0
12.6400000000012	7.69200000000001	12.5199999999995	0	0
12.4979999999996	7.82200000000012	12.1739999999991	0	0
11.4250000000011	3.25500000000011	11.7669999999998	0	0
14.2510000000002	9.82099999999991	13.5790000000015	0	0
11.021999999999	3.17699999999968	11.7069999999985	0	0
12.7649999999994	7.34100000000035	12.0390000000007	0	0
12.223	4.66300000000047	11.6170000000002	0	0
12.0930000000008	7.74099999999999	12.9420000000009	0	0
12.2669999999998	6.25500000000011	12.125	0	0
11.5640000000003	5.0019999999995	11.9409999999989	0	0
18.5559999999987	19.3559999999998	16.398000000001	0	0
16.7209999999995	16.7660000000005	14.9380000000001	0	0
13.6730000000007	11.0679999999993	13.0410000000011	0	0
13.7309999999998	10.4269999999997	13.3089999999993	0	0
11.9179999999997	4.87099999999919	11.9710000000014	0	0
14.7010000000009	16.1380000000008	14.3760000000002	0	0
12.5100000000002	3.75399999999991	11.9140000000007	0	0
13.6230000000014	10.0819999999994	13.2890000000007	0	0
12.6299999999992	4.64100000000053	12.8630000000012	0	0
11.7789999999986	2.79200000000037	11.4019999999982	0	0
12.1569999999992	3.78399999999965	12.1969999999983	0	0
14.1839999999993	3.45100000000002	14.5	0	0
12.380000000001	7.98300000000017	13.2759999999998	0	0
11.4229999999989	2.1269999999995	10.7469999999994	0	0
12.5510000000013	6.23499999999967	12.2690000000002	0	0
12.9539999999997	6.93000000000029	12.1800000000003	0	0
14.1760000000013	10.8490000000002	13.6240000000016	0	0
11.362000000001	4.6869999999999	11.139000000001	0	0
13.4329999999991	9.17700000000059	12.4320000000007	0	0
12.2999999999993	4.01000000000022	12.1759999999995	0	0
14.241	10.9830000000002	14.4419999999991	0	0
12.7880000000005	8.09400000000005	13.1759999999995	0	0
12.5529999999999	6.88299999999981	12.0329999999994	0	0
12.0840000000007	5.33100000000013	11.4400000000005	0	0
14.8779999999988	13.9899999999998	14.9210000000003	0	0
12.0570000000007	5.52800000000025	12.1669999999995	0	0
12.9760000000006	7.88700000000063	13.0889999999999	0	0
16.6839999999993	16.1229999999996	14.9889999999996	0	0
13.8500000000004	11.3389999999999	13.0820000000003	0	0
16.1529999999984	16.6700000000001	14.3050000000003	0	0
14.8670000000002	11.1170000000002	14.5700000000015	0	0
11.8770000000004	4.84999999999945	11.3429999999989	0	0
13.125	8.86200000000008	13.0899999999983	0	0
12.2610000000004	5.69599999999991	12.8400000000001	0	0
14.8009999999995	6.67000000000007	14.6440000000002	0	0
11.4430000000011	3.87599999999929	11.6370000000006	0	0
12.735999999999	6.07099999999991	12.7600000000002	0	0
12.2720000000008	4.76599999999962	12.509	0	0
14.2439999999988	8.12899999999991	14.2559999999994	0	0
14.4290000000001	11.8769999999995	13.8979999999992	0	0
12.9040000000005	3.65799999999945	13.4069999999992	0	0
12.7060000000001	7.0630000000001	13.2859999999982	0	0
14.1659999999993	11.125	13.6589999999997	0	0
12.4790000000012	6.79699999999957	11.9839999999986	0	0
12.5520000000015	5.8730000000005	12.6830000000009	0	0
13.0339999999997	9.53200000000015	13.5889999999999	0	0
11.9839999999986	4.87700000000041	12.4560000000001	0	0
12.4160000000011	7.45899999999983	12.6659999999993	0	0
11.6080000000002	4.84400000000005	12.1439999999984	0	0
15.1700000000001	13.732	14.6000000000004	0	0
15.737000000001	15.3400000000001	14.9040000000005	0	0
12.0959999999995	7.52999999999975	12.2549999999992	0	0
14.7619999999988	12.9340000000002	13.6029999999992	0	0
13.375	3.09500000000025	13.0720000000001	0	0
11.6530000000002	2.78300000000036	11.5329999999994	0	0
13.7389999999996	11.25	14.0859999999993	0	0
11.405999999999	5.02899999999954	11.8940000000002	0	0
12.0379999999986	3.01800000000003	12.1059999999998	0	0
13.5999999999985	10.2170000000006	13.1929999999993	0	0
13.3070000000007	7.84100000000035	13.4269999999997	0	0
17.0120000000006	14.1880000000001	15.2360000000008	0	0
12.7839999999997	8.12299999999959	14.1149999999998	0	0
12.726999999999	7.00799999999981	13.116	0	0
12.351999999999	11.3419999999996	13.3059999999987	0	0
13.5789999999997	10.317	13.0619999999999	0	0
12.5679999999993	5.53099999999995	12.2289999999994	0	0
13.735999999999	10.4309999999996	13.1799999999985	0	0
15.3360000000011	14.6189999999997	14.369999999999	0	0
16.2010000000009	16.0810000000001	15.4700000000012	0	0
12.107	5.40000000000055	11.869999999999	0	0
11.4189999999999	5.83300000000054	11.5390000000007	0	0
13.0239999999994	11.2200000000003	13.3019999999997	0	0
12.4099999999999	8.70899999999983	12.3590000000004	0	0
13.4459999999999	6.59099999999944	14.1409999999996	0	0
14.630000000001	9.5049999999992	14.2250000000004	0	0
16.4230000000007	12.7039999999997	14.2350000000006	0	0
12.8919999999998	8.60399999999936	12.3729999999996	0	0
13.3299999999999	10.2980000000007	14.0040000000008	0	0
11.9419999999991	6.25699999999961	12.2090000000007	0	0
13.0550000000003	7.63299999999981	12.0319999999992	0	0
12.5209999999988	7.08899999999994	12.4770000000008	0	0
16.1639999999989	18.8800000000001	14.8779999999988	0	0
12.0870000000014	3.74699999999939	10.8590000000004	0	0
16.0950000000012	14.7729999999992	14.2820000000011	0	0
14.0280000000002	12.049	13.982	0	0
13.4959999999992	6.32699999999932	13.1880000000001	0	0
15.4250000000011	12.2040000000006	13.2250000000004	0	0
16.5789999999997	18.8610000000008	14.353000000001	0	0
13.3029999999999	10.5129999999999	11.896999999999	0	0
17.7939999999999	21.0069999999996	14.4650000000001	0	0
12.630000000001	8.98899999999958	12.8029999999999	0	0
12.360999999999	5.47299999999996	13.0630000000001	0	0
11.8289999999997	5.54899999999998	11.9060000000009	0	0
12.866	8.07700000000023	11.8909999999996	0	0
12.146999999999	5.39400000000023	12.2979999999989	0	0
16.3899999999994	15.1329999999998	14.853000000001	0	0
14.7599999999984	12.4120000000003	13.8439999999991	0	0
15.9199999999983	18.3500000000004	14.5499999999993	0	0
15.012999999999	13.3909999999996	14.6610000000001	0	0
14.4770000000008	10.3329999999996	13.2039999999997	0	0
11.3179999999993	4.56700000000001	11.7350000000006	0	0
13.982	6.07999999999993	13.3279999999995	0	0
11.4810000000016	3.27599999999984	11.6769999999997	0	0
12.6640000000007	9.45699999999943	12.5389999999989	0	0
12.8860000000004	4.82999999999993	12.9529999999995	0	0
11.9639999999999	4.94899999999961	11.771999999999	0	0
12.8529999999992	7.98899999999958	13.3559999999998	0	0
11.2749999999996	2.8760000000002	11.2330000000002	0	0
12.8160000000007	7.41299999999956	12.5360000000001	0	0
13.1999999999989	10.04	12.7049999999999	0	0
13.2489999999998	9.07300000000032	13.0429999999997	0	0
12.969000000001	8.2470000000003	12.6920000000009	0	0
12.5320000000011	5.71300000000065	11.5609999999997	0	0
13.6059999999998	9.99299999999948	13.0259999999998	0	0
13.3269999999993	8.89100000000053	13.1859999999997	0	0
13.2350000000006	4.90700000000015	12.9930000000004	0	0
12.0049999999992	6.25600000000031	12.1810000000005	0	0
15.0169999999998	13.2940000000008	14.6790000000001	0	0
12.6599999999999	7.50900000000001	12.3490000000002	0	0
14.1740000000009	9.34799999999996	13.5930000000008	0	0
12.8389999999999	7.8110000000006	12.753999999999	0	0
12.5259999999998	8.52700000000004	12.6150000000016	0	0
16.1830000000009	11.4759999999997	14.7489999999998	0	0
11.5	3.28400000000056	11.4989999999998	0	0
12.7340000000004	7.45699999999943	13.491	0	0
18.6080000000002	24.3189999999995	16.2070000000003	0	0
11.643	3.40800000000036	11.2919999999995	0	0
17.0690000000013	15.5810000000001	15.8369999999995	0	0
14.3760000000002	10.9920000000002	14.3600000000006	0	0
13.9609999999993	12.2519999999995	13.4660000000003	0	0
13.7579999999998	9.84299999999985	12.5999999999985	0	0
13.3520000000008	8.69000000000051	13.1869999999999	0	0
11.5679999999993	4.46900000000005	11.7070000000003	0	0
13.5339999999997	8.77400000000034	13.9620000000014	0	0
13.4300000000003	7.64600000000064	13.3019999999997	0	0
15.4940000000006	16.0039999999999	14.2759999999998	0	0
12.9680000000008	4.63900000000012	12.1170000000002	0	0
13.030999999999	7.99699999999939	12.3919999999998	0	0
12.902	9.01100000000042	13.0960000000014	0	0
14.8139999999985	13.1109999999999	13.9959999999992	0	0
13.5789999999997	11.2370000000001	13.5059999999994	0	0
12.6260000000002	5.82399999999961	11.6180000000004	0	0
12.8529999999992	4.07400000000052	12.4719999999998	0	0
13.6800000000003	11.3509999999997	13.0110000000004	0	0
12.8239999999987	8.49900000000071	12.112000000001	0	0
13.8359999999993	10.0770000000002	13.5469999999987	0	0
12.6179999999986	5.57700000000023	12.0310000000009	0	0
12.3119999999999	6.36999999999989	12.9540000000015	0	0
15.7120000000014	17.0540000000001	15.1959999999999	0	0
14.7870000000003	8.22899999999936	14.3170000000009	0	0
12.2530000000006	5.48299999999927	11.9510000000009	0	0
14.0299999999988	5.37700000000041	13.4599999999991	0	0
13.6299999999992	11.0159999999996	13.0339999999997	0	0
19.1039999999994	14.9179999999997	17.1939999999995	0	0
13.3799999999992	9.64999999999964	13.9369999999999	0	0
13.6959999999999	12.7809999999999	13.9119999999984	0	0
14.107	12.2609999999995	13.753999999999	0	0
13.7039999999997	10.0540000000001	12.9050000000007	0	0
15.6560000000009	14.7259999999987	15.387999999999	0	0
12.1239999999998	6.05999999999949	11.384	0	0
14.4620000000014	13.112000000001	13.0910000000003	0	0
14.2399999999998	8.7400000000016	14.0589999999993	0	0
13.8599999999988	10.3109999999997	14.277	0	0
12.6080000000002	7.4419999999991	12.7759999999998	0	0
12.5439999999999	7.02199999999903	12.994999999999	0	0
11.7750000000015	4.77599999999984	11.6129999999994	0	0
12.1779999999999	4.93400000000111	12.2690000000002	0	0
13.6830000000009	8.98300000000017	12.9150000000009	0	0
13.5060000000012	6.83600000000115	13.9459999999999	0	0
15.3090000000011	14.4090000000015	13.896999999999	0	0
12.0679999999993	3.95600000000013	11.9660000000003	0	0
12.2659999999996	5.26000000000022	12.8430000000008	0	0
12.380000000001	6.51500000000124	11.8769999999986	0	0
12.4420000000009	5.90600000000086	12.5	0	0
12.4009999999998	6.94399999999951	12.1869999999999	0	0
11.9079999999994	6.01499999999942	11.4409999999989	0	0
13.8199999999997	12.128999999999	12.9269999999997	0	0
13.5139999999992	8.62199999999939	12.4229999999989	0	0
13.7289999999994	6.77900000000045	13.3379999999997	0	0
12.8870000000006	7.28499999999985	12.7750000000015	0	0
14.8500000000004	10.1869999999999	14.4000000000015	0	0
11.7109999999993	3.63799999999901	11.8459999999995	0	0
13.7889999999989	5.25800000000163	13.4889999999996	0	0
13.0560000000005	9.50500000000102	13.0360000000001	0	0
13.9080000000013	13.768	13.884	0	0
13.2080000000005	9.20199999999932	13.0529999999999	0	0
12.1800000000003	7.95100000000093	11.9430000000011	0	0
13.5070000000014	8.03200000000106	13.5550000000003	0	0
15.3790000000008	12.2969999999987	13.3269999999993	0	0
15.1749999999993	14.1890000000003	13.9259999999995	0	0
14.3680000000004	13.1540000000005	14.2029999999995	0	0
12.893	5.37900000000081	12.6939999999995	0	0
12.0319999999992	5.52499999999964	12.9150000000009	0	0
11.5889999999999	4.4429999999993	12.0489999999991	0	0
13.0820000000003	10.5149999999994	12.2070000000003	0	0
14.619999999999	11.2870000000003	13.9679999999989	0	0
12.8019999999997	6.99300000000039	12.8700000000008	0	0
12.8549999999996	5.54999999999927	12.2129999999997	0	0
12.6540000000005	8.38700000000063	12.8729999999996	0	0
13.378999999999	11.0589999999993	12.7970000000005	0	0
15.4159999999993	13.8490000000002	14.4279999999999	0	0
11.6110000000008	5.52900000000045	12.2909999999993	0	0
12.2659999999996	6.27499999999964	12.0160000000014	0	0
14.9449999999997	14.4889999999996	14.402	0	0
12.4339999999993	6.06900000000132	11.7690000000002	0	0
17.8889999999992	17.8389999999999	16.5489999999991	0	0
11.9430000000011	4.12099999999919	11.8680000000004	0	0
11.9109999999982	6.33499999999913	12.0820000000003	0	0
13.3719999999994	9.97799999999916	13.9580000000005	0	0
11.6440000000002	3.91699999999946	11.3870000000006	0	0
11.7790000000005	4.39199999999983	12.3889999999992	0	0
11.8269999999993	5.55499999999847	12.8469999999998	0	0
11.3410000000003	3.77499999999964	12.0220000000008	0	0
12.5239999999994	4.89499999999862	12.3940000000002	0	0
12.8180000000011	7.79299999999967	12.2700000000004	0	0
12.884	6.21299999999974	12.4410000000007	0	0
13.4579999999987	12.9740000000002	12.9179999999997	0	0
14.1149999999998	9.64999999999964	13.7329999999984	0	0
11.9009999999998	5.41599999999926	11.1350000000002	0	0
16.098	18.232	15.4609999999993	0	0
13.2000000000007	10.8410000000003	13.0779999999995	0	0
13.5390000000007	6.24799999999959	13.3270000000011	0	0
13.6880000000001	12.6560000000009	13.7489999999998	0	0
10.7790000000005	2.78799999999865	10.9320000000007	0	0
12.4970000000012	5.52199999999903	12.3060000000005	0	0
14.9259999999995	12.0550000000003	13.1729999999989	0	0
15.7440000000006	12.6619999999984	15.0969999999998	0	0
11.5450000000001	2.76300000000083	11.3190000000013	0	0
16.8400000000001	14.6190000000006	16.0640000000003	0	0
12.3239999999987	5.06400000000031	12.4079999999994	0	0
12.7120000000014	7.07899999999972	13.4110000000001	0	0
12.7579999999998	5.36700000000019	12.9519999999993	0	0
14.0619999999999	11.1610000000001	14.259	0	0
10.8070000000007	2.22099999999955	10.643	0	0
19.0540000000001	19.0100000000002	17.0150000000012	0	0
12.4269999999997	7.67699999999968	12.1180000000004	0	0
17.0069999999996	17.8059999999987	15.0959999999995	0	0
12.5779999999995	8.75200000000041	12.2020000000011	0	0
12.5370000000003	8.5520000000015	12.7010000000009	0	0
12.9619999999995	7.82899999999972	13.0669999999991	0	0
11.7969999999987	3.28999999999905	11.9920000000002	0	0
11.2330000000002	2.96999999999935	11.0670000000009	0	0
17.643	18.5699999999997	15.6229999999996	0	0
16.0560000000005	15.4470000000001	13.5669999999991	0	0
15.1119999999992	14.5300000000007	15.0830000000005	0	0
13.228000000001	8.21999999999935	13.5749999999989	0	0
15.1110000000008	15.4290000000001	14.4210000000003	0	0
14.8989999999994	13.6100000000006	13.4120000000003	0	0
13.7759999999998	7.25699999999961	13.7789999999986	0	0
12.360999999999	6.82999999999993	12.8590000000004	0	0
15.3409999999985	10.7790000000005	14.5750000000007	0	0
13.8700000000008	4.59200000000055	13.4809999999998	0	0
12.2469999999994	6.97299999999996	12.0669999999991	0	0
12.2860000000001	6.41399999999885	12.3850000000002	0	0
11.5669999999991	5.66300000000047	12.6140000000014	0	0
11.4499999999989	5.33500000000095	12.5380000000005	0	0
13.7219999999998	11.9400000000005	13.5390000000007	0	0
12.4709999999995	9.32200000000012	12.6149999999998	0	0
13.5070000000014	10.3029999999999	13.1859999999997	0	0
12.3549999999996	4.98099999999977	12.473	0	0
14.3559999999998	13.994999999999	14.2649999999994	0	0
12.3109999999997	6.28600000000006	12.6859999999997	0	0
11.4329999999991	3.82999999999993	11.0130000000008	0	0
14.1139999999996	10.4410000000007	13.3370000000014	0	0
12.1919999999991	6.46900000000096	12.7630000000008	0	0
11.7159999999985	3.18000000000029	11.3510000000006	0	0
13.2360000000008	8.81399999999849	14.0949999999993	0	0
13.0070000000014	4.1200000000008	12.7110000000011	0	0
11.8079999999991	5.21600000000035	11.5100000000002	0	0
13.3359999999993	7.90400000000045	13.0859999999993	0	0
13.5349999999999	9.92200000000048	14.0490000000009	0	0
11.6659999999993	2.92599999999948	11.5430000000015	0	0
11.1509999999998	4.86000000000058	11.2780000000002	0	0
11.260000000002	5.24699999999939	11.5699999999997	0	0
11.9450000000033	2.65999999999985	12.0349999999999	0	0
15.9119999999966	15.1010000000006	13.9830000000002	0	0
14.5740000000005	13.6059999999998	13.7479999999996	0	0
12.3340000000026	5.70800000000054	12.7240000000002	0	0
12.9759999999987	11.8170000000009	12.1839999999993	0	0
13.6030000000028	9.33499999999913	13.1029999999992	0	0
15.0550000000003	12.3680000000004	14.1080000000002	0	0
11.969000000001	1.78500000000167	11.8339999999989	0	0
12.1620000000003	5.45000000000073	11.7330000000002	0	0
12.125	4.50400000000081	12.5779999999995	0	0
14.2789999999986	12.0409999999993	14.6659999999974	0	0
12.2170000000006	6.91299999999865	12.5469999999987	0	0
12.3330000000024	7.21600000000035	12.7999999999993	0	0
11.887999999999	5.20200000000114	11.987000000001	0	0
13.2379999999976	9.74099999999999	12.887999999999	0	0
12.1039999999994	4.82700000000114	11.7910000000011	0	0
14.5689999999995	10.9459999999999	13.1680000000015	0	0
13.0680000000029	7.91699999999946	13.4569999999985	0	0
12.1320000000014	6.85900000000038	12.5349999999999	0	0
12.2989999999991	5.89100000000144	13.023000000001	0	0
12.5440000000017	8.19900000000052	12.5200000000004	0	0
12.1820000000007	6.4320000000007	12.1820000000007	0	0
13.1399999999994	6.43100000000049	13.4140000000007	0	0
14.1990000000005	12.771999999999	13.5540000000001	0	0
12.1540000000023	5.15400000000045	12.4530000000013	0	0
13.7569999999978	11.4450000000015	13.6839999999975	0	0
12.5569999999971	6.93500000000131	12.7980000000025	0	0
16.5289999999986	16.8229999999985	14.9179999999978	0	0
13.3849999999984	9.51800000000003	12.5429999999978	0	0
16.6539999999986	17.3389999999999	16.3309999999983	0	0
11.5789999999979	3.74300000000039	12.4269999999997	0	0
14.6219999999994	8.52200000000084	14.1990000000005	0	0
11.5989999999983	3.14100000000144	11.4879999999976	0	0
15.0169999999998	14.8509999999987	13.6709999999985	0	0
16.5099999999984	18.2660000000014	15.5749999999971	0	0
12.4140000000007	5.94900000000052	12.0550000000003	0	0
12.1949999999997	6.05099999999948	11.5589999999975	0	0
11.4350000000013	3.76199999999881	11.7829999999994	0	0
12.6549999999988	9.28299999999945	12.2899999999972	0	0
13.0390000000007	5.95099999999911	12.8599999999969	0	0
11.6000000000022	2.44900000000052	11.5730000000003	0	0
14.7660000000033	2.15999999999985	14.7150000000001	0	0
11.4959999999992	3.70599999999831	12.0030000000006	0	0
11.1640000000007	4.65900000000147	11.3499999999985	0	0
11.255000000001	3.54000000000087	11.3960000000006	0	0
13.9219999999987	8.54299999999967	13.482	0	0
12.0989999999983	4.16300000000047	12.3110000000015	0	0
15.7950000000019	12.7510000000002	15.7860000000001	0	0
11.2819999999992	3.03299999999945	11.6419999999998	0	0
12.5449999999983	7.00699999999961	12.1919999999991	0	0
12.8790000000008	7.22400000000016	12.6449999999968	0	0
14.0429999999978	11.4110000000001	14.0440000000017	0	0
12.6080000000002	7.75900000000001	13.4590000000026	0	0
15.5300000000025	10.7849999999999	15.744999999999	0	0
14.0869999999995	9.36899999999878	14.6980000000003	0	0
13.7649999999994	8.42000000000007	13.594000000001	0	0
13.2089999999989	10.6509999999998	13.3420000000006	0	0
11.7160000000003	5.88500000000022	12.3420000000006	0	0
14.4459999999999	11.1740000000009	13.9269999999997	0	0
11.6650000000009	5.96500000000015	12.0679999999993	0	0
12.1739999999991	4.06900000000132	11.9539999999979	0	0
12.4239999999991	7.74799999999959	13.3079999999973	0	0
13.3830000000016	4.9320000000007	13.2879999999968	0	0
13.637999999999	9.30000000000109	13.5439999999981	0	0
12.372000000003	8.58100000000013	13.257999999998	0	0
11.8849999999984	5.09799999999996	11.9880000000012	0	0
13.5420000000013	7.98700000000099	12.9399999999987	0	0
12.0959999999977	7.30400000000009	12.6939999999995	0	0
11.0750000000007	2.82600000000093	11.3859999999986	0	0
10.5419999999976	3.71399999999994	11.1680000000015	0	0
12.7530000000006	7.10300000000097	12.7739999999976	0	0
11.5060000000012	3.23799999999937	12.1229999999996	0	0
12.023000000001	5.43900000000031	12.6340000000018	0	0
17.530999999999	15.0689999999995	16.3489999999983	0	0
13.0169999999998	9.52099999999882	13.4780000000028	0	0
11.9360000000015	3.78600000000006	12.2259999999987	0	0
11.5879999999997	2.69500000000153	11.3199999999997	0	0
17.2940000000017	20.8649999999998	14.3990000000013	0	0
12.7129999999997	5.72500000000036	12.7890000000007	0	0
13.1899999999987	8.53499999999985	12.8760000000002	0	0
16.4310000000005	15.7080000000005	15.3040000000001	0	0
12.7560000000012	7.6929999999993	12.2010000000009	0	0
15.8479999999981	14.4390000000003	14.8060000000005	0	0
14.232	12.5830000000005	14.5630000000019	0	0
13.0670000000027	9.65999999999985	12.6059999999998	0	0
12.1970000000001	4.75300000000061	11.9290000000001	0	0
13.5	9.5669999999991	12.8209999999999	0	0
14.0509999999995	10.0619999999999	13.2590000000018	0	0
12.6409999999996	7.95199999999932	13.0570000000007	0	0
12.8289999999979	7.125	12.6370000000024	0	0
12.7150000000001	7.98300000000017	13.2710000000006	0	0
12.3869999999988	7.19999999999891	13.2649999999994	0	0
14.3119999999981	10.723	14.1829999999973	0	0
13.2119999999995	4.34000000000015	12.7000000000007	0	0
13.8780000000006	10.976999999999	13.3960000000006	0	0
12.8529999999992	7.45000000000073	12.1739999999991	0	0
15.4010000000017	9.04899999999907	15.125	0	0
12.4439999999995	7.66499999999905	12.4809999999998	0	0
13.2139999999999	8.16500000000087	12.9330000000009	0	0
14.2009999999973	12.137999999999	13.3430000000008	0	0
14.4890000000014	11.5	13.9089999999997	0	0
14.0019999999968	11.3220000000001	14.0439999999981	0	0
15.3630000000012	17.018	14.1990000000005	0	0
11.6849999999977	1.36700000000019	11.4370000000017	0	0
12.3090000000011	7.46400000000176	12.8609999999971	0	0
12.7819999999992	7.96999999999935	13.0600000000013	0	0
15.3410000000003	14.262999999999	14.2860000000001	0	0
13.594000000001	11.5679999999993	14.2539999999972	0	0
11.4670000000006	4.32200000000012	11.6089999999967	0	0
16.2710000000006	15.25	14.7250000000022	0	0
12.8630000000012	6.23400000000038	12.6710000000021	0	0
12.3289999999979	6.39199999999983	12.0499999999993	0	0
12.1749999999993	5.39400000000023	12.2839999999997	0	0
13.1440000000002	8.02200000000084	12.7640000000029	0	0
13.0600000000013	7.21700000000055	13.0010000000002	0	0
11.773000000001	8.64199999999983	12.1440000000002	0	0
10.8839999999982	3.77100000000064	11.3070000000007	0	0
13.3729999999996	12.8619999999992	12.7250000000022	0	0
11.4089999999997	5.19499999999971	11.7510000000002	0	0
12.3919999999998	6.20199999999932	11.9879999999976	0	0
12.0619999999981	7.0669999999991	13.4310000000005	0	0
12.9950000000026	8.52300000000105	12.5380000000005	0	0
13.1829999999973	10.5559999999987	12.8050000000003	0	0
13.6390000000029	9.70399999999972	12.9029999999984	0	0
12.586000000003	5.96200000000135	13.0550000000003	0	0
20.4000000000015	26.6530000000002	16.469000000001	0	0
13.3169999999991	9.4320000000007	13.2710000000006	0	0
13.5450000000019	6.92300000000068	13.3139999999985	0	0
14.2349999999969	7.02399999999943	14.1490000000013	0	0
15.2969999999987	13.0049999999992	14.7350000000006	0	0
12.7819999999992	9.26599999999962	13.4639999999999	0	0
12.510000000002	3.70000000000073	13.0220000000008	0	0
11.9419999999991	4.34699999999975	12.5570000000007	0	0
12.122000000003	6.375	11.8919999999998	0	0
12.7939999999981	5.30099999999948	12.4050000000025	0	0
15.4269999999997	11.8070000000007	14.3640000000014	0	0
13.9880000000012	8.61999999999898	13.518	0	0
16.8950000000004	18.0990000000002	15.757999999998	0	0
12.8869999999988	7.98199999999997	13.1450000000004	0	0
13.9989999999998	7.9940000000006	14.0730000000003	0	0
11.7369999999974	4.74599999999919	12.1100000000006	0	0
13.7309999999998	11.4929999999986	14.2910000000011	0	0
11.512999999999	4.65200000000004	12.8029999999999	0	0
13.6980000000003	7.77300000000105	13.2669999999998	0	0
15.9259999999995	9.53100000000086	14.7900000000009	0	0
14.0030000000006	9.87199999999939	12.6949999999997	0	0
17.1800000000003	16.2829999999994	15.3250000000007	0	0
13.1219999999994	6.63999999999942	13.4199999999983	0	0
13.2590000000018	8.21799999999894	13.3349999999991	0	0
16.6699999999983	16.6790000000001	14.6890000000021	0	0
12.3950000000004	4.42499999999927	11.8459999999977	0	0
13.9040000000023	10.1509999999998	13.4250000000029	0	0
12.9010000000017	5.65300000000025	12.757999999998	0	0
12.1400000000031	5.28600000000006	12.0720000000001	0	0
13.6460000000006	11.7440000000006	14.2309999999998	0	0
15.8029999999999	12.6419999999998	14.6569999999992	0	0
13.8220000000001	10.8719999999994	13.4259999999995	0	0
12.7180000000008	6.39999999999964	12.643	0	0
14.9760000000024	13.9900000000016	15.5859999999993	0	0
12.2189999999973	7.22799999999916	13.6860000000015	0	0
14.0069999999978	11.0020000000004	13.737000000001	0	0
11.8539999999994	6.60099999999875	11.6310000000012	0	0
12.0460000000021	4.41300000000047	12.4520000000011	0	0
18.6630000000005	19.6239999999998	18.0370000000003	0	0
12.0889999999999	5.08899999999994	12.3119999999981	0	0
13.2849999999999	10.607	13.0560000000005	0	0
12.8689999999988	5.07899999999972	13.1539999999986	0	0
12.6139999999978	7.21599999999853	12.2199999999975	0	0
16.0560000000005	13.8159999999989	14.5799999999981	0	0
12.0119999999988	5.32300000000032	12.2230000000018	0	0
11.4379999999983	3.11399999999958	10.8859999999986	0	0
12.5689999999995	3.125	11.6489999999976	0	0
15.25	12.0969999999998	14.601999999999	0	0
18.3600000000006	16.2799999999988	17.0360000000001	0	0
13.275999999998	10.741	13.6490000000013	0	0
12.8960000000006	6.89199999999983	12.8059999999969	0	0
14.6260000000002	10.8400000000001	14.260000000002	0	0
11.8729999999996	5.38400000000001	12.4090000000033	0	0
12.8199999999997	7.89699999999903	12.3539999999994	0	0
14.3689999999988	12.4290000000001	13.5560000000005	0	0
12.2329999999965	5.64000000000124	12.0210000000006	0	0
12.012999999999	5.19700000000012	12.9650000000001	0	0
16.1779999999999	17.0810000000001	15.4989999999998	0	0
12.1399999999994	5.1359999999986	12.2980000000025	0	0
12.3969999999972	5.09499999999935	12.380000000001	0	0
13.7450000000026	11.7870000000003	14.1520000000019	0	0
12.5989999999983	5.87900000000081	13.3270000000011	0	0
11.619999999999	4.35000000000036	12.150999999998	0	0
12.9219999999987	10.3449999999993	13.3549999999996	0	0
11.2330000000002	4.83699999999953	12.1400000000031	0	0
11.3470000000016	6.78399999999965	12.2160000000003	0	0
13.5289999999986	9.97100000000137	14.8290000000015	0	0
12.0059999999976	4.29899999999907	12.4170000000013	0	0
11.8480000000018	5.18499999999949	12.2530000000006	0	0
14.0620000000017	12.8729999999996	13.9930000000022	0	0
12.2200000000012	5.98500000000058	12.5709999999999	0	0
12.9500000000007	7.00600000000122	12.3799999999974	0	0
14.3100000000013	11.0059999999994	13.6710000000021	0	0
12.5829999999987	8.61499999999978	12.3909999999996	0	0
12.8240000000005	7.24599999999919	13.2560000000012	0	0
11.5339999999997	3.63199999999961	11.7100000000028	0	0
12.885000000002	9.15599999999904	12.9279999999999	0	0
15.7540000000008	14.6930000000011	14.4979999999996	0	0
12.3139999999985	7.88899999999921	12.5089999999982	0	0
14.4349999999977	12.3119999999999	12.9050000000025	0	0
12.7180000000008	8.10800000000017	12.4989999999998	0	0
11.982	5.39500000000044	12.2750000000015	0	0
11.0580000000009	5.89100000000144	11.8159999999989	0	0
12.1289999999972	5.38800000000083	12.6699999999983	0	0
12.9020000000019	6.77999999999884	12.7310000000034	0	0
14.4989999999998	12.5760000000009	13.0649999999987	0	0
13.8329999999987	10.7919999999995	13.4290000000001	0	0
12.6939999999995	6.84799999999996	12.518	0	0
12.5660000000025	5.2510000000002	12.1169999999984	0	0
14.1959999999999	11.9449999999997	13.8269999999975	0	0
11.6000000000022	2.99200000000019	11.6749999999993	0	0
17.5430000000015	19.1419999999998	15.8310000000019	0	0
14.2380000000012	6.6820000000007	14.0080000000016	0	0
11.0810000000019	6.24699999999939	11.5200000000004	0	0
11.9120000000003	4.08699999999953	12.4019999999982	0	0
12.0910000000003	6.76999999999862	12.3130000000019	0	0
13.6119999999974	9.57300000000032	12.6720000000023	0	0
12.7710000000006	4.8130000000001	13.3270000000011	0	0
11.880000000001	5.91799999999967	12.6909999999989	0	0
11.8899999999994	4.11199999999917	11.3580000000002	0	0
15.4449999999997	15.3670000000002	13.655999999999	0	0
13.2099999999991	9.58800000000156	13.8640000000014	0	0
11.739999999998	5.74799999999959	12.7849999999999	0	0
12.5139999999992	8.55600000000049	12.8240000000005	0	0
11.9950000000026	3.55900000000111	11.9840000000004	0	0
12.5459999999985	7.02100000000064	12.4939999999988	0	0
13.9120000000003	7.97800000000097	12.8919999999998	0	0
13.0679999999993	10.2829999999994	13.0509999999995	0	0
12.2180000000008	7.11599999999999	11.9409999999989	0	0
13.6980000000003	7.26900000000023	13.0619999999981	0	0
14.632999999998	13.4159999999993	13.8040000000001	0	0
11.3419999999969	1.13899999999921	11.0730000000003	0	0
12.1899999999987	3.8070000000007	12.3479999999981	0	0
11.9880000000012	4.78100000000086	12.3630000000012	0	0
11.461000000003	2.9950000000008	11.8269999999975	0	0
13.4749999999985	6.02499999999964	13.155999999999	0	0
16.1209999999992	14.4300000000003	15.0199999999968	0	0
15.1710000000021	12.2969999999987	13.7040000000015	0	0
15.3820000000014	12.1329999999998	14.4219999999987	0	0
12.1980000000003	3.76400000000103	11.7279999999992	0	0
12.7210000000014	8.08899999999994	13.018	0	0
15.5410000000011	15.0119999999988	14.4700000000012	0	0
12.3590000000004	7.08599999999933	11.8549999999996	0	0
13.1669999999976	8.55999999999949	13.5080000000016	0	0
18.8080000000009	18.9650000000001	16.9860000000008	0	0
13.7289999999994	8.31599999999889	13.8830000000016	0	0
12.8600000000006	7.14099999999962	12.6749999999993	0	0
13.1949999999997	8.02700000000004	13.4339999999975	0	0
11.9989999999998	5.75	11.6790000000001	0	0
12.5770000000011	5.70199999999932	12.1179999999986	0	0
15.8340000000026	11.4310000000005	14.780999999999	0	0
13.7900000000009	9.05299999999988	12.3899999999994	0	0
21.505000000001	27.723	17.7259999999987	0	0
13.9900000000016	11.4510000000009	13.2219999999979	0	0
13.0730000000003	9.47099999999955	13.5319999999992	0	0
13.1729999999989	8.88400000000001	13.7299999999996	0	0
13.4660000000003	9.19999999999891	13.2279999999992	0	0
16.0959999999977	16.4170000000013	14.4549999999981	0	0
11.6389999999992	5.26400000000103	11.8289999999979	0	0
12.4910000000018	7.33100000000013	12.2459999999992	0	0
13.7739999999976	14.0900000000001	13.3310000000019	0	0
11.0159999999996	2.06900000000132	10.875	0	0
11.5669999999991	4.09699999999975	11.5329999999994	0	0
12.2999999999993	4.95199999999932	12.255000000001	0	0
10.9850000000006	1.66700000000128	10.7699999999968	0	0
12.5889999999999	9.26100000000042	13.2609999999986	0	0
13.5240000000013	7.81999999999971	13.1419999999998	0	0
15.1859999999979	12.2989999999991	13.9589999999989	0	0
12.9229999999989	9.21199999999953	13.5879999999997	0	0
11.9150000000009	5.32200000000012	12.3909999999996	0	0
12.3419999999969	5.73199999999997	11.6049999999996	0	0
11.6999999999971	3.64799999999923	11.8159999999989	0	0
11.6630000000005	5.39999999999964	12.0580000000009	0	0
13.3369999999995	10.6309999999994	13.7589999999982	0	0
13.6489999999976	11.9310000000005	13.607	0	0
11.6599999999999	4.54500000000007	11.9290000000001	0	0
12.4789999999994	4.78499999999985	12.2969999999987	0	0
12.9209999999985	7.6359999999986	13.7700000000004	0	0
12.4279999999999	6.31700000000092	13.1870000000017	0	0
11.9300000000003	6.03099999999904	12.1330000000016	0	0
11.6970000000001	3.40099999999984	12.2530000000006	0	0
11.4439999999995	4.07899999999972	11.6159999999982	0	0
12.8379999999997	8.83400000000074	13.2330000000002	0	0
12.7020000000011	4.60699999999997	13.780999999999	0	0
12.2659999999996	4.09999999999854	11.5600000000013	0	0
13.0910000000003	7.48400000000038	12.5060000000012	0	0
11.8989999999976	4.41400000000067	11.9219999999987	0	0
12.354000000003	5.26499999999942	12.6309999999976	0	0
10.9210000000021	1.98300000000017	10.7619999999988	0	0
13.9439999999995	5.90999999999985	14.5799999999981	0	0
12.7580000000016	8.82999999999993	13.6460000000006	0	0
11.3019999999997	2.06899999999951	10.619999999999	0	0
12.3260000000009	6.78499999999985	13.4209999999985	0	0
14.2999999999993	11.848	14.8109999999979	0	0
12.0270000000019	5.42599999999948	12.400999999998	0	0
10.9629999999997	3.83300000000054	11.3050000000003	0	0
14.4320000000007	11.232	14.762999999999	0	0
12.2150000000001	5.81400000000031	12.7250000000022	0	0
13.518	10.6139999999996	13.8179999999993	0	0
11.7879999999968	6.38400000000001	12.1470000000008	0	0
14.398000000001	11.630000000001	14.1280000000006	0	0
11.8669999999984	5.71799999999894	12.3760000000002	0	0
15.8719999999994	11.7939999999999	12.7049999999981	0	0
13.4579999999987	8.71299999999974	12.7870000000003	0	0
11.4459999999999	4.49200000000019	11.8590000000004	0	0
13.2770000000019	9.10599999999977	12.6980000000003	0	0
13.6319999999978	7.47099999999955	13.2400000000016	0	0
11.8070000000007	4.80400000000009	11.6659999999974	0	0
13.7710000000006	7.14699999999903	13.8729999999996	0	0
11.4399999999987	4.40999999999985	12.0699999999997	0	0
13.119999999999	6.3650000000016	12.119999999999	0	0
12.4759999999987	7.71600000000035	12.8120000000017	0	0
12.3340000000026	4.48499999999876	12.2989999999991	0	0
12.8539999999994	6.59699999999975	12.7109999999993	0	0
15.7749999999978	16.5969999999998	14.3909999999996	0	0
11.0910000000003	3.45200000000114	11.7009999999973	0	0
11.7109999999993	4.10199999999895	11.8349999999991	0	0
12.8290000000015	8.59499999999935	12.5469999999987	0	0
12.9530000000013	10.0569999999989	12.5140000000029	0	0
14.8080000000009	13.848	14.3899999999994	0	0
11.7909999999974	5.69800000000032	12.1899999999987	0	0
13.6289999999972	8.74699999999939	12.2169999999969	0	0
12.4159999999974	8.53199999999924	13.0130000000026	0	0
11.851999999999	4.54999999999927	12.2520000000004	0	0
13.0889999999999	11.3119999999999	13.9370000000017	0	0
12.9490000000005	3.29700000000048	12.8899999999994	0	0
13.0989999999983	9.49499999999898	13.9140000000007	0	0
15.2990000000027	9.28100000000086	15.3539999999994	0	0
12.9429999999993	8.71099999999933	13.7649999999994	0	0
11.1589999999997	2.7559999999994	11.2799999999988	0	0
13.0400000000009	11.4930000000004	13.3630000000012	0	0
13.2649999999994	9.66200000000026	13.6059999999998	0	0
11.0479999999989	2.90500000000065	11.1840000000011	0	0
15.3050000000003	12.1350000000002	13.2669999999998	0	0
14.0550000000003	4.73999999999978	13.737000000001	0	0
14.7699999999968	12.9089999999997	14.2960000000021	0	0
13.2969999999987	10.8639999999996	13.1409999999996	0	0
12.0659999999989	8.08299999999872	12.1090000000004	0	0
15.9699999999975	14.0320000000011	13.8420000000006	0	0
13.0060000000012	6.8169999999991	12.2439999999988	0	0
13.5799999999981	10.8070000000007	13.9910000000018	0	0
12.7289999999994	6.83899999999994	12.4599999999991	0	0
12.398000000001	6.91599999999926	13.2750000000015	0	0
11.3139999999985	3.74300000000039	11.635000000002	0	0
12.6650000000009	8.26699999999983	13.268	0	0
13.2949999999983	10.9239999999991	13.3039999999964	0	0
14.0720000000001	9.8760000000002	13.9540000000015	0	0
14.4400000000023	10.4429999999993	13.9020000000019	0	0
14.7120000000032	11.7700000000004	13.8640000000014	0	0
13.523000000001	8.90500000000065	12.8340000000026	0	0
11.3040000000001	2.8179999999993	11.1670000000013	0	0
11.9429999999993	4.48600000000079	11.5549999999967	0	0
11.3220000000001	4.51699999999983	11.7700000000004	0	0
12.3009999999995	6.10599999999977	11.2109999999993	0	0
12.8760000000002	7.90500000000065	12.732	0	0
13.3940000000002	10.4699999999993	13.5669999999991	0	0
11.2089999999989	3.86399999999958	11.2209999999977	0	0
11.5570000000007	5.27000000000044	11.5509999999995	0	0
13.1310000000012	8.77700000000186	14.0069999999978	0	0
12.1359999999986	7.66300000000047	12.5420000000013	0	0
11.8950000000004	1.96500000000015	11.594000000001	0	0
15.135000000002	12.9069999999992	14.5119999999988	0	0
15.1179999999986	12.0769999999975	15.4099999999999	0	0
11.8289999999979	5.97099999999773	12.1749999999993	0	0
13.5250000000015	8.34600000000137	13.5590000000011	0	0
13.0449999999983	7.41199999999662	11.982	0	0
15.8339999999989	13.6880000000019	15.3319999999985	0	0
13.747000000003	8.70599999999831	14.0839999999989	0	0
14.9449999999997	14.4210000000021	15.1650000000009	0	0
11.0350000000035	3.90999999999985	11.4169999999976	0	0
12.6799999999967	7.22100000000137	12.3100000000013	0	0
14.4130000000005	9.64300000000003	14.5550000000003	0	0
12.601999999999	6.88000000000102	12.5479999999989	0	0
16.5649999999987	15.3270000000011	14.8400000000001	0	0
13.0200000000004	8.99699999999939	13.6320000000014	0	0
13.1779999999999	8.01800000000003	13.3310000000019	0	0
12.005000000001	5.1140000000014	11.8380000000034	0	0
11.4889999999978	5.09100000000035	11.9340000000011	0	0
11.3940000000002	2.99499999999898	11.3760000000002	0	0
12.2400000000016	4.38800000000265	12.3369999999995	0	0
13.4459999999999	8.04300000000148	13.3179999999993	0	0
11.364999999998	4.43100000000049	12.288999999997	0	0
10.9240000000027	0.940999999998894	10.7840000000033	0	0
10.9150000000009	4.46399999999994	11.6489999999976	0	0
13.8780000000006	3.60299999999916	14.0880000000034	0	0
12.3940000000002	6.10599999999977	13.0109999999986	0	0
13.005000000001	7.2599999999984	12.6270000000004	0	0
13.6100000000006	7.91200000000026	12.9510000000009	0	0
13.9439999999995	9.02699999999822	13.1719999999987	0	0
12.9449999999997	6.31199999999808	13.2309999999998	0	0
12.6409999999996	6.69399999999951	12.7769999999982	0	0
14.1110000000008	9.47199999999793	13.1260000000002	0	0
13.4780000000028	8.71099999999933	13.0059999999976	0	0
11.349000000002	6.06200000000172	11.4929999999986	0	0
15.6589999999997	15.9509999999973	12.4989999999998	0	0
11.8600000000006	5.89199999999983	12.3840000000018	0	0
15.0520000000033	13.7559999999976	14.0150000000031	0	0
12.0920000000006	4.87400000000343	12.1519999999982	0	0
12.3639999999978	7.06600000000253	12.4480000000003	0	0
14.7200000000012	12.8940000000002	14.3859999999986	0	0
14.1359999999986	10.862000000001	12.9680000000008	0	0
14.3770000000004	9.68999999999869	13.6319999999978	0	0
14.393	11.0780000000013	13.4429999999993	0	0
11.4909999999982	2.52600000000166	11.6790000000001	0	0
12.3000000000029	7.92900000000009	12.4879999999976	0	0
11.887999999999	5.06600000000253	12.3969999999972	0	0
10.7590000000018	2.71900000000096	10.8529999999992	0	0
13.1039999999994	8.33799999999974	12.7340000000004	0	0
15.8680000000022	17.8549999999996	14.6319999999978	0	0
11.4319999999971	3.35699999999997	11.5580000000009	0	0
14.0420000000013	7.64500000000044	13.1729999999989	0	0
12.2989999999991	9.94999999999709	13.4799999999996	0	0
14.5119999999988	13.476999999999	13.7979999999989	0	0
15.5099999999984	11.875	14.2880000000005	0	0
14.8430000000008	14.0679999999993	14.3830000000016	0	0
12.0819999999985	5.03200000000288	12.1539999999986	0	0
11.244999999999	3.90599999999904	11.25	0	0
11.4729999999981	4.39799999999741	12.6049999999996	0	0
11.4720000000016	4.73600000000079	11.6880000000019	0	0
13.0020000000004	9.98199999999997	12.857	0	0
14.8050000000003	12.5529999999999	12.8209999999999	0	0
