1.158	0.043	2.481	0	0
0.805000000000001	0.081	1.853	0	0
1.099	0.215	2.657	0	0
1.503	0.219	3.51900000000001	0	0
1.068	0.161	2.377	0	0
0.868000000000002	0.103	1.997	0	0
0.901	0.107	2.077	0	0
0.943000000000001	0.168	2.19900000000001	0	0
0.901	0.0760000000000001	1.98	0	0
1.108	0.146	2.52500000000001	0	0
1.008	0.179	2.327	0	0
2.288	0.243	4.828	0	0
0.945	0.159999999999999	2.069	0	0
0.991	0.182	2.491	0	0
1.017	0.0309999999999997	2.148	0	0
1.066	0.0780000000000003	2.41800000000001	0	0
0.923999999999999	0.0940000000000003	2.182	0	0
0.812999999999995	0.0260000000000007	1.67400000000001	0	0
0.873000000000005	0.0890000000000004	1.89999999999999	0	0
2.277	0.434	4.93799999999999	0	0
1.079	0.166	2.619	0	0
1.018	0.162999999999999	2.327	0	0
1.012	0.103	2.149	0	0
0.960000000000008	0.0810000000000004	2.011	0	0
1.146	0.0369999999999999	2.23400000000001	0	0
0.966000000000008	0.115	2.387	0	0
0.820999999999998	0.093	1.78200000000001	0	0
1.182	0.088000000000001	2.483	0	0
1.03700000000001	0.142999999999999	2.381	0	0
0.974999999999994	0.109	2.108	0	0
0.908000000000001	0.113	2.14400000000001	0	0
0.918000000000006	0.145	2.06100000000001	0	0
0.994	0.182	2.358	0	0
1.054	0.200000000000001	2.55199999999999	0	0
0.963999999999999	0.168999999999999	2.27799999999999	0	0
1.026	0.200999999999999	2.53800000000001	0	0
1.03099999999999	0.0919999999999987	2.13800000000001	0	0
0.991	0.0709999999999997	2.09099999999998	0	0
0.971999999999994	0.128	2.23699999999999	0	0
0.814999999999998	0.081999999999999	1.84900000000002	0	0
0.885000000000005	0.0649999999999995	1.85900000000001	0	0
1.59399999999999	0.138	3.358	0	0
1.001	0.289999999999999	2.47899999999998	0	0
1.03	0.238999999999999	2.39400000000001	0	0
1.121	0.140000000000001	2.57000000000005	0	0
1.066	0.263000000000002	2.64699999999999	0	0
1.12400000000002	0.164999999999999	2.65499999999997	0	0
0.97199999999998	0.212	2.459	0	0
0.980000000000018	0.164999999999999	2.27699999999999	0	0
1.483	0.206999999999999	3.39099999999996	0	0
0.96599999999998	0.184999999999999	2.39100000000002	0	0
0.935999999999979	0.172999999999998	2.12799999999999	0	0
0.896000000000015	0.0960000000000001	1.97299999999996	0	0
1.12599999999998	0.210000000000001	2.57100000000003	0	0
1.11799999999999	0.126999999999999	2.00999999999999	0	0
0.984000000000009	0.170000000000002	2.053	0	0
0.829999999999984	0.0859999999999985	1.66399999999999	0	0
1.01900000000001	0.164999999999999	2.35599999999999	0	0
1.108	0.202000000000002	2.66500000000002	0	0
0.859000000000009	0.0790000000000006	1.95699999999999	0	0
0.864000000000004	0.166999999999998	2.01900000000001	0	0
0.929000000000002	0.192	2.15900000000005	0	0
0.846000000000004	0.114000000000001	1.85699999999997	0	0
0.926999999999992	0.131	1.94200000000001	0	0
1.00200000000001	0.0990000000000002	1.99099999999999	0	0
0.891999999999996	0.106999999999999	1.94200000000001	0	0
0.87700000000001	0.0839999999999996	2.16800000000001	0	0
1.01599999999999	0.199999999999999	2.57400000000001	0	0
0.943999999999988	0.186	2.25	0	0
0.978000000000009	0.23	2.47500000000002	0	0
1.11700000000002	0.168000000000003	2.483	0	0
0.875	0.0850000000000009	1.98099999999999	0	0
0.822000000000003	0.191000000000003	2.10300000000001	0	0
0.923000000000002	0.233999999999998	2.39300000000003	0	0
0.994999999999976	0.132999999999999	2.14100000000002	0	0
0.971000000000004	0.181999999999999	2.34899999999999	0	0
0.850999999999999	0.0790000000000006	1.77099999999996	0	0
0.912999999999982	0.111000000000001	1.99700000000001	0	0
1.16900000000001	0.131	2.60399999999998	0	0
0.884999999999991	0.105	1.976	0	0
0.799000000000007	0.0569999999999986	1.59899999999999	0	0
1.011	0.236000000000001	2.54000000000002	0	0
1.17599999999999	0.180999999999997	2.63399999999996	0	0
0.818999999999988	0.118000000000002	1.84299999999996	0	0
1.06999999999999	0.149000000000001	2.52500000000003	0	0
1.148	0.152000000000001	2.63200000000001	0	0
0.937999999999988	0.132999999999999	2.11100000000005	0	0
1.137	0.248000000000001	2.68899999999996	0	0
1.71899999999999	0.101000000000003	3.53599999999994	0	0
1.75199999999998	0.231999999999999	4.10199999999998	0	0
1.09800000000001	0.163999999999998	2.46599999999989	0	0
0.816000000000003	0.0769999999999982	1.78199999999993	0	0
0.795000000000016	0.0590000000000011	1.76099999999997	0	0
0.956999999999994	0.315000000000001	2.58600000000001	0	0
0.918000000000006	0.122999999999998	2.23300000000006	0	0
0.838999999999999	0.0800000000000018	1.82999999999993	0	0
0.870000000000005	0.0970000000000013	2.05600000000004	0	0
0.961000000000013	0.137	2.30600000000004	0	0
1.11599999999999	0.213999999999999	2.6690000000001	0	0
0.991999999999962	0.147999999999996	2.23900000000003	0	0
0.827999999999975	0.0640000000000001	1.79599999999994	0	0
1.38999999999999	0.178000000000004	2.97199999999998	0	0
1.09700000000004	0.243000000000002	2.81299999999999	0	0
0.968000000000018	0.173999999999999	2.26200000000006	0	0
0.812999999999988	0.0830000000000055	1.74399999999991	0	0
2.202	0.216000000000001	4.41100000000006	0	0
1.12400000000002	0.106999999999999	2.48900000000003	0	0
0.967999999999961	0.197000000000003	2.26199999999994	0	0
0.934000000000026	0.088000000000001	2.202	0	0
1.11700000000002	0.151000000000003	2.41300000000001	0	0
0.896999999999991	0.0810000000000031	2.02499999999998	0	0
0.975999999999999	0.229999999999997	2.31600000000003	0	0
0.954000000000008	0.167999999999999	2.19400000000007	0	0
0.88900000000001	0.0530000000000044	1.947	0	0
0.831999999999994	0.0700000000000003	1.93799999999999	0	0
0.826999999999998	0.0450000000000017	1.72899999999993	0	0
1.10899999999998	0.232999999999997	2.70600000000002	0	0
0.930000000000007	0.148000000000003	2.34199999999998	0	0
0.855000000000018	0.0599999999999952	1.85700000000008	0	0
1.03800000000001	0.198	2.41099999999994	0	0
1.08300000000003	0.100999999999999	2.32299999999998	0	0
0.824000000000012	0.0970000000000013	2.03899999999999	0	0
0.909999999999968	0.178000000000004	2.18899999999996	0	0
0.980999999999995	0.189999999999998	2.23799999999994	0	0
1.03000000000003	0.186	2.43500000000006	0	0
1.04500000000002	0.260999999999996	2.61099999999999	0	0
1.03399999999999	0.243000000000002	2.42600000000004	0	0
0.948999999999955	0.097999999999999	2.08600000000001	0	0
1.00399999999996	0.266000000000005	2.51600000000008	0	0
0.757999999999981	0.0810000000000031	1.66700000000003	0	0
0.828000000000031	0.0399999999999991	1.81500000000005	0	0
0.891999999999996	0.0480000000000018	1.755	0	0
0.810999999999979	0.0700000000000003	1.98099999999999	0	0
0.939999999999998	0.0930000000000035	2.01499999999999	0	0
0.890999999999963	0.046999999999997	1.72299999999996	0	0
0.870000000000005	0.0529999999999973	1.96799999999996	0	0
1.096	0.146000000000001	2.51799999999992	0	0
0.935999999999979	0.239999999999995	2.31400000000008	0	0
0.906000000000006	0.213999999999999	2.12200000000007	0	0
0.973000000000013	0.193999999999996	2.23000000000002	0	0
1.01900000000001	0.122	2.351	0	0
1.548	0.0949999999999989	3.322	0	0
1.07299999999998	0.183999999999997	2.60500000000002	0	0
0.908999999999992	0.0889999999999986	1.952	0	0
0.797000000000025	0.0500000000000043	1.83699999999999	0	0
1.04900000000004	0.380000000000003	2.87599999999998	0	0
0.93199999999996	0.182000000000002	2.13999999999999	0	0
0.932999999999993	0.197000000000003	2.20700000000011	0	0
0.995999999999981	0.254999999999995	2.55200000000002	0	0
1.13299999999998	0.289000000000001	2.84400000000005	0	0
1.06099999999998	0.184999999999995	2.65999999999997	0	0
1.11099999999999	0.0900000000000034	2.048	0	0
0.91500000000002	0.140000000000001	2.048	0	0
1.81900000000002	0.359999999999999	4.25	0	0
0.923000000000002	0.285999999999994	2.38300000000004	0	0
0.918000000000006	0.153000000000006	1.95100000000002	0	0
1.01099999999997	0.240000000000002	2.43799999999999	0	0
1.09100000000001	0.267000000000003	2.66100000000006	0	0
0.883000000000038	0.0740000000000052	2.00299999999993	0	0
0.988	0.109000000000002	2.20100000000002	0	0
1.06199999999995	0.167000000000002	2.41100000000006	0	0
1.024	0.167000000000002	2.5	0	0
0.924000000000035	0.078000000000003	2.15700000000004	0	0
0.856999999999971	0.0479999999999947	1.72399999999993	0	0
1.00200000000001	0.115000000000002	2.14300000000003	0	0
0.807999999999993	0.0660000000000025	1.4899999999999	0	0
0.949999999999989	0.259	2.41899999999998	0	0
0.951000000000022	0.192	2.34100000000001	0	0
0.879999999999995	0.149999999999999	1.97299999999996	0	0
0.91500000000002	0.182000000000002	2.31899999999996	0	0
0.956000000000017	0.202000000000005	2.27299999999991	0	0
0.982000000000028	0.140000000000001	2.22699999999998	0	0
1.37700000000001	0.116	3.18100000000004	0	0
0.839999999999975	0.0840000000000032	1.76199999999994	0	0
0.828999999999951	0.0750000000000028	1.923	0	0
1.06999999999999	0.140999999999998	2.55200000000002	0	0
0.877999999999986	0.0700000000000003	2.029	0	0
0.859000000000037	0.0910000000000011	1.92099999999982	0	0
0.835000000000036	0.0929999999999964	1.80299999999988	0	0
0.949000000000012	0.207999999999998	2.19100000000003	0	0
1.88300000000004	0.210999999999999	4.27199999999993	0	0
0.875999999999976	0.100000000000001	1.83500000000004	0	0
0.987000000000023	0.193999999999996	2.31400000000008	0	0
0.859000000000037	0.144000000000005	2.17699999999991	0	0
0.97399999999999	0.100999999999999	2.22499999999991	0	0
1.17500000000001	0.103000000000002	2.49900000000002	0	0
1.23099999999999	0.121000000000002	2.596	0	0
0.949000000000012	0.116999999999997	2.05899999999997	0	0
1.012	0.0839999999999961	2.33200000000011	0	0
0.937000000000012	0.100999999999999	1.94000000000005	0	0
1.04000000000002	0.288999999999994	2.64300000000003	0	0
0.850999999999999	0.0489999999999995	1.827	0	0
0.870000000000005	0.146000000000001	2.14400000000001	0	0
1.13499999999999	0.222999999999999	2.53700000000003	0	0
0.939999999999998	0.177	2.29299999999989	0	0
0.845000000000027	0.0380000000000038	1.62899999999991	0	0
0.970000000000027	0.109999999999999	2.36999999999989	0	0
1.04900000000004	0.0769999999999982	2.07799999999997	0	0
0.980999999999995	0.207000000000008	2.2059999999999	0	0
0.952000000000112	0.138999999999996	2.10500000000002	0	0
0.981999999999971	0.22999999999999	2.20600000000013	0	0
0.826999999999998	0.0779999999999887	1.81100000000015	0	0
1.096	0.111000000000004	2.43999999999983	0	0
1.75300000000004	0.128	3.76999999999998	0	0
0.975999999999999	0.120000000000005	2.31099999999992	0	0
0.941000000000031	0.225999999999999	2.30999999999995	0	0
0.798999999999978	0.0299999999999869	1.67200000000003	0	0
0.901000000000067	0.039999999999992	1.93799999999987	0	0
0.953999999999951	0.090999999999994	2.10599999999999	0	0
0.814999999999941	0.108000000000004	2.0809999999999	0	0
1.04200000000003	0.216999999999999	2.47199999999998	0	0
1.09699999999998	0.177999999999997	2.28899999999999	0	0
0.899000000000001	0.125	2.17799999999988	0	0
1.11500000000001	0.230000000000004	2.82099999999991	0	0
0.836999999999989	0.100000000000009	1.59799999999996	0	0
0.880999999999972	0.0700000000000074	1.98700000000008	0	0
0.871000000000095	0.141000000000005	2.09699999999998	0	0
0.869000000000028	0.116	1.98199999999997	0	0
0.910999999999945	0.0810000000000031	2.02399999999989	0	0
1.08500000000004	0.138999999999996	2.58399999999983	0	0
0.985000000000014	0.155000000000001	2.33899999999994	0	0
1.24099999999999	0.209999999999994	2.73000000000002	0	0
1.43399999999997	0.0510000000000019	2.971	0	0
1.14099999999996	0.164000000000001	2.54299999999989	0	0
0.911999999999921	0.224999999999994	2.30199999999991	0	0
1.07299999999998	0.176000000000002	2.57600000000002	0	0
0.870000000000005	0.0750000000000028	2.08799999999997	0	0
0.95799999999997	0.10499999999999	2.20900000000006	0	0
0.958000000000084	0.11099999999999	2.14900000000011	0	0
1.02700000000004	0.168999999999997	2.37699999999995	0	0
0.868999999999915	0.0790000000000077	2.04200000000014	0	0
1.12400000000002	0.167999999999992	2.40600000000018	0	0
1.19399999999996	0.287999999999997	3.00999999999999	0	0
0.897999999999911	0.11099999999999	2.06299999999987	0	0
1.04700000000003	0.209000000000003	2.548	0	0
0.874000000000024	0.191999999999993	2.14300000000003	0	0
0.84800000000007	0.0740000000000123	1.91000000000008	0	0
0.864000000000033	0.129000000000005	2.06799999999998	0	0
1.05500000000006	0.234999999999999	2.49500000000012	0	0
0.91700000000003	0.134	2.16700000000014	0	0
0.946000000000026	0.140000000000001	2.17899999999986	0	0
0.857000000000085	0.0339999999999918	1.827	0	0
0.994000000000028	0.221000000000004	2.42900000000009	0	0
0.88900000000001	0.083999999999989	1.78999999999996	0	0
0.974000000000046	0.218999999999994	2.5	0	0
0.920999999999935	0.0289999999999964	1.93999999999983	0	0
0.815000000000055	0.0999999999999943	1.84400000000005	0	0
0.769999999999982	0.0440000000000111	1.72399999999993	0	0
0.827999999999975	0.0289999999999964	1.86000000000013	0	0
0.762000000000057	0.116000000000014	1.86500000000001	0	0
0.976999999999975	0.156999999999996	2.28100000000018	0	0
0.966999999999985	0.10199999999999	2.04099999999994	0	0
2.71600000000001	0.307000000000002	5.87599999999998	0	0
0.865000000000009	0.170999999999992	2.18200000000002	0	0
0.876999999999953	0.102999999999994	1.952	0	0
0.810000000000059	0.105999999999995	1.7639999999999	0	0
0.840000000000032	0.189999999999998	1.9670000000001	0	0
0.885999999999967	0.192999999999998	2.04700000000003	0	0
1.875	0.287000000000006	4.11400000000003	0	0
0.899000000000001	0.0769999999999982	1.75600000000009	0	0
0.855999999999995	0.104000000000013	1.86899999999991	0	0
0.896999999999935	0.0870000000000033	1.99299999999994	0	0
0.865000000000009	0.0849999999999937	2.02199999999993	0	0
0.913000000000011	0.0930000000000035	2.01600000000008	0	0
0.854000000000042	0.0919999999999987	1.7650000000001	0	0
0.819000000000074	0.061000000000007	1.79499999999985	0	0
0.894000000000005	0.123999999999995	2.048	0	0
0.971000000000004	0.245999999999995	2.43000000000006	0	0
0.836999999999989	0.027000000000001	1.71600000000012	0	0
0.837999999999965	0.0580000000000069	1.76099999999997	0	0
0.855999999999995	0.152999999999992	1.9530000000002	0	0
0.83299999999997	0.090999999999994	1.65699999999993	0	0
1.11099999999999	0.307000000000002	2.76900000000001	0	0
0.954999999999927	0.192999999999998	2.29300000000012	0	0
1.03399999999999	0.191000000000003	2.37699999999995	0	0
1.51100000000008	0.169000000000011	3.05799999999999	0	0
1.19900000000007	0.122	2.52700000000004	0	0
0.935000000000059	0.109999999999999	2.15000000000009	0	0
0.930000000000064	0.216999999999999	2.29499999999985	0	0
0.805000000000064	0.123000000000005	2.03499999999985	0	0
0.918000000000006	0.0879999999999939	1.94100000000003	0	0
1.15800000000002	0.0869999999999891	2.45099999999979	0	0
1.05000000000007	0.13300000000001	2.32199999999989	0	0
0.908999999999992	0.0580000000000069	2.01800000000003	0	0
1.63599999999997	0.0619999999999976	3.40499999999997	0	0
0.842999999999961	0.146999999999991	2.21100000000001	0	0
0.983000000000061	0.159000000000006	2.33000000000015	0	0
1.08600000000001	0.206000000000003	2.43100000000004	0	0
0.836000000000013	0.0529999999999973	1.91000000000008	0	0
0.822000000000003	0.0300000000000011	1.86799999999994	0	0
0.958000000000084	0.164000000000001	2.41300000000001	0	0
0.980000000000018	0.090999999999994	1.98800000000006	0	0
2.17200000000003	0.308999999999997	4.68100000000004	0	0
0.879000000000019	0.125	2.04399999999987	0	0
1.02600000000007	0.0990000000000038	2.40300000000002	0	0
1.029	0.200000000000003	2.37999999999988	0	0
0.958000000000084	0.149000000000001	2.11500000000001	0	0
0.79099999999994	0.0790000000000077	1.47199999999998	0	0
0.980999999999995	0.193000000000012	2.33299999999986	0	0
0.954000000000065	0.125	2.15300000000002	0	0
0.870999999999981	0.0929999999999893	2.00700000000006	0	0
0.894999999999982	0.188999999999993	2.17700000000013	0	0
0.815000000000055	0.114999999999995	1.93299999999999	0	0
0.875999999999976	0.103000000000009	2.19499999999994	0	0
1.50299999999993	0.227000000000004	3.28700000000003	0	0
0.871999999999957	0.171999999999997	2.11299999999983	0	0
1.70699999999999	0.173999999999992	3.69200000000001	0	0
0.903999999999996	0.0859999999999985	2.10099999999989	0	0
1.20000000000005	0.259999999999991	2.82799999999997	0	0
1.09100000000001	0.170000000000002	2.50600000000009	0	0
1.73300000000006	0.219999999999999	4.02299999999991	0	0
0.853999999999928	0.0769999999999982	1.86700000000019	0	0
0.835000000000036	0.0360000000000014	1.78399999999988	0	0
0.913000000000011	0.215999999999994	2.34900000000016	0	0
0.899999999999977	0.097999999999999	1.86400000000003	0	0
0.855000000000018	0.0889999999999986	1.798	0	0
0.833999999999946	0.105000000000004	1.96000000000004	0	0
0.942000000000007	0.25200000000001	2.42500000000018	0	0
0.872000000000071	0.198000000000008	2.02300000000014	0	0
0.803999999999974	0.0919999999999987	1.78800000000001	0	0
0.969000000000051	0.090999999999994	2.08499999999981	0	0
0.870000000000005	0.0679999999999978	1.93900000000008	0	0
0.864000000000033	0.0729999999999933	1.87400000000002	0	0
0.990000000000009	0.147999999999996	2.27299999999991	0	0
0.937999999999988	0.167000000000002	2.173	0	0
0.895999999999958	0.218000000000004	2.25999999999999	0	0
1.19200000000001	0.326999999999998	2.8610000000001	0	0
1.00199999999995	0.207999999999998	2.37899999999991	0	0
1.02600000000007	0.174999999999997	2.53899999999999	0	0
0.883999999999901	0.0750000000000028	1.89599999999996	0	0
0.986999999999966	0.119000000000014	2.03099999999995	0	0
0.87600000000009	0.0550000000000068	1.88400000000001	0	0
0.891000000000076	0.108999999999995	2.0809999999999	0	0
0.809999999999945	0.0660000000000025	1.95399999999995	0	0
1.08500000000004	0.171000000000006	2.46799999999985	0	0
0.896999999999935	0.200000000000003	2.28800000000001	0	0
0.897000000000048	0.248000000000005	2.16300000000001	0	0
1.0440000000001	0.173000000000002	2.34699999999998	0	0
0.855999999999995	0.0400000000000063	1.72700000000009	0	0
0.863999999999919	0.054000000000002	1.90999999999985	0	0
0.983999999999924	0.0829999999999984	2.27700000000004	0	0
0.934999999999945	0.165000000000006	2.30799999999999	0	0
1.92700000000002	0.326000000000008	4.59500000000003	0	0
1.21100000000001	0.141000000000005	2.69899999999984	0	0
0.885999999999967	0.0669999999999931	2.07400000000007	0	0
0.874000000000024	0.0480000000000018	1.83500000000004	0	0
0.937000000000012	0.114000000000004	2.19800000000009	0	0
0.892999999999915	0.185999999999993	2.19200000000001	0	0
0.90199999999993	0.0750000000000028	2.00599999999986	0	0
1.88900000000001	0.25	3.91999999999985	0	0
1.07399999999996	0.118000000000009	2.46699999999987	0	0
0.883000000000038	0.0769999999999982	1.87699999999995	0	0
0.799999999999955	0.0420000000000016	1.72499999999991	0	0
0.871999999999957	0.128	2.08300000000008	0	0
0.764999999999986	0.0630000000000024	1.39200000000005	0	0
0.890999999999963	0.119	2.202	0	0
0.94500000000005	0.123999999999995	2.20100000000002	0	0
0.822000000000003	0.0819999999999936	1.94699999999989	0	0
0.937000000000012	0.153999999999996	2.125	0	0
0.879999999999995	0.0649999999999977	1.65100000000007	0	0
0.961999999999989	0.129999999999995	2.10599999999977	0	0
0.842999999999961	0.0900000000000034	1.9989999999998	0	0
1.03999999999996	0.310000000000002	2.64999999999964	0	0
0.900999999999954	0.26100000000001	2.27799999999979	0	0
0.918000000000006	0.124000000000009	2.0329999999999	0	0
0.909000000000106	0.109000000000009	2.00199999999995	0	0
1.0440000000001	0.132000000000005	2.39100000000008	0	0
1.11099999999999	0.180999999999997	2.7489999999998	0	0
0.953000000000088	0.225999999999999	2.3119999999999	0	0
0.899000000000001	0.0460000000000065	1.88300000000027	0	0
0.825999999999908	0.0419999999999874	1.73399999999992	0	0
0.895999999999958	0.117999999999995	1.88299999999981	0	0
1.01700000000005	0.188000000000002	2.39800000000014	0	0
1.19800000000009	0.092000000000013	2.6220000000003	0	0
1.07999999999993	0.0990000000000038	2.37099999999964	0	0
0.956999999999994	0.0869999999999891	2.13500000000022	0	0
0.871999999999957	0.0660000000000025	1.95500000000038	0	0
1.15899999999999	0.171000000000006	2.45399999999972	0	0
1.01199999999994	0.138999999999996	2.33299999999963	0	0
0.940000000000055	0.0879999999999939	1.91100000000006	0	0
0.949999999999932	0.164999999999992	2.27099999999973	0	0
0.870999999999981	0.168999999999997	1.98800000000028	0	0
0.914999999999964	0.182999999999993	2.17799999999988	0	0
0.824999999999932	0.0319999999999965	1.78300000000036	0	0
0.880999999999972	0.0630000000000024	2.01099999999997	0	0
1.077	0.181999999999988	2.5	0	0
0.925999999999931	0.164999999999992	2.23500000000013	0	0
0.936000000000035	0.194000000000003	2.38900000000012	0	0
1.68600000000004	0.262	3.89300000000003	0	0
0.876999999999953	0.256	1.99499999999989	0	0
0.894000000000005	0.0810000000000031	2.05200000000013	0	0
0.954000000000065	0.161000000000001	2.28800000000001	0	0
0.84699999999998	0.126999999999995	2.03700000000026	0	0
0.899000000000001	0.0810000000000031	2.00700000000006	0	0
0.871999999999957	0.183000000000007	2.04300000000012	0	0
0.865000000000009	0.0559999999999974	1.89099999999962	0	0
0.904999999999973	0.131	2.12100000000009	0	0
0.949000000000069	0.224000000000004	2.36000000000013	0	0
1.06299999999999	0.338000000000008	2.66499999999996	0	0
0.937999999999988	0.182999999999993	2.23399999999992	0	0
0.851999999999975	0.109999999999999	1.82099999999991	0	0
0.906999999999925	0.0480000000000018	1.88099999999986	0	0
0.88900000000001	0.0859999999999985	2.01099999999997	0	0
2.02700000000004	0.162000000000006	4.11099999999988	0	0
0.879000000000019	0.0849999999999937	2.09500000000025	0	0
1.14700000000005	0.22699999999999	2.63899999999967	0	0
0.881000000000085	0.0899999999999892	1.97299999999996	0	0
0.993000000000052	0.227000000000004	2.41600000000017	0	0
0.904999999999973	0.0669999999999931	2.10399999999981	0	0
0.8900000000001	0.126999999999995	2.00599999999986	0	0
0.885999999999967	0.0670000000000073	1.83300000000008	0	0
1.42499999999995	0.105999999999995	2.67300000000023	0	0
0.878999999999905	0.263999999999982	2.29700000000003	0	0
1.26800000000003	0.229000000000013	2.85099999999966	0	0
1.76600000000008	0.205999999999989	3.68199999999979	0	0
0.929000000000087	0.171999999999997	2.28099999999995	0	0
1.15599999999995	0.220999999999975	2.83699999999999	0	0
0.865000000000009	0.0429999999999779	1.88599999999997	0	0
0.829999999999927	0.0980000000000132	1.86099999999988	0	0
0.824000000000069	0.0669999999999789	1.81400000000031	0	0
0.914999999999964	0.0509999999999877	1.80899999999974	0	0
0.836999999999989	0.110000000000014	1.9380000000001	0	0
0.944999999999936	0.246000000000009	2.16499999999996	0	0
1.14099999999985	0.120000000000005	2.61700000000019	0	0
1.04300000000012	0.192999999999984	2.51900000000023	0	0
1.03099999999995	0.22199999999998	2.20499999999993	0	0
0.820999999999913	0.0959999999999752	1.81399999999985	0	0
0.824000000000069	0.0200000000000102	1.84099999999989	0	0
0.848000000000184	0.0720000000000027	1.89899999999989	0	0
0.821999999999889	0.039999999999992	1.81399999999985	0	0
0.922000000000025	0.10299999999998	2.22699999999986	0	0
1.07199999999989	0.148999999999972	2.42599999999993	0	0
0.929999999999836	0.215000000000003	2.45499999999993	0	0
0.81699999999978	0.0970000000000084	1.96399999999994	0	0
0.917999999999893	0.11699999999999	1.94300000000021	0	0
0.934999999999945	0.156000000000006	2.22000000000025	0	0
0.91599999999994	0.140000000000015	2.19399999999996	0	0
1.04999999999995	0.134999999999991	2.44999999999982	0	0
0.886999999999944	0.105999999999995	1.88099999999986	0	0
1.06500000000005	0.0970000000000084	2.23099999999977	0	0
0.824000000000069	0.0570000000000164	1.79700000000003	0	0
0.989000000000033	0.280000000000001	2.62800000000016	0	0
0.878000000000156	0.0819999999999936	2.1239999999998	0	0
1.02499999999986	0.264999999999986	2.63599999999997	0	0
1.76199999999994	0.222000000000008	3.95800000000008	0	0
0.958000000000084	0.166999999999973	2.28099999999995	0	0
0.932999999999993	0.127999999999986	2.1880000000001	0	0
0.883000000000038	0.0860000000000127	1.92899999999963	0	0
0.821999999999889	0.0999999999999943	2.05700000000024	0	0
0.884999999999991	0.100999999999999	1.88900000000012	0	0
1.577	0.106999999999999	3.5949999999998	0	0
0.97400000000016	0.206999999999994	2.40100000000029	0	0
0.925000000000182	0.265000000000015	2.46399999999994	0	0
1.12899999999991	0.151999999999987	2.58699999999999	0	0
0.980000000000018	0.0949999999999989	2.26200000000017	0	0
0.8900000000001	0.0769999999999982	1.86599999999999	0	0
0.955000000000155	0.12700000000001	2.30000000000018	0	0
2.221	0.271999999999991	4.95600000000013	0	0
0.991999999999962	0.0649999999999977	2.11100000000033	0	0
0.906999999999925	0.0860000000000127	2.04500000000007	0	0
0.958000000000084	0.207999999999998	2.29800000000023	0	0
1.029	0.0700000000000216	2.28400000000011	0	0
0.986000000000104	0.117999999999995	2.07299999999987	0	0
0.947999999999865	0.117999999999995	2.06899999999996	0	0
0.827999999999975	0.0870000000000175	2.00599999999986	0	0
1.03499999999985	0.131	2.39100000000008	0	0
0.80399999999986	0.0490000000000066	1.64899999999989	0	0
0.801999999999907	0.117000000000019	1.85900000000038	0	0
0.884999999999991	0.198000000000008	2	0	0
0.858999999999924	0.0669999999999789	2.01999999999998	0	0
0.868999999999915	0.0860000000000127	1.95199999999977	0	0
0.829999999999927	0.0529999999999973	1.7199999999998	0	0
0.90300000000002	0.163999999999987	1.98999999999978	0	0
0.93100000000004	0.183000000000021	2.19399999999996	0	0
0.891999999999825	0.252999999999986	2.28999999999996	0	0
0.947999999999865	0.158999999999992	2.32299999999987	0	0
0.862999999999829	0.119	1.87800000000016	0	0
1.04600000000005	0.128000000000014	2.24800000000005	0	0
1.05999999999995	0.174000000000007	2.39799999999968	0	0
2.06600000000003	0.431999999999988	4.87300000000005	0	0
0.79300000000012	0.104000000000013	1.779	0	0
0.905999999999949	0.205999999999989	2.21499999999969	0	0
0.836000000000013	0.129000000000019	1.9409999999998	0	0
0.895999999999958	0.0589999999999975	1.81700000000001	0	0
1.68299999999999	0.109000000000009	3.58599999999979	0	0
0.872000000000071	0.0940000000000225	1.93299999999999	0	0
1.01099999999997	0.117000000000019	2.23100000000022	0	0
0.86200000000008	0.0490000000000066	1.97000000000025	0	0
0.963999999999942	0.0980000000000132	2.14800000000014	0	0
0.890999999999849	0.12299999999999	2	0	0
0.803000000000111	0.0320000000000107	1.40299999999979	0	0
0.898999999999887	0.100999999999999	2.21199999999999	0	0
0.928000000000111	0.0680000000000121	2.05099999999993	0	0
0.893000000000029	0.0670000000000073	2.13199999999961	0	0
0.847999999999956	0.0519999999999925	2.0010000000002	0	0
0.807999999999993	0.00499999999999545	1.60099999999966	0	0
0.828999999999951	0.0260000000000105	1.85699999999997	0	0
0.913000000000011	0.157999999999987	2.11499999999978	0	0
1.05399999999986	0.13900000000001	2.42700000000013	0	0
1.07799999999997	0.111000000000018	2.29399999999987	0	0
1.1690000000001	0.323999999999984	2.99600000000009	0	0
0.855999999999995	0.0549999999999784	1.76600000000008	0	0
1.09099999999989	0.183000000000021	2.46299999999974	0	0
1.14400000000001	0.113	2.31400000000031	0	0
1.25700000000006	0.177999999999997	2.85599999999977	0	0
1.79299999999989	0.24199999999999	4.10500000000002	0	0
1.18700000000013	0.301999999999992	2.89500000000044	0	0
1.06399999999985	0.157999999999987	2.52100000000019	0	0
0.970000000000027	0.211000000000013	2.42099999999982	0	0
0.939999999999827	0.135999999999996	2.06600000000026	0	0
0.857999999999947	0.10899999999998	1.73900000000003	0	0
1.0300000000002	0.0609999999999786	2.15700000000015	0	0
1.15200000000004	0.0940000000000225	2.43499999999995	0	0
1.78899999999999	0.22199999999998	4.17000000000007	0	0
0.759000000000015	0.0580000000000211	1.85899999999992	0	0
0.896999999999935	0.0949999999999989	1.93900000000031	0	0
0.817000000000007	0.0790000000000077	1.76400000000012	0	0
0.930999999999813	0.174000000000007	2.13999999999987	0	0
0.992999999999938	0.211999999999989	2.45699999999988	0	0
0.951000000000022	0.106999999999999	2.11999999999989	0	0
1.10099999999989	0.149000000000001	2.36699999999973	0	0
0.808999999999969	0.105999999999995	1.80000000000018	0	0
1.04200000000014	0.159999999999997	2.41699999999992	0	0
0.899000000000115	0.114999999999981	2.0590000000002	0	0
0.981999999999971	0.149000000000001	2.28499999999985	0	0
0.910000000000082	0.215000000000003	2.30999999999995	0	0
0.95900000000006	0.0679999999999836	2.13300000000027	0	0
0.857999999999947	0.085000000000008	1.91699999999992	0	0
1.02000000000021	0.168999999999983	2.50900000000001	0	0
1.84400000000005	0.228000000000009	4.32200000000012	0	0
0.958000000000084	0.0810000000000173	2.19399999999996	0	0
0.980000000000018	0.132000000000005	2.0619999999999	0	0
0.849999999999909	0.0730000000000075	1.86400000000003	0	0
0.912000000000035	0.061000000000007	2.03300000000036	0	0
1.03700000000003	0.204000000000008	2.54799999999977	0	0
1.01099999999997	0.234999999999985	2.39300000000003	0	0
0.901999999999816	0.175999999999988	2.11400000000003	0	0
0.884000000000015	0.117999999999995	1.98099999999977	0	0
1.81200000000013	0.330999999999989	4.17399999999998	0	0
1.70800000000008	0.116000000000014	3.63700000000017	0	0
0.960000000000036	0.240999999999985	2.54299999999967	0	0
0.966000000000122	0.126000000000005	2.12699999999995	0	0
1.19299999999998	0.233000000000004	2.76800000000003	0	0
1.01800000000003	0.185000000000002	2.346	0	0
1.10400000000004	0.141999999999996	2.5659999999998	0	0
1.14100000000008	0.225999999999999	2.58500000000004	0	0
1.4559999999999	0.120000000000005	2.86300000000028	0	0
1.06700000000001	0.102000000000004	2.17799999999988	0	0
0.884000000000015	0.150000000000006	2.08200000000033	0	0
0.944000000000187	0.245000000000005	2.32099999999991	0	0
0.990000000000009	0.114000000000004	2.06099999999969	0	0
0.772999999999911	0.0909999999999798	1.68899999999985	0	0
0.919999999999845	0.0669999999999789	1.91899999999987	0	0
0.866999999999962	0.0630000000000166	2.01999999999998	0	0
1.69599999999991	0.169999999999987	3.69699999999966	0	0
0.896999999999935	0.113999999999976	1.94500000000016	0	0
0.914999999999964	0.0580000000000211	2.01099999999997	0	0
0.892000000000053	0.0900000000000034	2.10400000000027	0	0
0.840000000000146	0.0569999999999879	1.88799999999992	0	0
0.84699999999998	0.0300000000000011	1.89300000000003	0	0
0.991999999999962	0.192000000000007	2.35600000000022	0	0
0.835000000000036	0.114000000000004	1.76400000000012	0	0
1.01299999999992	0.177999999999997	2.20000000000027	0	0
1.27200000000016	0.13300000000001	2.46299999999974	0	0
0.876999999999953	0.0859999999999843	1.94000000000005	0	0
0.888000000000147	0.054000000000002	1.92999999999984	0	0
0.838000000000193	0.0289999999999964	1.84099999999989	0	0
0.992999999999938	0.114000000000004	2.06400000000031	0	0
0.805000000000064	0.0529999999999973	1.89100000000008	0	0
0.836000000000013	0.0349999999999966	1.721	0	0
0.801999999999907	0.0459999999999923	1.66600000000017	0	0
1.14700000000016	0.221000000000004	2.83699999999999	0	0
0.973999999999933	0.180999999999983	2.47299999999996	0	0
0.927000000000135	0.159999999999997	2.19999999999982	0	0
1.10699999999997	0.152999999999992	2.57400000000007	0	0
0.979000000000042	0.0849999999999795	2.07400000000007	0	0
1.72400000000016	0.188999999999993	3.82799999999997	0	0
0.807000000000016	0.0569999999999879	1.82000000000016	0	0
0.777000000000044	0.061000000000007	1.66899999999987	0	0
0.970000000000027	0.244	2.44300000000021	0	0
0.846000000000004	0.115000000000009	1.92299999999977	0	0
1.01100000000019	0.217000000000013	2.51999999999998	0	0
0.952999999999975	0.117999999999995	2.23599999999988	0	0
0.860000000000127	0.0679999999999836	1.99600000000009	0	0
1.33300000000008	0.114000000000004	3.01000000000022	0	0
0.878000000000156	0.164999999999992	2.14699999999993	0	0
0.829000000000178	0.0800000000000125	2.05099999999993	0	0
0.92899999999986	0.207999999999998	2.41899999999987	0	0
0.913000000000011	0.169000000000011	2.16199999999981	0	0
0.901000000000067	0.240999999999985	2.30700000000024	0	0
0.94399999999996	0.152999999999992	2.34700000000021	0	0
0.922000000000025	0.219000000000023	2.28699999999981	0	0
0.985000000000127	0.175000000000011	2.2819999999997	0	0
0.991999999999962	0.100999999999999	2.17900000000009	0	0
1.1070000000002	0.0960000000000036	2.25199999999995	0	0
1.12400000000002	0.15100000000001	2.40700000000015	0	0
0.812000000000126	0.0430000000000064	1.54500000000007	0	0
0.810999999999922	0.0829999999999984	1.76800000000003	0	0
0.805000000000064	0.021000000000015	1.74000000000024	0	0
0.819999999999936	0.0339999999999918	2.04800000000023	0	0
0.919000000000096	0.151999999999987	2.13499999999976	0	0
1.55099999999993	0.199999999999989	3.30399999999963	0	0
0.843000000000075	0.0519999999999925	1.92800000000034	0	0
1.03600000000006	0.254999999999995	2.62699999999995	0	0
0.906000000000176	0.140000000000015	2.20100000000002	0	0
0.900000000000091	0.0729999999999791	2.23999999999978	0	0
0.875999999999976	0.108000000000004	2.13299999999981	0	0
0.885999999999967	0.248999999999995	2.36400000000003	0	0
0.798999999999978	0.0800000000000125	1.88599999999997	0	0
2.27800000000002	0.423000000000002	5.56400000000031	0	0
0.941000000000031	0.109000000000009	2.14000000000033	0	0
0.841999999999871	0.109000000000009	2.02700000000004	0	0
0.914999999999964	0.123999999999995	2.13700000000017	0	0
0.929000000000087	0.191000000000003	2.36200000000008	0	0
0.949999999999818	0.175999999999988	2.28600000000006	0	0
0.973999999999933	0.222000000000008	2.25900000000001	0	0
1.04899999999998	0.120999999999981	2.40300000000025	0	0
0.990000000000009	0.150999999999982	2.29800000000023	0	0
0.837999999999965	0.0819999999999936	1.89599999999973	0	0
0.970000000000027	0.270999999999987	2.61400000000003	0	0
1	0.198000000000008	2.39699999999993	0	0
0.898000000000138	0.0739999999999839	2.0619999999999	0	0
0.958000000000084	0.143000000000001	2.25400000000036	0	0
0.823000000000093	0.0300000000000011	1.71099999999979	0	0
0.955000000000155	0.0859999999999843	2.07399999999961	0	0
0.841000000000122	0.0420000000000016	1.81800000000021	0	0
1.46600000000012	0.209000000000003	3.32799999999997	0	0
0.900000000000091	0.134999999999991	2.17499999999973	0	0
0.884999999999991	0.233000000000004	2.17200000000003	0	0
1.05000000000018	0.114000000000004	2.33300000000008	0	0
0.962999999999965	0.222000000000008	2.36299999999983	0	0
0.980999999999995	0.179000000000002	2.32999999999993	0	0
0.906000000000176	0.217999999999989	2.24099999999999	0	0
1.10300000000007	0.126000000000005	2.37199999999984	0	0
1.10300000000007	0.145999999999987	2.5319999999997	0	0
1.0630000000001	0.310000000000002	2.45399999999972	0	0
0.856999999999971	0.188000000000017	2.03700000000026	0	0
0.8900000000001	0.240999999999985	2.20400000000018	0	0
0.91599999999994	0.106999999999999	2.20499999999993	0	0
0.974999999999909	0.218999999999994	2.34000000000015	0	0
1.16000000000008	0.22999999999999	2.78499999999985	0	0
1.11300000000006	0.131	2.47199999999975	0	0
1.78600000000006	0.298000000000002	4.25900000000001	0	0
0.810000000000173	0.039999999999992	1.95000000000027	0	0
1.06399999999985	0.128999999999991	2.33599999999979	0	0
0.930000000000064	0.173000000000002	1.84699999999975	0	0
0.855000000000018	0.039999999999992	1.84700000000021	0	0
0.926000000000158	0.111000000000018	2.0920000000001	0	0
0.835000000000036	0.032999999999987	1.69700000000012	0	0
0.888999999999896	0.054000000000002	1.7170000000001	0	0
1.85699999999997	0.310000000000002	4.25599999999986	0	0
0.912000000000035	0.0630000000000166	1.8420000000001	0	0
0.982999999999947	0.167999999999978	1.98799999999983	0	0
0.969000000000051	0.24799999999999	2.50500000000011	0	0
1.08200000000011	0.137	2.41499999999996	0	0
0.878999999999905	0.0260000000000105	1.81299999999965	0	0
1.00600000000009	0.253999999999991	2.48300000000017	0	0
1.04700000000003	0.209000000000003	2.47600000000011	0	0
1.08699999999999	0.0960000000000036	2.22000000000025	0	0
2.13000000000011	0.306999999999988	4.625	0	0
0.923000000000002	0.113	2.05299999999988	0	0
0.967000000000098	0.159999999999997	2.34199999999964	0	0
0.899000000000115	0.046999999999997	1.88800000000037	0	0
0.83400000000006	0.131999999999977	2.00900000000001	0	0
0.921000000000049	0.195999999999998	2.36400000000003	0	0
0.874000000000024	0.137	1.96799999999985	0	0
0.926000000000158	0.0860000000000127	2.15000000000009	0	0
0.972999999999956	0.225999999999999	2.32799999999997	0	0
0.97199999999998	0.13300000000001	2.14300000000003	0	0
0.913000000000011	0.179000000000002	2.20000000000027	0	0
1.05300000000011	0.140000000000015	2.3430000000003	0	0
0.936999999999898	0.170000000000016	2.33800000000019	0	0
0.990999999999985	0.210999999999984	2.49600000000009	0	0
0.972999999999956	0.239999999999981	2.35799999999972	0	0
1.08799999999997	0.234999999999985	2.8159999999998	0	0
1.20600000000013	0.155000000000001	2.74400000000014	0	0
0.929000000000087	0.0869999999999891	2.0920000000001	0	0
1.04200000000014	0.111999999999995	2.41100000000006	0	0
1.9409999999998	0.36099999999999	4.74499999999989	0	0
1.56200000000013	0.10899999999998	3.27500000000009	0	0
0.927999999999884	0.317999999999984	2.49299999999994	0	0
0.877999999999929	0.173999999999978	2.17399999999998	0	0
0.868000000000166	0.0960000000000036	1.96199999999999	0	0
1.07399999999984	0.156000000000006	2.3449999999998	0	0
1.09099999999989	0.175000000000011	2.66100000000006	0	0
0.98700000000008	0.10499999999999	2.34799999999996	0	0
0.830000000000155	0.0949999999999989	1.85300000000007	0	0
0.952999999999975	0.273000000000025	2.5949999999998	0	0
0.894999999999982	0.0559999999999832	2.01099999999997	0	0
0.963999999999942	0.152999999999992	2.12899999999991	0	0
1.46900000000005	0.116000000000014	3.08100000000013	0	0
0.949000000000069	0.169000000000011	2.1880000000001	0	0
0.909000000000106	0.221000000000004	2.30700000000024	0	0
0.958000000000084	0.141999999999996	2.00300000000016	0	0
0.852000000000089	0.0829999999999984	2.08300000000008	0	0
2.67200000000003	0.269999999999982	5.71500000000015	0	0
0.901999999999816	0.283999999999992	2.20400000000018	0	0
1.05099999999993	0.293999999999983	2.68100000000004	0	0
0.830000000000155	0.0840000000000032	1.86299999999983	0	0
0.803000000000111	0.0229999999999961	1.7470000000003	0	0
0.81899999999996	0.0170000000000243	1.75300000000016	0	0
0.904999999999973	0.105999999999995	2.13599999999997	0	0
0.895999999999958	0.158000000000015	2.21500000000015	0	0
0.983999999999924	0.203000000000003	2.221	0	0
0.798000000000002	0.0629999999999882	1.67700000000013	0	0
0.86200000000008	0.150999999999982	2.07999999999993	0	0
1.78700000000003	0.22799999999998	4.0930000000003	0	0
0.761999999999944	0.111999999999995	1.79599999999982	0	0
0.8900000000001	0.0500000000000114	1.93100000000004	0	0
0.869000000000142	0.0580000000000211	1.86799999999994	0	0
0.995000000000118	0.127999999999986	2.24200000000019	0	0
0.913000000000011	0.0749999999999886	1.91699999999992	0	0
0.9849999999999	0.199999999999989	2.31399999999985	0	0
1.04899999999998	0.191000000000003	2.48999999999978	0	0
0.889999999999873	0.114000000000004	2.22899999999981	0	0
1.04200000000014	0.0689999999999884	2.07900000000018	0	0
0.941000000000031	0.156000000000006	2.23500000000013	0	0
1.05899999999997	0.193000000000012	2.36700000000019	0	0
0.886999999999944	0.0739999999999839	1.846	0	0
1.04099999999994	0.177999999999997	2.30199999999968	0	0
1.70800000000008	0.154999999999973	3.8420000000001	0	0
0.884000000000015	0.0649999999999977	1.91100000000006	0	0
0.925000000000182	0.146999999999991	2.1609999999996	0	0
0.990000000000009	0.11099999999999	2.48900000000003	0	0
0.832999999999856	0.0769999999999982	1.80799999999999	0	0
0.809999999999945	0.0739999999999839	1.5920000000001	0	0
0.867999999999938	0.0759999999999934	2.12400000000025	0	0
1.03099999999995	0.248999999999995	2.14900000000034	0	0
1.54299999999989	0.157999999999987	3.27300000000014	0	0
0.886999999999944	0.119	2.10699999999997	0	0
0.874000000000024	0.0629999999999882	1.78499999999985	0	0
0.9050000000002	0.061000000000007	2.02099999999973	0	0
0.985999999999876	0.277000000000015	2.64499999999953	0	0
0.865000000000009	0.0910000000000082	2.18499999999949	0	0
0.907000000000153	0.169000000000011	2.24000000000069	0	0
0.961000000000013	0.0250000000000057	2.17000000000007	0	0
0.97199999999998	0.147999999999996	2.22600000000057	0	0
1.048	0.164999999999992	2.39699999999993	0	0
1.07600000000002	0.227000000000004	2.5619999999999	0	0
1.05200000000013	0.201999999999998	2.33400000000074	0	0
1.09900000000016	0.182000000000016	2.5659999999998	0	0
1.03899999999999	0.219999999999999	2.4369999999999	0	0
1.94399999999996	0.399000000000001	4.53200000000015	0	0
0.932000000000016	0.198000000000008	2.41600000000017	0	0
1.18999999999983	0.236999999999995	2.75900000000001	0	0
0.846000000000004	0.104000000000013	1.73300000000017	0	0
0.971000000000004	0.220999999999975	2.40700000000015	0	0
0.939000000000078	0.153999999999996	2.17100000000028	0	0
1.10400000000004	0.179000000000002	2.60099999999966	0	0
1.01999999999998	0.158999999999992	2.35599999999977	0	0
0.935000000000173	0.117000000000019	2.05600000000049	0	0
1.18999999999983	0.111999999999995	2.4380000000001	0	0
1.11699999999996	0.205000000000013	2.59500000000025	0	0
0.891000000000076	0.0660000000000025	1.97199999999975	0	0
0.937000000000126	0.194000000000017	2.33300000000054	0	0
0.913000000000011	0.0870000000000175	1.89099999999962	0	0
1.04099999999994	0.182999999999993	2.33600000000024	0	0
0.880999999999858	0.0989999999999895	1.98399999999947	0	0
0.875	0.0729999999999791	2.01500000000033	0	0
0.892000000000053	0.107999999999976	2.1869999999999	0	0
0.94399999999996	0.127999999999986	1.96900000000005	0	0
0.809999999999945	0.054000000000002	1.56800000000021	0	0
0.894000000000005	0.103000000000009	1.88199999999961	0	0
0.842000000000098	0.0820000000000221	1.95499999999993	0	0
0.886000000000195	0.0380000000000109	1.92500000000018	0	0
0.895999999999958	0.0999999999999943	2.06700000000001	0	0
0.904999999999973	0.0910000000000082	1.83600000000024	0	0
1.73000000000002	0.23599999999999	3.94499999999971	0	0
0.920000000000073	0.0970000000000084	2.01600000000053	0	0
1.02200000000016	0.207999999999998	2.58100000000013	0	0
1.05600000000004	0.230000000000018	2.65299999999934	0	0
0.812000000000126	0.0560000000000116	1.80500000000029	0	0
0.825000000000045	0.0740000000000123	1.61499999999978	0	0
0.979000000000042	0.140999999999991	2.53499999999985	0	0
0.924999999999955	0.0630000000000166	2.02900000000045	0	0
0.922000000000025	0.128999999999991	2.12899999999991	0	0
0.927000000000135	0.186000000000007	2.4369999999999	0	0
0.772999999999911	0.0619999999999834	1.88999999999942	0	0
0.804999999999836	0.0620000000000118	1.46900000000005	0	0
1.03600000000006	0.0840000000000032	2.20600000000013	0	0
0.907999999999902	0.114000000000004	2.07099999999991	0	0
0.872000000000071	0.102000000000004	2.0610000000006	0	0
0.998000000000047	0.272999999999996	2.51100000000042	0	0
0.957000000000107	0.119	2.08400000000074	0	0
0.919000000000096	0.144000000000005	2.14900000000034	0	0
1.11699999999996	0.200999999999993	2.57200000000012	0	0
0.921999999999798	0.114000000000004	2.13800000000083	0	0
1.05199999999991	0.219999999999999	2.58700000000044	0	0
0.826999999999998	0.070999999999998	2.10999999999967	0	0
1.84799999999996	0.375999999999976	4.63500000000022	0	0
0.794000000000096	0.0559999999999832	1.72599999999966	0	0
0.925000000000182	0.054000000000002	1.9409999999998	0	0
0.844000000000051	0.0209999999999866	1.85699999999997	0	0
0.875	0.105999999999995	2.02399999999943	0	0
0.988999999999805	0.180999999999983	2.32999999999993	0	0
0.84699999999998	0.115000000000009	1.98299999999927	0	0
1.04099999999994	0.182999999999993	2.49499999999989	0	0
0.979000000000042	0.208000000000027	2.45300000000043	0	0
0.925999999999931	0.131	2.02599999999984	0	0
0.876999999999953	0.115999999999985	2.15500000000065	0	0
0.982999999999947	0.22999999999999	2.41700000000037	0	0
0.836000000000013	0.0919999999999845	1.85499999999956	0	0
0.988000000000056	0.174999999999983	2.21100000000024	0	0
0.953999999999951	0.115000000000009	2.15699999999924	0	0
0.921000000000049	0.0769999999999982	2.02500000000055	0	0
0.936000000000149	0.101999999999975	2.0659999999998	0	0
0.828999999999951	0.115999999999985	1.85500000000047	0	0
1.12100000000009	0.149000000000001	2.48700000000008	0	0
1.07400000000007	0.231999999999999	2.78399999999965	0	0
1.20100000000002	0.360000000000014	3.10500000000047	0	0
1.09199999999987	0.145000000000039	2.39900000000034	0	0
1.95000000000005	0.370000000000005	4.66699999999946	0	0
1.16200000000003	0.177999999999997	2.52799999999934	0	0
0.965999999999894	0.0929999999999609	2.17500000000018	0	0
1.01299999999992	0.115000000000009	2.30599999999959	0	0
0.861999999999853	0.274000000000001	2.48499999999967	0	0
2.55999999999995	0.299000000000035	5.66200000000026	0	0
0.956000000000131	0.202999999999975	2.28999999999996	0	0
0.892000000000053	0.161999999999978	2.13799999999992	0	0
0.997000000000071	0.194999999999993	2.40300000000025	0	0
0.919000000000096	0.075999999999965	2.08799999999974	0	0
0.981999999999971	0.14100000000002	2.1909999999998	0	0
1.85100000000011	0.302000000000021	4.20200000000023	0	0
1.05099999999993	0.125999999999976	2.375	0	0
0.914999999999964	0.165999999999997	2.25900000000001	0	0
1.05299999999988	0.187000000000012	2.15200000000004	0	0
1.01899999999978	0.201999999999998	2.52999999999975	0	0
1.13200000000006	0.0500000000000114	2.24000000000069	0	0
1.51599999999962	0.130999999999972	3.10899999999947	0	0
1.03099999999995	0.156000000000006	2.21700000000055	0	0
0.934999999999945	0.185000000000002	2.1820000000007	0	0
0.886999999999716	0.0889999999999986	2.10499999999956	0	0
1.11000000000013	0.249000000000024	2.53499999999985	0	0
1.11400000000003	0.168999999999983	2.66799999999967	0	0
0.881999999999607	0.105999999999995	1.89500000000044	0	0
0.940999999999804	0.194999999999993	2.26400000000012	0	0
1.08400000000029	0.186000000000035	2.50700000000052	0	0
0.860999999999876	0.0769999999999982	1.90899999999965	0	0
1.00500000000011	0.182999999999993	2.34000000000015	0	0
1.89899999999989	0.367999999999995	4.65300000000025	0	0
1.5	0.127999999999986	3.27099999999973	0	0
0.913000000000011	0.11099999999999	2.14699999999993	0	0
0.920999999999822	0.113999999999976	1.94700000000012	0	0
0.994999999999891	0.27800000000002	2.48300000000017	0	0
0.918999999999869	0.113	1.98900000000049	0	0
1.01000000000022	0.150000000000034	2.38500000000022	0	0
1.08800000000019	0.169999999999959	2.36700000000019	0	0
1.06800000000021	0.100000000000023	2.48499999999967	0	0
0.858000000000175	0.075999999999965	1.96100000000024	0	0
0.891000000000076	0.206999999999994	2.17999999999938	0	0
0.922999999999774	0.123000000000047	1.8779999999997	0	0
0.909000000000106	0.108000000000004	2.02900000000045	0	0
1.00799999999981	0.174000000000035	2.27099999999973	0	0
0.87900000000036	0.204000000000008	2.28299999999945	0	0
0.989000000000033	0.153999999999996	2.26400000000012	0	0
0.83600000000024	0.0769999999999982	1.89099999999962	0	0
0.855999999999767	0.0760000000000218	1.91399999999976	0	0
0.994999999999891	0.152999999999963	2.19399999999951	0	0
0.994999999999891	0.144999999999982	2.19899999999961	0	0
1.09900000000016	0.238	2.59900000000016	0	0
0.788000000000011	0.0580000000000496	1.71300000000065	0	0
1.05699999999979	0.189000000000021	2.55199999999968	0	0
1.904	0.38900000000001	4.88799999999992	0	0
0.878000000000156	0.0790000000000077	1.88400000000001	0	0
1.47600000000011	0.107000000000028	3.14900000000034	0	0
1.02700000000004	0.15100000000001	2.33500000000004	0	0
0.884000000000015	0.0579999999999927	1.99299999999948	0	0
0.898000000000138	0.0950000000000273	2.18099999999959	0	0
0.947999999999865	0.115000000000009	2.17199999999957	0	0
0.96100000000024	0.189999999999998	2.27100000000064	0	0
0.937999999999647	0.0780000000000314	2.04799999999977	0	0
0.896000000000186	0.188999999999965	2.13699999999972	0	0
0.836999999999989	0.0129999999999768	1.64899999999943	0	0
0.940999999999804	0.0590000000000259	2.1850000000004	0	0
0.856999999999971	0.05600000000004	2.01299999999992	0	0
0.979000000000269	0.139999999999986	2.11599999999999	0	0
1.04500000000007	0.185999999999979	2.48000000000047	0	0
1.05099999999993	0.224999999999966	2.63599999999951	0	0
0.875	0.0790000000000077	2.09799999999996	0	0
0.83199999999988	0.0289999999999964	1.66700000000037	0	0
0.84900000000016	0.021000000000015	1.78600000000006	0	0
0.900000000000091	0.116999999999962	2.01400000000012	0	0
0.948999999999614	0.0939999999999941	2.1909999999998	0	0
0.922000000000025	0.0799999999999841	2.19400000000041	0	0
1.1239999999998	0.257000000000005	2.78000000000065	0	0
1.01800000000003	0.158000000000015	2.39199999999983	0	0
1.01800000000003	0.213000000000022	2.30100000000039	0	0
0.832000000000335	0.0640000000000214	1.94399999999951	0	0
0.834000000000287	0.117999999999995	1.90800000000036	0	0
0.87900000000036	0.161000000000001	1.89100000000053	0	0
2.01099999999997	0.386000000000024	4.88100000000031	0	0
1.01600000000008	0.185000000000002	2.42299999999977	0	0
0.91399999999976	0.225000000000023	2.44799999999941	0	0
0.986000000000331	0.211000000000013	2.33100000000013	0	0
0.873000000000047	0.100999999999999	2.01299999999992	0	0
0.981999999999971	0.226999999999975	2.3769999999995	0	0
0.804999999999836	0.0750000000000455	1.87100000000009	0	0
1.76999999999998	0.375	4.00999999999931	0	0
0.88799999999992	0.132999999999981	2.06500000000051	0	0
0.871999999999844	0.0670000000000073	1.79799999999977	0	0
0.958000000000084	0.100999999999999	2.15800000000036	0	0
0.858000000000175	0.0889999999999986	1.83700000000044	0	0
1.82799999999997	0.414000000000044	4.4340000000002	0	0
0.860999999999876	0.161000000000001	2.02099999999973	0	0
1.08400000000029	0.225999999999999	2.59000000000015	0	0
1.09400000000005	0.103000000000009	2.3159999999998	0	0
1	0.184000000000026	2.34199999999964	0	0
0.856000000000222	0.0629999999999882	1.97699999999986	0	0
0.821000000000367	0.108000000000004	1.84200000000055	0	0
1.91200000000026	0.313999999999965	4.46600000000035	0	0
0.914999999999964	0.115999999999985	1.94200000000001	0	0
0.996999999999844	0.0910000000000082	2.24299999999948	0	0
0.875	0.0799999999999841	2.07700000000023	0	0
0.815000000000055	0.0589999999999691	1.71699999999964	0	0
0.842999999999847	0.0199999999999818	1.78700000000026	0	0
0.841999999999643	0.0120000000000005	1.67299999999977	0	0
0.844000000000051	0.0229999999999677	1.74600000000009	0	0
0.858000000000175	0.0679999999999836	1.92900000000009	0	0
1.00900000000001	0.251000000000033	2.62100000000009	0	0
2.16000000000031	0.229000000000042	4.72000000000025	0	0
0.849999999999909	0.0620000000000118	1.80999999999949	0	0
0.876999999999953	0.0840000000000032	2.05200000000059	0	0
1.18899999999985	0.322000000000003	2.97199999999975	0	0
1.096	0.278999999999996	2.8110000000006	0	0
1.02399999999989	0.188999999999965	2.39699999999993	0	0
0.803000000000338	0.0409999999999968	2	0	0
0.896999999999935	0.0529999999999973	1.83100000000013	0	0
0.925999999999931	0.177999999999997	2.09400000000005	0	0
1.02400000000034	0.160000000000025	2.47699999999986	0	0
0.814000000000306	0.0380000000000109	1.8720000000003	0	0
0.800999999999931	0.0259999999999536	1.89200000000073	0	0
0.813000000000102	0.0109999999999673	1.64699999999993	0	0
0.807999999999993	0.0889999999999986	1.58299999999963	0	0
0.967999999999847	0.14100000000002	2.01699999999983	0	0
0.880000000000109	0.0659999999999741	1.90499999999975	0	0
0.819000000000415	0.120000000000005	1.55999999999949	0	0
1.08499999999958	0.177999999999997	2.42599999999948	0	0
0.824000000000069	0.0810000000000173	1.80099999999948	0	0
0.865999999999985	0.0769999999999982	1.91000000000076	0	0
1.46599999999989	0.170000000000016	3.36400000000049	0	0
0.951000000000022	0.182999999999993	2.23100000000068	0	0
0.940000000000055	0.20999999999998	2.38000000000011	0	0
1.0300000000002	0.161000000000001	2.15100000000075	0	0
1.07300000000032	0.165999999999997	2.39100000000053	0	0
0.826999999999771	0.134000000000015	1.66899999999987	0	0
0.945000000000164	0.12700000000001	1.76800000000003	0	0
0.929000000000087	0.0849999999999795	1.89300000000003	0	0
0.818000000000211	0.0860000000000127	1.49399999999969	0	0
0.863999999999578	0	1.49099999999999	0	0
0.897999999999683	0.0400000000000205	1.57800000000043	0	0
0.903000000000247	0.0860000000000127	1.70500000000084	0	0
0.843000000000302	0.122000000000014	1.50699999999961	0	0
0.967000000000098	0.117999999999995	1.47199999999975	0	0
0.7800000000002	0.0989999999999895	1.05400000000009	0	0
0.824000000000069	0.0539999999999736	0.942000000000007	0	0
0.865999999999985	0.0620000000000118	1.16200000000026	0	0
1.14899999999989	0.307999999999993	1.83999999999924	0	0
0.967999999999847	0.200999999999965	1.47999999999956	0	0
1.34299999999985	0.204999999999984	1.71599999999944	0	0
1.01200000000017	0.246999999999957	1.55500000000029	0	0
0.855999999999767	0.244999999999948	0.958999999999833	0	0
0.760999999999967	0.0930000000000177	0.924999999999272	0	0
1.49199999999973	0.150999999999954	1.65899999999965	0	0
0.739000000000033	0.100000000000023	0.838999999999942	0	0
0.753999999999905	0.0720000000000027	0.822000000000116	0	0
0.789999999999964	0.115000000000009	0.864999999999782	0	0
0.937999999999647	0.178999999999974	1.11200000000008	0	0
1.65000000000009	0.197000000000003	1.70899999999983	0	0
0.817000000000007	0.122000000000014	0.882000000000517	0	0
0.771999999999935	0.0680000000000405	0.840000000000146	0	0
0.927999999999884	0.132000000000005	1.02700000000004	0	0
1.26499999999987	0.290999999999997	1.30500000000029	0	0
0.920000000000073	0.105999999999995	0.923000000000684	0	0
0.920000000000073	0.216000000000008	1.02300000000014	0	0
1.15000000000009	0.326999999999998	1.4389999999994	0	0
0.800999999999931	0.089999999999975	0.948999999999614	0	0
0.800000000000182	0.0629999999999882	0.929000000000087	0	0
0.813999999999851	0.0610000000000355	0.948999999999614	0	0
0.809999999999945	0.0880000000000223	0.938000000000102	0	0
0.833999999999833	0.132999999999981	0.935999999999694	0	0
0.815999999999804	0.0760000000000218	0.952000000000226	0	0
0.951000000000022	0.168000000000006	0.975999999999658	0	0
0.909000000000106	0.182000000000016	1.16400000000067	0	0
0.884000000000015	0.192000000000007	1.05199999999968	0	0
0.833000000000084	0.05600000000004	0.96100000000024	0	0
0.807999999999993	0.0500000000000114	0.873999999999796	0	0
0.791000000000167	0.0419999999999732	0.847000000000662	0	0
0.777000000000044	0.0680000000000405	0.880000000000109	0	0
0.835000000000036	0.161000000000001	0.962999999999738	0	0
0.764999999999873	0.0679999999999836	0.832999999999629	0	0
0.773999999999887	0.0799999999999841	0.85399999999936	0	0
0.760999999999967	0.0769999999999982	0.83600000000024	0	0
0.760999999999967	0.0880000000000223	0.84900000000016	0	0
0.766000000000076	0.0939999999999941	0.854000000000269	0	0
0.865999999999985	0.123999999999967	0.952000000000226	0	0
0.85799999999972	0.14100000000002	0.949999999999818	0	0
0.820000000000164	0.0600000000000023	0.880000000000109	0	0
0.811999999999898	0.0769999999999982	0.890999999999622	0	0
0.80600000000004	0.0850000000000364	0.927000000000589	0	0
0.805000000000291	0.0830000000000268	0.903000000000247	0	0
