6.643	0.389	8.724	0	0
3.245	0.385	4.245	0	0
2.769	0.167	2.932	0	0
3.497	0.205	3.601	0	0
2.826	0.164	3.003	0	0
2.873	0.157	3.029	0	0
2.941	0.122	3.064	0	0
2.928	0.154	3.083	0	0
2.858	0.158	3.01500000000001	0	0
2.873	0.154000000000001	3.027	0	0
2.93100000000001	0.138999999999999	3.069	0	0
2.983	0.138	3.121	0	0
3.455	0.15	3.60600000000001	0	0
5.55500000000001	0.251	5.807	0	0
2.872	0.161	3.032	0	0
8.322	0.376	8.69900000000001	0	0
2.83799999999999	0.156	3.002	0	0
2.85599999999999	0.141	2.99699999999999	0	0
5.657	0.254	5.911	0	0
10.434	0.577999999999999	11.012	0	0
2.727	0.172000000000001	2.89999999999998	0	0
2.714	0.16	2.87700000000001	0	0
5.864	0.234	6.101	0	0
2.72499999999999	0.174999999999999	2.90100000000001	0	0
2.86999999999998	0.189	3.05699999999999	0	0
5.63800000000001	0.573	6.03299999999999	0	0
3.227	0.141	3.369	0	0
2.71800000000002	0.136000000000001	2.85500000000002	0	0
5.31400000000002	0.288	5.595	0	0
2.82599999999999	0.148	2.976	0	0
2.73600000000002	0.151999999999999	2.89000000000001	0	0
2.68700000000001	0.155999999999999	2.845	0	0
2.73700000000002	0.148	2.91300000000001	0	0
2.96099999999998	0.321999999999999	3.18000000000001	0	0
2.82300000000001	0.156000000000001	2.98100000000002	0	0
2.80500000000001	0.284999999999998	3.14800000000002	0	0
2.77699999999999	0.144	2.923	0	0
2.92700000000002	0.298	3.25	0	0
5.55999999999997	0.33	6.09199999999998	0	0
2.70600000000002	0.148	2.85599999999999	0	0
2.94999999999999	0.129999999999999	3.11599999999999	0	0
2.82300000000004	0.301000000000002	3.137	0	0
2.74199999999996	0.156000000000002	2.899	0	0
2.66499999999996	0.163999999999998	2.82899999999995	0	0
2.77700000000004	0.155999999999999	2.911	0	0
2.745	0.140000000000001	2.88600000000002	0	0
2.77000000000004	0.148	2.92000000000002	0	0
3.33300000000003	0.134999999999998	3.51999999999998	0	0
2.78700000000003	0.151999999999997	3.14099999999996	0	0
3.15199999999999	0.248000000000001	3.32599999999996	0	0
2.78699999999998	0.120000000000001	2.90899999999999	0	0
2.73399999999998	0.152000000000001	2.88800000000003	0	0
3.17599999999999	0.163999999999998	3.34199999999998	0	0
2.72899999999998	0.140999999999998	2.87099999999998	0	0
2.75700000000001	0.132999999999999	2.88999999999999	0	0
2.85499999999996	0.231999999999999	2.976	0	0
3.28199999999998	0.18	3.42399999999998	0	0
2.82300000000004	0.287999999999997	3.04699999999997	0	0
2.76799999999997	0.140000000000001	2.911	0	0
5.32299999999998	0.241	5.565	0	0
3.209	0.149000000000001	3.45500000000004	0	0
2.92099999999999	0.306999999999999	3.21600000000001	0	0
2.85300000000001	0.254000000000001	3.07600000000002	0	0
2.79700000000003	0.152999999999999	3.005	0	0
3.39699999999999	0.125999999999998	3.67100000000005	0	0
2.86899999999997	0.158000000000001	3.15200000000004	0	0
5.64299999999997	0.273	5.92400000000004	0	0
2.92700000000002	0.132999999999999	3.13	0	0
2.80500000000001	0.171999999999997	2.97800000000001	0	0
2.88200000000001	0.153000000000002	3.03399999999999	0	0
2.87	0.163999999999998	3.03000000000003	0	0
6.15999999999997	0.253	6.40899999999999	0	0
2.85400000000004	0.149000000000001	3.00799999999998	0	0
2.81999999999999	0.379999999999999	3.15000000000003	0	0
5.5	0.423999999999999	5.82599999999996	0	0
3.28899999999999	0.136999999999997	3.42700000000002	0	0
2.66500000000002	0.152000000000001	2.81799999999998	0	0
2.69300000000004	0.148	2.84300000000007	0	0
2.74599999999998	0.140999999999998	2.88800000000003	0	0
3.23199999999997	0.167999999999999	3.40099999999995	0	0
3.20299999999997	0.206999999999997	3.34400000000005	0	0
2.89100000000002	0.172000000000001	3.06299999999999	0	0
2.89699999999999	0.156999999999996	3.053	0	0
2.94099999999997	0.247999999999998	3.14600000000007	0	0
3.54600000000005	0.140000000000001	3.68600000000004	0	0
2.8599999999999	0.164000000000001	3.02499999999998	0	0
2.86300000000006	0.143999999999998	3.00699999999995	0	0
2.92100000000005	0.148000000000003	3.08400000000006	0	0
3.00700000000006	0.155999999999999	3.16300000000001	0	0
6.42899999999997	0.463999999999999	6.72299999999996	0	0
2.89699999999993	0.205999999999996	3.06700000000001	0	0
2.90500000000009	0.128999999999998	3.03300000000002	0	0
2.87099999999998	0.167999999999999	3.03899999999999	0	0
6.1339999999999	0.235999999999997	6.37099999999998	0	0
2.97000000000003	0.128	3.09800000000007	0	0
2.928	0.140000000000001	3.06900000000007	0	0
2.91599999999994	0.151999999999994	3.0680000000001	0	0
3.45400000000006	0.148999999999994	3.60299999999995	0	0
5.55900000000008	0.254999999999995	5.84000000000003	0	0
2.77099999999996	0.137999999999998	3.029	0	0
2.76999999999998	0.167999999999999	3.01100000000008	0	0
2.73900000000003	0.152000000000001	2.923	0	0
2.745	0.143999999999998	2.88999999999999	0	0
2.79999999999995	0.137	2.93700000000001	0	0
5.83000000000004	0.264000000000003	6.09799999999996	0	0
2.73799999999994	0.139999999999993	2.87900000000002	0	0
2.73099999999999	0.155999999999999	2.87599999999998	0	0
5.35599999999999	0.219999999999999	5.58299999999997	0	0
3.22499999999991	0.136000000000003	3.36400000000003	0	0
2.68700000000001	0.143000000000001	2.85299999999995	0	0
2.87400000000002	0.149999999999999	3.07800000000009	0	0
3.00599999999997	0.124000000000002	3.13	0	0
2.92600000000004	0.171999999999997	3.09799999999996	0	0
3.42000000000007	0.152000000000001	3.56899999999996	0	0
5.59800000000007	0.252000000000002	5.85199999999998	0	0
3.03899999999999	0.198	3.16300000000001	0	0
3.00900000000001	0.445	3.31200000000001	0	0
3.255	0.583999999999996	3.75099999999998	0	0
3.00300000000004	0.314	3.22400000000005	0	0
5.64400000000001	0.291999999999994	5.94900000000007	0	0
3.57299999999998	0.173000000000002	3.75800000000004	0	0
2.82000000000005	0.238	2.91399999999999	0	0
2.86500000000001	0.237000000000002	3.08699999999999	0	0
3.04700000000003	0.220000000000006	3.28599999999994	0	0
3.01499999999999	0.141000000000005	3.17600000000004	0	0
2.85000000000002	0.171000000000006	3.08600000000001	0	0
2.89200000000005	0.147999999999996	3.04100000000005	0	0
2.92600000000004	0.131999999999998	3.05799999999999	0	0
3.51499999999999	0.226000000000006	3.93499999999995	0	0
2.88999999999999	0.112000000000002	3.005	0	0
2.88300000000004	0.148000000000003	3.03899999999999	0	0
8.93999999999994	0.325000000000003	9.27800000000002	0	0
5.56000000000006	0.234999999999999	5.81799999999998	0	0
2.92400000000009	0.128	3.04099999999994	0	0
2.94100000000003	0.145000000000003	3.05899999999997	0	0
6.09699999999998	0.247999999999998	6.58699999999999	0	0
2.97699999999998	0.132000000000005	3.11000000000001	0	0
2.89800000000002	0.167999999999999	3.06299999999999	0	0
6.64799999999991	0.945	7.45500000000004	0	0
2.7890000000001	0.169999999999995	3.10800000000006	0	0
2.91499999999996	0.108000000000004	3.024	0	0
2.91600000000005	0.132999999999996	3.05599999999993	0	0
3.01800000000003	0.228999999999999	3.16199999999992	0	0
3.35400000000004	0.152000000000001	3.50599999999997	0	0
2.83699999999999	0.167000000000002	3.02999999999997	0	0
2.90700000000004	0.137999999999998	3.08100000000002	0	0
5.95899999999995	0.356000000000002	6.34399999999994	0	0
2.74000000000001	0.158999999999999	3.03700000000003	0	0
2.7299999999999	0.135999999999996	2.86799999999994	0	0
2.75799999999992	0.143999999999998	2.904	0	0
3.24199999999996	0.140000000000001	3.38400000000001	0	0
2.73700000000008	0.132999999999996	2.87099999999998	0	0
2.74400000000003	0.183	2.92900000000009	0	0
2.72800000000007	0.147999999999996	2.87699999999995	0	0
2.85699999999997	0.385999999999996	3.12299999999993	0	0
3.19400000000007	0.152000000000001	3.34699999999998	0	0
2.726	0.146000000000001	2.90999999999997	0	0
2.73000000000002	0.147999999999996	2.87800000000016	0	0
2.75699999999995	0.152000000000001	2.90999999999985	0	0
3.28499999999997	0.128	3.41599999999994	0	0
5.28399999999999	0.231999999999999	5.51999999999998	0	0
2.72199999999998	0.144000000000005	2.86699999999996	0	0
8.33600000000001	0.333000000000006	8.67200000000003	0	0
3.03699999999992	0.304000000000002	3.15899999999988	0	0
5.68700000000001	0.619	6.05899999999997	0	0
3.30100000000004	0.155999999999999	3.45299999999997	0	0
2.75	0.167999999999999	2.91899999999987	0	0
2.74000000000001	0.188000000000002	2.91999999999985	0	0
2.72900000000004	0.164000000000001	2.89400000000001	0	0
2.86400000000003	0.290000000000006	3.13599999999997	0	0
3.27999999999997	0.159999999999997	3.51400000000012	0	0
2.82600000000002	0.144999999999996	3.21299999999997	0	0
3.00799999999981	0.305999999999997	3.24499999999989	0	0
2.78599999999983	0.14800000000001	2.9369999999999	0	0
5.77700000000004	0.256	6.03400000000011	0	0
2.7510000000002	0.140000000000001	2.89200000000005	0	0
2.75200000000018	0.159999999999997	2.91399999999999	0	0
2.73299999999995	0.159999999999997	2.90499999999997	0	0
3.25499999999988	0.144000000000005	3.40000000000009	0	0
2.73399999999992	0.168000000000006	2.90999999999985	0	0
2.8900000000001	0.138000000000005	3.15900000000011	0	0
2.88900000000012	0.152000000000001	3.04099999999994	0	0
3.42499999999995	0.159000000000006	3.61200000000008	0	0
3.048	0.153000000000006	3.15300000000002	0	0
5.39999999999986	0.221999999999994	5.75299999999993	0	0
2.74299999999994	0.156000000000006	2.89899999999989	0	0
2.68600000000015	0.164000000000001	2.85299999999984	0	0
2.83699999999999	0.135999999999996	2.97400000000016	0	0
2.86599999999999	0.310999999999993	3.09100000000012	0	0
2.78899999999999	0.143999999999991	2.93399999999997	0	0
3.24600000000009	0.147999999999996	3.46600000000012	0	0
2.8309999999999	0.124000000000009	2.95499999999993	0	0
2.91799999999989	0.322000000000003	3.125	0	0
5.34199999999987	0.265000000000001	5.67800000000011	0	0
3.22900000000004	0.135999999999996	3.36599999999999	0	0
2.71500000000015	0.147999999999996	2.86599999999999	0	0
2.71499999999992	0.152000000000001	2.86599999999999	0	0
2.72799999999984	0.163000000000011	2.89400000000001	0	0
5.81899999999996	0.248000000000005	6.06799999999998	0	0
5.33799999999997	0.243000000000009	5.60300000000007	0	0
5.35200000000009	0.221000000000004	5.57300000000009	0	0
2.8090000000002	0.108999999999995	2.91800000000012	0	0
2.7059999999999	0.150999999999996	2.8610000000001	0	0
2.779	0.140000000000001	2.90300000000002	0	0
2.73199999999997	0.183999999999997	2.91699999999992	0	0
3.30300000000011	0.140000000000001	3.44799999999987	0	0
2.69700000000012	0.156000000000006	2.85400000000004	0	0
5.3119999999999	0.260000000000005	5.58699999999999	0	0
3.31600000000003	0.102000000000004	3.38400000000001	0	0
12.854	0.644000000000005	13.4480000000001	0	0
2.78300000000013	0.143999999999991	2.92699999999991	0	0
3.4530000000002	0.338999999999999	3.78999999999996	0	0
2.95800000000008	0.316000000000003	3.14100000000008	0	0
2.73799999999983	0.156000000000006	2.91300000000001	0	0
2.76999999999998	0.128	2.89899999999989	0	0
3.08899999999994	0.204999999999998	3.41200000000003	0	0
2.69900000000007	0.175999999999988	2.87599999999998	0	0
2.94900000000007	0.295000000000002	3.15200000000004	0	0
2.80000000000018	0.123999999999995	2.94699999999989	0	0
5.79500000000007	0.279999999999987	6.07899999999995	0	0
2.74800000000005	0.132000000000005	2.87999999999988	0	0
2.72800000000007	0.147000000000006	2.87900000000013	0	0
2.72299999999996	0.179999999999993	2.90300000000002	0	0
3.35100000000011	0.224000000000004	3.51700000000005	0	0
2.80999999999995	0.141999999999996	2.9860000000001	0	0
2.77399999999989	0.168999999999997	2.94299999999998	0	0
5.548	0.504999999999995	6.02699999999982	0	0
3.20900000000006	0.152000000000001	3.36200000000008	0	0
2.72600000000011	0.140000000000001	2.86899999999991	0	0
2.72400000000016	0.144000000000005	2.88100000000009	0	0
2.74400000000014	0.147999999999996	2.89199999999983	0	0
2.779	0.13600000000001	2.91699999999992	0	0
2.73900000000003	0.143999999999991	2.88599999999997	0	0
2.7360000000001	0.14800000000001	2.90499999999997	0	0
2.75299999999993	0.147999999999996	2.90200000000004	0	0
3.27099999999996	0.147999999999996	3.42200000000003	0	0
2.69900000000007	0.128	2.827	0	0
2.76699999999983	0.155999999999992	2.923	0	0
3.32500000000005	0.120999999999995	3.44499999999994	0	0
2.73000000000002	0.137	2.86699999999996	0	0
2.72700000000009	0.164000000000001	2.89100000000008	0	0
2.85699999999997	0.176000000000002	3.03700000000003	0	0
3.27999999999997	0.156000000000006	3.45100000000002	0	0
5.22600000000011	0.266999999999996	5.52099999999996	0	0
5.34100000000012	0.230999999999995	5.60100000000011	0	0
3.26700000000005	0.131	3.40199999999982	0	0
2.779	0.128	2.923	0	0
2.76999999999998	0.135000000000005	2.9369999999999	0	0
2.76299999999992	0.147999999999996	2.93100000000004	0	0
3.31799999999998	0.144000000000005	3.46200000000022	0	0
2.83800000000019	0.212000000000003	2.99700000000007	0	0
2.76900000000001	0.158999999999992	2.94100000000003	0	0
2.75500000000011	0.159999999999997	2.91799999999989	0	0
5.96899999999982	0.240000000000009	6.21699999999987	0	0
2.72800000000007	0.131	2.86800000000017	0	0
2.69100000000003	0.167000000000002	2.86099999999988	0	0
5.98999999999978	0.430000000000007	6.49199999999996	0	0
2.72800000000007	0.128	2.85699999999997	0	0
7.85799999999995	0.346999999999994	8.21400000000017	0	0
3.35300000000007	0.180000000000007	3.47600000000011	0	0
5.28099999999995	0.244	5.52999999999997	0	0
2.70700000000011	0.167999999999992	2.87700000000018	0	0
2.74000000000001	0.147999999999996	2.8889999999999	0	0
2.71699999999987	0.143000000000001	2.86200000000008	0	0
2.9380000000001	0.280000000000001	3.18499999999995	0	0
2.72800000000007	0.135999999999996	2.86500000000001	0	0
3.26200000000017	0.155999999999992	3.4190000000001	0	0
2.721	0.123999999999995	2.86899999999991	0	0
2.71100000000001	0.144000000000005	2.85599999999999	0	0
5.35100000000011	0.228999999999999	5.58200000000011	0	0
2.721	0.158999999999992	2.88300000000004	0	0
2.73299999999995	0.140000000000001	2.875	0	0
2.80500000000006	0.135999999999996	2.94200000000001	0	0
2.71800000000007	0.172000000000011	2.88300000000004	0	0
5.26200000000017	0.263999999999996	5.529	0	0
2.71399999999994	0.132000000000005	2.846	0	0
2.98900000000003	0.177999999999997	3.16000000000008	0	0
3.40499999999997	0.156000000000006	3.56200000000013	0	0
2.99700000000007	0.256999999999991	3.30099999999993	0	0
2.846	0.186999999999998	3.14600000000019	0	0
2.92100000000005	0.198999999999998	3.18200000000002	0	0
3.32100000000014	0.185999999999993	3.46399999999994	0	0
2.72000000000003	0.180000000000007	2.90100000000007	0	0
5.35500000000002	0.227999999999994	5.61599999999999	0	0
3.27800000000002	0.135999999999996	3.41399999999999	0	0
2.7170000000001	0.152999999999992	2.90900000000011	0	0
2.71399999999994	0.159999999999997	2.87599999999998	0	0
2.7639999999999	0.135000000000005	2.9849999999999	0	0
3.63599999999997	0.391999999999996	3.98300000000017	0	0
2.77600000000007	0.144000000000005	2.92000000000007	0	0
5.33000000000015	0.284000000000006	5.64499999999998	0	0
2.76400000000012	0.14800000000001	2.91600000000017	0	0
3.2170000000001	0.147999999999996	3.36500000000001	0	0
2.76800000000003	0.135999999999996	2.904	0	0
2.99000000000001	0.322000000000003	3.21900000000005	0	0
2.76400000000012	0.173999999999992	2.97300000000018	0	0
3.26300000000015	0.135999999999996	3.40100000000007	0	0
2.73599999999988	0.164000000000001	2.90100000000007	0	0
2.7829999999999	0.132000000000005	2.91499999999996	0	0
2.8130000000001	0.165999999999997	2.93499999999995	0	0
3.47699999999986	0.428000000000011	3.74800000000005	0	0
2.66599999999994	0.179999999999993	2.84699999999998	0	0
2.72799999999984	0.155999999999992	2.88600000000019	0	0
2.75999999999999	0.132000000000005	2.89400000000001	0	0
3.18299999999999	0.155999999999992	3.33999999999992	0	0
2.70399999999995	0.132000000000005	2.83699999999999	0	0
2.69000000000005	0.171000000000006	2.86300000000006	0	0
2.75299999999993	0.168000000000006	2.92200000000003	0	0
3.31400000000008	0.210000000000008	3.48199999999997	0	0
2.71400000000017	0.131999999999991	2.84699999999998	0	0
2.83699999999999	0.128	2.96599999999989	0	0
2.80199999999991	0.111999999999995	2.91600000000017	0	0
3.22199999999998	0.160000000000011	3.38300000000004	0	0
5.40700000000015	0.297000000000011	6.0300000000002	0	0
2.83899999999994	0.131	3.13799999999992	0	0
3.2360000000001	0.183999999999997	3.42499999999995	0	0
2.7360000000001	0.131999999999991	2.86999999999989	0	0
2.78600000000006	0.161000000000001	2.92799999999988	0	0
5.92000000000007	0.219999999999999	6.14599999999996	0	0
3.01599999999985	0.22699999999999	3.51199999999994	0	0
2.8889999999999	0.168000000000006	3.05700000000002	0	0
2.93299999999999	0.152000000000001	3.08600000000024	0	0
6.25800000000004	0.403999999999996	6.66499999999996	0	0
5.84400000000005	0.507000000000005	6.3760000000002	0	0
3.05700000000002	0.274000000000001	3.31200000000035	0	0
2.98099999999999	0.323999999999998	3.33800000000019	0	0
3.24800000000005	0.159999999999997	3.41900000000032	0	0
2.71000000000004	0.152000000000001	2.86299999999983	0	0
5.32499999999982	0.248000000000005	5.59999999999991	0	0
3.30500000000006	0.247	3.50199999999995	0	0
2.69700000000012	0.126999999999995	2.82799999999997	0	0
2.77199999999993	0.13000000000001	3.00300000000016	0	0
2.73199999999997	0.123999999999995	2.85900000000038	0	0
3.27599999999984	0.176000000000002	3.45199999999977	0	0
2.74599999999987	0.156000000000006	2.90800000000036	0	0
3.01999999999998	0.172999999999988	2.98599999999988	0	0
2.80400000000009	0.128	3.03499999999985	0	0
3.26599999999985	0.147999999999996	3.41400000000021	0	0
2.74199999999996	0.161999999999992	3.06399999999985	0	0
2.75500000000011	0.123999999999995	2.85000000000036	0	0
2.76600000000008	0.120000000000005	2.88900000000012	0	0
5.2829999999999	0.244	5.52799999999979	0	0
2.77100000000019	0.13600000000001	2.9079999999999	0	0
2.79900000000043	0.174999999999997	2.98000000000002	0	0
2.72299999999996	0.143000000000001	2.90099999999984	0	0
2.76400000000012	0.125	2.97899999999981	0	0
5.36900000000014	0.231999999999999	5.596	0	0
3.29100000000017	0.14500000000001	3.43499999999995	0	0
2.74499999999989	0.153000000000006	2.89700000000039	0	0
3.35699999999997	0.757999999999996	3.84099999999989	0	0
2.7470000000003	0.147999999999996	2.89499999999998	0	0
5.79599999999982	0.256	6.06899999999996	0	0
5.35699999999997	0.219999999999999	5.59299999999985	0	0
2.74199999999973	0.147999999999996	2.89300000000003	0	0
5.41200000000026	0.349999999999994	5.84400000000005	0	0
2.75800000000027	0.139999999999986	2.90000000000009	0	0
2.78899999999976	0.116000000000014	2.9050000000002	0	0
3.27599999999984	0.156000000000006	3.43200000000024	0	0
2.74299999999994	0.135999999999996	2.87899999999991	0	0
2.72800000000007	0.164000000000016	2.89300000000003	0	0
2.77400000000034	0.144000000000005	2.91899999999987	0	0
3.30000000000018	0.144000000000005	3.44600000000037	0	0
2.74000000000024	0.123999999999995	2.86599999999999	0	0
2.71499999999969	0.147999999999996	2.87599999999975	0	0
2.70699999999988	0.195999999999998	2.90499999999975	0	0
3.32300000000032	0.151999999999987	3.47800000000007	0	0
5.36199999999963	0.289000000000016	5.61300000000028	0	0
2.74299999999994	0.136000000000024	2.88099999999986	0	0
3.26099999999997	0.156000000000006	3.41900000000032	0	0
2.72600000000011	0.164000000000016	2.89099999999962	0	0
2.83500000000004	0.299000000000007	3.07400000000007	0	0
8.38699999999972	0.372000000000014	8.81399999999985	0	0
2.6909999999998	0.156000000000006	2.85700000000043	0	0
2.71099999999979	0.140000000000015	2.86799999999994	0	0
5.7470000000003	0.27600000000001	6.02799999999979	0	0
3.01999999999998	0.45999999999998	3.39799999999968	0	0
2.97899999999981	0.514999999999986	3.49400000000014	0	0
2.86599999999999	0.189999999999998	3.01600000000008	0	0
5.26700000000028	0.24799999999999	5.5359999999996	0	0
2.74499999999989	0.135999999999996	2.88400000000001	0	0
2.82999999999993	0.147999999999996	2.96399999999994	0	0
6.14300000000003	0.335000000000008	6.40100000000029	0	0
2.85800000000017	0.239999999999981	3.029	0	0
3.04100000000017	0.161000000000001	3.17599999999993	0	0
2.9380000000001	0.14100000000002	3.09100000000035	0	0
3.34899999999971	0.135000000000019	3.60600000000022	0	0
2.83899999999994	0.182999999999993	3.02299999999968	0	0
2.93399999999974	0.264999999999986	3.29500000000007	0	0
2.98000000000002	0.293000000000006	3.18199999999979	0	0
6.07700000000023	0.26400000000001	6.3420000000001	0	0
2.75799999999981	0.146999999999991	2.91499999999996	0	0
2.94200000000001	0.14500000000001	3.18799999999965	0	0
2.83500000000004	0.105999999999995	2.91699999999992	0	0
2.74800000000005	0.168000000000006	2.92000000000007	0	0
2.74500000000035	0.132000000000005	2.8779999999997	0	0
2.80600000000004	0.135999999999996	2.94499999999971	0	0
2.79099999999971	0.148000000000025	2.93899999999985	0	0
2.73000000000002	0.120000000000005	2.85899999999992	0	0
2.76900000000023	0.213999999999999	2.95200000000023	0	0
2.77300000000014	0.140000000000015	2.91699999999992	0	0
2.84100000000035	0.168000000000006	3.03099999999995	0	0
3.20199999999977	0.13900000000001	3.34900000000016	0	0
5.30999999999995	0.280000000000001	5.59099999999989	0	0
2.846	0.221000000000004	3.154	0	0
3.41100000000006	0.310000000000002	3.70699999999988	0	0
2.88400000000001	0.266999999999996	3.28099999999995	0	0
2.88500000000022	0.325999999999993	3.17200000000003	0	0
5.88800000000037	0.26400000000001	6.18600000000015	0	0
2.72200000000021	0.175999999999988	2.904	0	0
2.85599999999977	0.128000000000014	2.98599999999988	0	0
2.98099999999977	0.144000000000005	3.14899999999989	0	0
3.42200000000003	0.150000000000006	3.53700000000026	0	0
2.97299999999996	0.108000000000004	3.08200000000033	0	0
5.63599999999997	0.26400000000001	5.93199999999979	0	0
3.4640000000004	0.147999999999996	3.61200000000008	0	0
2.89499999999998	0.140000000000015	3.01999999999998	0	0
2.90900000000011	0.132000000000005	3.04199999999992	0	0
3.04999999999973	0.228000000000009	3.34799999999996	0	0
3.0630000000001	0.359000000000009	3.35999999999967	0	0
3.13599999999997	0.369	3.50999999999976	0	0
3.01099999999997	0.137999999999977	3.39300000000003	0	0
3.60100000000011	0.195999999999998	3.86700000000019	0	0
2.89099999999962	0.147999999999996	3.03900000000021	0	0
2.88899999999967	0.152000000000015	3.04200000000037	0	0
2.93299999999999	0.147999999999996	3.08199999999988	0	0
3.28399999999965	0.191000000000003	3.55099999999993	0	0
3.03899999999976	0.200999999999993	3.23500000000013	0	0
2.79299999999967	0.165999999999997	3.10600000000022	0	0
3.08199999999988	0.329999999999984	3.32599999999957	0	0
3.45100000000002	0.127999999999986	3.57899999999972	0	0
2.94299999999976	0.156000000000006	3.13300000000027	0	0
5.71599999999989	0.256	6.0659999999998	0	0
3.42100000000028	0.135999999999996	3.55700000000024	0	0
2.88000000000011	0.171999999999997	3.05200000000013	0	0
2.88500000000022	0.138999999999982	3.16899999999987	0	0
2.88799999999992	0.223000000000013	3.0630000000001	0	0
3.61500000000024	0.436000000000007	4.04199999999992	0	0
6.0300000000002	0.558999999999997	6.68499999999995	0	0
3.02800000000025	0.271999999999991	3.21600000000035	0	0
3.40700000000015	0.152000000000015	3.5590000000002	0	0
5.68499999999995	0.27600000000001	5.96099999999979	0	0
2.96900000000005	0.240000000000009	3.24400000000014	0	0
3.00099999999975	0.265999999999991	3.28600000000006	0	0
2.95300000000043	0.128000000000014	3.08200000000033	0	0
2.94200000000001	0.166999999999973	3.24400000000014	0	0
2.95399999999972	0.123999999999995	3.07799999999997	0	0
3.41700000000037	0.171999999999997	3.58999999999969	0	0
2.85300000000007	0.167999999999978	3.02200000000039	0	0
2.92300000000023	0.132000000000005	3.04799999999977	0	0
3.47699999999986	0.193999999999988	3.91000000000031	0	0
5.97800000000007	0.637	6.43499999999995	0	0
2.83500000000004	0.147999999999996	2.98399999999992	0	0
2.75300000000016	0.153999999999996	2.97500000000036	0	0
3.24099999999999	0.135999999999996	3.37800000000016	0	0
2.77999999999975	0.151999999999987	2.9340000000002	0	0
2.77299999999968	0.152000000000015	2.92699999999968	0	0
3.29899999999998	0.160000000000025	3.48099999999977	0	0
2.76600000000008	0.144000000000005	2.90999999999985	0	0
5.35300000000007	0.22399999999999	5.57800000000043	0	0
3.23199999999997	0.199999999999989	3.43299999999999	0	0
2.69599999999991	0.132000000000005	2.82999999999993	0	0
2.75199999999995	0.129000000000019	2.88200000000006	0	0
2.77999999999975	0.15100000000001	2.93299999999999	0	0
2.70499999999993	0.168000000000006	2.8739999999998	0	0
2.82400000000007	0.139999999999986	2.96599999999989	0	0
2.76800000000003	0.159999999999997	2.92999999999984	0	0
3.3149999999996	0.134999999999991	3.5010000000002	0	0
2.74900000000025	0.151999999999987	2.90299999999979	0	0
2.76099999999997	0.140000000000015	2.90299999999979	0	0
5.81399999999985	0.275999999999982	6.09299999999985	0	0
2.72299999999996	0.182999999999993	2.9079999999999	0	0
2.78200000000015	0.180000000000007	2.98100000000022	0	0
2.80500000000029	0.121000000000009	2.94299999999976	0	0
2.72600000000011	0.111999999999995	2.83899999999994	0	0
2.74299999999994	0.120999999999981	2.92200000000003	0	0
2.77199999999993	0.153999999999996	3.0329999999999	0	0
3.38700000000017	0.21599999999998	3.61900000000014	0	0
2.82699999999977	0.262	3.16799999999967	0	0
2.75700000000006	0.147999999999996	2.91199999999981	0	0
3.2470000000003	0.163999999999987	3.41200000000026	0	0
2.69700000000012	0.147999999999996	2.846	0	0
2.95299999999997	0.201999999999998	3.20100000000002	0	0
2.95599999999968	0.186000000000007	3.10099999999966	0	0
2.83599999999979	0.164000000000016	3.25300000000016	0	0
5.79199999999992	0.326000000000022	6.05999999999995	0	0
2.9380000000001	0.139999999999986	3.08299999999963	0	0
3.404	0.135999999999996	3.54100000000017	0	0
2.9079999999999	0.143000000000001	3.12899999999991	0	0
2.93100000000004	0.143000000000001	3.13099999999986	0	0
2.92599999999993	0.160000000000025	3.08699999999999	0	0
3.39600000000019	0.149000000000001	3.56099999999969	0	0
2.9069999999997	0.140999999999991	3.06399999999985	0	0
2.88000000000011	0.14100000000002	3.01999999999998	0	0
2.90000000000009	0.160000000000025	3.0590000000002	0	0
2.85500000000002	0.156000000000006	3.01199999999972	0	0
2.98600000000033	0.132000000000005	3.11900000000014	0	0
2.91100000000006	0.156000000000006	3.06700000000001	0	0
3.44200000000001	0.135999999999996	3.57799999999997	0	0
5.68600000000015	0.232999999999976	5.99299999999994	0	0
2.93499999999995	0.144000000000005	3.07899999999972	0	0
3.43599999999969	0.159999999999997	3.59799999999996	0	0
2.88300000000027	0.159999999999997	3.04399999999987	0	0
2.98999999999978	0.143999999999977	3.13499999999976	0	0
3.45900000000029	0.167999999999978	3.62699999999995	0	0
2.89499999999998	0.175999999999988	3.07100000000037	0	0
5.70100000000002	0.271999999999991	5.97400000000016	0	0
2.94000000000005	0.135999999999996	3.07699999999977	0	0
3.42799999999988	0.144999999999982	3.57699999999977	0	0
2.91399999999976	0.113	3.01899999999978	0	0
8.36000000000013	0.367999999999995	8.70200000000023	0	0
2.95100000000002	0.137999999999977	3.23600000000033	0	0
2.89399999999978	0.139999999999986	3.03499999999985	0	0
2.95799999999963	0.13300000000001	3.08999999999969	0	0
3.44700000000012	0.156999999999982	3.60400000000027	0	0
2.89900000000034	0.162000000000006	3.09400000000005	0	0
2.91899999999987	0.148000000000025	3.07500000000027	0	0
6.24600000000009	0.252999999999986	6.48199999999997	0	0
2.92500000000018	0.164999999999992	3.08899999999994	0	0
8.44700000000012	0.325000000000017	8.77200000000039	0	0
5.654	0.251999999999981	5.90700000000015	0	0
2.904	0.147999999999996	3.07299999999987	0	0
6.26900000000023	0.25200000000001	6.52099999999973	0	0
2.99800000000005	0.311999999999983	3.4409999999998	0	0
5.9060000000004	0.492000000000019	6.24499999999989	0	0
3.36400000000003	0.164000000000016	3.53600000000006	0	0
5.59800000000041	0.435000000000002	6.01999999999998	0	0
6.14399999999978	0.25200000000001	6.39800000000014	0	0
2.88000000000011	0.127999999999986	3.01000000000022	0	0
2.87699999999995	0.159999999999997	3.03800000000001	0	0
2.89699999999993	0.155999999999977	3.05299999999988	0	0
5.62699999999995	0.284999999999997	5.91199999999981	0	0
2.90900000000011	0.123999999999995	3.04100000000017	0	0
3.39300000000003	0.156000000000006	3.54899999999998	0	0
2.89400000000023	0.112000000000023	3.00599999999986	0	0
2.90099999999984	0.187999999999988	3.08899999999994	0	0
3.01099999999997	0.183000000000021	3.22200000000021	0	0
2.86399999999958	0.140000000000015	3.00399999999991	0	0
2.87400000000025	0.159999999999997	3.03499999999985	0	0
2.93899999999985	0.183999999999997	3.12299999999959	0	0
3.44700000000012	0.140000000000015	3.59400000000005	0	0
2.8760000000002	0.324999999999989	3.19999999999982	0	0
2.93499999999995	0.239999999999981	3.06799999999976	0	0
6.05400000000009	0.457999999999998	6.7189999999996	0	0
5.8449999999998	0.335000000000008	6.27399999999989	0	0
2.97300000000041	0.158999999999992	3.14800000000014	0	0
3.41799999999967	0.163999999999987	3.846	0	0
5.63600000000042	0.329000000000008	6.30699999999979	0	0
2.94799999999987	0.147999999999996	3.096	0	0
3.48299999999972	0.120000000000005	3.60500000000002	0	0
2.89699999999993	0.168000000000006	3.0659999999998	0	0
2.89300000000003	0.167999999999978	3.06100000000015	0	0
3.5	0.175999999999988	3.67599999999993	0	0
3.0619999999999	0.201999999999998	3.40200000000004	0	0
3.05400000000009	0.381	3.31999999999971	0	0
2.89400000000023	0.151999999999987	3.10600000000022	0	0
3.51499999999987	0.144000000000005	3.65900000000011	0	0
2.96799999999985	0.178000000000026	3.12000000000035	0	0
2.90599999999995	0.183999999999997	3.09000000000015	0	0
3.04700000000003	0.201000000000022	3.19799999999987	0	0
3.04299999999967	0.350999999999999	3.29199999999992	0	0
2.89499999999998	0.180000000000007	3.07600000000002	0	0
6.39699999999993	0.414999999999992	6.6880000000001	0	0
2.94500000000016	0.171999999999997	3.10500000000002	0	0
5.70699999999988	0.304000000000002	6.01000000000022	0	0
6.20299999999997	0.335000000000008	6.48999999999978	0	0
3.05300000000034	0.37299999999999	3.36500000000024	0	0
3.42000000000007	0.774000000000001	3.904	0	0
3.40499999999975	0.234999999999985	3.69499999999971	0	0
3.23599999999988	0.729000000000013	3.63500000000022	0	0
5.3760000000002	0.240000000000009	5.61900000000014	0	0
3.23399999999992	0.155000000000001	3.39000000000033	0	0
2.71799999999985	0.167000000000002	2.88900000000012	0	0
2.78099999999995	0.108000000000004	2.91399999999976	0	0
3.27599999999984	0.160000000000025	3.43599999999969	0	0
2.79299999999967	0.168000000000006	2.96100000000024	0	0
2.71500000000015	0.147999999999996	2.86299999999983	0	0
2.73800000000028	0.159999999999997	2.89799999999968	0	0
2.71100000000024	0.143999999999977	2.85500000000002	0	0
2.73999999999978	0.151999999999987	2.89300000000003	0	0
2.77299999999968	0.147999999999996	2.92200000000003	0	0
3.24699999999984	0.132000000000005	3.39600000000019	0	0
2.80899999999974	0.120000000000005	2.92999999999984	0	0
2.82099999999991	0.187999999999988	2.96399999999994	0	0
2.84999999999991	0.207999999999998	3.06100000000015	0	0
2.86599999999999	0.25	3.14399999999978	0	0
5.32300000000032	0.280000000000001	5.60599999999977	0	0
3.25300000000016	0.152999999999992	3.4069999999997	0	0
5.31500000000005	0.244	5.5619999999999	0	0
2.79199999999992	0.140999999999991	3.19400000000041	0	0
5.79899999999998	0.256	6.05699999999979	0	0
2.77999999999975	0.126999999999981	2.90900000000011	0	0
2.875	0.289999999999992	3.12100000000009	0	0
3.23700000000008	0.159999999999997	3.39800000000014	0	0
2.76600000000008	0.175000000000011	2.96300000000019	0	0
3.01600000000008	0.152999999999992	3.16000000000031	0	0
3.49200000000019	0.131999999999977	3.625	0	0
2.88300000000027	0.148999999999972	3.09400000000005	0	0
2.98000000000002	0.127999999999986	3.10799999999972	0	0
2.90200000000004	0.156000000000006	3.05799999999999	0	0
2.91200000000026	0.156000000000006	3.06899999999996	0	0
2.91800000000012	0.132000000000005	3.05000000000018	0	0
2.90099999999984	0.151999999999987	3.05300000000034	0	0
2.9380000000001	0.132000000000005	3.07600000000002	0	0
8.85100000000011	0.705999999999989	9.29399999999987	0	0
2.77100000000019	0.279000000000025	2.99400000000014	0	0
2.71500000000015	0.144000000000005	2.85899999999992	0	0
3.39699999999993	0.119	3.57699999999977	0	0
3.10300000000007	0.35499999999999	3.52199999999993	0	0
2.92299999999977	0.134999999999991	3.14699999999993	0	0
2.96199999999999	0.168000000000006	3.13100000000031	0	0
5.62699999999995	0.295999999999992	5.92399999999998	0	0
2.89800000000014	0.139999999999986	3.03800000000001	0	0
3.40700000000015	0.265999999999991	3.63400000000001	0	0
2.9380000000001	0.15300000000002	3.09100000000035	0	0
2.88900000000012	0.151999999999987	3.04099999999971	0	0
2.92799999999988	0.146999999999991	3.07799999999997	0	0
5.70100000000002	0.365000000000009	6.04799999999977	0	0
2.9380000000001	0.288999999999987	3.17399999999998	0	0
2.88299999999981	0.144999999999982	3.17399999999998	0	0
3.44299999999976	0.136000000000024	3.57999999999993	0	0
2.93599999999969	0.123999999999995	3.05999999999995	0	0
3	0.136000000000024	3.13599999999997	0	0
6.19299999999976	0.240000000000009	6.43499999999995	0	0
2.88799999999992	0.140000000000015	3.029	0	0
5.65900000000011	0.275999999999982	5.93600000000015	0	0
3.48000000000002	0.127999999999986	3.5949999999998	0	0
2.94200000000001	0.119999999999976	3.0619999999999	0	0
2.94400000000041	0.144000000000005	3.08800000000019	0	0
3.39099999999962	0.131999999999977	3.6880000000001	0	0
2.9050000000002	0.13900000000001	3.04600000000028	0	0
3.0359999999996	0.203000000000003	3.24099999999999	0	0
3.53700000000026	0.317999999999984	3.80799999999999	0	0
5.30500000000029	0.256	5.56500000000005	0	0
2.76300000000037	0.136000000000024	2.90000000000009	0	0
3.25800000000027	0.135999999999996	3.39600000000019	0	0
6.08200000000033	0.592999999999989	6.73000000000002	0	0
2.94900000000007	0.183999999999997	3.13299999999981	0	0
3.55999999999995	0.143999999999977	3.70399999999972	0	0
2.86200000000008	0.159999999999997	3.02199999999993	0	0
2.92099999999982	0.144000000000005	3.06700000000001	0	0
3.51400000000012	0.159999999999997	3.67399999999998	0	0
2.90200000000004	0.143000000000001	3.14199999999983	0	0
5.95400000000018	0.304999999999978	6.22299999999996	0	0
6.10899999999992	0.259999999999991	6.44300000000021	0	0
2.90599999999995	0.152000000000015	3.05799999999999	0	0
2.77800000000025	0.139999999999986	3.15599999999995	0	0
3.57200000000012	0.322000000000003	4.00799999999981	0	0
3.15299999999979	0.221000000000004	3.20499999999993	0	0
3.04700000000003	0.528999999999996	3.58100000000013	0	0
3.71000000000004	0.363999999999976	4.00399999999991	0	0
5.68499999999995	0.25800000000001	5.91799999999967	0	0
2.92599999999993	0.143999999999977	3.09199999999964	0	0
3.63200000000006	0.336000000000013	3.95600000000013	0	0
5.61599999999999	0.256	5.8739999999998	0	0
2.92399999999998	0.123999999999995	3.19800000000032	0	0
3.38200000000006	0.14500000000001	3.52599999999984	0	0
2.93299999999999	0.145999999999987	3.08999999999924	0	0
3.12100000000009	0.449999999999989	3.38000000000011	0	0
8.86000000000013	0.376000000000005	9.23700000000008	0	0
2.88599999999997	0.140000000000015	3.02599999999984	0	0
5.70800000000008	0.268000000000001	5.94999999999982	0	0
2.88600000000042	0.180000000000007	3.0659999999998	0	0
2.90200000000004	0.187999999999988	3.09000000000015	0	0
3.46500000000015	0.152000000000015	3.61799999999948	0	0
2.9670000000001	0.144000000000005	3.11200000000008	0	0
3.06600000000026	0.408999999999992	3.33799999999974	0	0
2.84899999999971	0.179000000000002	3.0659999999998	0	0
2.88700000000017	0.193000000000012	3.01600000000053	0	0
2.93300000000045	0.282000000000011	3.16700000000037	0	0
3.24900000000025	0.179000000000002	3.43100000000049	0	0
2.73900000000003	0.164000000000016	2.90400000000045	0	0
2.72600000000011	0.148000000000025	2.875	0	0
3.21000000000004	0.168000000000006	3.37899999999991	0	0
2.7170000000001	0.147999999999996	2.86599999999999	0	0
5.43100000000004	0.280000000000001	5.71800000000076	0	0
3.25699999999961	0.163999999999987	3.42200000000048	0	0
2.74099999999999	0.13300000000001	2.91899999999987	0	0
5.39599999999973	0.275999999999982	5.67399999999998	0	0
3.24799999999959	0.161000000000001	3.47200000000066	0	0
2.75399999999991	0.143000000000001	2.89900000000034	0	0
2.76000000000022	0.103999999999985	2.86599999999999	0	0
5.81500000000051	0.25200000000001	6.04999999999927	0	0
2.74399999999969	0.144000000000005	2.94499999999971	0	0
3.14799999999923	0.382000000000005	3.55400000000009	0	0
3.09199999999964	0.413000000000011	3.4970000000003	0	0
9.14699999999993	0.740000000000009	10.1550000000007	0	0
2.90999999999985	0.128000000000043	3.03800000000047	0	0
2.91499999999996	0.154999999999973	3.17699999999968	0	0
3.37100000000009	0.166999999999973	3.63600000000042	0	0
2.78499999999985	0.115000000000009	2.98800000000028	0	0
3.02300000000014	0.326999999999998	3.43599999999969	0	0
3.44799999999941	0.135000000000048	3.60500000000047	0	0
2.98499999999967	0.302999999999997	3.39999999999964	0	0
2.91300000000047	0.144000000000005	3.04299999999967	0	0
3.49300000000039	0.130999999999972	3.67900000000009	0	0
3.1279999999997	0.384999999999991	3.29500000000007	0	0
2.96300000000065	0.145000000000039	3.26499999999942	0	0
3.32000000000062	0.208000000000027	3.42900000000009	0	0
2.75800000000072	0.311000000000035	3.00399999999991	0	0
2.76299999999992	0.128000000000043	2.89300000000003	0	0
3.51900000000023	0.338999999999999	3.79600000000028	0	0
2.78499999999985	0.274000000000001	3.02000000000044	0	0
2.75	0.139999999999986	2.89199999999983	0	0
3.3720000000003	0.201000000000022	3.78399999999965	0	0
2.71100000000024	0.135999999999967	2.84799999999996	0	0
2.72699999999986	0.163999999999987	2.89200000000073	0	0
3.40200000000004	0.252999999999986	3.60199999999986	0	0
2.71000000000004	0.151999999999987	2.86200000000008	0	0
2.74099999999999	0.163000000000011	2.94599999999991	0	0
3.30400000000009	0.159999999999968	3.53999999999996	0	0
2.89199999999983	0.185999999999979	3.11499999999978	0	0
2.84600000000046	0.138000000000034	3.06700000000001	0	0
3.35400000000027	0.161000000000001	3.5630000000001	0	0
2.8100000000004	0.139999999999986	2.95200000000023	0	0
2.8159999999998	0.148000000000025	2.96599999999944	0	0
8.6260000000002	0.595000000000027	9.10199999999986	0	0
2.70400000000063	0.151999999999987	2.85599999999977	0	0
2.76900000000023	0.139999999999986	2.90999999999985	0	0
3.22400000000016	0.135999999999967	3.36100000000079	0	0
2.76800000000003	0.163999999999987	2.93299999999999	0	0
2.72999999999956	0.144000000000005	2.875	0	0
3.23800000000028	0.151999999999987	3.39400000000023	0	0
2.7529999999997	0.124000000000024	2.8779999999997	0	0
2.7559999999994	0.159000000000049	2.91100000000006	0	0
3.64699999999993	0.413999999999987	3.91100000000006	0	0
2.91699999999946	0.127999999999986	3.04600000000028	0	0
2.95700000000033	0.127999999999986	3.08600000000024	0	0
3.44600000000082	0.151999999999987	3.59799999999996	0	0
2.8769999999995	0.143000000000029	3.03799999999956	0	0
2.88700000000063	0.156000000000006	3.03899999999976	0	0
3.00799999999981	0.25200000000001	3.22200000000066	0	0
3.02799999999934	0.334000000000003	3.28099999999995	0	0
2.90599999999995	0.160000000000025	3.0659999999998	0	0
3.0019999999995	0.160000000000025	3.16299999999956	0	0
2.86799999999948	0.164000000000044	3.03099999999995	0	0
2.90599999999995	0.148000000000025	3.05399999999918	0	0
2.88400000000001	0.139999999999986	3.02400000000034	0	0
3.32500000000073	0.139999999999986	3.67599999999948	0	0
2.73499999999967	0.144000000000005	2.85800000000017	0	0
5.48199999999997	0.329000000000008	5.78099999999995	0	0
2.71799999999985	0.156000000000006	2.87700000000041	0	0
2.78000000000065	0.158999999999992	2.95999999999913	0	0
3.375	0.136000000000024	3.51199999999972	0	0
2.75200000000041	0.163000000000011	2.86699999999928	0	0
3.32400000000052	0.402000000000044	3.4989999999998	0	0
3.19599999999991	0.411000000000001	3.47199999999975	0	0
2.88499999999931	0.147999999999968	3.03300000000036	0	0
2.90800000000036	0.168000000000006	3.07600000000002	0	0
3.45700000000033	0.13900000000001	3.63000000000011	0	0
2.90700000000015	0.231000000000051	3.09499999999935	0	0
3.41399999999976	0.132000000000005	3.54600000000028	0	0
5.70200000000023	0.23599999999999	5.93900000000031	0	0
3.45700000000033	0.127999999999986	3.58600000000024	0	0
2.87899999999991	0.171999999999969	3.05100000000039	0	0
3.00200000000041	0.139999999999986	3.14300000000003	0	0
3.47699999999986	0.156000000000006	3.63299999999981	0	0
2.97499999999945	0.120000000000005	3.09400000000005	0	0
3.01099999999951	0.14100000000002	3.13599999999951	0	0
3.42999999999938	0.137	3.5659999999998	0	0
2.93199999999979	0.139999999999986	3.07199999999921	0	0
2.91200000000026	0.13900000000001	3.07999999999993	0	0
3.44399999999951	0.149000000000001	3.62199999999939	0	0
2.86099999999988	0.154999999999973	3.01800000000003	0	0
2.92100000000028	0.14100000000002	3.0610000000006	0	0
3.40300000000025	0.156000000000006	3.5590000000002	0	0
2.90399999999954	0.139999999999986	3.04500000000007	0	0
2.92499999999927	0.148000000000025	3.07299999999941	0	0
3.55299999999988	0.147999999999968	3.70200000000023	0	0
2.92600000000039	0.140000000000043	3.04300000000057	0	0
2.88600000000042	0.159999999999968	3.04699999999957	0	0
2.89599999999973	0.139999999999986	3.03700000000026	0	0
3.45200000000023	0.119999999999948	3.57200000000012	0	0
3.14399999999932	0.34699999999998	3.36099999999988	0	0
2.90800000000036	0.156000000000006	3.0630000000001	0	0
3.47299999999996	0.137	3.60900000000038	0	0
5.65099999999984	0.256000000000029	5.90700000000015	0	0
2.91199999999935	0.144999999999982	3.03800000000047	0	0
2.83899999999994	0.159999999999968	2.9989999999998	0	0
5.69899999999961	0.28000000000003	5.98500000000058	0	0
3.59000000000015	0.394000000000005	3.88400000000001	0	0
2.94899999999961	0.148000000000025	3.09799999999996	0	0
2.92599999999948	0.140000000000043	3.06700000000001	0	0
3.4360000000006	0.144000000000005	3.57999999999993	0	0
5.57600000000002	0.242999999999995	6.01999999999953	0	0
2.73400000000038	0.148000000000025	2.88299999999981	0	0
3.21399999999994	0.172000000000025	3.38700000000063	0	0
2.77299999999923	0.127999999999986	2.90300000000025	0	0
2.76499999999942	0.139999999999986	2.90600000000086	0	0
3.25899999999911	0.151999999999987	3.41199999999935	0	0
2.73700000000008	0.139999999999986	2.8779999999997	0	0
2.78999999999996	0.131999999999948	2.92199999999957	0	0
3.36700000000019	0.115000000000009	3.56999999999971	0	0
2.76000000000022	0.146999999999991	3.02099999999973	0	0
5.38400000000001	0.248000000000047	5.65300000000025	0	0
2.92399999999998	0.281000000000006	3.22000000000025	0	0
2.77499999999964	0.124000000000024	2.86899999999969	0	0
6.15300000000025	0.538000000000011	6.73300000000017	0	0
2.76600000000053	0.172000000000025	2.93900000000031	0	0
2.79899999999998	0.120000000000005	2.92099999999937	0	0
3.22100000000046	0.159999999999968	3.41100000000006	0	0
2.79200000000037	0.281000000000006	3.06400000000031	0	0
2.74300000000039	0.135999999999967	2.8799999999992	0	0
3.26800000000003	0.156999999999982	3.42699999999968	0	0
5.33099999999922	0.290999999999997	5.72600000000057	0	0
5.8159999999998	0.26400000000001	6.08200000000033	0	0
2.80099999999948	0.148000000000025	2.97800000000007	0	0
2.76200000000063	0.139999999999986	2.90200000000004	0	0
3.25900000000001	0.135999999999967	3.39699999999993	0	0
5.42100000000028	0.308999999999969	5.70800000000054	0	0
2.77999999999975	0.156000000000006	2.9380000000001	0	0
3.34199999999964	0.140000000000043	3.52899999999954	0	0
2.7519999999995	0.144000000000005	2.91300000000047	0	0
2.74699999999939	0.131000000000029	2.89999999999964	0	0
3.29799999999977	0.159999999999968	3.53499999999985	0	0
2.74799999999959	0.132000000000005	2.87899999999991	0	0
2.74799999999959	0.140000000000043	2.88900000000012	0	0
3.23999999999978	0.147999999999968	3.38799999999992	0	0
2.73599999999988	0.159999999999968	2.88100000000031	0	0
2.89199999999983	0.305000000000007	3.19899999999961	0	0
3.26100000000042	0.137	3.46799999999985	0	0
2.72499999999945	0.151999999999987	2.88000000000011	0	0
5.42500000000018	0.254999999999995	5.71000000000004	0	0
2.90000000000055	0.215999999999951	3.26100000000042	0	0
2.90899999999965	0.150000000000034	3.32800000000043	0	0
2.85800000000017	0.141999999999996	3.1220000000003	0	0
3.23099999999977	0.136000000000024	3.36999999999989	0	0
5.35599999999977	0.254999999999995	5.63800000000083	0	0
3.39500000000044	0.234000000000037	3.8130000000001	0	0
2.72100000000046	0.124000000000024	2.84500000000025	0	0
5.42900000000009	0.268000000000029	5.69899999999961	0	0
2.73999999999978	0.143999999999949	2.88599999999951	0	0
2.82499999999982	0.139999999999986	2.96700000000055	0	0
3.28099999999995	0.135999999999967	3.41899999999987	0	0
2.73499999999967	0.151999999999987	2.88800000000083	0	0
2.82100000000082	0.159999999999968	2.98199999999997	0	0
3.26699999999983	0.144000000000005	3.43299999999999	0	0
2.74600000000009	0.148000000000025	2.89699999999993	0	0
2.82700000000023	0.159999999999968	3.00900000000001	0	0
3.22900000000027	0.157000000000039	3.44300000000021	0	0
5.42100000000028	0.22399999999999	5.64900000000034	0	0
2.74699999999939	0.144000000000005	2.89199999999983	0	0
2.74600000000009	0.19300000000004	2.91600000000017	0	0
5.35099999999966	0.362000000000023	5.69400000000041	0	0
3.23499999999967	0.140000000000043	3.37700000000041	0	0
2.72499999999945	0.148000000000025	2.87400000000071	0	0
2.77700000000004	0.144000000000005	2.92299999999977	0	0
3.25399999999991	0.164000000000044	3.4360000000006	0	0
5.48000000000047	0.391999999999996	5.86599999999999	0	0
2.87199999999939	0.18199999999996	3.01699999999983	0	0
2.75200000000041	0.160000000000025	2.91399999999976	0	0
5.36700000000019	0.20799999999997	5.57800000000043	0	0
3.64000000000033	0.54400000000004	3.98199999999997	0	0
2.83100000000013	0.206000000000017	3.02999999999975	0	0
2.92799999999988	0.161000000000001	3.16499999999996	0	0
3.35199999999986	0.25200000000001	3.60400000000027	0	0
2.88300000000072	0.10899999999998	3.21200000000044	0	0
3.0659999999998	0.0850000000000364	3.16499999999996	0	0
5.88000000000011	0.204000000000008	6.18000000000029	0	0
2.82099999999991	0.139999999999986	2.98900000000049	0	0
2.78200000000015	0.127999999999986	2.92500000000018	0	0
5.84499999999935	0.218999999999994	6.07900000000063	0	0
2.75500000000011	0.206999999999994	2.98499999999967	0	0
3.26599999999962	0.146999999999991	3.4399999999996	0	0
2.75800000000072	0.127999999999986	2.88799999999992	0	0
2.76299999999992	0.147999999999968	2.91300000000047	0	0
3.27999999999975	0.137	3.41800000000057	0	0
5.4389999999994	0.439999999999998	5.74499999999989	0	0
3.38699999999972	0.160000000000025	3.54999999999927	0	0
3.00500000000011	0.171999999999969	2.95100000000002	0	0
3.15199999999913	0.211000000000013	2.99799999999959	0	0
6.19000000000051	0.340000000000032	5.99399999999969	0	0
5.80899999999929	0.425000000000011	5.90599999999995	0	0
3.70499999999993	0.172000000000025	3.53200000000015	0	0
3.25600000000031	0.259999999999991	2.9350000000004	0	0
3.26800000000003	0.355999999999995	3.01100000000042	0	0
3.75799999999981	0.33200000000005	3.45499999999993	0	0
3.21200000000044	0.326999999999998	2.92399999999998	0	0
3.25	0.364000000000033	2.97900000000027	0	0
3.67299999999977	0.383999999999958	3.4399999999996	0	0
3.16699999999946	0.32000000000005	2.89400000000023	0	0
3.04200000000037	0.331999999999994	2.76699999999983	0	0
6.29799999999977	0.501000000000033	5.86799999999948	0	0
3.12299999999959	0.360000000000014	2.875	0	0
3.0590000000002	0.288000000000011	2.74499999999989	0	0
2.98700000000008	0.326999999999998	2.70799999999963	0	0
3	0.354999999999961	2.75399999999991	0	0
9.07299999999941	0.629999999999995	8.39699999999993	0	0
2.97400000000016	0.262	2.76599999999962	0	0
3.03499999999985	0.314999999999998	2.74399999999969	0	0
3.62199999999939	0.347000000000037	3.34700000000066	0	0
3.13400000000001	0.343000000000018	2.8730000000005	0	0
3.26299999999992	0.336999999999989	2.97000000000025	0	0
3.2510000000002	0.302000000000021	3.04600000000028	0	0
6.33100000000013	0.413999999999987	5.89600000000064	0	0
3.74099999999999	0.324999999999989	3.45000000000073	0	0
3.13500000000022	0.378999999999962	2.90300000000025	0	0
6.76500000000033	0.564000000000021	6.28899999999976	0	0
3.25699999999961	0.338999999999999	2.98899999999958	0	0
3.23699999999917	0.303999999999974	2.92799999999988	0	0
6.67399999999998	0.449000000000012	6.20700000000033	0	0
3.23300000000017	0.359000000000037	3.00399999999991	0	0
3.21399999999994	0.359999999999957	2.94599999999991	0	0
6.65399999999954	0.572000000000003	6.13300000000072	0	0
3.20800000000054	0.326999999999998	2.89599999999973	0	0
3.1929999999993	0.360000000000014	2.91499999999996	0	0
3.6260000000002	0.355000000000018	3.38299999999981	0	0
3.14000000000033	0.340000000000032	2.8720000000003	0	0
3.22899999999936	0.295999999999992	2.90400000000045	0	0
3.61999999999989	0.360000000000014	3.28600000000006	0	0
3.17200000000048	0.336000000000013	2.90899999999965	0	0
3.16599999999926	0.30400000000003	2.86400000000049	0	0
6.69499999999971	0.572000000000003	6.22600000000057	0	0
3.23700000000008	0.323000000000036	2.94800000000032	0	0
6.84799999999996	0.469000000000051	6.36899999999969	0	0
3.17700000000059	0.261000000000024	2.96599999999944	0	0
3.3139999999994	0.331999999999994	3.03600000000006	0	0
3.71499999999924	0.323999999999955	3.42999999999938	0	0
3.09100000000035	0.351999999999975	2.82999999999993	0	0
6.39700000000084	0.55499999999995	5.9380000000001	0	0
3.03200000000015	0.319999999999993	2.7480000000005	0	0
3.04700000000048	0.312000000000012	2.75900000000001	0	0
3.70899999999983	0.319000000000017	3.40699999999924	0	0
3.23099999999977	0.319999999999993	2.92000000000007	0	0
3.20600000000013	0.34699999999998	2.9340000000002	0	0
3.70899999999983	0.324000000000012	3.42400000000089	0	0
3.17399999999998	0.324000000000012	2.89199999999983	0	0
3.20800000000054	0.299999999999955	2.90300000000025	0	0
3.63000000000011	0.316000000000031	3.34000000000015	0	0
3.15700000000015	0.307999999999993	2.85999999999967	0	0
3.08100000000013	0.316000000000031	2.76600000000053	0	0
3.61399999999958	0.319000000000017	3.30600000000049	0	0
2.98800000000028	0.350999999999999	2.73599999999988	0	0
3.02399999999943	0.312000000000012	2.7549999999992	0	0
3.55000000000018	0.293999999999983	3.4970000000003	0	0
3.12899999999991	0.468000000000018	2.97500000000036	0	0
3.36400000000049	0.379999999999995	3.09500000000025	0	0
3.68299999999999	0.259999999999991	3.40300000000025	0	0
3.20999999999913	0.319999999999993	2.91899999999987	0	0
3.23499999999967	0.331999999999994	2.95300000000043	0	0
3.66899999999987	0.343999999999994	3.39800000000014	0	0
3.23800000000028	0.336999999999989	2.95299999999952	0	0
3.20200000000023	0.340000000000032	2.92799999999988	0	0
3.71799999999985	0.339999999999975	3.44200000000001	0	0
6.09299999999985	0.543000000000006	5.69499999999971	0	0
3.65700000000015	0.346000000000004	3.55500000000029	0	0
3.21999999999935	0.299999999999955	2.90300000000025	0	0
3.21199999999953	0.355999999999995	2.94900000000052	0	0
3.78200000000015	0.300000000000011	3.46799999999985	0	0
3.16700000000037	0.327000000000055	2.88599999999951	0	0
3.21700000000055	0.360000000000014	2.96299999999974	0	0
3.73000000000047	0.346000000000004	3.49299999999948	0	0
6.14199999999983	0.451000000000022	5.8090000000002	0	0
3.14999999999964	0.314999999999998	2.96500000000015	0	0
3.51099999999951	0.269000000000005	3.29400000000078	0	0
3.07899999999972	0.303999999999974	2.77300000000014	0	0
3.00900000000001	0.363	2.76699999999983	0	0
3.55500000000029	0.315999999999974	3.28800000000047	0	0
8.86999999999989	0.819999999999993	8.14199999999983	0	0
3.63999999999942	0.352000000000032	3.33699999999953	0	0
3.00700000000052	0.34699999999998	2.73199999999997	0	0
3.17100000000028	0.315999999999974	2.85699999999997	0	0
3.51400000000012	0.25200000000001	3.23800000000028	0	0
3.11599999999999	0.391999999999996	2.83799999999974	0	0
3.26200000000063	0.350999999999999	3.00500000000011	0	0
3.66100000000006	0.295999999999992	3.35400000000027	0	0
9.27199999999993	0.691000000000031	8.48700000000008	0	0
3.17799999999988	0.272999999999968	2.94200000000001	0	0
3.16899999999987	0.322999999999979	2.91499999999996	0	0
3.64499999999953	0.319999999999993	3.34400000000005	0	0
3.15299999999934	0.355999999999995	2.90499999999975	0	0
3.17699999999968	0.331999999999994	2.90899999999965	0	0
3.03999999999996	0.322999999999979	2.75500000000011	0	0
5.93099999999959	0.56800000000004	5.45399999999972	0	0
6.50600000000031	0.569999999999993	6.05100000000039	0	0
3.01999999999953	0.319000000000017	2.72800000000007	0	0
3.07600000000002	0.319999999999993	2.78300000000036	0	0
6.46899999999914	0.536000000000001	5.96500000000015	0	0
3.01000000000022	0.480999999999995	2.875	0	0
3.10300000000007	0.355999999999995	2.83500000000004	0	0
2.94600000000082	0.376999999999953	2.71399999999994	0	0
9.01400000000012	0.72399999999999	8.57000000000062	0	0
3.10499999999956	0.347999999999956	2.83600000000024	0	0
3.16400000000067	0.363	2.92699999999968	0	0
3.08700000000044	0.307999999999993	2.91699999999946	0	0
5.91499999999996	0.572000000000003	5.43000000000029	0	0
3.48299999999927	0.355999999999995	3.23800000000028	0	0
3.0649999999996	0.343999999999994	2.78499999999985	0	0
3.01000000000022	0.363999999999976	2.75500000000011	0	0
3.52900000000045	0.348000000000013	3.21799999999985	0	0
2.98500000000058	0.323000000000036	2.71399999999994	0	0
3.16100000000006	0.323999999999955	2.87100000000009	0	0
3.64899999999943	0.335999999999956	3.38000000000011	0	0
3.2510000000002	0.347999999999956	2.97100000000046	0	0
3.09000000000015	0.299999999999955	2.76699999999983	0	0
3.05799999999999	0.288000000000011	2.72400000000016	0	0
2.97499999999945	0.396000000000015	2.74799999999959	0	0
3.50500000000011	0.367999999999995	3.2489999999998	0	0
2.98000000000047	0.365000000000009	2.72400000000016	0	0
3.10300000000007	0.319999999999993	2.82300000000032	0	0
3.52599999999984	0.327999999999975	3.2470000000003	0	0
