15.874	6.798	14.101	0	0
14.669	6.728	13.004	0	0
15.026	6.816	13.01	0	0
15.38	7.514	13.445	0	0
15.956	7.697	14.186	0	0
15.442	4.748	12.466	0	0
16.419	5.08	12.881	0	0
16.578	7.268	12.643	0	0
15.972	4.70999999999999	12.11	0	0
15.938	5.08999999999999	12.45	0	0
33.063	13.598	25.37	0	0
16.481	8.10599999999999	12.536	0	0
15.367	4.792	12.006	0	0
16.777	8.607	12.758	0	0
15.646	6.02500000000001	12	0	0
18.806	9.863	13.148	0	0
15.9930000000001	4.76999999999998	12.488	0	0
15.8000000000001	4.75	12.876	0	0
15.115	4.22499999999999	12.049	0	0
16.633	5.37300000000002	12.299	0	0
16.914	6.26499999999999	12.417	0	0
15.817	4.77300000000002	12.229	0	0
15.6559999999999	4.82099999999997	12.393	0	0
16.64	5.78299999999996	12.337	0	0
15.752	6.23600000000005	12.237	0	0
17.059	6.21499999999997	13.255	0	0
14.95	4.41899999999998	12.26	0	0
15.4689999999999	4.75399999999996	11.9639999999999	0	0
15.98	4.67699999999996	12.591	0	0
15.275	4.56	11.7629999999999	0	0
17.211	7.517	12.159	0	0
15.379	6.52199999999999	12.439	0	0
15.7270000000001	5.38200000000001	12.481	0	0
17.8029999999999	7.31999999999999	12.9580000000001	0	0
15.204	4.10599999999999	12.4119999999999	0	0
16.2179999999998	9.32499999999999	12.327	0	0
16.183	8.17199999999997	13.0999999999999	0	0
15.549	5.08600000000001	12.7610000000001	0	0
15.7239999999999	6.26800000000003	12.225	0	0
15.5840000000001	4.44799999999998	12.443	0	0
17.1809999999998	6.62700000000001	12.4640000000001	0	0
16.809	6.45300000000003	12.478	0	0
15.1890000000001	4.17099999999999	12.521	0	0
15.0069999999998	4.36000000000001	12.348	0	0
15.548	4.97500000000002	12.1850000000002	0	0
15.6420000000001	6.09799999999996	12.5519999999999	0	0
18.6039999999998	13.169	13.3539999999998	0	0
18.8	10.473	12.655	0	0
16.5530000000001	5.80399999999997	12.309	0	0
15.569	4.45800000000008	12.327	0	0
15.3770000000002	6.65700000000004	12.2569999999998	0	0
17.8	7.9910000000001	12.992	0	0
13.8539999999998	2.83800000000008	12.5059999999999	0	0
14.8480000000002	4.84400000000005	12.1510000000001	0	0
16.769	8.83199999999999	13.0319999999999	0	0
15.6909999999998	5.899	12.7170000000001	0	0
15.6659999999999	4.25800000000004	12.425	0	0
14.2189999999998	3.47699999999998	12.4010000000001	0	0
15.5229999999999	4.90700000000004	12.4400000000001	0	0
15.49	4.64400000000001	12.087	0	0
15.847	4.59500000000003	12.7440000000001	0	0
16.1220000000001	5.12599999999998	12.1329999999998	0	0
15.752	5.01200000000006	12.204	0	0
15.818	4.63200000000006	12.2760000000001	0	0
15.9940000000001	5.01199999999994	12.1290000000001	0	0
16.8839999999998	6.31899999999996	12.4000000000001	0	0
15.7719999999999	4.99799999999993	12.2180000000001	0	0
15.3520000000003	4.13400000000001	12.05	0	0
16.2260000000001	5.33100000000002	12.2470000000001	0	0
15.6489999999999	4.59500000000003	12.2610000000002	0	0
15.5039999999999	4.63099999999997	12.0820000000001	0	0
15.4580000000001	5.10199999999998	12.357	0	0
15.9470000000001	4.51599999999996	12.461	0	0
15.2979999999998	4.5870000000001	11.932	0	0
16.3160000000003	4.697	12.6659999999999	0	0
15.2750000000001	4.77199999999993	12.0230000000001	0	0
15.9249999999997	5.75400000000002	12.2559999999999	0	0
16.2080000000001	4.61700000000008	12.704	0	0
15.4609999999998	5.11000000000001	12.0929999999998	0	0
17.0250000000001	7.11999999999989	12.7849999999999	0	0
16.2910000000002	7.88100000000009	12.5849999999998	0	0
15.1799999999998	4.76699999999994	11.9200000000001	0	0
17.8969999999999	8.37400000000002	13.248	0	0
16.4200000000001	5.81099999999992	12.848	0	0
15.1969999999997	4.19899999999996	12.3509999999999	0	0
15.4369999999999	4.37400000000002	11.9739999999997	0	0
16.0609999999997	4.81899999999996	12.415	0	0
15.9100000000003	4.721	12.2599999999998	0	0
15.2370000000001	4.27300000000002	11.692	0	0
17.2669999999998	8.56499999999994	13.145	0	0
15.509	4.221	11.9290000000001	0	0
15.6729999999998	5.35000000000014	11.7919999999999	0	0
16.3099999999999	6.89700000000016	12.8560000000002	0	0
17.6149999999998	7.404	13.0400000000004	0	0
16.8319999999999	6.40300000000002	12.1579999999999	0	0
16.3980000000001	4.90499999999997	12.6839999999997	0	0
15.7660000000001	4.74900000000002	12.3130000000001	0	0
15.5009999999997	5.03899999999999	11.7950000000001	0	0
15.7159999999999	4.72599999999989	12.136	0	0
16.444	5.65999999999985	12.2150000000001	0	0
17.027	7.77700000000004	12.1690000000003	0	0
16.5639999999999	5.63900000000012	12.3790000000004	0	0
15.6579999999999	4.86200000000008	12.2260000000001	0	0
15.8919999999998	4.67100000000005	12.1529999999998	0	0
15.9639999999999	5.01300000000015	12.1970000000001	0	0
16.442	4.82399999999984	12.5080000000003	0	0
15.2860000000001	4.62699999999995	11.848	0	0
15.4560000000001	4.11699999999996	11.8240000000001	0	0
15.8939999999998	4.45699999999988	12.3120000000004	0	0
15.694	4.15099999999984	12.0549999999998	0	0
15.3490000000002	5.44999999999982	12.3109999999997	0	0
16.2190000000001	5.2320000000002	12.366	0	0
15.2419999999997	5.79100000000017	12.5879999999997	0	0
15.5450000000001	4.39199999999983	11.8879999999999	0	0
18.2469999999998	8.89600000000019	12.194	0	0
16.989	9.09799999999996	13.0360000000001	0	0
17.3629999999998	8.45900000000006	13.009	0	0
31.6469999999999	10.914	24.5189999999998	0	0
15.3049999999998	4.73199999999997	12.0349999999999	0	0
19.1579999999999	11.3600000000001	12.7530000000002	0	0
16.7539999999999	5.40000000000009	12.7719999999999	0	0
16.779	6.78200000000015	12.4810000000002	0	0
15.6280000000002	4.77500000000009	11.864	0	0
15.8620000000001	6.37799999999993	12.652	0	0
15.7139999999999	4.86200000000008	12.7150000000001	0	0
16.4320000000002	4.45100000000002	12.9289999999996	0	0
17.3380000000002	6.58400000000006	12.1840000000002	0	0
17.0009999999997	6.73300000000017	12.4569999999999	0	0
15.8109999999997	4.77200000000016	12.2629999999999	0	0
15.4190000000003	4.66700000000014	11.8490000000002	0	0
16.2509999999997	5.173	12.3980000000001	0	0
17.7860000000001	7.42800000000011	12.8440000000001	0	0
16.3999999999996	5.09400000000005	12.355	0	0
16.1939999999995	5.65200000000004	12.0740000000001	0	0
15.7350000000006	4.4670000000001	12.317	0	0
15.8060000000005	4.39400000000001	12.1289999999999	0	0
15.9479999999994	4.73399999999992	12.1150000000002	0	0
15.5010000000002	4.78999999999996	11.8829999999998	0	0
17.4679999999998	7.18600000000015	12.681	0	0
17.4139999999998	7.14799999999991	12.6749999999997	0	0
14.6530000000002	3.98099999999999	11.7080000000001	0	0
15.9309999999996	5.76600000000008	12.6419999999998	0	0
16.5450000000001	7.904	12.7110000000002	0	0
15.1239999999998	5.10300000000007	12.0720000000001	0	0
15.4920000000002	4.67299999999977	11.9430000000002	0	0
15.393	4.46000000000004	12.395	0	0
19.4059999999999	10.518	13.1870000000004	0	0
15.4890000000005	4.875	12.1130000000003	0	0
15.5860000000002	7.17100000000005	12.5880000000002	0	0
16.1850000000004	4.72000000000003	12.4679999999998	0	0
19.1409999999996	11.0929999999998	13.1550000000002	0	0
15.6730000000007	4.08799999999997	12.4540000000002	0	0
17.8030000000008	8.80099999999993	12.9629999999997	0	0
15.7620000000006	5.09899999999993	11.6889999999999	0	0
15.1790000000001	4.08299999999986	11.8130000000001	0	0
15.6700000000001	4.46900000000005	11.9000000000001	0	0
15.7839999999997	4.46100000000001	12.1260000000002	0	0
16.8269999999993	6.11599999999999	12.701	0	0
15.3539999999994	3.84400000000005	12.6579999999999	0	0
15.7629999999999	4.78600000000006	12.0659999999998	0	0
16.3469999999998	4.98400000000015	12.306	0	0
18.9070000000002	9.51900000000001	13.2919999999999	0	0
14.8090000000002	4.44599999999991	12.0459999999998	0	0
14.3639999999996	3.52500000000009	12.6680000000001	0	0
15.0420000000004	3.39099999999985	12.7160000000003	0	0
14.9310000000005	4.01999999999998	12.672	0	0
15.7020000000002	8.97700000000009	13.078	0	0
15.1490000000003	4.03099999999995	12.5810000000001	0	0
15.8039999999992	4.39599999999996	12.4499999999998	0	0
16.4739999999993	4.95800000000008	12.7170000000001	0	0
15.0630000000001	3.75999999999999	11.9920000000002	0	0
16.4030000000002	4.67999999999984	12.7390000000005	0	0
16.9120000000003	5.75800000000004	12.9750000000004	0	0
15.6019999999999	4.90699999999993	12.0829999999996	0	0
18.4110000000001	8.68700000000013	12.6289999999999	0	0
17.1660000000002	5.66199999999981	12.8850000000002	0	0
17.6040000000003	6.76900000000001	12.973	0	0
18.0300000000007	7.80199999999991	12.5430000000006	0	0
15.1859999999997	4.63599999999997	12.0330000000004	0	0
15.1730000000007	4.38100000000009	12.4369999999999	0	0
15.4830000000002	4.26599999999985	12.4440000000004	0	0
15.2219999999998	4.11899999999991	12.7700000000004	0	0
16.6700000000001	5.92200000000003	12.7550000000001	0	0
16.4070000000002	5.41100000000006	12.3680000000004	0	0
16.8969999999999	6.096	12.5109999999995	0	0
16.0320000000002	4.81399999999985	12.2999999999993	0	0
16.1989999999996	4.91900000000032	12.6279999999997	0	0
15.9520000000002	5.6239999999998	12.1989999999996	0	0
15.5239999999994	4.19999999999982	12.0259999999998	0	0
18.7979999999998	9.07999999999993	13.0550000000003	0	0
16.8670000000002	5.70200000000023	12.9449999999997	0	0
14.9780000000001	4.10400000000027	12.6140000000005	0	0
15.0730000000003	4.20399999999972	12.2640000000001	0	0
16.5129999999999	5.52800000000025	12.6959999999999	0	0
15.9629999999997	4.66300000000001	12.6700000000001	0	0
14.7060000000001	4.0590000000002	12.607	0	0
16.3640000000005	5.22700000000032	12.9200000000001	0	0
15.7969999999996	4.40299999999979	12.3409999999994	0	0
15.4050000000007	4.31700000000001	12.2779999999993	0	0
16.3719999999994	4.92699999999968	12.7070000000003	0	0
16.0530000000008	4.53200000000015	12.7670000000007	0	0
15.8329999999996	4.471	12.2190000000001	0	0
16.5969999999998	6.25099999999975	12.3050000000003	0	0
17.2150000000001	6.51400000000012	13.04	0	0
15.7380000000003	4.13799999999992	12.4790000000003	0	0
15.8960000000006	5.20800000000008	12.9319999999998	0	0
15.6269999999995	4.27700000000004	12.2160000000003	0	0
15.9489999999996	4.56399999999985	12.1900000000005	0	0
16.0379999999996	4.60800000000017	12.3759999999993	0	0
17.0459999999994	6.7829999999999	12.2069999999994	0	0
15.7740000000003	4.64800000000014	12.04	0	0
16.6230000000005	5.51499999999987	12.5439999999999	0	0
15.7510000000002	4.58300000000008	12.3909999999996	0	0
16.7210000000005	5.68600000000015	12.3649999999998	0	0
14.9429999999993	4.346	11.8829999999998	0	0
15.4520000000002	4.4380000000001	12.0540000000001	0	0
16.1300000000001	4.56200000000035	12.6080000000002	0	0
15.2460000000001	4.69600000000037	12.0749999999998	0	0
15.7860000000001	4.35300000000007	12.3119999999999	0	0
15.3090000000002	4.3119999999999	12.3909999999996	0	0
15.8359999999993	4.50900000000001	12.8519999999999	0	0
15.6369999999997	4.91899999999987	12.0100000000002	0	0
15.9669999999996	4.77999999999975	12.2269999999999	0	0
15.8450000000003	4.55300000000034	12.4009999999998	0	0
17.558	7.18199999999979	12.1549999999997	0	0
15.9280000000008	5.45100000000002	12.1130000000003	0	0
16.2780000000002	5.17900000000009	12.7520000000004	0	0
16.4919999999993	4.81899999999996	12.4189999999999	0	0
17.4769999999999	7.3449999999998	12.1560000000009	0	0
16.835	7.11799999999994	12.2629999999999	0	0
18.1120000000001	7.74500000000035	13.1040000000003	0	0
16.7080000000005	5.17200000000003	12.7139999999999	0	0
15.6199999999999	4.9970000000003	12.1040000000003	0	0
15.6360000000004	4.29500000000007	12.3689999999997	0	0
15.9089999999997	5.15999999999985	12.2420000000002	0	0
17.5299999999997	8.07200000000012	12.4189999999999	0	0
15.6689999999999	4.84700000000021	12.2919999999995	0	0
15.3949999999995	4.38499999999976	12.3949999999995	0	0
16.1559999999999	5.52800000000025	12.4830000000002	0	0
16.0349999999999	4.91899999999987	12.6289999999999	0	0
15.8370000000004	4.346	12.5839999999998	0	0
16.7380000000003	5.23199999999997	12.6800000000003	0	0
15.8770000000004	5.98700000000008	13.4929999999995	0	0
15.701	4.75799999999981	12.1990000000005	0	0
16.5219999999999	5.28400000000011	12.335	0	0
17.598	7.94200000000001	13.3229999999994	0	0
17.6760000000004	7.09100000000035	12.7539999999999	0	0
18.3789999999999	9.46599999999989	12.7309999999998	0	0
16.8159999999998	5.67999999999984	12.6410000000005	0	0
18.402	7.61599999999999	13.0529999999999	0	0
16.7690000000002	5.94899999999961	12.5779999999995	0	0
15.884	5.02300000000014	12.3429999999998	0	0
15.9000000000005	5.00199999999995	12.1899999999996	0	0
17.4390000000003	6.59799999999996	12.8310000000001	0	0
15.9720000000007	4.70600000000013	12.4179999999997	0	0
15.8330000000005	4.27299999999968	12.5810000000001	0	0
15.348	4.51199999999972	11.8130000000001	0	0
16.7539999999999	6.1909999999998	12.2980000000007	0	0
17.0770000000002	6.87599999999975	12.7860000000001	0	0
16.5879999999997	5.31600000000026	13.0240000000003	0	0
16.2950000000001	6.25300000000016	12.1750000000002	0	0
15.759	4.42500000000018	12.3649999999998	0	0
16.6120000000001	5.91699999999992	12.473	0	0
16.2579999999998	4.87100000000009	12.4750000000004	0	0
16.670000000001	5.51600000000008	12.384	0	0
15.6360000000004	4.73900000000003	12.2339999999995	0	0
17.4169999999995	7.13200000000006	12.5349999999999	0	0
15.9189999999999	4.78499999999985	12.3599999999997	0	0
15.7559999999994	4.52299999999968	12.4690000000001	0	0
16.5280000000002	6.19599999999991	12.1790000000001	0	0
16.3610000000008	5.22899999999981	12.2809999999999	0	0
16.223	5.33500000000004	12.7510000000002	0	0
16.0229999999992	5.18700000000035	12.4989999999998	0	0
30.2019999999993	9.09799999999996	24.1639999999998	0	0
15.8939999999984	5.20000000000027	12.357	0	0
15.2839999999997	4.41400000000021	12.3000000000002	0	0
15.5969999999998	4.76600000000008	12.0599999999995	0	0
16.371000000001	5.88200000000006	12.7640000000001	0	0
16.1080000000002	4.66600000000017	12.9359999999997	0	0
15.9869999999992	5.21900000000005	13.192	0	0
15.6419999999998	4.3159999999998	12.5360000000001	0	0
15.5059999999994	4.53099999999995	12.3220000000001	0	0
17.1949999999997	6.67700000000013	12.6079999999993	0	0
16.1650000000009	5.06800000000021	12.7359999999999	0	0
16.6409999999996	5.93499999999995	12.2060000000001	0	0
15.3090000000011	4.33799999999974	12.0320000000002	0	0
16.4629999999997	5.16400000000021	12.6959999999999	0	0
15.7650000000012	4.38999999999987	12.232	0	0
16.3240000000005	4.84899999999971	12.0219999999999	0	0
15.8289999999997	4.30400000000009	12.1710000000003	0	0
15.9920000000002	4.95299999999997	12.4250000000002	0	0
16.4090000000015	4.52100000000019	12.8700000000008	0	0
15.9069999999992	4.21599999999989	12.46	0	0
15.7900000000009	4.87899999999991	12.2180000000008	0	0
32.5349999999999	11.1209999999996	24.6220000000003	0	0
17.9650000000001	7.54999999999973	12.5810000000001	0	0
16.7970000000005	6.05099999999993	12.5739999999996	0	0
16.2579999999998	4.89300000000003	12.6480000000001	0	0
15.9779999999992	5	12.0350000000008	0	0
17.9830000000002	8.40100000000029	13.0330000000004	0	0
16.2030000000013	4.79099999999971	12.7020000000002	0	0
17.2619999999988	7.26600000000008	12.9619999999995	0	0
16.2250000000004	5.37300000000005	12.5550000000003	0	0
15.4130000000005	4.78999999999996	11.991	0	0
17.5890000000018	6.85600000000022	12.9880000000003	0	0
15.9210000000003	4.4380000000001	12.3680000000004	0	0
15.7929999999997	4.51000000000022	12.0720000000001	0	0
15.7710000000006	4.59099999999989	12.1399999999994	0	0
17.5380000000005	6.54800000000023	13.1529999999993	0	0
17.2240000000002	6.69700000000012	12.7269999999999	0	0
19.1610000000001	9.92799999999988	13.1080000000002	0	0
15.8500000000004	4.3739999999998	12.5829999999996	0	0
16.8639999999996	6.32400000000007	12.3560000000007	0	0
15.9449999999997	4.51499999999987	12.4409999999998	0	0
15.4160000000011	4.43899999999985	12.2300000000005	0	0
15.8119999999999	4.63099999999986	12.3379999999997	0	0
15.1540000000005	4.2170000000001	11.9380000000001	0	0
15.7950000000001	5.14800000000014	12.2350000000006	0	0
17.5399999999991	6.94999999999982	12.5300000000007	0	0
16.7910000000011	5.81800000000021	12.5010000000002	0	0
15.0869999999995	4.62199999999984	11.7910000000002	0	0
15.2309999999998	4.07799999999997	12.0550000000003	0	0
15.7379999999994	4.5010000000002	12.4550000000008	0	0
17.4519999999993	6.98800000000028	12.7849999999999	0	0
16.7690000000002	5.21599999999989	12.7260000000006	0	0
16.1649999999991	5.0630000000001	12.5799999999999	0	0
15.7759999999998	4.43499999999995	12.0619999999999	0	0
16.4939999999988	5.29599999999982	12.3119999999999	0	0
16.277	4.88500000000022	12.8980000000001	0	0
16.7689999999984	7.23500000000013	12.9660000000003	0	0
15.7999999999993	4.47200000000021	12.5230000000001	0	0
15.6610000000001	5.31700000000001	12.1139999999996	0	0
16.7300000000014	7.01700000000028	12.1670000000004	0	0
16.0590000000011	6.86799999999994	12.8530000000001	0	0
16.478000000001	5.63599999999997	12.8379999999997	0	0
15.4320000000007	4.27499999999964	12.5259999999998	0	0
15.3819999999996	4.61099999999988	11.9300000000003	0	0
15.7749999999996	4.38099999999986	12.9589999999998	0	0
16.4589999999989	5.63800000000037	12.585	0	0
15.9230000000007	4.75800000000027	12.3810000000003	0	0
15.0990000000002	4.36799999999994	12.2219999999998	0	0
15.5059999999994	4.56399999999985	11.9750000000004	0	0
17.4440000000013	6.37400000000025	12.7889999999998	0	0
15.8850000000002	5.00099999999975	12.7119999999995	0	0
16.6999999999989	5.32299999999987	12.9650000000001	0	0
16.0400000000009	5.14499999999998	12.2989999999991	0	0
15.9589999999989	5.14699999999993	12.4699999999993	0	0
17.1710000000003	6.07600000000002	12.7390000000014	0	0
16.6549999999988	5.49500000000035	12.5310000000009	0	0
16.6869999999999	5.39800000000014	12.7549999999992	0	0
16.1269999999986	5.52099999999973	12.6290000000008	0	0
15.8899999999994	4.75900000000001	12.2819999999992	0	0
15.5489999999991	4.29899999999998	12.1400000000012	0	0
17.2899999999991	6.72899999999981	12.5860000000011	0	0
16.0279999999984	4.97299999999996	12.5149999999994	0	0
15.8520000000008	4.42000000000007	12.4099999999999	0	0
16.3109999999997	4.89499999999998	12.5079999999998	0	0
16.6230000000014	6.10200000000032	12.3259999999991	0	0
15.7600000000002	4.346	12.1090000000004	0	0
16.5450000000001	5.54999999999973	12.5900000000001	0	0
17.1919999999991	6.47899999999981	12.4509999999991	0	0
16.1309999999994	4.43200000000024	12.893	0	0
16.351999999999	4.68100000000004	12.625	0	0
15.7170000000006	4.50199999999995	12.3369999999995	0	0
16.3019999999997	5.11099999999988	12.4500000000007	0	0
15.6359999999986	4.65099999999984	12.3429999999989	0	0
15.5740000000005	4.45100000000002	11.9480000000003	0	0
15.8089999999993	4.98000000000002	12.1910000000007	0	0
16.4549999999999	4.99200000000019	12.5630000000001	0	0
15.732	4.94999999999982	12.3740000000016	0	0
15.8970000000008	4.68399999999974	12.6110000000008	0	0
15.6600000000017	4.85400000000027	12.0390000000007	0	0
15.9930000000004	5.49800000000005	12.2510000000002	0	0
15.9110000000001	4.39700000000039	12.4799999999996	0	0
16.1419999999998	4.26499999999987	12.4619999999995	0	0
16.1870000000017	5.27799999999979	12.7440000000006	0	0
17.0579999999991	6.43099999999959	12.6119999999992	0	0
16.0919999999987	4.29400000000032	12.7080000000005	0	0
16.0169999999998	4.51500000000033	12.5079999999998	0	0
15.6659999999993	4.54700000000003	11.9229999999989	0	0
16.0720000000001	5.24699999999984	12.2879999999986	0	0
15.5010000000002	4.31800000000021	12.8230000000003	0	0
16.4510000000009	5.20899999999983	12.6049999999996	0	0
16.3329999999987	5.19200000000001	12.4079999999994	0	0
16.1029999999992	4.34000000000015	12.9380000000001	0	0
16.2729999999992	5.20700000000033	12.405999999999	0	0
17.8220000000001	7.93299999999999	12.4629999999997	0	0
15.616	4.79600000000028	12.3700000000008	0	0
18.759	9.90299999999934	12.7369999999992	0	0
15.4569999999985	4.26000000000022	12.7070000000003	0	0
18.0389999999989	10.9770000000008	13.3189999999995	0	0
18.0889999999999	8.77999999999975	12.6530000000002	0	0
16.7489999999998	8.08199999999943	13.2219999999998	0	0
18.726999999999	10.0879999999997	13.485999999999	0	0
16.9210000000003	6.44999999999982	12.6640000000007	0	0
17.6630000000005	8.60099999999966	13.143	0	0
18.7630000000008	8.59000000000015	13.1700000000001	0	0
15.6550000000007	6.29899999999998	13.0570000000007	0	0
18.5450000000001	7.13400000000001	13.1930000000011	0	0
16.9940000000006	6.88900000000012	13.005000000001	0	0
16.9510000000009	7.90099999999984	13.3550000000014	0	0
16.3510000000006	7.05699999999979	13.4579999999987	0	0
15.9230000000007	4.9989999999998	12.2490000000016	0	0
17.2860000000001	7.55400000000009	13.3409999999985	0	0
15.9400000000005	6.33899999999994	13.375	0	0
17.4139999999989	6.9389999999994	13.5010000000002	0	0
15.8450000000012	6.21200000000044	12.9169999999995	0	0
15.6980000000003	6.70899999999983	13.1419999999998	0	0
15.7960000000003	7.75399999999991	13.3410000000003	0	0
16.3200000000015	7.72400000000016	13.1869999999999	0	0
17.2959999999985	9.11099999999988	13.652	0	0
15.2600000000002	6.04099999999926	12.5959999999995	0	0
14.3760000000002	4.85800000000017	13.491	0	0
13.7889999999989	4.57900000000063	12.9549999999999	0	0
15.375	5.65800000000036	13.1450000000004	0	0
15.527	5.3760000000002	12.3989999999994	0	0
14.9040000000005	5.83300000000054	12.0360000000001	0	0
15.6770000000015	8.18900000000031	12.5619999999999	0	0
15.2279999999992	5.48500000000058	13.2509999999984	0	0
15.277	4.72900000000027	12.2199999999993	0	0
15.6759999999995	4.46799999999985	12.875	0	0
15.0010000000002	4.60500000000047	12.3639999999996	0	0
15.9439999999995	5.1820000000007	13.0339999999997	0	0
32.2980000000007	10.7330000000002	25.0399999999991	0	0
15.8899999999994	4.23999999999978	13.0900000000001	0	0
16.1719999999987	6.35499999999956	13.389000000001	0	0
16.2810000000009	5.50500000000011	13.6270000000004	0	0
16.2110000000011	4.63900000000012	12.6630000000005	0	0
15.3289999999997	4.97699999999986	12.7309999999998	0	0
16.6769999999997	7.43599999999969	12.7189999999991	0	0
17.973	10.8329999999996	12.7750000000015	0	0
16.3780000000006	6.98999999999978	12.6260000000002	0	0
17.0190000000002	6.77300000000014	12.3790000000008	0	0
16.0809999999983	4.67500000000018	12.8060000000005	0	0
16.5900000000001	5.42999999999938	13.1460000000006	0	0
16.2000000000007	5.61300000000028	13.4470000000001	0	0
17.5640000000003	7.1239999999998	12.6409999999996	0	0
16.6170000000002	5.97499999999945	12.4509999999991	0	0
16.3410000000003	5.52799999999934	12.491	0	0
16.5779999999995	5.77200000000084	12.2569999999996	0	0
15.3050000000003	4.53500000000076	12.5169999999998	0	0
15.6100000000006	4.28600000000006	12.5020000000004	0	0
17.1290000000008	6.17100000000028	12.4519999999993	0	0
14.5779999999995	3.94400000000041	12.0059999999994	0	0
15.0110000000004	4.15300000000025	11.9580000000005	0	0
16.3130000000001	5.38000000000011	12.8299999999999	0	0
16.7840000000015	5.41899999999987	12.9439999999995	0	0
15.3230000000003	4.10900000000038	12.3130000000001	0	0
16.0569999999989	5.45700000000033	12.3729999999996	0	0
15.3450000000012	3.96700000000055	12.4830000000002	0	0
14.9899999999998	3.76800000000003	12.4359999999997	0	0
15.6619999999984	4.07999999999993	12.5779999999995	0	0
14.9189999999999	4.37700000000041	11.6580000000013	0	0
16.1180000000004	5.97900000000027	12.1990000000005	0	0
15.9619999999995	5.65799999999945	11.8960000000006	0	0
16.4590000000007	5.10800000000017	12.7799999999988	0	0
16.1900000000005	5.47800000000007	12.8690000000006	0	0
17.1620000000003	6.83600000000024	12.473	0	0
15.4900000000016	4.31700000000001	12.5799999999999	0	0
15.7749999999996	4.44400000000041	12.2929999999997	0	0
15.8080000000009	4.52700000000004	12.1800000000003	0	0
15.5120000000006	4.64000000000033	12.4290000000001	0	0
16.9160000000011	6.40300000000025	12.8640000000014	0	0
16.4719999999998	5.60699999999997	12.7780000000002	0	0
15.5119999999988	4.34299999999985	12.3369999999995	0	0
17.5769999999993	6.66199999999935	13.0669999999991	0	0
18.0670000000009	10.2190000000001	13.1139999999996	0	0
15.4450000000015	4.91400000000067	12.5760000000009	0	0
15.3540000000012	4.52300000000014	12.8339999999989	0	0
16.7430000000004	5.24299999999948	12.5630000000001	0	0
16.1450000000004	4.67699999999968	12.902	0	0
18.375	7.18499999999949	13.116	0	0
16.3389999999999	4.48499999999967	12.9330000000009	0	0
16.8120000000017	5.52000000000044	12.6749999999993	0	0
16.1579999999994	4.9369999999999	12.7990000000009	0	0
16.1169999999984	4.99799999999959	12.6319999999996	0	0
15.1720000000005	4.28099999999995	11.9039999999986	0	0
15.9120000000003	4.90899999999965	11.9789999999994	0	0
15.4030000000002	4.40399999999954	11.9089999999997	0	0
16.3670000000002	5.17399999999998	12.6049999999996	0	0
16.2299999999996	4.98300000000017	12.6270000000004	0	0
16.4210000000003	5.02599999999984	12.5120000000006	0	0
15.871000000001	4.36800000000039	12.5779999999995	0	0
15.634	4.76299999999992	12.5209999999988	0	0
16.3989999999994	4.28100000000086	12.9309999999987	0	0
16.3400000000001	5.31600000000071	12.4230000000007	0	0
16.0520000000015	5.00699999999961	12.9129999999986	0	0
15.8950000000004	5.03499999999985	12.5709999999999	0	0
15.9519999999993	5.47199999999975	12.5500000000011	0	0
16.8279999999995	5.75800000000072	12.6959999999999	0	0
17.4619999999995	7.08399999999983	12.7299999999996	0	0
31.9099999999999	10.6320000000005	24.6130000000012	0	0
15.768	5.08100000000013	12.3149999999987	0	0
15.5879999999997	4.59100000000035	12.4439999999995	0	0
16.2600000000002	5.09699999999975	12.4899999999998	0	0
15.7540000000008	4.83100000000013	12.4709999999995	0	0
15.7530000000006	4.60300000000007	12.1890000000003	0	0
16.616	6.68900000000031	12.7869999999984	0	0
16.8580000000002	6.3130000000001	12.4519999999993	0	0
16	4.75300000000061	12.4810000000016	0	0
16.2529999999988	4.6880000000001	12.6819999999989	0	0
16.5779999999995	5.3769999999995	12.6329999999998	0	0
15.2039999999997	4.57099999999991	12.3629999999994	0	0
16.0010000000002	4.52399999999943	12.4510000000009	0	0
15.4899999999998	4.30699999999979	12.1130000000012	0	0
15.6219999999994	4.10399999999936	12.2540000000008	0	0
17.0439999999999	6.27399999999943	12.8269999999993	0	0
15.9529999999995	4.57199999999921	12.4339999999993	0	0
16.2930000000015	4.48599999999988	12.9800000000014	0	0
15.6499999999996	4.38899999999921	12.5159999999996	0	0
16.7189999999991	4.76699999999983	12.8919999999998	0	0
16.6139999999996	5.97299999999996	12.4750000000004	0	0
16.8100000000013	5.14199999999983	12.6509999999998	0	0
17.2150000000001	6.20899999999983	12.5540000000001	0	0
16.5300000000007	5.44000000000051	12.7289999999994	0	0
16.496000000001	5.37199999999939	12.7440000000006	0	0
16.0170000000016	4.23300000000017	12.3130000000001	0	0
17.1579999999994	6.75	12.6569999999992	0	0
16.110999999999	4.5019999999995	12.6470000000008	0	0
18.1730000000007	7.76800000000003	12.7619999999988	0	0
18.5529999999999	8.46599999999944	12.5360000000001	0	0
15.6589999999997	4.45499999999993	12.4089999999997	0	0
16.7399999999998	5.08200000000033	12.5149999999994	0	0
17.2240000000002	6.45399999999972	12.6189999999988	0	0
16.2759999999998	5.04200000000037	12.5460000000003	0	0
16.0690000000013	4.74399999999969	12.4879999999994	0	0
16.1790000000001	5.5	12.1399999999994	0	0
15.869999999999	4.74599999999919	12.4989999999998	0	0
15.7720000000008	4.24799999999959	12.4489999999987	0	0
15.9699999999975	4.6820000000007	12.4740000000002	0	0
16.1670000000013	4.77199999999993	12.2810000000009	0	0
16.4110000000001	5.13100000000031	12.5799999999999	0	0
16.2619999999988	5.22299999999996	12.2979999999989	0	0
16.336000000003	5.39199999999983	12.8260000000009	0	0
16.2459999999992	4.74799999999959	12.4420000000009	0	0
16.3389999999999	5.5649999999996	12.7440000000006	0	0
16.3389999999999	4.89100000000053	12.4239999999991	0	0
15.8339999999989	4.65200000000004	12.3320000000003	0	0
15.9950000000026	4.30299999999988	12.7290000000012	0	0
16.9919999999984	6.27899999999954	13.012999999999	0	0
16.0299999999988	4.80999999999949	12.6890000000003	0	0
16.25	4.4399999999996	12.5990000000002	0	0
16.4419999999991	5.02599999999984	12.7129999999997	0	0
16.2939999999981	4.97600000000057	12.9310000000005	0	0
16.9900000000016	5.61200000000008	13.0169999999998	0	0
15.8379999999997	4.42500000000018	12.8169999999991	0	0
15.8079999999973	4.92299999999977	12.4759999999987	0	0
15.8330000000024	4.47800000000007	12.3329999999987	0	0
18.1389999999992	7.3779999999997	12.4610000000011	0	0
16.648000000001	5.97599999999966	12.4789999999994	0	0
16.3729999999996	6.03099999999995	12.5479999999989	0	0
15.1830000000009	5.92300000000068	12.9740000000002	0	0
15.232	5.55999999999949	12.7289999999994	0	0
16.1280000000006	4.28000000000065	12.4689999999991	0	0
15.637999999999	4.66399999999976	12.3770000000004	0	0
16.1850000000013	4.69200000000001	12.5960000000014	0	0
15.6640000000007	4.1840000000002	12.2219999999998	0	0
15.6440000000002	4.48000000000047	12.4250000000011	0	0
15.8350000000028	4.63699999999972	12.393	0	0
15.4789999999994	4.71799999999985	12.4539999999997	0	0
16.5119999999988	5.11000000000058	12.3739999999998	0	0
16.0329999999994	4.72300000000087	12.3909999999996	0	0
17.0419999999976	6.28200000000015	12.6270000000004	0	0
17.4449999999997	6.77300000000014	12.4860000000008	0	0
15.7089999999989	4.58600000000024	12.228000000001	0	0
17.0069999999978	6.59299999999985	12.7859999999982	0	0
16.5849999999991	4.94300000000021	12.6260000000002	0	0
16.7299999999996	5.69999999999982	12.6550000000007	0	0
16.3770000000004	5.11500000000069	12.4670000000006	0	0
16.1470000000008	5.23399999999947	12.2489999999998	0	0
16.9850000000006	6.39000000000033	12.5640000000003	0	0
15.7810000000027	4.22699999999986	12.3279999999995	0	0
16.1000000000022	4.58700000000044	12.6389999999992	0	0
15.512999999999	4.48900000000049	12.3539999999994	0	0
16.9150000000009	5.55799999999999	12.5450000000001	0	0
15.5770000000011	4.3149999999996	12.2199999999993	0	0
15.9880000000012	4.90700000000015	12.4809999999998	0	0
15.9219999999987	4.74399999999969	12.3360000000011	0	0
16.8260000000009	5.26399999999921	12.6829999999991	0	0
15.8770000000004	4.68499999999949	12.3979999999992	0	0
16.6110000000008	5.89800000000014	12.5410000000011	0	0
15.8869999999988	4.39899999999943	12.5900000000001	0	0
15.9950000000026	5.24099999999999	12.616	0	0
16.0169999999998	4.88800000000083	12.5849999999991	0	0
16.2969999999987	4.29399999999987	12.5459999999985	0	0
15.7160000000003	4.67899999999918	12.3780000000006	0	0
17.9160000000011	6.68000000000029	12.6530000000002	0	0
15.8680000000022	4.54100000000017	12.4270000000015	0	0
16.8770000000004	5.73099999999977	12.6399999999994	0	0
18.2139999999999	8.8720000000003	12.5689999999995	0	0
16.3050000000003	5.35300000000007	12.5659999999989	0	0
15.3349999999991	4.46100000000024	12.2999999999993	0	0
16.0319999999992	5.14599999999973	12.5609999999997	0	0
16.7700000000004	5.27199999999993	12.5480000000007	0	0
16.1490000000013	5.14900000000034	12.985999999999	0	0
16.0140000000029	4.45200000000023	12.5069999999996	0	0
15.9600000000028	5.1309999999994	12.3889999999992	0	0
16.3719999999994	5.60800000000017	12.3230000000003	0	0
16.1290000000008	5.19599999999991	12.3909999999996	0	0
16.7540000000008	5.49699999999939	12.7289999999994	0	0
16.1680000000015	4.58800000000065	12.6669999999995	0	0
15.6940000000031	4.19700000000012	12.4779999999992	0	0
15.7039999999979	4.29699999999957	12.1970000000001	0	0
15.5689999999995	4.14400000000023	12.3099999999995	0	0
15.6929999999993	4.26699999999983	12.2989999999991	0	0
16.2969999999987	5.42399999999998	12.3850000000002	0	0
16.0419999999976	4.84299999999985	12.2710000000006	0	0
16.1739999999991	5.30500000000029	12.4520000000011	0	0
18.8530000000028	8.25500000000011	13.375	0	0
15.4439999999995	4.02999999999975	12.3019999999997	0	0
18.6959999999999	8.57400000000052	12.6839999999993	0	0
15.9680000000008	4.60699999999997	12.3449999999993	0	0
16.0550000000003	4.35899999999947	12.6689999999999	0	0
16.4590000000026	5.09600000000046	12.9190000000017	0	0
16.107	5.0630000000001	12.5149999999994	0	0
17.7229999999981	7.3090000000002	12.5120000000006	0	0
17.0149999999994	6.34500000000025	12.4530000000013	0	0
16.7770000000019	5.31900000000041	12.7390000000014	0	0
15.7089999999989	4.46200000000044	12.3459999999995	0	0
15.8420000000006	4.27300000000014	12.2950000000001	0	0
16.1700000000019	4.88199999999961	12.5510000000013	0	0
16.6219999999994	5.48099999999977	12.6490000000013	0	0
16.9089999999997	6.42299999999977	12.4439999999995	0	0
16.4900000000016	5.41399999999976	12.5409999999993	0	0
16.1189999999988	4.72599999999966	12.7399999999998	0	0
15.9220000000023	4.66299999999956	12.3469999999998	0	0
17.0089999999982	6.02900000000045	12.6620000000003	0	0
15.3469999999979	4.34299999999985	12.4750000000004	0	0
15.523000000001	4.54500000000007	12.2669999999998	0	0
15.4320000000007	4.51500000000033	12.2690000000002	0	0
15.6949999999997	4.77199999999993	12.3799999999992	0	0
15.8400000000001	4.58700000000044	12.2759999999998	0	0
16.2220000000016	5.07900000000063	12.8989999999994	0	0
15.869999999999	4.96200000000044	12.652	0	0
18.4470000000001	7.53099999999995	12.9320000000007	0	0
15.5349999999999	4.77800000000025	12.621000000001	0	0
16.6939999999995	5.63799999999992	12.7000000000007	0	0
15.724000000002	4.77900000000045	13.0730000000003	0	0
15.7010000000009	4.60700000000088	12.9980000000014	0	0
15.8640000000014	4.96399999999994	12.8600000000006	0	0
32.8050000000003	12.558	24.1800000000003	0	0
14.8719999999994	3.33500000000004	12.3389999999999	0	0
16.0619999999981	4.92399999999998	12.8709999999992	0	0
16.8909999999996	6.03800000000047	12.75	0	0
15.8970000000008	4.64199999999983	12.3360000000011	0	0
15.9540000000015	4.36499999999978	12.607	0	0
15.9119999999966	4.65599999999995	12.378999999999	0	0
15.8729999999996	4.95199999999932	12.5200000000004	0	0
16.3719999999994	5.17199999999957	12.6689999999999	0	0
16.2340000000004	5.01400000000012	12.505000000001	0	0
15.8729999999996	4.51900000000023	12.3729999999996	0	0
15.5370000000003	4.41700000000037	12.4339999999993	0	0
15.9779999999992	4.55599999999959	12.759	0	0
15.7210000000014	4.52700000000004	12.521999999999	0	0
17.4490000000005	6.59600000000046	12.7900000000009	0	0
16.6470000000008	5.08600000000024	12.5670000000009	0	0
17.2129999999997	6.53899999999976	12.4300000000003	0	0
16.1640000000007	4.72299999999996	12.6849999999995	0	0
15.512999999999	4.11400000000049	12.6029999999992	0	0
17.7700000000004	7.04199999999946	12.9170000000013	0	0
16.2390000000014	4.48899999999958	12.5349999999999	0	0
14.6090000000004	3.39099999999962	12.9099999999999	0	0
14.9679999999971	3.58600000000024	12.7299999999996	0	0
15.3899999999994	5.38200000000052	13.5779999999995	0	0
15.8270000000011	6.13400000000001	13.5259999999998	0	0
16.5010000000002	4.20799999999963	13.8510000000006	0	0
16.4890000000014	4.61500000000069	12.887999999999	0	0
16.5789999999979	4.24600000000009	12.884	0	0
18.7409999999982	7.98100000000068	13.482	0	0
17.130000000001	5.90499999999975	13.3249999999989	0	0
17.1260000000002	4.94599999999991	13.5769999999993	0	0
16.148000000001	7.41199999999935	13.3940000000002	0	0
17.0720000000001	8.96600000000035	13.4120000000003	0	0
15.3919999999998	6.52599999999984	13.2920000000013	0	0
16.1460000000006	5.07499999999982	13.0470000000005	0	0
16.6899999999987	5.86000000000058	13.0859999999993	0	0
16.2109999999993	5.12100000000009	13.1409999999996	0	0
15.7619999999988	4.76699999999983	12.3070000000007	0	0
16.6529999999984	5.8130000000001	13.1319999999996	0	0
15.648000000001	5.14800000000014	12.8719999999994	0	0
15.864999999998	7.16200000000026	13.0220000000008	0	0
16.005000000001	5.07300000000032	12.6020000000008	0	0
16.5730000000003	5.63100000000031	12.982	0	0
16.8960000000006	5.90800000000036	12.8080000000009	0	0
15.5999999999985	4.80400000000009	12.723	0	0
16.2139999999999	5.14800000000014	12.4989999999998	0	0
16.0460000000021	4.7450000000008	12.2259999999987	0	0
14.617000000002	3.46200000000044	12.4629999999997	0	0
15.4569999999985	4.31800000000021	11.9799999999996	0	0
15.893	4.83099999999922	12.3170000000027	0	0
15.8149999999987	4.19999999999982	12.1839999999975	0	0
15.7920000000013	4.7489999999998	12.4229999999989	0	0
15.9689999999973	4.78700000000026	13.1270000000004	0	0
15.5879999999997	4.13999999999942	12.6169999999984	0	0
15.9639999999999	4.65499999999975	12.5720000000001	0	0
16.4979999999996	5.64300000000003	12.5709999999999	0	0
16.0450000000019	4.3130000000001	12.2030000000013	0	0
16.882999999998	5.46399999999994	12.637999999999	0	0
15.0640000000021	3.77600000000075	12.3950000000004	0	0
16.112000000001	4.41499999999996	12.4459999999999	0	0
16.0490000000027	4.54100000000017	12.5479999999989	0	0
15.8709999999992	4.61800000000039	12.4279999999999	0	0
15.9670000000006	5.13799999999992	12.4130000000005	0	0
16.3410000000003	4.89800000000014	12.4390000000021	0	0
16.3770000000004	4.92699999999968	12.5270000000019	0	0
19.242000000002	8.5679999999993	13.3169999999991	0	0
16.1610000000001	5.36500000000069	12.5040000000008	0	0
16.1939999999995	5.24799999999959	12.3469999999979	0	0
16.8240000000005	5.55099999999948	12.5360000000001	0	0
16.4809999999998	5.4940000000006	12.5159999999996	0	0
15.1260000000002	4.46399999999994	11.8870000000024	0	0
16.9030000000021	6.26999999999953	12.6640000000007	0	0
16.6860000000015	6.08300000000054	12.617000000002	0	0
15.8629999999976	4.44599999999991	12.5220000000008	0	0
16.752999999997	5.25399999999991	12.9220000000023	0	0
16.7330000000002	5.85400000000027	12.4729999999981	0	0
16.0260000000017	4.20899999999983	12.5200000000004	0	0
16.6289999999972	5.48299999999927	13.0159999999996	0	0
15.2810000000027	4.23799999999937	12.0950000000012	0	0
16.9650000000001	5.95699999999943	12.987000000001	0	0
16.8580000000002	5.40999999999985	12.6970000000001	0	0
16.0020000000004	4.93099999999959	12.5850000000028	0	0
15.744999999999	4.43599999999969	12.3680000000022	0	0
16.4859999999971	5.07200000000012	12.614999999998	0	0
15.3650000000016	4.39599999999973	12.125	0	0
18.1749999999993	8.03799999999956	12.8609999999971	0	0
16.0109999999986	4.32499999999982	12.7560000000012	0	0
15.9500000000007	4.42000000000007	12.3430000000008	0	0
17.0700000000033	5.46000000000004	12.530999999999	0	0
15.8349999999991	4.54899999999998	12.1630000000005	0	0
16.0030000000006	4.72199999999975	12.4670000000006	0	0
16.0200000000004	4.76900000000023	12.5380000000005	0	0
16.2390000000014	4.74300000000039	12.5429999999978	0	0
16.1709999999985	5.26300000000083	12.398000000001	0	0
16.1340000000018	4.72499999999945	12.9119999999966	0	0
15.7979999999989	4.38700000000063	12.6189999999988	0	0
15.4679999999971	4.50399999999991	12.3880000000026	0	0
16.2289999999994	4.97599999999966	12.6790000000001	0	0
16.619999999999	6.46300000000065	12.5069999999978	0	0
17.1359999999986	6.75	12.4860000000008	0	0
16.3719999999994	5.53000000000065	12.2610000000022	0	0
16.6510000000017	5.43099999999959	12.7750000000015	0	0
15.487000000001	4.67499999999927	12.1980000000003	0	0
17.2330000000002	6.28899999999976	12.7170000000006	0	0
16.0109999999986	4.72299999999996	12.5440000000017	0	0
17.4320000000007	6.55699999999979	12.5139999999992	0	0
15.8600000000006	4.36099999999988	12.5810000000019	0	0
16.1419999999998	5.02100000000064	12.3379999999997	0	0
15.6899999999987	4.37299999999959	12.4390000000021	0	0
15.7259999999987	4.4409999999998	12.2880000000005	0	0
16.6180000000022	5.88399999999911	12.5080000000016	0	0
15.905999999999	4.70600000000013	12.4050000000025	0	0
16.2210000000014	5.36599999999999	12.6440000000002	0	0
16.6499999999978	6.01199999999972	12.7049999999981	0	0
15.992000000002	4.66100000000006	12.4310000000005	0	0
16.732	6.22699999999986	12.6949999999997	0	0
15.4510000000009	4.5010000000002	12.4529999999977	0	0
16.3139999999985	4.86999999999989	12.9410000000025	0	0
17.7799999999988	7.59400000000005	12.6740000000027	0	0
16.4559999999983	5.01399999999921	12.8279999999977	0	0
15.6490000000013	4.29799999999977	12.4989999999998	0	0
15.0849999999991	3.67200000000048	12.6219999999994	0	0
16.1899999999987	4.53099999999995	12.8859999999986	0	0
16.2929999999978	5.91100000000006	12.8640000000014	0	0
17.2299999999996	6.59100000000035	12.6769999999997	0	0
15.4399999999987	4.34400000000005	12.5450000000019	0	0
15.7570000000014	4.57600000000002	12.5609999999979	0	0
16.5400000000009	4.65499999999975	12.9399999999987	0	0
15.4140000000007	4.91100000000006	12.6039999999994	0	0
15.3150000000023	3.92700000000059	12.5329999999994	0	0
15.6900000000023	4.14699999999993	12.3299999999981	0	0
15.7010000000009	4.66399999999976	12.2969999999987	0	0
15.9580000000024	4.62199999999939	12.476999999999	0	0
15.5569999999971	4.20899999999892	12.5959999999977	0	0
16.0440000000017	4.3070000000007	12.9400000000023	0	0
15.4879999999976	4.15899999999965	12.8339999999989	0	0
15.4830000000002	4.14300000000003	12.5089999999982	0	0
15.9499999999971	5.15499999999884	12.5169999999998	0	0
15.4919999999984	4.29800000000068	12.3349999999991	0	0
16.2360000000008	5.56999999999971	12.5979999999981	0	0
16.1589999999997	5.58500000000095	12.4419999999991	0	0
16.1150000000016	4.43099999999868	12.4739999999983	0	0
16.0699999999997	4.51199999999881	12.2979999999989	0	0
16.1229999999996	5.55299999999988	12.4729999999981	0	0
16.6899999999987	5.58100000000013	12.9200000000019	0	0
15.8270000000011	5.34200000000055	12.3149999999987	0	0
17.2539999999972	6.89899999999943	12.9509999999973	0	0
17.0169999999998	6.05199999999968	12.4959999999992	0	0
17.3659999999982	6.6820000000007	12.9540000000015	0	0
16.2139999999999	5.39599999999882	12.5989999999983	0	0
15.7369999999974	4.43299999999908	12.3310000000019	0	0
16.5550000000003	5.38899999999921	12.7239999999983	0	0
16.9789999999994	6.53400000000147	12.6640000000007	0	0
15.4809999999998	4.32200000000012	12.5740000000005	0	0
16.219000000001	4.9940000000006	12.4400000000023	0	0
16.1169999999984	5.13299999999981	12.5580000000009	0	0
15.7239999999983	4.57699999999932	12.4439999999995	0	0
16.1720000000023	4.40600000000086	12.3239999999969	0	0
16.895999999997	6.02499999999964	12.4540000000015	0	0
15.5279999999984	4.32999999999993	12.3860000000022	0	0
16.2299999999996	4.89300000000003	12.5270000000019	0	0
16.4509999999973	5.16899999999987	12.5310000000027	0	0
15.7380000000012	4.31000000000131	12.4089999999997	0	0
16.0580000000009	4.30299999999988	12.3320000000022	0	0
15.9389999999985	4.67900000000009	12.6039999999994	0	0
17.6419999999998	6.93599999999969	12.6929999999993	0	0
15.8179999999993	4.69500000000153	12.3520000000026	0	0
15.9540000000015	4.93100000000049	12.4120000000003	0	0
16.0900000000001	4.45900000000074	12.7639999999992	0	0
16.9349999999977	5.76599999999962	12.7769999999982	0	0
18.7949999999983	8.64799999999923	12.6819999999971	0	0
16.2989999999991	5.09400000000096	12.1729999999989	0	0
16.3250000000007	4.49200000000019	12.2239999999983	0	0
16.137999999999	4.72699999999895	12.5920000000006	0	0
15.8159999999989	4.0109999999986	12.4529999999977	0	0
16.1209999999992	5.19800000000032	12.3839999999982	0	0
15.5959999999977	4.16799999999967	12.6650000000009	0	0
15.4789999999994	4.14300000000003	12.6239999999998	0	0
15.9589999999989	4.84000000000015	12.4219999999987	0	0
17.4229999999989	6.80000000000109	12.9429999999993	0	0
16.1239999999998	4.39099999999962	12.5159999999996	0	0
17.3679999999986	6.15099999999984	12.8970000000008	0	0
16.0669999999991	4.64300000000003	12.5610000000015	0	0
15.9379999999983	4.50200000000041	12.7990000000027	0	0
16.1470000000008	5.92200000000048	12.6280000000006	0	0
16.1860000000015	5.82099999999991	12.7039999999979	0	0
16.0589999999975	6.26999999999862	12.5999999999985	0	0
15.1290000000008	3.94700000000012	12.5139999999992	0	0
18.8679999999986	8.19700000000012	13.0659999999989	0	0
15.9079999999994	4.89699999999903	12.5370000000003	0	0
17.6599999999999	7.15200000000004	12.732	0	0
16.1129999999976	5.52700000000004	12.3940000000002	0	0
16.7720000000008	5.93100000000049	12.6539999999986	0	0
16.268	6.32200000000012	12.5980000000018	0	0
16.8279999999977	5.68399999999929	12.6930000000029	0	0
16.1859999999979	5.16400000000067	12.8019999999997	0	0
17.9159999999974	8.35100000000057	12.8459999999977	0	0
16.3549999999996	4.38699999999881	12.505000000001	0	0
15.405999999999	4.4270000000015	12.5620000000017	0	0
16.3099999999977	4.47400000000016	12.8119999999981	0	0
15.6100000000006	4.71799999999894	12.6850000000013	0	0
16.1030000000028	4.75300000000061	12.5879999999997	0	0
16.2489999999998	4.64100000000144	12.4909999999982	0	0
15.7359999999971	4.5580000000009	12.8060000000005	0	0
16.0249999999978	4.52400000000125	12.4590000000026	0	0
15.494999999999	4.54099999999926	12.4660000000003	0	0
16.3260000000009	4.67100000000028	12.617000000002	0	0
16.0279999999984	7.42400000000089	13.0139999999992	0	0
15.010000000002	4.07799999999952	12.8549999999996	0	0
17.0319999999992	6.92900000000009	12.9700000000012	0	0
15.9190000000017	4.90499999999884	12.5429999999978	0	0
15.6980000000003	4.35400000000118	12.4079999999994	0	0
16.5059999999976	6.28200000000106	12.5119999999988	0	0
16.4179999999978	6.76800000000003	12.4509999999973	0	0
18.0610000000015	8.1200000000008	12.6550000000025	0	0
15.757999999998	4.86599999999999	12.8710000000028	0	0
15.8460000000014	4.628999999999	13.0099999999984	0	0
15.7000000000007	4.68099999999868	12.5370000000003	0	0
16.4449999999997	5.08899999999994	12.502999999997	0	0
15.6649999999972	4.60200000000077	12.3349999999991	0	0
16.4840000000004	5.53499999999985	12.4259999999995	0	0
15.8150000000023	4.82599999999911	12.5469999999987	0	0
16.4210000000021	5.01900000000023	12.8410000000003	0	0
17.7400000000016	7.43900000000031	13.002999999997	0	0
15.8550000000032	4.96299999999974	12.882999999998	0	0
16.489999999998	4.84799999999996	12.494999999999	0	0
15.5410000000011	4.10299999999916	12.5879999999997	0	0
16.4189999999981	5.44499999999971	13.0709999999999	0	0
16.2390000000014	5.17200000000048	12.6859999999979	0	0
16.4609999999993	5.64899999999943	12.4409999999989	0	0
17.4000000000015	7.15200000000004	12.4099999999999	0	0
16.3090000000011	4.81800000000112	12.5400000000009	0	0
15.7479999999996	4.51300000000083	12.3090000000011	0	0
16.2489999999998	4.6880000000001	12.2330000000002	0	0
15.8909999999996	4.79200000000128	12.3500000000022	0	0
15.4219999999987	4.24099999999999	12.1260000000002	0	0
16.3889999999992	5.27000000000044	12.4290000000001	0	0
15.4400000000023	4.3119999999999	12.1760000000031	0	0
15.6840000000011	4.36700000000019	12.0380000000005	0	0
15.5090000000018	4.81400000000031	12.1330000000016	0	0
15.994999999999	5.14799999999923	12.3700000000026	0	0
15.7400000000016	4.34599999999955	12.1860000000015	0	0
17.1760000000031	7.47899999999936	12.3939999999966	0	0
15.739999999998	3.75699999999961	12.6460000000006	0	0
31.711000000003	10.1889999999985	25.0219999999972	0	0
16.6929999999993	5.78800000000047	12.643	0	0
16.4360000000015	5.88500000000022	12.5529999999999	0	0
16.3159999999989	5.03000000000065	12.6270000000004	0	0
15.5200000000004	4.55400000000009	12.1879999999983	0	0
16.0320000000029	4.82599999999911	12.2979999999989	0	0
16.1230000000032	5.11100000000079	12.7999999999993	0	0
16.7490000000034	5.09599999999955	12.7870000000003	0	0
16.1749999999993	4.46799999999894	12.487000000001	0	0
16.8960000000006	5.8799999999992	12.9140000000007	0	0
16.6470000000008	6.09099999999853	12.8950000000004	0	0
16.0580000000009	4.79600000000028	12.3269999999975	0	0
15.9419999999991	4.5010000000002	12.2330000000002	0	0
16.0169999999998	4.48500000000058	12.6080000000002	0	0
17.0820000000022	7.14699999999903	12.625	0	0
17.5159999999996	7.22499999999854	13.5410000000011	0	0
16.1330000000016	4.51599999999962	12.7109999999993	0	0
16.6739999999991	4.87099999999919	13.2369999999974	0	0
16.5130000000026	7.51700000000164	13.5110000000022	0	0
15.9409999999989	5.14600000000064	13.3199999999997	0	0
16.5540000000001	9.26299999999901	13.7970000000023	0	0
15.1720000000023	5.02199999999903	13.224000000002	0	0
15.9320000000007	4.81800000000112	13.135000000002	0	0
16.7849999999999	7.12900000000081	12.5950000000012	0	0
15.9840000000004	4.64799999999923	12.520999999997	0	0
16.2289999999994	4.38400000000001	12.5390000000007	0	0
15.4539999999979	4.95499999999993	12.6440000000002	0	0
17.1620000000003	6.3030000000017	13.0410000000011	0	0
15.7789999999986	4.54699999999866	12.5139999999992	0	0
17.2540000000008	6.20800000000054	12.7200000000012	0	0
13.643	3.64400000000023	12.2749999999978	0	0
16.487000000001	5.45700000000033	12.768	0	0
15.6660000000011	5.64800000000105	12.844000000001	0	0
14.6970000000001	3.72800000000097	12.1790000000001	0	0
16.2119999999995	5.79500000000007	12.8349999999991	0	0
15.982	4.60499999999956	12.4789999999994	0	0
16.4619999999995	6.4989999999998	12.255000000001	0	0
16.0390000000007	4.69200000000092	12.5409999999974	0	0
17.1879999999983	6.77000000000044	12.2939999999981	0	0
15.4860000000008	4.46199999999953	12.5430000000015	0	0
17.780999999999	7.48500000000058	13.010000000002	0	0
16.023000000001	5.78500000000167	12.3559999999998	0	0
17.0560000000005	6.90299999999843	12.6779999999999	0	0
18.1640000000007	8.56099999999969	12.3510000000024	0	0
16.4039999999986	7.07400000000052	12.9019999999982	0	0
16.6830000000009	6.0630000000001	12.7649999999994	0	0
15.4660000000003	4.69400000000132	12.4439999999995	0	0
15.2929999999978	6.0619999999999	13.0570000000007	0	0
18.6759999999995	8.87299999999959	12.7819999999992	0	0
15.344000000001	4.64599999999882	12.0529999999999	0	0
16.9340000000011	6.00900000000001	13.0070000000014	0	0
16.6020000000026	6.64799999999923	12.3549999999996	0	0
15.5430000000015	4.46600000000035	12.0720000000001	0	0
15.6850000000013	4.80600000000049	12.0740000000005	0	0
15.2280000000028	4.69800000000032	12.2440000000024	0	0
16.2900000000009	4.8179999999993	12.3470000000016	0	0
15.9539999999979	5.13000000000102	12.0289999999986	0	0
16.1080000000002	4.72800000000097	12.7459999999992	0	0
15.760000000002	4.26599999999962	12.380000000001	0	0
16.1779999999999	5.96199999999953	12.2119999999995	0	0
15.9279999999999	4.93900000000031	12.3770000000004	0	0
15.8080000000009	5.20000000000073	12.3669999999984	0	0
15.3549999999996	4.27599999999984	11.8400000000001	0	0
15.6470000000008	4.24599999999919	12.3600000000006	0	0
15.5	4.56899999999951	12.0669999999991	0	0
15.3299999999981	4.9940000000006	11.893	0	0
15.7129999999997	4.48699999999917	12.2180000000008	0	0
15.4850000000006	4.44599999999991	12.0879999999997	0	0
15.8469999999979	4.64100000000144	12.3639999999978	0	0
15.9980000000032	4.39999999999964	12.0269999999982	0	0
15.8770000000004	4.08699999999953	12.5240000000013	0	0
16.3119999999981	5.72600000000057	12.8679999999986	0	0
15.4840000000004	4.51699999999983	12.1950000000033	0	0
16.3029999999999	5.79900000000089	12.3410000000003	0	0
15.4599999999991	4.76899999999841	12.3840000000018	0	0
16.2760000000017	4.98600000000079	12.2929999999978	0	0
16.6209999999992	5.41899999999987	12.6690000000017	0	0
15.7999999999993	4.57900000000154	12.0469999999987	0	0
16.2479999999996	4.81299999999828	12.1980000000003	0	0
15.6800000000003	4.60499999999956	12.3369999999995	0	0
15.2839999999997	4.40599999999904	12.1309999999976	0	0
16.9950000000026	6.2489999999998	12.875	0	0
16.1499999999978	4.86200000000099	12.8890000000029	0	0
15.2510000000002	6.96099999999933	12.4220000000023	0	0
15.2790000000023	5.76499999999942	13.2119999999995	0	0
15.650999999998	4.58799999999974	12.5020000000004	0	0
15.4320000000007	4.37900000000081	12.0519999999997	0	0
17.2119999999995	7.59399999999914	12.762999999999	0	0
14.8810000000012	4.03300000000127	11.7619999999988	0	0
15.8420000000006	5.16899999999987	12.1360000000022	0	0
16.3459999999977	5.22700000000077	12.6710000000021	0	0
15.4639999999999	4.2489999999998	12.3710000000028	0	0
15.6719999999987	4.21800000000076	12.0210000000006	0	0
16.0020000000004	4.32699999999932	12.3319999999985	0	0
15.9140000000007	4.3640000000014	12.7939999999981	0	0
16.3780000000006	5.45299999999952	12.5599999999977	0	0
18.0139999999992	8.61800000000039	12.0440000000017	0	0
15.6039999999994	4.63900000000103	12.2799999999988	0	0
15.5099999999984	4.53200000000106	12.4079999999994	0	0
16.757999999998	8.16699999999946	12.1939999999995	0	0
17.0649999999987	7.54700000000048	12.4850000000006	0	0
19.4170000000013	10.4970000000012	13.0590000000011	0	0
17.0679999999993	8.07999999999993	13.1490000000013	0	0
13.724000000002	3.43900000000031	12.020999999997	0	0
15.1490000000013	3.93499999999949	13.1029999999992	0	0
14.9699999999975	3.49799999999959	12.4089999999997	0	0
15.219000000001	3.78800000000047	12.2970000000023	0	0
14.7860000000001	4.26199999999881	11.9050000000025	0	0
16.0570000000007	5.58499999999913	11.6699999999983	0	0
17.1409999999996	6.03400000000147	12.3179999999993	0	0
15.5600000000013	5.01199999999881	11.7999999999993	0	0
16.6519999999982	5.54900000000089	12.0379999999968	0	0
14.9019999999982	4.38199999999961	11.5579999999973	0	0
14.5679999999993	5.68599999999969	11.739999999998	0	0
16.0739999999969	5.88500000000022	12.0609999999979	0	0
14.6710000000021	3.68000000000029	12.2000000000007	0	0
