8.519	1.813	10.27	0	0
6.667	1.379	6.616	0	0
7.63200000000001	2.247	8.213	0	0
7.022	3.025	6.757	0	0
7.67700000000001	2.226	7.92100000000001	0	0
6.953	2.395	6.658	0	0
12.381	3.51	12.472	0	0
7.60000000000001	3.195	7.35300000000001	0	0
12.122	4.21700000000001	11.637	0	0
7.636	3.672	7.31100000000001	0	0
6.161	1.023	6.58599999999998	0	0
7.23599999999999	2.419	7.63399999999999	0	0
6.89099999999999	2.823	7.03	0	0
6.36799999999999	1.661	6.87200000000001	0	0
7.49699999999999	2.721	8.08500000000001	0	0
6.33199999999999	1.501	7.17699999999999	0	0
7.18000000000001	2.828	7.37899999999999	0	0
6.684	1.114	7.32599999999999	0	0
6.87700000000001	2.83500000000001	7.96800000000002	0	0
6.66500000000002	2.024	6.375	0	0
6.44400000000002	1.64	6.529	0	0
6.26900000000001	1.405	6.553	0	0
7.06999999999999	1.69699999999999	7.36099999999999	0	0
11.152	2.70700000000001	11.254	0	0
7.14100000000002	1.842	7.589	0	0
7.37299999999999	3.339	6.81299999999999	0	0
6.25	1.22	6.48399999999998	0	0
6.892	1.08499999999998	6.67000000000002	0	0
7.13200000000001	2.96600000000001	7.28900000000004	0	0
6.959	1.916	7.64299999999997	0	0
6.90800000000002	2.73899999999998	7.16199999999998	0	0
6.35499999999996	1.37699999999998	6.64399999999995	0	0
7.65100000000001	3.94900000000001	7.94999999999999	0	0
7.351	3.75	7.35199999999998	0	0
6.87099999999998	0.960000000000008	6.85700000000003	0	0
7.12700000000001	3.232	6.90600000000001	0	0
12.887	4.89400000000001	13.569	0	0
6.79399999999998	2.584	7.29099999999994	0	0
6.78199999999993	2.523	6.62599999999998	0	0
6.34100000000001	1.99600000000001	6.65700000000004	0	0
6.76100000000008	2.506	7.03700000000003	0	0
7.31299999999999	1.261	10.525	0	0
6.42700000000002	2.066	6.64100000000008	0	0
7.04499999999996	2.78200000000001	7.47899999999993	0	0
7.24699999999996	2.214	7.33299999999997	0	0
6.59799999999996	1.63200000000001	6.69799999999998	0	0
7.21100000000001	2.59399999999999	7.10500000000002	0	0
6.39299999999992	1.863	6.59000000000003	0	0
6.30100000000004	1.44799999999998	6.48599999999999	0	0
6.89200000000005	1.245	7.154	0	0
6.75999999999999	1.904	6.84100000000001	0	0
7.32300000000009	2.68099999999998	7.67899999999997	0	0
6.19600000000003	1.21199999999999	6.33699999999999	0	0
6.55900000000008	1.49099999999999	6.94999999999993	0	0
7.70299999999997	3.11499999999998	7.67000000000007	0	0
12.049	4.36399999999998	13.2620000000001	0	0
6.89700000000005	1.30699999999996	7.75900000000001	0	0
6.82500000000005	2.44599999999997	6.67900000000009	0	0
6.70900000000006	1.37200000000001	7.42700000000002	0	0
6.95500000000004	2.68299999999999	7.18700000000001	0	0
5.98800000000006	0.856999999999971	6.44500000000005	0	0
6.48799999999994	2.13999999999999	7.37	0	0
6.846	2.51300000000003	7.12199999999996	0	0
6.84100000000001	1.65100000000001	7.35199999999998	0	0
6.45299999999997	1.61900000000003	6.77100000000007	0	0
7.04300000000001	2.87899999999996	7.87700000000007	0	0
7.03099999999995	2.56299999999999	6.5	0	0
6.875	2.077	6.63	0	0
7.56500000000005	2.27999999999997	7.49900000000002	0	0
6.73899999999992	2.22199999999998	6.88599999999997	0	0
7.22699999999998	3.90499999999997	7.44800000000009	0	0
6.73000000000002	2.34300000000002	6.779	0	0
6.24799999999993	1.05000000000001	7.23199999999997	0	0
7.22399999999993	2.34999999999997	7.39400000000001	0	0
6.37	1.10899999999998	6.44900000000007	0	0
6.48300000000006	1.30699999999996	7.11599999999999	0	0
7.07500000000005	2.70400000000001	7.33400000000006	0	0
6.36799999999994	1.31	6.61800000000017	0	0
6.721	1.42500000000001	7.21800000000007	0	0
7.05399999999986	2.53700000000003	6.9849999999999	0	0
6.77999999999997	1.14400000000001	7.44100000000003	0	0
7.32600000000002	3.48500000000001	7.13300000000004	0	0
7.02400000000011	2.01299999999998	7.46000000000004	0	0
6.65100000000007	1.99700000000001	6.68200000000002	0	0
6.99099999999999	2.62	6.75999999999999	0	0
8.74700000000007	4.02599999999995	10.1789999999999	0	0
6.76999999999998	2.476	7.00500000000011	0	0
6.91300000000001	1.16900000000004	7.93299999999999	0	0
6.6880000000001	2.113	7.18299999999999	0	0
11.6780000000001	3.03300000000002	11.4769999999999	0	0
11.3150000000001	2.91899999999998	11.3420000000001	0	0
6.44299999999998	0.980000000000018	6.39899999999989	0	0
6.71100000000001	2.54299999999995	6.58500000000004	0	0
6.23000000000002	1.64300000000003	6.51999999999998	0	0
6.64899999999989	0.942999999999984	6.76099999999997	0	0
6.25500000000011	1.64100000000002	6.25800000000004	0	0
7.90299999999979	3.19999999999999	7.94600000000014	0	0
6.74599999999987	2.23400000000004	7.31600000000003	0	0
6.69200000000001	1.88499999999999	6.7940000000001	0	0
6.98000000000002	3.27699999999999	6.96199999999999	0	0
7.31100000000015	3.46800000000002	7.71600000000012	0	0
7.202	1.83600000000001	7.37899999999991	0	0
6.13200000000006	1.24200000000002	7.16600000000017	0	0
6.99000000000001	2.33100000000002	6.69800000000009	0	0
6.44299999999998	1.61099999999999	6.44800000000009	0	0
6.79199999999992	2.13299999999998	6.65599999999995	0	0
7.27600000000007	1.97899999999998	7.13000000000011	0	0
7.86699999999996	4.14499999999998	7.33799999999997	0	0
7.80899999999997	2.80099999999999	7.90699999999993	0	0
7.21699999999987	2.96299999999997	7.73299999999995	0	0
6.67699999999991	2.10399999999998	6.87900000000013	0	0
6.99400000000014	1.62200000000001	7.08699999999999	0	0
6.70699999999988	2.14400000000001	6.50600000000009	0	0
7.26599999999985	2.20600000000002	7.28300000000013	0	0
6.32499999999982	1.10699999999997	6.69599999999991	0	0
6.12700000000018	1.03499999999997	6.38100000000009	0	0
6.5139999999999	1.89400000000001	6.20299999999997	0	0
6.36599999999999	1.05899999999997	6.48700000000008	0	0
7.29000000000019	2.17499999999995	7.71900000000005	0	0
6.29200000000014	1.03000000000009	6.27500000000009	0	0
7.46100000000001	2.45799999999997	7.43900000000008	0	0
6.31100000000015	0.977999999999952	6.1690000000001	0	0
6.875	2.43999999999994	7.11500000000001	0	0
6.904	2.80799999999999	7.23000000000002	0	0
6.25299999999993	1.09300000000007	6.25200000000018	0	0
6.78400000000011	1.38499999999999	6.89499999999998	0	0
5.9670000000001	1.15500000000009	6.87699999999995	0	0
6.47600000000011	1.05500000000006	6.87100000000009	0	0
7.43000000000006	4.00999999999999	8.82999999999993	0	0
6.85399999999981	2.47000000000003	7.34800000000018	0	0
7.45900000000006	2.1339999999999	7.423	0	0
11.941	4.42399999999998	12.2489999999998	0	0
7.14600000000019	2.41099999999994	7.01000000000022	0	0
6.25900000000001	0.977999999999952	7.02999999999997	0	0
6.85399999999981	2.14599999999996	7.75299999999993	0	0
6.81999999999994	2.68100000000004	6.7829999999999	0	0
7.51700000000005	2.62900000000002	7.37800000000016	0	0
6.01200000000017	0.872999999999934	6.44999999999982	0	0
7.10500000000002	2.48900000000003	6.81500000000005	0	0
6.9409999999998	2.59299999999996	6.71299999999997	0	0
7.28199999999993	2.72499999999991	6.92700000000013	0	0
7.19900000000007	2.27300000000002	7.39199999999983	0	0
6.94100000000003	2.46799999999996	6.78499999999985	0	0
7.75499999999988	2.7299999999999	7.50799999999981	0	0
8.06799999999998	4.399	7.34799999999996	0	0
16.1309999999999	5.55400000000009	15.1409999999998	0	0
7.18900000000008	3.61900000000003	7.44600000000014	0	0
13.028	6.13	13.4050000000002	0	0
6.22399999999993	1.37300000000005	6.42600000000016	0	0
7.31799999999998	3.24599999999998	6.82799999999997	0	0
6.33200000000011	1.71299999999997	6.53099999999995	0	0
6.87899999999991	2.69399999999996	7.19299999999998	0	0
6.07399999999984	0.838999999999942	7.11000000000013	0	0
6.49099999999999	1.81700000000001	6.08399999999983	0	0
12.6329999999998	4.53800000000001	12.6170000000002	0	0
6.20800000000008	1.08300000000008	6.45699999999988	0	0
7.32299999999987	2.11700000000008	7.3119999999999	0	0
6.34999999999991	1.38499999999999	6.19399999999996	0	0
12.8409999999999	4.82600000000002	12.846	0	0
6.83899999999994	2.18799999999999	6.58199999999988	0	0
7.25600000000031	2.28200000000004	7.46900000000005	0	0
6.57799999999997	1.62300000000005	6.61200000000008	0	0
6.38400000000001	1.46299999999997	6.66900000000032	0	0
6.51199999999972	1.76100000000008	6.45499999999993	0	0
6.4050000000002	1.10199999999998	6.78800000000001	0	0
7.63599999999997	2.65499999999997	7.47400000000016	0	0
11.2540000000004	2.31500000000005	11.712	0	0
6.72000000000025	2.09300000000007	7.92300000000023	0	0
6.875	2.10000000000002	9.03600000000006	0	0
6.63400000000001	1.92499999999995	8.20299999999997	0	0
6.87700000000041	1.80899999999997	7.45600000000013	0	0
7.67099999999982	2.87	8.0329999999999	0	0
6.72400000000016	1.94999999999993	6.83799999999974	0	0
11.6999999999998	2.45399999999995	12.0250000000001	0	0
6.80400000000009	2.07900000000006	6.62400000000025	0	0
7.33899999999994	2.14199999999994	7.89499999999998	0	0
6.67399999999998	2.89200000000005	7.71000000000004	0	0
7.08300000000008	1.73299999999995	7.10300000000007	0	0
6.28700000000026	1.19599999999991	6.54199999999992	0	0
6.30899999999974	1.12	6.75600000000031	0	0
7.63499999999976	2.84400000000005	7.58300000000008	0	0
6.94000000000005	2.48500000000001	7.44399999999996	0	0
6.60200000000032	0.548999999999978	6.92000000000007	0	0
6.2510000000002	1.01499999999999	6.26800000000003	0	0
6.67399999999998	1.03899999999999	7.07600000000002	0	0
5.95499999999993	1.03199999999993	6.22299999999996	0	0
6.71199999999999	1.83300000000008	6.74299999999994	0	0
5.98900000000003	0.934000000000083	6.23800000000028	0	0
7.10399999999981	3.54700000000003	7.44300000000021	0	0
6.67700000000013	1.11699999999996	6.89300000000003	0	0
6.84799999999996	2.24800000000005	6.43000000000029	0	0
7.13400000000001	2.01499999999999	7.32999999999993	0	0
7.07600000000002	2.52699999999993	7.22899999999981	0	0
7.39699999999993	2.30099999999993	6.95800000000008	0	0
7.3739999999998	3.11699999999996	7.07099999999991	0	0
7.56800000000021	3.46900000000005	7.17999999999984	0	0
6.68700000000035	2.178	6.49699999999984	0	0
6.99900000000025	2.32799999999997	6.53800000000001	0	0
6.73399999999992	2.35500000000002	7.18199999999979	0	0
6.53899999999976	1.40899999999999	6.43100000000004	0	0
6.53399999999965	1.36900000000003	7.37099999999964	0	0
6.80099999999993	2.57900000000006	6.91699999999992	0	0
7.07499999999982	1.69200000000001	6.98900000000003	0	0
6.89899999999989	2.14599999999996	6.8159999999998	0	0
6.96199999999999	1.50300000000004	7.1239999999998	0	0
6.41800000000012	1.13	6.3760000000002	0	0
6.98599999999988	1.75599999999997	6.72800000000007	0	0
6.52099999999973	1.94999999999993	6.41600000000017	0	0
6.59900000000016	1.97800000000007	6.86799999999994	0	0
5.91699999999992	0.632999999999925	6.76299999999992	0	0
6.23299999999972	1.39700000000005	6.95199999999977	0	0
6.67700000000013	1.44899999999996	9.58799999999974	0	0
6.18299999999999	1.52499999999998	6.94300000000021	0	0
6.54999999999973	0.870999999999981	6.9699999999998	0	0
6.12599999999975	1.24299999999994	6.45100000000002	0	0
6.93900000000031	1.21100000000001	7.4369999999999	0	0
11.433	2.96100000000001	12.2379999999998	0	0
6.52400000000034	1.19900000000007	6.80600000000004	0	0
6.846	2.68100000000004	6.75700000000006	0	0
7.3159999999998	2.15599999999995	7.17799999999988	0	0
6.32699999999977	1.38999999999999	6.0619999999999	0	0
7.20500000000038	2.82299999999998	6.904	0	0
6.41400000000021	1.60799999999995	6.31799999999976	0	0
6.51600000000008	1.51499999999999	6.53900000000021	0	0
6.65099999999984	2.21699999999998	6.71299999999974	0	0
6.97699999999986	2.19799999999998	7.43399999999974	0	0
7.01000000000022	1.36599999999999	6.88000000000011	0	0
11.4139999999998	3.85500000000002	11.7750000000001	0	0
7.43499999999995	2.75800000000004	8.75399999999991	0	0
7.01400000000012	2.69500000000005	7.23599999999988	0	0
12.297	3.423	12.049	0	0
7.33199999999988	3.04100000000005	7.13899999999967	0	0
6.9369999999999	1.22000000000003	6.85500000000002	0	0
6.16100000000006	0.813999999999965	6.3119999999999	0	0
7.10800000000017	2.24400000000003	8.31400000000031	0	0
6.54599999999982	1.62600000000009	6.51299999999992	0	0
8.90299999999979	5.19300000000021	8.36699999999973	0	0
6.5590000000002	1.88499999999999	6.87000000000035	0	0
7.75199999999995	2.85500000000002	7.68399999999974	0	0
11.1040000000003	2.03500000000008	11.875	0	0
6.95299999999997	1.33799999999997	7.3760000000002	0	0
6.58800000000019	1.71199999999999	6.56099999999969	0	0
7.54599999999982	2.34999999999991	7.57799999999997	0	0
7.07600000000002	2.90300000000002	6.87100000000009	0	0
6.93399999999974	1.49000000000001	7.33199999999988	0	0
6.85200000000032	2.88800000000015	7.54700000000003	0	0
6.23500000000013	1.19399999999996	6.77399999999989	0	0
6.67799999999988	2.49000000000001	7.46199999999999	0	0
12.9079999999999	5.67800000000011	13.4790000000003	0	0
7.05799999999999	2.64300000000003	6.82099999999991	0	0
6.75700000000006	1.98800000000006	6.55999999999995	0	0
6.76099999999997	2.62100000000009	6.95199999999977	0	0
11.0700000000002	8.33699999999999	11.4080000000004	0	0
6.99200000000019	2.70100000000002	6.57600000000002	0	0
6.77599999999984	2.47299999999996	6.49699999999984	0	0
6.45100000000002	2.08300000000008	6.49599999999964	0	0
6.14200000000028	1.32999999999993	7.07499999999982	0	0
7.43099999999959	2.20299999999997	7.74400000000014	0	0
13.1300000000001	6.38499999999999	13.3219999999997	0	0
6.26499999999987	1.37999999999988	6.60699999999997	0	0
6.31500000000005	1.10699999999997	6.86200000000008	0	0
7.09899999999971	1.7639999999999	7.01899999999978	0	0
6.51299999999992	1.7059999999999	6.8090000000002	0	0
7.19800000000032	1.85300000000007	7.03099999999995	0	0
7.26800000000003	3.37699999999995	7.24200000000019	0	0
7.06099999999969	1.73000000000002	7.34699999999975	0	0
6.48199999999997	1.91500000000019	6.95100000000002	0	0
7.55200000000013	2.4079999999999	7.53200000000015	0	0
6.92099999999982	2.18399999999997	6.83999999999969	0	0
7.55099999999993	2.44399999999996	7.64699999999993	0	0
6.74499999999989	1.64200000000005	6.37400000000025	0	0
7.1239999999998	1.53300000000013	8.27300000000014	0	0
6.78800000000001	1.70299999999997	6.55000000000018	0	0
7.92499999999973	2.86599999999999	7.61599999999999	0	0
6.70100000000002	1.47299999999996	6.69900000000007	0	0
8.07999999999993	4.64699999999993	7.53200000000015	0	0
6.55699999999979	2.20100000000002	6.95200000000023	0	0
6.84000000000015	2.72299999999996	6.49099999999999	0	0
6.98100000000022	2.89599999999996	6.74499999999989	0	0
6.79999999999973	2.16999999999985	6.82000000000016	0	0
7.32599999999957	2.07799999999997	7.58400000000029	0	0
6.45200000000023	1.55200000000013	6.81099999999969	0	0
6.75399999999991	1.33600000000001	7.01800000000003	0	0
6.67699999999968	1.846	7.07999999999993	0	0
7.41899999999987	2.38100000000009	7.45900000000029	0	0
6.19299999999976	0.942000000000007	6.55899999999974	0	0
6.92999999999984	2.38999999999987	6.75300000000016	0	0
12.0309999999999	4.36799999999994	12.3789999999999	0	0
7.13799999999992	2.22299999999996	7.85199999999986	0	0
7.48799999999983	3.58999999999992	7.12899999999991	0	0
6.63900000000012	2.81999999999994	7.46500000000015	0	0
11.3310000000001	3.46900000000005	11.8249999999998	0	0
6.82099999999991	1.42000000000007	7.15599999999995	0	0
7.1579999999999	2.84300000000007	6.78999999999996	0	0
12.866	3.47299999999996	16.9530000000004	0	0
12.252	4.30099999999993	12.5219999999999	0	0
6.80600000000004	1.29299999999989	6.68299999999999	0	0
7.22600000000011	2.55799999999999	7.20100000000002	0	0
7.83299999999963	2.93299999999999	8.13400000000001	0	0
7.15800000000036	2.5619999999999	7.69000000000005	0	0
7.33600000000024	2.48299999999995	8.12700000000041	0	0
7.18399999999974	2.76400000000012	6.86700000000019	0	0
6.82799999999997	1.22900000000004	7.22400000000016	0	0
6.28500000000031	1.6110000000001	6.94000000000051	0	0
6.9079999999999	1.20799999999986	6.9989999999998	0	0
6.38400000000001	1.50900000000001	6.76200000000063	0	0
7.42999999999938	3.00199999999995	7.42799999999988	0	0
7.82900000000063	3.76900000000001	6.79899999999998	0	0
7.29500000000007	1.67799999999988	7.10599999999977	0	0
6.98099999999977	1.95900000000006	6.10100000000057	0	0
7.50600000000031	2.42100000000005	7.4340000000002	0	0
6.29399999999987	1.40199999999982	6.03699999999935	0	0
6.67299999999977	1.77400000000011	6.63799999999992	0	0
6.68100000000049	1.8900000000001	6.66399999999976	0	0
6.96900000000005	2.9860000000001	6.83700000000044	0	0
6.99199999999928	2.14300000000003	7.26699999999983	0	0
6.6220000000003	1.89900000000011	6.44499999999971	0	0
7.65999999999985	2.9670000000001	8.0029999999997	0	0
7.62899999999991	3.13299999999981	7.14799999999923	0	0
6.86200000000008	0.967000000000098	6.83100000000013	0	0
6.3779999999997	1.57899999999995	7.06700000000001	0	0
7.04500000000007	1.99000000000001	7.20800000000054	0	0
7.09700000000066	2.68600000000015	7.03399999999965	0	0
8.07999999999993	4.0630000000001	8.10999999999967	0	0
6.42399999999998	1.62699999999995	7.00900000000001	0	0
6.36000000000058	1.173	6.94599999999991	0	0
7.14000000000033	3.02499999999986	6.85999999999967	0	0
6.28800000000047	1.06899999999996	6.11899999999969	0	0
6.65200000000004	0.634000000000015	6.89800000000014	0	0
6.97400000000016	2.904	6.76800000000003	0	0
11.5079999999998	2.53999999999996	11.942	0	0
6.82900000000063	1.74099999999999	6.67999999999938	0	0
6.85000000000036	1.66100000000006	7.21799999999985	0	0
6.46700000000055	1.94799999999987	6.5600000000004	0	0
7.10699999999997	1.82899999999995	7.80999999999949	0	0
6.68199999999979	2.21599999999989	7.27399999999943	0	0
6.79100000000017	0.995000000000118	7.52599999999984	0	0
6.58300000000054	1.27400000000011	6.57900000000063	0	0
6.81999999999971	1.21699999999987	7.52999999999975	0	0
6.92000000000007	2.72900000000004	7.27300000000014	0	0
6.60699999999997	1.16499999999996	7.22800000000007	0	0
11.4449999999997	3.57400000000007	11.7809999999999	0	0
7.6909999999998	2.54100000000017	7.66499999999996	0	0
6.48499999999967	1.54499999999985	6.30699999999979	0	0
7.21500000000015	1.83699999999999	7.07200000000012	0	0
6.14099999999962	0.91599999999994	6.59600000000046	0	0
7.60999999999967	3.25800000000004	8.45100000000002	0	0
6.79899999999998	2.45000000000005	6.17000000000007	0	0
7.28799999999956	2.37300000000005	7.34999999999945	0	0
6.8119999999999	1.7639999999999	6.79699999999957	0	0
8.05400000000009	3.31099999999992	7.68499999999949	0	0
6.87299999999959	2.47800000000007	7.07700000000023	0	0
6.74499999999989	1.22299999999996	7.26999999999953	0	0
7.19799999999941	3.26099999999997	7.08300000000054	0	0
7.8769999999995	3.298	7.1220000000003	0	0
7.26999999999953	2.79399999999987	6.94700000000012	0	0
7.39800000000014	2.03999999999996	7.70899999999983	0	0
6.80499999999938	2.12899999999991	6.98999999999978	0	0
7.09199999999964	1.64100000000008	7.90899999999965	0	0
6.18199999999979	0.984000000000151	5.9970000000003	0	0
7.36499999999978	2.74599999999987	7.32300000000032	0	0
6.41799999999967	1.40200000000004	5.80400000000009	0	0
8.10499999999956	3.46399999999994	7.57099999999991	0	0
7.4350000000004	3.83699999999999	7.55799999999999	0	0
6.71500000000015	1.11300000000006	7.43599999999969	0	0
6.17900000000009	1.06600000000003	6.26099999999951	0	0
6.84400000000005	1.60899999999992	7.71799999999985	0	0
6.76100000000042	2.37299999999982	6.95499999999993	0	0
6.9369999999999	1.42399999999998	7.58799999999974	0	0
6.13900000000012	1.05100000000016	6.30799999999999	0	0
6.45600000000013	0.807000000000016	7.13999999999942	0	0
7.01500000000033	2.87699999999995	7.10199999999986	0	0
7.08999999999924	2.62200000000007	7.03899999999976	0	0
6.39300000000003	1.17499999999995	6.67900000000009	0	0
7.79700000000048	3.1110000000001	8.18900000000031	0	0
11.4639999999999	3.77600000000007	11.4200000000001	0	0
7.53999999999996	2.35300000000007	7.90300000000025	0	0
6.33100000000013	1.86299999999983	6.19400000000041	0	0
8.73199999999997	4.50199999999995	7.91499999999996	0	0
6.77400000000034	1.60399999999981	9.00799999999981	0	0
7.37299999999959	2.125	7.09799999999996	0	0
6.75	2.10099999999989	6.22599999999966	0	0
7.48599999999988	2.28499999999985	7.43199999999979	0	0
11.951	4.56400000000008	12.2519999999995	0	0
7.55799999999999	2.47299999999996	7.45799999999963	0	0
7.52099999999973	3.23800000000006	7.06899999999951	0	0
7.22299999999996	2.25399999999991	7.34400000000005	0	0
6.96699999999964	2.63999999999987	7.30000000000018	0	0
12.8340000000007	5.923	13.3829999999998	0	0
6.39199999999983	1.69000000000005	6.91100000000006	0	0
6.59199999999964	0.965999999999894	7.14600000000064	0	0
6.82900000000063	2.64199999999983	7.34199999999964	0	0
7.26400000000012	1.59899999999993	7.06700000000001	0	0
6.77700000000004	2.14599999999996	6.84400000000005	0	0
8.14300000000003	3.87800000000016	7.89999999999964	0	0
6.51500000000033	1.85699999999997	6.35800000000017	0	0
6.88900000000012	1.04299999999989	7.44700000000012	0	0
7.14599999999973	2.79300000000012	6.80199999999968	0	0
7.15400000000045	1.75699999999983	7.63000000000011	0	0
6.53099999999995	2.03300000000013	6.47500000000036	0	0
7.02500000000055	1.69599999999991	8.1840000000002	0	0
6.72199999999975	2.3130000000001	6.60500000000047	0	0
6.91799999999967	1.50599999999986	6.8090000000002	0	0
6.74499999999989	2.51300000000015	6.74099999999999	0	0
7.20699999999943	2.44399999999996	7.56400000000031	0	0
6.9350000000004	2.56899999999996	6.98000000000047	0	0
7.47100000000046	2.88900000000012	7.59100000000035	0	0
6.94399999999951	1.9989999999998	6.54799999999977	0	0
12.7700000000004	4.68399999999997	12.3680000000004	0	0
6.48000000000047	1.32200000000012	6.96000000000004	0	0
7.10300000000007	1.63599999999997	6.91299999999956	0	0
6.53899999999976	1.67600000000016	6.85499999999956	0	0
7.5659999999998	2.74900000000002	8.21900000000005	0	0
7.01400000000012	2.72000000000003	7.04299999999967	0	0
7.23199999999997	1.923	7.31700000000001	0	0
6.34499999999935	1.40899999999988	6.34699999999975	0	0
7.24299999999948	1.71499999999992	7.78199999999924	0	0
7.16100000000006	3.01199999999994	6.82600000000002	0	0
7.27099999999973	2.33899999999994	7.01900000000023	0	0
6.90300000000025	2.43100000000004	6.9360000000006	0	0
7.01900000000023	1.41399999999999	7.6850000000004	0	0
6.59400000000005	1.6869999999999	6.96500000000015	0	0
6.85600000000068	0.826999999999998	7.96100000000024	0	0
6.66600000000017	2.14900000000011	7.05099999999948	0	0
7.85599999999977	3.25099999999998	7.69899999999961	0	0
6.35000000000036	1.28300000000013	6.57000000000062	0	0
7.34599999999955	2.47999999999979	7.30100000000039	0	0
6.80400000000009	2.58399999999983	6.94999999999982	0	0
7.09100000000035	1.68899999999985	7.04600000000028	0	0
7.3149999999996	3.38600000000019	7.48199999999997	0	0
8.17100000000028	3.25	7.85899999999947	0	0
6.89300000000003	2.62700000000018	7.23500000000058	0	0
7.02300000000014	2.08899999999994	7.98099999999977	0	0
6.63299999999981	2.62699999999995	7.5610000000006	0	0
7.4399999999996	1.62200000000007	7.42299999999977	0	0
6.39399999999932	1.65599999999995	6.73300000000017	0	0
7.10099999999966	2.39499999999998	7.62800000000061	0	0
11.3159999999998	3.69499999999994	11.8209999999999	0	0
7.12599999999929	1.83300000000008	7.13900000000012	0	0
7.33699999999953	2.81500000000005	7.3720000000003	0	0
12.8200000000006	4.46399999999994	12.8639999999996	0	0
5.94999999999982	0.779999999999973	6.27199999999993	0	0
7.14800000000014	1.77800000000002	7.22599999999966	0	0
6.90099999999984	2.72300000000018	6.68900000000031	0	0
7.35999999999967	2.01599999999985	7.11899999999969	0	0
7.10999999999967	2.52600000000007	7.10900000000038	0	0
7.37400000000071	1.98500000000013	7.27599999999984	0	0
6.93299999999999	2.24699999999984	6.67000000000007	0	0
6.63699999999972	1.0630000000001	7.11299999999937	0	0
6.05600000000049	1.22800000000007	6.5649999999996	0	0
12.4389999999994	4.59699999999998	12.5779999999995	0	0
12.5619999999999	4.33000000000015	12.0260000000007	0	0
6.46399999999994	2.02999999999997	6.57499999999982	0	0
7.22900000000027	1.6579999999999	7.16699999999946	0	0
7.59900000000016	3.57099999999991	7.17699999999968	0	0
7.40999999999985	2.41899999999987	7.1220000000003	0	0
6.34400000000005	1.59399999999982	6.69400000000041	0	0
7.91900000000078	2.62200000000007	7.5	0	0
7.40000000000055	3.02099999999996	6.65300000000025	0	0
8.15200000000004	3.59999999999991	7.79099999999926	0	0
6.25	1.64100000000008	6.41399999999976	0	0
7.32700000000023	2.37599999999998	7.55099999999948	0	0
6.82500000000073	1.94899999999984	6.5610000000006	0	0
7.83099999999922	2.19499999999994	11.1220000000003	0	0
6.25	1.63999999999987	6.68000000000029	0	0
6.69599999999991	1.09400000000005	7.02599999999984	0	0
6.80299999999988	2.08300000000008	6.75699999999961	0	0
7.12099999999919	1.44800000000009	7.59100000000035	0	0
6.50799999999981	2	6.82300000000032	0	0
7.52500000000055	2.74000000000024	7.49299999999948	0	0
6.82799999999952	2.09799999999996	6.92000000000007	0	0
6.46700000000055	0.717999999999847	6.89300000000003	0	0
6.58100000000013	1.46399999999994	6.63400000000001	0	0
8.07499999999982	3.58200000000033	7.48900000000049	0	0
7	2.23700000000008	6.73700000000008	0	0
7.75200000000041	3.07300000000032	7.32499999999982	0	0
7.1260000000002	2.16499999999996	7.14900000000034	0	0
7.88700000000063	2.74699999999984	7.60000000000036	0	0
6.76199999999972	2.1579999999999	6.88600000000042	0	0
7.46599999999944	1.72500000000036	7.28499999999985	0	0
6.42199999999957	1.83799999999974	6.75600000000031	0	0
6.45899999999983	0.896999999999935	7.01800000000003	0	0
6.22099999999955	2.23199999999997	6.38599999999951	0	0
7.15800000000036	1.9670000000001	7.5570000000007	0	0
6.95699999999943	3	7.16899999999987	0	0
7.91100000000006	3.01700000000028	7.62899999999991	0	0
7.16100000000006	3.09799999999996	7.25099999999929	0	0
7.45800000000054	2.50099999999975	8.02900000000045	0	0
6.76099999999951	1.87300000000005	6.27700000000004	0	0
7.43799999999919	2.52700000000004	7.58699999999953	0	0
6.57300000000032	1.91600000000017	7.13199999999961	0	0
6.97500000000036	1.38200000000006	7.19499999999971	0	0
6.75600000000031	2.02099999999973	6.64200000000073	0	0
7.28099999999995	2.24000000000024	7.96900000000005	0	0
6.63699999999972	1.80699999999979	6.51699999999983	0	0
7.17900000000009	1.70699999999988	7.24200000000019	0	0
6.91100000000006	2.61899999999969	6.9350000000004	0	0
7.71699999999964	2.05999999999995	7.51199999999972	0	0
6.49200000000019	1.56800000000021	6.49499999999989	0	0
7.62100000000009	2.44599999999991	8.34500000000025	0	0
6.84200000000055	2.221	6.75399999999991	0	0
6.92500000000018	0.966999999999643	7.29100000000017	0	0
6.04099999999926	0.773999999999887	5.83700000000044	0	0
6.97699999999986	1.625	7.50700000000052	0	0
6.84899999999925	1.99400000000014	6.70600000000013	0	0
6.99199999999928	1.53400000000011	7.26699999999983	0	0
5.89899999999943	0.658000000000357	6.20400000000063	0	0
7.52599999999984	1.42599999999993	10.8109999999997	0	0
6.70000000000073	2.52500000000009	6.61599999999999	0	0
7.09699999999975	1.61900000000014	7.3159999999998	0	0
7.66699999999946	4.24500000000035	7.01999999999953	0	0
7.84099999999944	2.76400000000012	7.42000000000007	0	0
6.83299999999963	2.41300000000001	6.35599999999977	0	0
7.43099999999959	2.70100000000002	7.30299999999988	0	0
6.51500000000033	2.04100000000017	6.8809999999994	0	0
7.37800000000061	2.64300000000003	7.71900000000005	0	0
6.58100000000013	1.64199999999983	6.83899999999994	0	0
7.26499999999942	1.64200000000028	7.32300000000032	0	0
6.47999999999956	1.79799999999977	6.61999999999989	0	0
7.19200000000001	2.63199999999961	7.47199999999975	0	0
6.84199999999964	1.92900000000009	6.23900000000049	0	0
7.26099999999951	2.51499999999987	7.54199999999946	0	0
6.76999999999953	1.71599999999989	6.30099999999948	0	0
7.13299999999981	1.56799999999976	6.79799999999977	0	0
6.82899999999972	2.17799999999988	6.91599999999926	0	0
6.37800000000061	0.65099999999984	7.24099999999999	0	0
6.24799999999959	1.61599999999999	6.71299999999974	0	0
7.31900000000041	2.45899999999983	8.02400000000034	0	0
6.5570000000007	1.87400000000025	6.6880000000001	0	0
7.22900000000027	2.24400000000014	7.04200000000037	0	0
7.04299999999967	2.44200000000001	7.06400000000031	0	0
7.11200000000008	2.43299999999999	7.0659999999998	0	0
6.2440000000006	0.94399999999996	6.14800000000014	0	0
7.17099999999937	1.94800000000032	7.06400000000031	0	0
6.93499999999949	1.74600000000009	6.89300000000003	0	0
6.78700000000026	1.42599999999993	7.13000000000011	0	0
7.84199999999964	3.98100000000022	7.28499999999985	0	0
7.71500000000015	3.00900000000001	7.14000000000033	0	0
7.34000000000015	2.84000000000015	7.4340000000002	0	0
6.56400000000031	0.72400000000016	7.04299999999967	0	0
6.82899999999972	1.94000000000005	6.72800000000007	0	0
7.1860000000006	1.32499999999982	6.87700000000041	0	0
6.51800000000003	1.44299999999976	6.57599999999911	0	0
7.60800000000017	2.846	8.10199999999986	0	0
6.64100000000053	2.08500000000004	6.58399999999983	0	0
6.72899999999936	1.05400000000009	6.88699999999972	0	0
6.85399999999936	2.41200000000026	7.02999999999975	0	0
6.83899999999994	1.4670000000001	7.86499999999978	0	0
6.22999999999956	1.26400000000012	6.48499999999967	0	0
6.98500000000058	1.49499999999989	7.53999999999996	0	0
7.05599999999959	2.55399999999963	6.73599999999988	0	0
7.57200000000012	2.54300000000012	7.61000000000058	0	0
7.33500000000004	2.43899999999985	10.4849999999997	0	0
7.33600000000024	2.14800000000014	8.32800000000043	0	0
6.21299999999974	0.929000000000087	6.55799999999999	0	0
7.09500000000025	1.48900000000003	7.50200000000041	0	0
6.52000000000044	1.23500000000013	6.70899999999983	0	0
7.11500000000069	2.28499999999985	7.32999999999993	0	0
6.89699999999993	2.25599999999986	7.32600000000002	0	0
7.21000000000004	2.18299999999999	7.52400000000034	0	0
7.05899999999929	2.86099999999988	6.81800000000021	0	0
7.10900000000038	1.91899999999987	6.93100000000049	0	0
6.95200000000023	2.04900000000043	6.86099999999988	0	0
7.09400000000005	1.40299999999979	7.13200000000052	0	0
6.70999999999913	2.02599999999984	6.72100000000046	0	0
7.66600000000017	2.26199999999972	7.54600000000028	0	0
7.05799999999999	2.57299999999987	6.85200000000077	0	0
7.08300000000054	1.58599999999979	7.36200000000008	0	0
6.68299999999999	1.70799999999963	6.88900000000012	0	0
7.46399999999994	2.1880000000001	7.3119999999999	0	0
7.26800000000003	2.95199999999977	7.36800000000039	0	0
7.21100000000024	1.98099999999977	7.84799999999996	0	0
6.90500000000065	2.27799999999979	7.20600000000013	0	0
7.11799999999948	1.94499999999971	7.50700000000052	0	0
7.03099999999995	3.00199999999995	7.53299999999945	0	0
7.35600000000068	1.95000000000027	7.13899999999921	0	0
7.15499999999975	2.79500000000007	7.20499999999993	0	0
7.34500000000025	1.5319999999997	6.97400000000016	0	0
7.07800000000043	2.44000000000005	7.24399999999969	0	0
7.02700000000004	2.20199999999977	7.43599999999969	0	0
7.75200000000041	3.80600000000004	7.30999999999949	0	0
7.31899999999951	1.82500000000027	7.46199999999953	0	0
11.8459999999995	3.64499999999998	12.2660000000005	0	0
6.99399999999969	1.75599999999986	7.24200000000019	0	0
7.32099999999991	3.01899999999978	7.29099999999926	0	0
7.25699999999961	2.27299999999968	7.26400000000012	0	0
7.20699999999943	2.72299999999996	7.19599999999991	0	0
8.08699999999953	3.346	7.88000000000011	0	0
6.5619999999999	1.58999999999969	6.97500000000036	0	0
7.70899999999983	2.83299999999963	7.77800000000025	0	0
6.39900000000034	2.06700000000001	6.41900000000078	0	0
7.25900000000001	1.91599999999971	7.35800000000017	0	0
11.4480000000003	2.64600000000019	11.3360000000002	0	0
7.02499999999964	2.42299999999977	6.70499999999993	0	0
7.23900000000049	2.55300000000034	7.47500000000036	0	0
10.5060000000003	8.31600000000026	11.1700000000001	0	0
7.15899999999965	1.83200000000033	7.29600000000028	0	0
6.67900000000009	2.11299999999983	6.72600000000057	0	0
7.87700000000041	3.09999999999991	7.83699999999953	0	0
6.51099999999951	1.36999999999989	6.52800000000025	0	0
7.74600000000009	3.3119999999999	7.77400000000034	0	0
7.01299999999992	2.42900000000009	7.16399999999976	0	0
6.92699999999968	1.48900000000003	7.02500000000055	0	0
6.51199999999972	1.80999999999995	6.98599999999988	0	0
6.88600000000042	1.06600000000026	6.92499999999927	0	0
6.07800000000043	1.20299999999997	6.25500000000011	0	0
6.48199999999997	0.947000000000116	7.34899999999925	0	0
6.63799999999992	1.72899999999981	6.86499999999978	0	0
7.45800000000054	2.59000000000015	7.52400000000034	0	0
6.38600000000042	2.35699999999997	7.25900000000001	0	0
6.79799999999977	1.17399999999998	7.17900000000009	0	0
6.11099999999988	1.01699999999983	6.6140000000014	0	0
7.43900000000031	2.51800000000003	7.74300000000039	0	0
6.88600000000042	2.42000000000007	7.02700000000004	0	0
6.52899999999954	1.39899999999989	6.57500000000073	0	0
6.90899999999965	1.45899999999983	7.01600000000144	0	0
6.76899999999932	2.54199999999992	6.79399999999987	0	0
7.15799999999945	1.38400000000001	6.97599999999875	0	0
7.26199999999881	2.13799999999992	7.39199999999983	0	0
6.96699999999873	1.88200000000006	7.65099999999984	0	0
6.39600000000064	1.05099999999993	6.371000000001	0	0
7.32800000000134	2.55899999999974	7.57400000000052	0	0
6.68900000000031	1.77700000000004	6.69900000000052	0	0
7.85299999999916	2.61999999999989	7.84399999999914	0	0
6.79899999999907	1.80799999999999	6.90600000000086	0	0
6.97699999999895	1.44200000000001	7.46399999999994	0	0
6.95099999999911	2.32899999999972	7.11499999999978	0	0
6.77000000000044	1.45399999999972	7.53199999999924	0	0
6.47199999999975	1.71199999999999	6.55199999999968	0	0
7.23400000000038	1.73300000000017	7.17900000000009	0	0
6.75799999999981	2.41700000000037	6.86199999999917	0	0
6.99099999999999	1.38599999999997	7.27999999999884	0	0
6.97100000000137	2.29500000000007	6.69499999999971	0	0
7.17399999999907	2.14399999999978	7.99800000000141	0	0
6.1260000000002	0.704000000000178	6.17400000000089	0	0
7.41700000000128	2.57300000000032	7.51200000000063	0	0
7.11000000000058	2.69300000000021	6.48799999999937	0	0
7.78100000000086	2.96500000000015	7.83100000000013	0	0
6.29600000000028	1.67599999999993	7.97400000000016	0	0
7.72700000000077	2.86500000000024	7.36599999999999	0	0
7.4429999999993	3.83899999999994	7.48099999999977	0	0
7.49099999999999	2.49900000000025	7.66799999999967	0	0
6.65400000000045	2.04799999999977	6.75	0	0
6.87700000000041	1.60799999999972	7.70399999999972	0	0
7.01200000000063	2.73799999999983	7.65999999999985	0	0
6.85699999999997	1.74500000000035	7.40600000000086	0	0
6.69700000000012	2.48100000000022	7.47700000000077	0	0
6.90200000000004	1.79300000000012	7.24200000000019	0	0
6.46000000000095	1.90099999999984	6.70000000000073	0	0
6.80899999999929	1.81899999999996	7.53099999999904	0	0
6.30299999999988	0.967000000000098	6.71999999999935	0	0
6.5669999999991	2.10899999999992	7.25699999999961	0	0
7.06400000000031	1.67300000000023	7.74700000000121	0	0
6.42200000000048	1.44299999999976	6.8799999999992	0	0
7.36299999999937	2.36599999999999	7.61000000000058	0	0
7.25799999999981	3.07099999999991	7.59599999999955	0	0
6.9380000000001	1.18199999999979	7.52799999999843	0	0
6.80299999999988	2.30000000000018	6.88199999999961	0	0
6.73899999999958	1.67200000000003	7.28700000000026	0	0
6.4330000000009	1.61400000000003	7.3080000000009	0	0
7.77299999999923	2.72499999999991	8.08500000000095	0	0
7.29399999999987	3.61099999999988	7.73800000000119	0	0
6.60900000000038	1.14200000000028	7.00199999999859	0	0
6.14300000000003	0.992000000000189	6.26599999999962	0	0
6.87299999999959	1.92600000000039	7.47699999999895	0	0
6.121000000001	1.84999999999991	7.01000000000022	0	0
6.50799999999981	2.19100000000026	6.50600000000122	0	0
6.91699999999946	2.38200000000006	7.14900000000125	0	0
7.59499999999935	2.58399999999983	7.75200000000041	0	0
7.05899999999929	2.81799999999976	6.93399999999929	0	0
7.58899999999994	2.50900000000001	7.92100000000028	0	0
6.36399999999958	1.74300000000039	7.06900000000132	0	0
6.26000000000022	1.24299999999994	6.74700000000121	0	0
7.23999999999978	1.88799999999992	7.52999999999884	0	0
7.04399999999987	2.53800000000001	6.7489999999998	0	0
7.64099999999962	3.02300000000014	7.71399999999994	0	0
7.12799999999879	2.64100000000008	7.07300000000032	0	0
7.41200000000026	2.27300000000014	7.81500000000051	0	0
11.4130000000005	3.61699999999973	11.4569999999985	0	0
11.6620000000003	2.79600000000028	11.4500000000007	0	0
7.41800000000148	2.08899999999994	7.76200000000063	0	0
7.13800000000083	2.69200000000001	7.96299999999974	0	0
6.90500000000065	1.45400000000018	7.60099999999875	0	0
6.77900000000045	2.27700000000004	7.36100000000079	0	0
7.20800000000054	2.32300000000032	7.57499999999891	0	0
6.45499999999993	2.03600000000006	6.57600000000093	0	0
7.47799999999916	1.82299999999987	7.5049999999992	0	0
5.98899999999958	1.0010000000002	6.92200000000048	0	0
7.53099999999904	2.43099999999959	7.75200000000041	0	0
6.52799999999843	1.91400000000021	7.6140000000014	0	0
6.81500000000051	1.43600000000015	7.53200000000106	0	0
6.14600000000064	1.22000000000025	6.49200000000019	0	0
6.43499999999949	1.55499999999984	6.67500000000109	0	0
6.54399999999987	1.58300000000008	7.12199999999939	0	0
6.42900000000009	2.48899999999958	6.78099999999904	0	0
6.9900000000016	1.53499999999985	7.75400000000081	0	0
6.26800000000003	1.36200000000008	7.71999999999935	0	0
6.67400000000089	1.33100000000013	7.51000000000022	0	0
11.4110000000001	2.98299999999972	11.6740000000009	0	0
6.90999999999985	2.13499999999976	6.25699999999961	0	0
7.82499999999891	2.88400000000001	7.57699999999932	0	0
6.79700000000048	2.55699999999979	7.01300000000083	0	0
7.60000000000036	2.34900000000016	7.58799999999974	0	0
7.13000000000102	2.69000000000005	7.1200000000008	0	0
7.53100000000086	2.63400000000001	7.48499999999876	0	0
6.77199999999903	2.21199999999999	6.91300000000047	0	0
7.54100000000108	2.26700000000028	7.4940000000006	0	0
7.03399999999965	2.68499999999995	6.93000000000029	0	0
7.30999999999949	2.46399999999994	8.2489999999998	0	0
6.82899999999972	1.93599999999969	6.86199999999917	0	0
6.99699999999939	2.80000000000018	7.54100000000108	0	0
6.91200000000026	1.70000000000027	7.47299999999996	0	0
6.80699999999888	1.90599999999995	6.29600000000028	0	0
7.27399999999943	2.91599999999971	7.27900000000045	0	0
6.25800000000163	1.32699999999977	6.28299999999945	0	0
7.40399999999863	2.36900000000014	7.378999999999	0	0
6.46199999999953	1.20299999999997	6.15400000000045	0	0
6.21999999999935	1.06899999999996	6.20799999999872	0	0
7.25	2.09100000000035	7.63800000000083	0	0
7.00400000000081	2.56700000000001	7.18499999999949	0	0
6.90099999999984	1.42099999999982	6.91800000000148	0	0
11.3409999999985	2.69399999999996	11.1569999999992	0	0
6.16500000000087	1.66600000000017	6.16500000000087	0	0
8.1359999999986	3.81400000000031	7.98699999999917	0	0
8.04199999999946	3.99399999999969	9.48000000000138	0	0
6.83700000000135	1.5600000000004	7.24399999999878	0	0
6.56500000000051	1.5930000000003	7.01300000000083	0	0
11.5179999999982	3.05499999999984	11.7570000000014	0	0
6.57599999999911	1.36900000000014	6.84400000000096	0	0
6.69300000000112	0.840999999999894	6.76199999999881	0	0
6.97599999999875	2.84000000000015	6.85900000000038	0	0
6.26599999999962	0.962999999999738	6.39899999999943	0	0
6.8809999999994	1.89900000000034	7.10699999999997	0	0
12.5519999999997	4.74199999999973	11.5409999999993	0	0
6.83499999999913	2.3090000000002	6.51399999999921	0	0
6.94200000000092	1.41999999999962	7.33300000000054	0	0
6.47500000000036	1.49099999999999	6.27599999999984	0	0
8.02000000000044	3.38900000000012	7.85699999999997	0	0
6.82799999999952	1.87100000000009	6.39999999999964	0	0
6.62099999999919	0.824999999999818	7.36899999999878	0	0
7.29399999999987	2.30699999999979	7.98799999999937	0	0
6.06900000000132	1.02400000000034	6.37700000000041	0	0
7.09299999999894	1.65700000000015	7.65600000000086	0	0
6.83100000000013	1.9109999999996	7.22499999999854	0	0
7.53600000000006	2.40899999999965	8.06999999999971	0	0
6.38999999999942	1.63899999999967	6.46299999999974	0	0
6.76299999999901	2.13899999999967	7.23999999999978	0	0
6.90499999999884	1.45299999999997	7.32500000000073	0	0
6.67099999999846	1.87000000000035	6.57899999999972	0	0
6.60099999999875	0.931999999999789	6.86800000000039	0	0
6.80600000000049	2.80799999999999	7.10100000000057	0	0
7.22900000000118	2.10699999999997	7.01800000000003	0	0
12.1589999999997	4.14399999999978	12.0389999999989	0	0
7.23300000000017	2.15999999999985	7.02800000000025	0	0
6.33399999999892	1.48000000000002	6.55500000000029	0	0
7.12299999999959	1.86700000000019	7.18900000000031	0	0
6.44900000000052	1.24400000000014	6.89799999999923	0	0
7.47900000000118	3.66900000000032	7.71099999999933	0	0
7.92999999999847	3.04199999999992	7.47700000000077	0	0
6.53100000000086	1.54800000000023	6.55999999999949	0	0
6.95799999999872	1.404	7.93000000000029	0	0
6.51100000000042	1.779	6.65999999999985	0	0
7.34499999999935	2.34700000000021	8.14400000000023	0	0
7.11300000000119	2.31500000000005	6.92000000000007	0	0
7.67599999999948	3.85500000000002	7.35599999999977	0	0
7.31800000000112	2.03099999999995	7.08300000000054	0	0
6.89400000000023	2.36200000000008	7.23599999999897	0	0
8.73800000000119	5.60999999999967	10.5260000000017	0	0
11.7600000000002	3.46599999999989	12.8950000000004	0	0
7.00800000000163	2.08700000000044	6.77300000000105	0	0
7.58099999999831	2.80699999999979	7.47900000000118	0	0
6.78600000000006	2.00799999999981	6.69700000000012	0	0
7.78299999999945	3.03700000000026	8.00299999999879	0	0
7.07699999999932	2.67200000000003	6.47699999999895	0	0
6.72600000000057	1.89400000000023	6.47199999999975	0	0
7.00799999999981	1.77700000000004	6.79500000000007	0	0
6.97299999999996	2.61200000000008	6.85399999999936	0	0
7.36399999999958	1.87800000000016	7.246000000001	0	0
7.44800000000032	2.72500000000036	7.29899999999907	0	0
7.86800000000039	3.15700000000015	7.58699999999953	0	0
7.69400000000132	3.779	8.14300000000003	0	0
7.15700000000106	1.66800000000012	7.40899999999965	0	0
6.52000000000044	1.03400000000011	7.21999999999935	0	0
6.62199999999939	2.20499999999993	7.42499999999927	0	0
6.75600000000122	1.25	7.18999999999869	0	0
8.09499999999935	4.6840000000002	7.37700000000041	0	0
7.44000000000051	1.99699999999984	7.39200000000164	0	0
6.59599999999955	1.78899999999976	6.52000000000044	0	0
6.98799999999937	2.57699999999977	6.996000000001	0	0
7.39799999999923	2.26300000000037	8.28100000000086	0	0
6.63199999999961	1.14199999999983	6.48799999999937	0	0
6.60500000000138	1.8449999999998	6.36199999999917	0	0
7.55699999999888	3.47399999999971	8.21199999999953	0	0
7.87099999999919	4.58500000000004	8.01599999999962	0	0
6.81099999999969	1.08600000000024	6.86599999999999	0	0
6.27900000000045	0.989000000000033	6.40300000000025	0	0
11.9000000000015	4.30700000000024	12.5470000000005	0	0
7.91400000000067	3.30500000000029	8.23500000000058	0	0
6.14699999999903	0.816000000000258	6.33799999999974	0	0
7.55099999999948	2.57200000000012	7.4270000000015	0	0
7.42699999999968	3.14499999999998	6.76200000000063	0	0
6.59100000000035	1.5	6.39400000000023	0	0
8.17200000000048	3.06500000000005	7.67000000000007	0	0
6.79700000000048	2.23000000000002	7.10099999999875	0	0
6.49700000000121	1.1899999999996	6.91399999999885	0	0
7.43299999999908	2.27099999999973	6.92300000000068	0	0
6.40599999999904	1.41300000000001	5.98999999999978	0	0
7.42100000000028	1.94699999999966	7.70200000000114	0	0
6.90700000000106	2.24900000000025	6.59699999999975	0	0
6.94999999999891	2.29300000000012	7.96199999999953	0	0
7.44800000000032	2.25099999999975	7.38199999999961	0	0
6.17000000000007	0.923999999999978	6.53200000000106	0	0
6.08800000000156	0.852000000000317	6.02199999999903	0	0
7.30799999999908	2.03699999999981	7.48099999999977	0	0
6.91100000000006	1.83200000000033	6.78999999999905	0	0
7.03999999999905	1.3420000000001	7.59300000000076	0	0
6.98500000000058	2.14800000000014	7.05699999999888	0	0
6.59300000000076	1.4369999999999	7.00200000000041	0	0
7.01599999999962	1.25999999999976	7.20100000000093	0	0
6.42699999999968	1.43100000000004	6.73099999999977	0	0
7.67900000000009	2.25199999999995	7.99799999999959	0	0
6.86700000000019	2.14100000000008	6.93100000000049	0	0
6.70199999999932	1.75600000000031	6.9369999999999	0	0
7.5059999999994	2.52300000000014	7.18000000000029	0	0
6.8640000000014	2.2819999999997	6.81499999999869	0	0
7.17499999999927	1.42799999999988	7.50699999999961	0	0
6.89099999999962	2.15900000000011	6.66699999999946	0	0
6.70000000000073	1.63900000000012	6.70600000000013	0	0
7.42400000000089	2.25999999999976	7.70800000000054	0	0
7.27900000000045	2.95400000000018	7.20199999999932	0	0
8.00799999999981	3.44000000000005	7.875	0	0
6.9890000000014	2.44999999999982	7.51500000000124	0	0
11.237000000001	3.28099999999995	11.5130000000008	0	0
6.62700000000041	0.996999999999844	7.47700000000077	0	0
6.26500000000124	1.18700000000035	6.97099999999955	0	0
7.09400000000096	2.07900000000018	7.01900000000023	0	0
7.246000000001	2.04399999999987	7.76800000000003	0	0
7.125	2.54599999999982	7.04900000000089	0	0
6.84699999999975	1.88599999999997	6.95599999999831	0	0
7.16599999999926	1.79300000000012	7.46399999999994	0	0
6.88100000000122	2.32999999999993	7.01699999999983	0	0
8.16300000000047	3.5	8.39300000000003	0	0
6.71399999999994	1.92099999999982	7.20100000000093	0	0
6.55299999999988	1.21799999999985	6.65699999999924	0	0
7.2400000000016	2.74600000000009	7.07099999999991	0	0
6.60400000000118	1.8159999999998	6.35000000000036	0	0
6.98999999999978	1.91899999999987	7.44000000000051	0	0
7.07200000000012	1.76200000000017	7.26900000000023	0	0
6.36299999999937	1.22600000000011	6.09100000000035	0	0
7.09799999999996	1.63100000000031	7.92900000000009	0	0
7.17300000000068	3.13499999999976	6.67300000000068	0	0
6.88600000000042	2.61900000000014	6.64700000000084	0	0
7.87199999999939	2.07200000000012	9.29399999999987	0	0
6.85800000000017	2.16199999999981	6.85200000000077	0	0
6.05299999999988	0.756000000000313	7.13400000000001	0	0
6.64800000000105	0.864000000000033	7.79199999999946	0	0
6.03499999999985	0.656999999999698	7.02099999999882	0	0
6.22499999999854	1.03699999999981	6.90200000000004	0	0
6.88999999999942	1.32400000000007	8.21600000000035	0	0
6.17200000000048	1.20699999999988	7.33499999999913	0	0
6.59100000000035	2.38299999999981	7.29399999999987	0	0
6.77800000000025	1.55199999999968	6.95299999999952	0	0
7.6869999999999	3.93499999999995	7.00699999999961	0	0
7.02300000000105	2.40499999999975	6.89899999999943	0	0
7.61800000000039	2.37699999999995	7.3799999999992	0	0
6.75799999999981	2.30899999999974	6.8640000000014	0	0
8.14699999999903	4.35799999999972	7.47600000000057	0	0
7.17300000000068	2.68499999999995	7.3130000000001	0	0
6.46500000000015	1.89899999999989	7.20400000000154	0	0
7.17100000000028	2.28800000000001	8.92499999999927	0	0
6.8070000000007	1.904	6.35500000000138	0	0
6.37099999999919	1.47200000000021	6.59100000000035	0	0
7.875	3.04799999999977	7.57500000000073	0	0
6.12700000000041	0.897000000000389	6.87199999999939	0	0
7.24300000000039	2.47200000000021	7.77399999999943	0	0
12.6849999999995	4.35899999999992	12.1260000000002	0	0
7.03999999999905	2.32599999999957	6.34100000000035	0	0
6.49599999999919	1.25	6.70600000000013	0	0
7.13400000000001	1.59899999999971	6.6830000000009	0	0
11.8469999999998	3.029	12.3860000000004	0	0
6.56100000000151	1.38999999999987	6.13200000000143	0	0
7.04500000000007	1.57699999999977	6.85000000000036	0	0
7.88699999999881	4.01800000000003	7.06700000000092	0	0
6.94700000000012	1.33200000000033	7.50400000000081	0	0
6.74599999999919	1.02700000000004	6.76200000000063	0	0
6.62199999999939	1.37199999999984	6.45000000000073	0	0
6.92799999999988	1.85999999999967	8.04399999999987	0	0
6.29999999999927	1.44100000000026	6.89500000000044	0	0
6.46100000000115	1.9369999999999	6.42100000000028	0	0
7.3760000000002	2.32699999999977	7.64799999999923	0	0
6.71099999999933	2.25199999999995	6.70299999999952	0	0
6.86700000000019	1.30800000000045	7.34900000000016	0	0
6.76699999999983	2.58999999999969	6.81099999999969	0	0
11.3860000000004	3.48500000000013	11.4169999999995	0	0
6.25900000000001	1.01600000000008	6.52100000000064	0	0
7.12900000000081	1.8420000000001	7.14400000000023	0	0
6.26800000000003	0.938000000000102	6.94000000000051	0	0
7.19100000000071	2.01299999999992	7.3700000000008	0	0
6.65899999999965	2.12199999999984	6.78499999999985	0	0
6.67200000000048	1.50300000000016	6.8080000000009	0	0
7.30500000000029	1.92599999999993	7.56599999999889	0	0
6.38800000000083	1.404	6.78900000000067	0	0
7.34000000000015	1.65000000000009	8.27800000000025	0	0
6.26299999999901	0.90099999999984	7.21399999999994	0	0
7.15500000000065	2.23399999999992	7.11000000000058	0	0
7.97000000000116	3.21000000000004	7.85499999999956	0	0
6.48099999999977	1.7529999999997	6.14600000000064	0	0
6.91200000000026	2.20199999999977	6.45000000000073	0	0
7.38299999999981	1.9699999999998	7.23899999999958	0	0
7.34300000000076	1.87599999999975	6.90999999999985	0	0
6.72500000000036	2.03700000000026	7.17999999999847	0	0
7.69300000000112	2.3720000000003	7.90200000000004	0	0
7.3119999999999	1.98700000000008	7.48899999999958	0	0
7.10000000000036	2.45999999999958	6.81099999999969	0	0
7.41500000000087	1.9079999999999	7.92400000000089	0	0
6.42200000000048	1.02399999999989	6.22299999999996	0	0
6.94499999999971	2.63999999999987	6.71400000000176	0	0
7.35599999999977	1.92799999999988	7.28200000000106	0	0
6.77800000000025	2.31899999999996	6.8219999999983	0	0
7.42200000000048	2.71000000000004	7.50400000000081	0	0
7.35800000000017	2.17300000000023	7.30299999999988	0	0
7.11599999999999	1.63300000000027	7.04399999999987	0	0
7.02900000000045	2.05799999999999	7.27900000000045	0	0
7.5049999999992	3.61599999999999	7.46300000000156	0	0
7.02300000000105	1.65599999999995	7.39000000000124	0	0
7.00300000000061	2.19000000000005	6.89199999999983	0	0
6.90999999999985	2.49000000000024	6.54399999999987	0	0
7	1.27500000000009	7.63200000000143	0	0
6.85200000000077	2.03400000000011	6.88199999999961	0	0
7.42900000000009	2.40300000000025	7.34200000000055	0	0
7.56099999999969	2.9340000000002	6.85400000000118	0	0
7.60899999999856	2.96799999999985	6.96399999999994	0	0
7.42399999999907	2.60799999999972	7.23600000000079	0	0
7.02700000000004	2.56100000000015	6.90200000000004	0	0
6.37299999999959	1.27799999999979	6.51899999999841	0	0
7.60800000000017	1.68600000000015	7.27700000000004	0	0
6.97199999999975	2.55200000000013	7.14199999999983	0	0
6.46999999999935	1.23000000000002	6.64800000000105	0	0
8.47900000000118	3.32099999999991	9.72500000000036	0	0
6.54100000000108	1.76699999999983	6.94700000000012	0	0
6.99699999999939	1.60899999999992	7.61399999999958	0	0
6.29299999999967	1.28800000000001	6.1200000000008	0	0
7.21900000000096	2.89199999999983	6.92799999999988	0	0
7.21099999999933	2.02199999999993	7.00500000000102	0	0
13.0430000000015	5.16000000000031	13.0839999999989	0	0
6.51300000000083	1.50800000000027	6.79799999999886	0	0
6.89599999999882	2.00300000000016	7.15200000000004	0	0
6.93099999999868	1.404	7.46900000000096	0	0
6.44800000000032	1.55000000000018	7.22799999999916	0	0
6.67300000000068	2.2800000000002	7.57699999999932	0	0
7.03800000000047	1.61700000000019	7.3690000000006	0	0
6.91400000000067	1.31600000000026	7.0099999999984	0	0
6.44800000000032	1.39100000000008	6.29700000000048	0	0
7.26500000000124	2.15299999999979	6.74300000000039	0	0
7.15099999999984	1.03099999999995	6.92000000000007	0	0
6.75799999999981	1.94700000000012	7.16499999999905	0	0
6.246000000001	1.23599999999988	6.15799999999945	0	0
7.17499999999927	1.80799999999999	7.55999999999949	0	0
7.41799999999967	2.45100000000002	7.32699999999932	0	0
12.5360000000001	3.91300000000047	12.8760000000002	0	0
6.41300000000047	1.42000000000007	6.76000000000022	0	0
7.61399999999958	2.90400000000045	7.9429999999993	0	0
6.27900000000045	1.0619999999999	5.51199999999881	0	0
6.74799999999959	1.14499999999953	5.91500000000087	0	0
6.81600000000071	0.871000000000095	5.99099999999999	0	0
6.27800000000025	0.871000000000095	5.37700000000041	0	0
11.8240000000005	2.52100000000064	9.69999999999891	0	0
6.99300000000039	1.28899999999976	5.85100000000057	0	0
6.46600000000035	1.21200000000044	5.39699999999903	0	0
6.40399999999863	1.28600000000006	5.33700000000135	0	0
6.85099999999875	1.2440000000006	5.78199999999924	0	0
6.59799999999996	1.59500000000025	5.40300000000025	0	0
6.47400000000016	1.31999999999971	5.35599999999977	0	0
12.7119999999995	4.05299999999988	10.2909999999993	0	0
7.11699999999837	1.64800000000014	6.03899999999885	0	0
6.59299999999894	1.58500000000004	5.51800000000003	0	0
6.42799999999988	1.28099999999995	5.35699999999997	0	0
6.98100000000159	1.14000000000033	5.79000000000087	0	0
6.96699999999873	1.21299999999974	5.91500000000087	0	0
6.39400000000023	1.22799999999916	5.36200000000099	0	0
7.26899999999841	1.89900000000034	6.00400000000081	0	0
6.99399999999878	1.14999999999964	5.84900000000016	0	0
6.59299999999894	1.28700000000026	5.35000000000036	0	0
6.88899999999921	1.2489999999998	5.79899999999907	0	0
6.89300000000003	1.36399999999958	5.85100000000057	0	0
6.46500000000015	1.36000000000058	5.35300000000097	0	0
6.77899999999863	1.16399999999976	5.79300000000148	0	0
6.53800000000047	1.34500000000025	5.35399999999936	0	0
6.23500000000058	1.01599999999962	5.3239999999987	0	0
6.93599999999969	1.1279999999997	5.80400000000009	0	0
6.69200000000092	1.43299999999999	5.3809999999994	0	0
7.44099999999889	1.29099999999926	6.32200000000012	0	0
6.38299999999981	1.16300000000047	5.32500000000073	0	0
6.97199999999975	1.0649999999996	5.78700000000026	0	0
6.89099999999962	1.21299999999974	5.84599999999955	0	0
6.41300000000047	1.18900000000031	5.34400000000096	0	0
6.7549999999992	1.55899999999929	5.47200000000157	0	0
6.93499999999949	1.23599999999988	5.8169999999991	0	0
6.96999999999935	1.24300000000039	5.87099999999919	0	0
6.51000000000022	1.24299999999948	5.37199999999939	0	0
