7.325	2.982	7.356	0	0
7.518	4.317	6.867	0	0
6.316	0.854000000000001	6.248	0	0
6.70500000000001	2.038	6.653	0	0
6.29499999999999	1.811	5.999	0	0
7.029	1.975	6.93600000000001	0	0
6.51900000000001	1.882	6.44300000000001	0	0
7.399	1.821	6.72799999999999	0	0
7.598	2.905	7.023	0	0
6.553	1.597	6.259	0	0
8.65900000000002	4.213	7.68900000000002	0	0
6.78400000000002	2.266	6.304	0	0
7.45399999999998	2.939	6.76599999999999	0	0
7.63899999999998	2.93900000000001	6.84200000000001	0	0
7.29400000000001	1.73299999999999	6.97200000000001	0	0
6.34799999999998	1.387	5.84	0	0
6.619	1.31099999999999	6.589	0	0
6.292	1.794	6.08199999999999	0	0
12.147	5.446	11.676	0	0
6.75299999999999	2.009	6.17899999999997	0	0
7.14600000000002	2.12400000000001	6.84300000000002	0	0
6.947	2.277	6.27999999999997	0	0
6.505	1.98699999999999	6.11699999999996	0	0
11.755	3.247	11.007	0	0
5.94	1.367	5.78999999999996	0	0
7.24099999999999	1.26900000000001	6.97399999999999	0	0
6.97999999999996	1.84	6.23000000000002	0	0
6.63200000000001	2.49100000000001	6.38799999999998	0	0
6.85599999999999	1.87800000000001	6.49299999999999	0	0
7.34100000000001	2.053	6.64600000000002	0	0
6.64499999999998	1.56700000000001	6.62	0	0
7.221	3.08199999999999	6.59800000000001	0	0
7.95800000000003	3.41900000000001	7.32599999999996	0	0
6.47800000000001	2.09400000000002	6.08199999999999	0	0
7.03900000000004	2.48399999999998	6.41400000000004	0	0
7.51400000000001	3.73100000000002	6.839	0	0
11.516	4.81700000000001	10.549	0	0
6.61000000000001	1.90899999999999	6.60000000000002	0	0
6.54899999999998	2.19800000000001	6.17500000000001	0	0
11.865	4.00299999999999	11.453	0	0
7.15100000000007	1.91	6.67700000000002	0	0
6.98900000000003	1.77799999999999	6.36300000000006	0	0
6.73399999999992	2.447	6.03499999999997	0	0
7.21500000000003	2.155	6.83600000000001	0	0
11.508	4.39400000000001	10.784	0	0
6.17400000000009	1.44300000000001	5.779	0	0
6.81899999999996	3.37	6.33300000000008	0	0
7.50800000000004	2.45699999999999	6.83799999999997	0	0
7.1819999999999	1.98399999999998	6.71300000000008	0	0
6.4140000000001	2.505	6.06200000000001	0	0
6.70399999999995	1.37299999999999	6.68600000000004	0	0
12.973	4.47300000000001	12.0129999999999	0	0
6.54500000000007	2.76000000000005	6.32800000000009	0	0
7.29500000000007	2.84900000000005	6.77999999999997	0	0
7.17900000000009	2.51400000000001	6.82100000000003	0	0
6.79899999999998	2.84499999999997	6.5	0	0
6.51600000000008	1.25	6.12299999999993	0	0
6.66200000000003	2.37900000000002	6.16700000000003	0	0
7.72199999999998	2.70499999999998	7.178	0	0
7.59399999999994	2.55900000000003	6.93500000000006	0	0
7.58900000000006	3.25900000000001	6.61599999999999	0	0
7.74199999999996	3.46100000000001	7.01299999999992	0	0
7.10500000000002	1.61700000000002	6.58499999999992	0	0
7.125	3.517	6.24199999999996	0	0
6.61500000000001	2.56799999999998	6.327	0	0
6.56499999999994	1.42500000000001	6.45500000000004	0	0
7.08500000000004	3.09399999999999	6.423	0	0
7.15500000000009	3.255	7.28300000000002	0	0
6.79399999999998	2.44299999999998	6.24300000000005	0	0
6.53399999999999	3.55500000000001	6.47699999999998	0	0
7.46899999999994	4.22199999999998	7.02100000000007	0	0
6.92599999999993	1.95100000000002	6.55200000000002	0	0
6.89700000000005	2.488	6.85900000000004	0	0
6.86999999999989	2.38200000000001	6.702	0	0
7.09800000000018	1.70800000000003	7.32100000000003	0	0
6.61199999999985	1.90999999999997	5.72799999999995	0	0
6.59299999999985	3.00900000000001	6.39099999999996	0	0
6.673	2.04200000000003	6.65999999999997	0	0
11.1210000000001	5.435	10.418	0	0
6.59999999999991	1.60499999999996	6.65599999999995	0	0
6.54200000000014	1.60399999999998	6.17499999999995	0	0
6.57899999999995	1.952	6.77400000000011	0	0
6.09099999999989	2.20899999999995	6.20799999999986	0	0
6.58799999999997	2.08499999999998	6.62000000000012	0	0
11.1099999999999	4.41999999999996	10.904	0	0
7.68100000000004	2.18700000000001	7.01300000000015	0	0
11.9570000000001	7.71600000000001	10.694	0	0
12.3389999999999	4.37400000000002	11.2330000000002	0	0
7.02400000000011	2.154	6.43000000000006	0	0
6.98399999999992	1.89499999999998	6.46699999999987	0	0
7.59399999999982	2.57300000000004	7.07999999999993	0	0
8.10299999999984	2.31999999999999	7.41800000000012	0	0
12.1900000000001	5.596	11.1030000000001	0	0
10.5430000000001	3.33699999999999	10.1469999999999	0	0
6.89099999999985	2.43899999999996	6.15699999999993	0	0
6.17500000000018	1.66999999999996	6.00299999999993	0	0
6.84500000000003	1.49800000000005	7.08600000000001	0	0
6.99299999999994	2.78700000000003	6.77099999999996	0	0
7.01700000000005	3.11500000000001	6.58499999999981	0	0
6.76499999999987	2.72099999999989	6.4190000000001	0	0
6.6389999999999	2.00999999999999	6.21900000000005	0	0
7.55799999999999	3.14300000000003	6.78799999999978	0	0
7.11099999999988	1.94299999999998	6.4079999999999	0	0
6.73000000000002	1.95799999999997	6.22200000000021	0	0
6.29300000000012	1.952	6.14400000000001	0	0
6.71000000000004	2.25599999999997	6.20399999999995	0	0
11.297	4.34199999999998	10.95	0	0
7.4670000000001	2.66599999999994	6.87899999999991	0	0
6.60299999999984	1.73000000000002	6.24600000000009	0	0
6.21800000000007	1.89700000000005	5.72300000000018	0	0
7.71100000000001	1.77800000000002	7.19600000000014	0	0
7.721	1.42999999999995	7.50700000000006	0	0
12.867	4.50900000000001	11.9970000000001	0	0
11.5690000000002	4.69100000000003	10.9159999999999	0	0
6.59199999999987	1.94500000000005	6.202	0	0
6.75600000000009	1.89100000000008	5.93399999999997	0	0
8.22299999999996	3.73300000000006	7.47600000000011	0	0
6.75300000000016	2.48900000000003	6.23199999999997	0	0
7.84699999999998	2.49400000000003	7.52199999999993	0	0
7.2170000000001	2.69200000000001	6.81200000000013	0	0
6.66199999999981	2.60899999999992	6.29199999999992	0	0
6.16000000000008	1.62699999999995	5.79500000000007	0	0
7.47600000000011	1.774	6.70800000000008	0	0
8.36900000000014	3.14299999999992	7.48900000000003	0	0
8.17599999999993	3.19100000000003	7.34000000000015	0	0
7.41300000000001	2.97500000000002	6.99900000000002	0	0
6.95399999999995	2.5680000000001	6.26700000000005	0	0
6.79899999999998	3.51400000000001	6.19700000000012	0	0
6.66599999999994	2.17100000000005	6.17999999999984	0	0
6.69000000000005	1.68799999999999	6.07999999999993	0	0
7.09099999999989	2.03999999999996	6.44000000000005	0	0
6.98099999999999	1.91499999999996	6.40300000000002	0	0
6.88400000000001	1.83500000000004	6.56700000000001	0	0
7.44100000000003	1.74900000000002	6.66300000000001	0	0
13.577	5.553	12.3210000000001	0	0
6.54099999999994	2.46600000000001	5.92900000000009	0	0
6.70399999999995	1.51300000000003	6.61699999999996	0	0
7.97900000000004	3.096	7.05400000000009	0	0
6.75500000000011	1.976	6.58899999999994	0	0
12.058	3.92999999999995	11.5440000000001	0	0
6.59300000000007	2.41800000000001	6.28600000000006	0	0
13.0049999999999	4.32600000000002	12.0170000000001	0	0
6.73800000000006	2.36199999999997	6.76900000000001	0	0
8.00800000000004	3.47699999999998	7.5150000000001	0	0
6.58999999999992	1.80499999999995	6.06799999999998	0	0
6.94599999999991	1.56299999999999	6.48399999999992	0	0
6.86500000000024	2.423	6.39899999999989	0	0
6.76400000000012	2.9369999999999	6.46799999999985	0	0
7.63999999999987	3.01200000000006	6.94000000000005	0	0
8.07000000000016	5.53599999999994	6.8309999999999	0	0
7.50499999999965	1.86599999999999	6.71199999999999	0	0
6.42399999999998	1.91100000000006	5.95999999999981	0	0
6.8119999999999	2.14099999999996	6.11299999999983	0	0
6.86900000000014	2.46100000000001	6.298	0	0
12.4009999999998	4.07299999999998	11.9079999999999	0	0
7.24000000000024	3.14700000000005	6.47400000000016	0	0
6.64700000000039	2.57999999999993	6.38999999999987	0	0
7.21300000000019	2.28000000000009	6.67600000000039	0	0
7.33100000000013	2.63400000000001	6.51499999999987	0	0
6.97600000000011	3.5	6.27200000000039	0	0
6.79599999999982	2.60699999999997	6.38299999999981	0	0
7.08200000000033	2.86899999999991	6.93100000000004	0	0
7.07300000000032	2.17599999999993	6.33500000000004	0	0
7.05299999999988	2.07999999999993	6.89600000000019	0	0
7.25899999999956	3.72900000000004	6.85699999999997	0	0
7.43399999999974	1.50400000000002	6.98100000000022	0	0
6.42500000000018	1.08399999999995	6.5619999999999	0	0
6.53999999999996	1.96699999999998	6.17099999999982	0	0
6.19800000000032	1.45500000000004	5.61999999999989	0	0
11.9250000000002	5.17600000000004	11.183	0	0
6.98600000000033	2.62599999999998	6.27500000000009	0	0
7.26499999999987	2.51900000000001	7.26499999999987	0	0
6.93499999999995	1.96299999999997	6.19500000000016	0	0
13.8829999999998	7.68700000000001	11.9480000000003	0	0
7.33600000000024	1.71499999999992	6.60800000000017	0	0
7.6260000000002	2.7600000000001	6.66499999999996	0	0
7.18499999999995	2.94500000000005	6.39899999999989	0	0
6.66399999999976	2.69399999999996	6.55100000000039	0	0
7.69599999999991	3.04599999999994	6.83599999999979	0	0
7.6260000000002	2.279	6.98100000000022	0	0
8.2470000000003	4.70900000000006	7.38499999999976	0	0
6.89300000000003	1.66999999999996	6.654	0	0
11.5010000000002	4.76599999999996	11.2040000000002	0	0
6.37299999999959	2.57500000000005	6.15599999999995	0	0
7.375	2.26300000000003	6.83600000000024	0	0
10.8229999999999	3.78300000000002	10.0230000000001	0	0
6.75999999999976	1.05400000000009	6.80899999999974	0	0
6.35599999999977	1.84400000000005	6.23099999999977	0	0
7.30600000000004	1.91399999999999	7.31500000000005	0	0
8.42799999999988	3.51700000000005	7.70200000000023	0	0
7.29099999999971	2.91700000000003	6.75099999999975	0	0
6.87599999999975	3.23500000000001	6.74200000000019	0	0
12.9369999999999	4.654	12.1480000000001	0	0
7.27100000000019	3.16800000000001	6.85599999999977	0	0
6.19399999999996	2.077	5.91100000000006	0	0
11.3470000000002	4.56999999999994	10.723	0	0
7.63999999999987	2.46600000000012	7.05799999999999	0	0
6.52100000000019	1.96299999999997	5.85299999999961	0	0
6.70200000000023	1.91899999999987	6.74699999999984	0	0
6.48300000000017	3.09500000000003	6.68200000000024	0	0
6.58299999999963	2.25399999999991	6.096	0	0
7.36699999999973	2.48800000000006	7.15599999999995	0	0
11.6280000000002	4.79600000000005	10.886	0	0
6.38400000000001	1.68599999999992	6.34899999999971	0	0
11.5419999999999	3.05899999999997	11.5370000000003	0	0
11.2620000000002	3.31299999999987	10.848	0	0
7.29700000000003	2.32299999999987	6.57799999999997	0	0
7.154	1.80400000000009	6.66699999999992	0	0
6.83699999999999	1.5	6.38299999999981	0	0
7.23400000000038	2.12699999999995	6.36299999999983	0	0
6.77500000000009	2.11000000000013	6.48099999999977	0	0
6.86700000000019	2.80600000000004	6.49099999999999	0	0
7.48399999999992	2.1690000000001	6.97299999999996	0	0
12.2039999999997	4.29099999999994	11.181	0	0
11.1440000000002	2.76099999999997	11.0830000000001	0	0
6.67399999999998	3.01499999999987	5.83200000000033	0	0
7.40999999999985	3.50199999999995	6.78999999999996	0	0
11.6329999999998	4.12000000000012	10.7329999999997	0	0
13.3269999999998	6.60200000000009	12.0810000000001	0	0
6.97699999999986	2.23599999999988	6.40099999999984	0	0
12.7779999999998	5.16599999999994	11.1990000000001	0	0
7.34400000000005	2.32899999999995	6.8779999999997	0	0
12.6880000000001	5.13000000000011	11.277	0	0
7.25700000000006	2.11400000000003	6.43300000000045	0	0
13.654	8.08199999999988	12.1019999999999	0	0
8.96300000000019	4.99199999999996	7.87700000000041	0	0
6.57499999999982	2.79600000000005	5.83399999999983	0	0
7.9970000000003	3.03699999999981	7.12699999999995	0	0
8.90000000000009	2.87300000000005	8.09800000000041	0	0
7.02399999999989	2.846	6.81799999999976	0	0
6.79299999999967	2.34099999999989	6.35399999999981	0	0
13.5659999999998	5.4849999999999	12.3739999999998	0	0
10.627	5.02700000000004	9.82500000000027	0	0
7.7170000000001	3.1070000000002	7.17299999999977	0	0
8.00500000000011	2.74199999999996	7.41000000000031	0	0
7.6850000000004	4.12999999999988	7.15300000000025	0	0
7.66199999999981	2.09899999999993	7.05400000000009	0	0
11.9690000000001	4.83500000000004	10.9989999999998	0	0
6.98199999999997	2.86700000000019	6.79199999999992	0	0
8.23799999999983	4.15800000000013	7.37300000000005	0	0
7.56299999999965	3.07099999999991	6.96300000000019	0	0
7.28899999999976	3.05999999999995	6.71900000000005	0	0
6.51300000000037	1.62300000000005	6.03300000000036	0	0
6.48999999999978	2.90200000000004	5.98499999999967	0	0
7.07000000000016	2.7059999999999	6.4340000000002	0	0
7.03699999999981	2.69299999999998	6.27700000000004	0	0
7.63299999999981	3.18299999999999	7.08300000000008	0	0
6.60599999999977	3.00999999999999	5.95499999999993	0	0
7.12300000000005	3.14400000000001	6.47399999999971	0	0
6.88699999999972	1.5920000000001	6.4670000000001	0	0
6.94300000000021	1.77599999999984	6.52099999999973	0	0
13.0030000000002	5.19000000000005	11.7579999999998	0	0
6.46500000000015	2.14300000000003	6.38999999999987	0	0
6.27599999999984	2.36400000000003	6.33399999999983	0	0
6.7170000000001	2.03400000000011	6.42900000000009	0	0
6.4380000000001	1.99299999999994	6.44700000000012	0	0
11.2840000000001	4.69000000000005	11.152	0	0
6.21300000000019	1.51700000000005	6.3119999999999	0	0
7.48500000000013	3.83699999999999	7.23000000000002	0	0
7.26699999999983	2.03399999999988	6.80199999999968	0	0
6.97800000000007	1.39499999999998	6.68200000000024	0	0
6.97299999999996	3.49900000000002	6.58899999999994	0	0
7.30899999999974	1.64100000000008	6.83499999999958	0	0
6.91699999999992	1.66200000000003	6.72499999999991	0	0
6.8130000000001	1.58600000000001	6.52299999999968	0	0
11.7290000000003	4.43000000000006	10.7660000000001	0	0
7.50300000000016	1.47800000000007	7.05099999999993	0	0
7.23999999999978	1.89200000000005	6.73500000000013	0	0
7.13099999999986	2.5	6.48000000000002	0	0
13.422	5.14500000000021	12.0830000000001	0	0
13.2379999999998	5.65899999999988	12.2910000000002	0	0
7.10300000000007	2.42200000000003	6.96299999999974	0	0
11.8040000000001	4.22299999999996	11.0880000000002	0	0
13.0430000000001	6.03600000000006	12.0160000000001	0	0
6.47899999999981	1.43700000000013	6.34199999999964	0	0
7.03400000000011	2.03600000000006	6.47800000000007	0	0
6.53200000000015	2.08999999999992	5.96399999999994	0	0
7.49800000000005	2.9079999999999	6.87900000000036	0	0
6.83400000000029	3.11999999999989	6.52299999999968	0	0
7.54899999999998	3.24799999999982	6.69000000000005	0	0
6.94699999999966	1.9079999999999	6.25599999999986	0	0
6.79300000000012	1.79700000000003	6.19399999999996	0	0
6.85700000000043	2.24600000000009	6.26000000000022	0	0
6.96100000000024	2.33999999999992	6.17599999999993	0	0
12.6120000000001	5.88000000000011	11.3490000000002	0	0
6.90700000000015	2.0440000000001	6.21799999999985	0	0
12.7560000000003	4.75800000000004	11.2310000000002	0	0
6.63299999999981	1.83200000000011	6.03800000000001	0	0
12.1880000000001	3.51299999999992	11.2919999999999	0	0
7.16499999999996	1.84800000000018	6.47499999999991	0	0
12.3149999999996	3.59899999999993	11.3270000000002	0	0
12.3549999999996	4.17200000000003	11.25	0	0
6.99799999999959	1.60800000000017	6.43299999999999	0	0
7.47999999999956	1.94899999999984	6.82200000000012	0	0
6.86099999999988	1.47000000000003	6.57900000000018	0	0
8.14800000000014	3.19100000000003	7.11700000000019	0	0
7.86700000000019	2.44299999999998	6.97299999999996	0	0
12.3089999999993	4.95400000000018	11.5029999999997	0	0
6.87700000000041	3.94499999999994	6.26499999999987	0	0
7.00799999999981	2.4050000000002	6.24299999999994	0	0
7.66199999999935	3.029	6.71900000000005	0	0
12.6149999999998	4.61799999999994	12.4530000000004	0	0
7.38699999999972	2.49800000000005	6.6239999999998	0	0
7.17900000000009	1.52499999999986	6.82800000000043	0	0
6.36300000000028	2.38799999999992	5.84900000000016	0	0
6.29700000000048	2.50999999999999	6.07899999999972	0	0
6.13900000000012	1.59799999999996	6.03500000000076	0	0
6.85900000000038	1.7829999999999	6.2559999999994	0	0
5.90999999999985	1.21699999999987	5.80099999999948	0	0
6.84400000000005	2.40699999999993	6.27900000000045	0	0
6.73999999999978	1.27700000000004	6.34000000000015	0	0
7.03099999999995	2.55899999999997	6.82400000000052	0	0
7.33400000000074	3.37800000000016	6.77199999999993	0	0
7.32000000000062	2.23000000000002	6.82799999999952	0	0
6.82399999999961	3.36900000000014	6.48400000000038	0	0
8.41599999999926	2.50999999999999	7.65499999999975	0	0
6.48100000000068	2.47199999999998	5.9320000000007	0	0
6.92499999999927	3.01800000000003	6.53999999999996	0	0
7.8769999999995	1.86899999999991	7.29600000000028	0	0
11.4690000000001	3.30999999999995	11.0020000000004	0	0
7.30699999999979	2.17900000000009	6.52199999999993	0	0
6.94499999999971	1.65599999999995	6.54600000000028	0	0
6.47800000000007	2.18399999999997	5.93599999999969	0	0
7.5659999999998	3.3900000000001	7.01299999999992	0	0
7.35100000000057	2.21699999999987	6.72900000000027	0	0
6.81400000000031	1.8889999999999	6.65799999999945	0	0
7.02599999999984	1.87999999999988	6.67000000000007	0	0
6.95700000000033	1.73099999999999	6.57200000000012	0	0
6.34799999999996	1.94500000000016	6.70799999999963	0	0
6.65499999999975	2.32899999999995	6.41100000000006	0	0
6.19599999999991	1.56799999999998	5.77700000000004	0	0
12.9869999999992	5.98299999999995	11.8370000000004	0	0
7.50399999999991	2.37599999999998	6.71299999999974	0	0
6.29500000000007	1.81899999999996	6.56500000000051	0	0
7.59599999999955	3.45499999999993	6.61599999999999	0	0
11.7690000000002	4.09099999999989	11.5559999999996	0	0
7.03399999999965	2.89699999999993	6.46900000000005	0	0
6.88900000000012	2.63200000000006	6.46399999999994	0	0
6.33799999999974	2.08699999999999	6.00200000000041	0	0
7.26599999999962	2.68299999999999	6.62599999999929	0	0
7.14300000000003	2.88599999999997	6.33800000000065	0	0
13.6060000000007	5.85000000000014	12.2000000000007	0	0
6.85500000000047	2.0590000000002	6.75	0	0
7.61400000000049	2.52299999999991	7.26600000000053	0	0
6.73400000000038	1.7940000000001	6.25099999999929	0	0
7.46300000000065	2.37199999999984	6.96900000000005	0	0
6.78600000000006	2.73400000000015	6.11400000000049	0	0
6.73999999999978	1.79299999999989	6.35099999999966	0	0
12.8540000000003	6.41700000000014	11.5100000000002	0	0
7.24099999999999	2.19299999999998	6.88599999999951	0	0
6.60300000000007	2.30899999999997	6.33500000000004	0	0
7.73400000000038	2.26999999999998	6.83100000000013	0	0
6.90099999999984	2.76999999999998	6.52300000000014	0	0
7.38799999999992	2.46299999999997	7.05699999999979	0	0
6.54100000000017	2.44100000000003	6.24399999999969	0	0
6.78200000000015	2.39899999999989	6.70899999999983	0	0
6.94900000000052	1.98799999999983	6.14400000000023	0	0
9.1309999999994	2.53800000000001	8.35599999999977	0	0
7.34799999999996	4.13000000000011	7.1200000000008	0	0
7.42299999999977	1.779	7.15999999999985	0	0
6.46000000000004	2.30300000000011	6.21000000000004	0	0
7.24200000000019	1.56500000000005	6.65499999999975	0	0
7.59699999999975	3.67099999999982	7.16200000000026	0	0
7.28899999999976	2.13300000000004	6.66699999999946	0	0
7.44700000000012	2.49199999999996	6.86399999999958	0	0
12.3310000000001	4.60500000000002	11.3689999999997	0	0
6.67000000000007	2.66000000000008	6.09000000000015	0	0
11.7489999999998	4.75900000000001	11.2160000000003	0	0
6.72000000000025	2.548	6.30699999999979	0	0
7.15099999999984	3.10900000000015	6.56700000000001	0	0
6.7480000000005	3.39699999999993	6.11300000000028	0	0
6.84699999999975	2.59699999999998	6.86499999999978	0	0
6.64699999999993	2.28400000000011	6.06999999999971	0	0
7.14000000000033	2.66699999999992	6.8739999999998	0	0
6.98999999999978	2.16399999999999	6.87100000000009	0	0
7.48999999999978	1.96500000000015	7.58899999999994	0	0
6.8779999999997	2.27600000000007	6.71900000000005	0	0
8.27000000000044	3.31400000000008	7.60599999999977	0	0
7.59800000000087	2.42599999999993	7.11500000000069	0	0
7.625	2.32600000000002	7.66300000000047	0	0
7.11399999999958	2.28999999999996	6.92100000000028	0	0
7.07699999999932	1.31999999999971	7.16600000000017	0	0
6.3799999999992	2.02999999999975	5.85699999999997	0	0
7.03299999999945	2.36299999999983	6.50300000000061	0	0
5.86700000000019	1.42700000000013	5.92700000000059	0	0
7.3090000000002	2.18299999999999	6.97000000000025	0	0
8.02599999999984	3.55099999999993	6.99399999999969	0	0
8.44999999999982	2.06399999999985	8.21999999999935	0	0
6.59500000000025	1.55499999999984	6.47999999999956	0	0
7.05799999999999	1.5930000000003	6.65799999999945	0	0
7.35300000000007	1.79300000000012	6.54100000000017	0	0
7.35699999999997	1.41499999999996	6.91899999999987	0	0
6.9389999999994	2.09799999999996	6.25600000000031	0	0
7.31999999999971	2.34799999999996	6.45100000000002	0	0
6.77800000000025	2.0619999999999	6.47800000000007	0	0
7.64100000000053	2.57699999999977	6.93900000000031	0	0
6.05100000000039	2.27700000000004	5.79799999999977	0	0
6.74099999999999	2.78400000000011	6.40399999999954	0	0
6.65200000000004	3.05799999999999	5.93399999999929	0	0
6.75500000000011	1.73100000000022	6.49499999999989	0	0
11.4160000000002	4.81500000000005	11.0870000000004	0	0
7.22999999999956	2.18600000000015	6.84499999999935	0	0
7.47499999999945	3.00900000000001	6.76000000000022	0	0
7.72699999999986	2.39399999999978	7.67399999999998	0	0
6.7440000000006	2.05199999999968	6.58200000000033	0	0
7.41000000000076	2.64199999999983	6.65999999999985	0	0
11.5	4.96599999999989	11.0119999999997	0	0
12.1880000000001	4.13700000000017	11.6459999999997	0	0
7.39100000000053	2.04699999999957	6.77500000000055	0	0
7.04899999999998	3.33199999999988	6.77000000000044	0	0
6.5590000000002	1.55200000000013	6.18099999999959	0	0
7.01100000000042	1.89199999999983	6.71599999999944	0	0
6.46700000000055	1.5359999999996	6.32300000000032	0	0
6.69899999999961	1.77600000000029	5.97900000000027	0	0
6.96700000000055	3.48800000000028	6.56999999999971	0	0
5.74799999999959	1.06999999999971	5.90599999999995	0	0
7.49299999999948	3.23399999999992	7.03400000000056	0	0
7.03400000000056	2.67699999999968	6.79100000000017	0	0
7.23299999999927	2.95499999999993	6.75200000000041	0	0
7.75600000000031	3.5329999999999	7.01599999999962	0	0
7.18299999999999	1.80799999999999	6.58700000000044	0	0
7.11599999999999	1.92900000000009	6.28300000000036	0	0
8.03800000000047	3.79999999999973	7.31500000000051	0	0
6.60499999999956	2.3390000000004	6.06700000000001	0	0
7.27900000000045	2.36000000000013	7.19999999999982	0	0
12.6010000000006	4.6579999999999	11.3810000000003	0	0
7.45699999999943	2.04399999999987	6.78000000000065	0	0
6.87100000000009	2.76600000000008	6.3159999999998	0	0
7.16799999999967	2.00599999999986	6.98300000000017	0	0
6.55099999999948	0.933999999999742	6.22199999999975	0	0
7.15399999999954	1.86799999999994	6.99300000000039	0	0
7.32299999999941	4.14600000000019	6.52899999999954	0	0
7.53700000000026	2.16199999999981	6.86099999999988	0	0
7.53699999999935	3.28099999999995	6.5630000000001	0	0
7.12100000000009	2.23200000000043	6.3779999999997	0	0
6.72000000000025	2.78999999999996	6.28099999999995	0	0
7.1860000000006	2.17799999999988	6.99200000000019	0	0
6.97199999999975	1.24599999999964	6.92699999999968	0	0
11.9529999999995	4.51200000000017	11.0740000000005	0	0
6.79500000000007	2.26099999999997	6.1309999999994	0	0
7.01199999999972	2.23900000000003	6.53099999999995	0	0
6.16199999999935	1.49299999999994	5.80600000000049	0	0
7.63100000000031	2.904	7.12100000000009	0	0
6.37299999999959	1.77100000000019	6.3100000000004	0	0
7.26800000000003	2.49500000000035	6.91399999999976	0	0
6.5590000000002	2.70499999999993	6.21999999999935	0	0
11.9160000000002	4.96799999999985	10.4929999999995	0	0
7.29600000000028	3.30100000000039	6.58500000000004	0	0
7.23099999999977	1.96599999999989	6.55200000000059	0	0
6.04300000000057	1.66900000000032	6.20499999999993	0	0
7.74399999999969	3.19599999999991	7.64199999999983	0	0
6.6929999999993	2.39399999999978	6.20899999999983	0	0
7.58200000000033	1.8430000000003	7.61099999999988	0	0
6.61099999999988	1.82799999999997	6.63400000000001	0	0
7.39099999999962	1.9369999999999	6.84500000000025	0	0
6.37599999999929	1.28400000000011	6.39199999999983	0	0
7.94599999999991	3.61000000000013	7.2529999999997	0	0
7.07099999999991	1.70799999999963	6.39000000000033	0	0
7.98300000000017	3.55400000000009	7.0659999999998	0	0
7.73400000000038	2.10000000000036	7.09199999999964	0	0
7.34299999999985	2.4340000000002	6.97299999999996	0	0
6.98300000000017	2.01899999999978	6.53099999999995	0	0
7.70699999999943	2.7199999999998	6.89899999999943	0	0
6.2529999999997	1.14899999999989	6.04700000000048	0	0
7.5639999999994	2.82700000000023	7.14300000000003	0	0
6.54799999999977	2.11100000000033	6.15699999999924	0	0
8.06700000000001	2.56899999999996	7.59299999999985	0	0
7.25799999999981	3.41399999999976	6.8159999999998	0	0
12.3649999999998	4.75700000000006	11.5790000000006	0	0
8.04699999999957	3.20400000000018	7.35999999999967	0	0
6.5659999999998	1.45400000000018	6.20299999999952	0	0
7.66200000000026	3.13299999999981	7.00399999999991	0	0
6.55699999999979	2.28200000000015	6.43499999999949	0	0
7.78899999999976	2.56500000000005	7.75699999999961	0	0
11.7160000000003	4.36000000000013	11.1639999999998	0	0
7.25399999999991	3.2819999999997	6.5590000000002	0	0
6.55299999999988	2.84299999999985	6.4389999999994	0	0
8.23300000000017	3.38000000000011	8.01999999999953	0	0
6.55299999999988	2.13299999999981	6.38100000000031	0	0
8.07099999999991	2.78999999999996	7.3119999999999	0	0
7.38599999999951	2.17599999999993	6.50099999999929	0	0
6.82499999999982	2.58899999999994	6.41000000000076	0	0
7.71999999999935	2.89699999999993	7.16799999999967	0	0
7.34799999999996	2.51699999999983	6.96100000000024	0	0
6.46999999999935	2.49600000000009	6.16800000000057	0	0
8.17900000000009	2.38700000000017	7.65400000000045	0	0
6.66499999999996	2.3130000000001	5.78000000000065	0	0
11.4629999999997	4.19900000000007	10.9290000000001	0	0
12.2330000000002	5.33600000000024	11.0909999999994	0	0
7.49600000000009	2.14199999999983	6.8100000000004	0	0
12.1220000000003	6.31099999999969	11.6310000000003	0	0
12.5150000000003	4.42000000000007	11.46	0	0
7.53499999999985	3.05200000000013	7.12199999999939	0	0
8.03099999999995	4.3100000000004	7.01800000000003	0	0
6.67699999999968	2.05799999999999	6.09499999999935	0	0
6.94599999999991	1.72899999999981	6.79299999999967	0	0
6.55799999999999	2.49299999999994	6.36299999999937	0	0
12.7610000000004	4.03999999999996	12.4960000000001	0	0
6.96500000000015	2.92100000000028	6.88400000000001	0	0
12.3010000000004	3.39300000000003	11.6120000000001	0	0
11.6260000000002	5.08399999999983	10.79	0	0
12.5129999999999	5.79799999999977	11.3689999999997	0	0
7.28000000000065	3.75500000000011	6.43499999999949	0	0
7.96700000000055	2.18899999999985	7.97400000000016	0	0
7.51000000000022	1.50199999999995	7.24600000000009	0	0
7.14799999999923	2.35300000000007	7.0619999999999	0	0
7.33799999999974	3.05799999999999	6.71999999999935	0	0
6.86999999999989	2.0329999999999	6.61500000000069	0	0
6.10200000000077	2.1569999999997	6.27900000000045	0	0
7.0619999999999	1.52100000000019	6.92599999999948	0	0
7.55600000000049	3.98900000000003	6.91100000000006	0	0
6.97699999999986	2.18199999999979	6.83700000000044	0	0
6.3090000000002	1.279	5.96700000000055	0	0
7.41200000000026	2.48599999999988	7.30099999999948	0	0
6.73900000000049	2.67799999999988	6.38499999999931	0	0
11.5140000000001	3.05700000000024	11.259	0	0
6.42000000000007	2.39300000000003	6.48899999999958	0	0
11.9000000000005	3.35500000000002	11.0530000000008	0	0
7.53799999999956	2.44900000000007	7.23399999999947	0	0
7.18199999999979	3.32700000000023	6.50600000000031	0	0
7.27900000000045	2.98600000000033	6.83200000000033	0	0
6.64300000000003	1.36500000000024	6.08200000000033	0	0
7.65399999999954	1.89699999999993	6.97500000000036	0	0
7.05999999999949	2.60100000000011	6.61400000000049	0	0
6.875	2.221	6.49600000000009	0	0
7.50399999999991	5.02800000000025	7.04799999999977	0	0
6.91199999999935	2.22700000000032	6.4380000000001	0	0
6.51100000000042	3.03400000000011	6.02899999999954	0	0
7.36400000000049	2.51299999999992	6.54899999999998	0	0
6.07300000000032	1.88000000000011	6.11999999999989	0	0
7.90599999999995	4.16300000000001	6.97600000000057	0	0
6.6239999999998	2.27799999999979	6.45800000000054	0	0
7.42000000000007	3.31800000000021	6.5600000000004	0	0
11.3379999999997	5.48800000000028	10.6610000000001	0	0
6.69800000000032	1.86099999999988	6.30299999999988	0	0
7.14500000000044	1.71499999999969	6.39100000000053	0	0
7.05699999999979	3.0319999999997	6.31500000000051	0	0
6.98199999999997	1.93000000000029	6.25200000000041	0	0
6.70000000000073	2.26900000000023	6.11799999999948	0	0
7.15399999999954	2.18600000000015	6.35899999999947	0	0
6.68099999999959	2.76999999999998	5.73900000000049	0	0
13.0959999999995	4.83400000000029	12.0700000000006	0	0
7.3159999999998	2.53900000000021	6.79700000000048	0	0
7.59899999999925	3.17399999999998	7.14399999999932	0	0
7.28799999999956	2.79899999999998	6.47699999999986	0	0
6.75900000000001	2.23499999999967	5.875	0	0
8.32300000000032	2.87599999999975	7.83299999999963	0	0
6.64800000000014	1.89100000000008	5.88300000000072	0	0
6.9380000000001	2.22899999999981	6.82600000000002	0	0
7.10000000000036	1.92299999999977	6.52700000000004	0	0
13.1199999999999	4.67500000000018	11.8059999999996	0	0
7.01400000000012	2.92000000000007	6.10300000000007	0	0
7.52700000000004	2.04399999999987	7.09899999999925	0	0
13.6269999999995	6.10799999999972	12.0770000000002	0	0
6.88200000000052	1.80999999999995	6.76099999999951	0	0
6.2440000000006	1.58699999999999	6.13200000000052	0	0
12.2190000000001	4.9670000000001	11.4980000000005	0	0
7.03700000000026	2.05400000000009	6.4950000000008	0	0
11.1220000000003	2.87100000000009	10.9920000000002	0	0
7.60499999999956	3.38599999999997	6.56800000000021	0	0
6.9409999999998	2.654	6.17600000000039	0	0
6.59499999999935	2.03499999999985	6.44699999999921	0	0
6.47099999999955	2.6880000000001	6.08199999999943	0	0
6.65899999999965	2.64699999999993	6.10100000000057	0	0
11.2599999999993	4.51699999999983	10.9470000000001	0	0
6.90599999999995	2.07000000000016	6.84500000000025	0	0
6.93199999999979	1.95699999999988	6.97800000000007	0	0
11.0689999999995	4.22199999999975	10.982	0	0
7.1860000000006	2.30299999999988	6.6840000000002	0	0
6.875	1.72199999999975	6.27899999999954	0	0
6.78900000000067	3.47400000000016	6.13299999999981	0	0
12.4759999999987	4.60199999999986	11.4160000000002	0	0
7.91600000000108	3.86599999999999	7.21599999999944	0	0
6.33799999999974	2.02599999999984	5.82600000000002	0	0
7.39900000000125	2.88799999999992	6.90599999999995	0	0
6.52000000000044	3.2829999999999	6.63000000000011	0	0
7.11000000000058	1.79100000000017	6.625	0	0
11.1910000000007	3.60100000000011	10.924	0	0
7.52200000000084	2.49599999999964	7.04799999999977	0	0
7.01499999999942	1.88000000000011	6.3119999999999	0	0
7.49099999999999	3.20700000000033	6.60500000000047	0	0
6.45299999999952	2.33200000000033	6.23300000000017	0	0
6.84399999999914	2.82200000000012	6.75	0	0
7.35199999999895	2.48700000000008	6.61899999999969	0	0
7.47899999999936	1.69699999999966	6.86800000000039	0	0
6.79200000000128	2.94299999999976	5.90999999999985	0	0
6.80299999999988	2.6569999999997	6.40299999999934	0	0
7.36300000000119	2.72699999999986	6.58299999999963	0	0
12.3140000000003	5.23300000000017	11.4319999999998	0	0
6.27499999999964	2.30600000000004	6.34600000000046	0	0
7.06899999999951	2.31400000000031	7.11700000000019	0	0
7.60199999999895	2.07600000000002	6.88199999999961	0	0
7.45900000000074	3.14200000000028	6.80699999999979	0	0
6.70999999999913	2.8149999999996	6.20100000000002	0	0
7.70800000000054	3.33500000000004	6.86700000000019	0	0
6.47299999999996	0.985000000000127	6.42999999999938	0	0
7.28999999999905	2.18899999999985	6.88400000000001	0	0
13.7109999999993	5.3720000000003	12.3820000000005	0	0
7.44399999999951	3.30299999999988	7.00099999999929	0	0
7.40400000000045	3.06299999999965	7.07600000000002	0	0
6.84499999999935	1.99200000000019	6.59500000000025	0	0
7.33100000000013	2.08699999999999	6.69000000000051	0	0
7.01499999999942	2.30499999999984	6.87899999999991	0	0
7.02099999999882	1.72900000000027	6.3090000000002	0	0
6.88199999999961	3.21000000000004	6.79199999999946	0	0
6.63299999999981	1.89800000000014	6.08299999999963	0	0
7.31499999999869	2.92300000000023	6.75600000000031	0	0
12.862000000001	5.14100000000008	11.643	0	0
7.27599999999984	2.82200000000012	6.93900000000031	0	0
12.1439999999984	3.43000000000029	11.875	0	0
7.23599999999897	3.1840000000002	6.60500000000047	0	0
7.93599999999969	3.36300000000028	7.4389999999994	0	0
6.73000000000138	1.21599999999989	6.40600000000086	0	0
7.21399999999994	2.35899999999992	6.35500000000138	0	0
7.78700000000026	1.61000000000013	7.37299999999959	0	0
6.89699999999903	2.47200000000021	6.31800000000112	0	0
7.75900000000001	3.26399999999967	6.82699999999932	0	0
7.09900000000016	3.24499999999989	6.06900000000132	0	0
5.86800000000039	1.57299999999987	6.08499999999913	0	0
7.00300000000061	3.53600000000006	6.20200000000114	0	0
8.51599999999962	3.17900000000009	7.91700000000128	0	0
7.32599999999911	3.94999999999982	6.36300000000119	0	0
6.79099999999926	1.97299999999996	6.49399999999878	0	0
6.93100000000049	2.9060000000004	6.57799999999952	0	0
6.56099999999969	2.57400000000007	6.24499999999898	0	0
8.24099999999999	6.22600000000011	7.60100000000057	0	0
6.49300000000039	1.89699999999993	6.21100000000115	0	0
7.64999999999964	4.74600000000009	6.74199999999837	0	0
7.39499999999862	3.53699999999981	7.11499999999978	0	0
8.22899999999936	5.45699999999988	7.65200000000004	0	0
7.78299999999945	4.08200000000033	7.10800000000017	0	0
8.00300000000061	5.19900000000007	7.15699999999924	0	0
7.27000000000044	2.36500000000024	6.91599999999926	0	0
6.86299999999937	1.78999999999996	6.29200000000128	0	0
7.28299999999945	1.60899999999992	6.37799999999879	0	0
8.08300000000054	2.77999999999975	7.25500000000102	0	0
11.7769999999982	4.19200000000001	11.1090000000004	0	0
8.35200000000077	2.47399999999971	7.62300000000141	0	0
6.41200000000026	2.22499999999991	6.42300000000068	0	0
10.9319999999989	2.48899999999958	10.7139999999999	0	0
6.45899999999892	2.08500000000004	5.98599999999897	0	0
7.17300000000068	2.95200000000023	6.91300000000047	0	0
6.93100000000049	1.92900000000009	6.97200000000157	0	0
7.27799999999843	1.9380000000001	6.64400000000023	0	0
7.86000000000058	1.96900000000005	7.0619999999999	0	0
11.8289999999997	3.89499999999998	11.2919999999995	0	0
6.86100000000079	1.6880000000001	7.13400000000001	0	0
7.07899999999972	1.72700000000032	6.95199999999932	0	0
6.97100000000137	1.86200000000008	6.9369999999999	0	0
6.48899999999958	2.94799999999987	6.71599999999853	0	0
6.62700000000041	2.19600000000037	6.8799999999992	0	0
7.57799999999952	2.92099999999982	7.02900000000045	0	0
6.39300000000003	1.9050000000002	5.76000000000022	0	0
7.68499999999949	4.21100000000024	7.27899999999863	0	0
6.45299999999952	1.44399999999996	6.08800000000156	0	0
7.67300000000068	2.70600000000013	7.6820000000007	0	0
7.80699999999888	2.67200000000003	7.76200000000063	0	0
6.94500000000153	2.24099999999999	6.52000000000044	0	0
6.04699999999866	1.90499999999975	6.09100000000035	0	0
6.74699999999939	1.79099999999971	6.25700000000143	0	0
7.05599999999868	2.47600000000011	6.70499999999993	0	0
6.85800000000017	1.80500000000029	6.40300000000025	0	0
7.53299999999945	1.99199999999973	6.95100000000093	0	0
7.56700000000092	2.62100000000009	7.25200000000041	0	0
6.42399999999907	1.52500000000009	6.34799999999996	0	0
7.30299999999988	2.70399999999972	6.45600000000013	0	0
7.42399999999907	3.74800000000005	6.67200000000048	0	0
6.36599999999999	2.52199999999993	6.10100000000057	0	0
7.00200000000041	2.92100000000028	6.21299999999974	0	0
6.81099999999969	2.57099999999991	6.31000000000131	0	0
7.47400000000016	3.12999999999965	6.91700000000128	0	0
7.59900000000016	2.66199999999981	6.83799999999974	0	0
7.68500000000131	4.00499999999965	7.39400000000023	0	0
11.744999999999	3.375	11.5560000000005	0	0
11.0739999999987	3.99399999999969	10.3330000000005	0	0
6.79099999999926	1.03600000000006	6.67399999999907	0	0
11.6790000000001	4.4989999999998	10.9969999999994	0	0
7.20499999999993	2.81999999999971	6.22099999999955	0	0
6.76599999999962	2.14499999999998	6.64300000000003	0	0
6.71299999999974	2.75399999999991	6.28899999999885	0	0
7.14999999999964	2.67799999999988	6.65699999999924	0	0
6.43500000000131	1.73500000000013	6.29000000000087	0	0
6.8839999999982	1.9399999999996	7.26900000000023	0	0
6.64999999999964	2.39399999999978	5.9940000000006	0	0
6.41600000000108	2.85999999999967	6.04199999999946	0	0
7.13199999999961	2.92899999999963	6.91399999999885	0	0
6.27800000000025	1.6909999999998	6.30899999999929	0	0
7.95000000000073	3.39499999999998	7.76600000000144	0	0
6.33100000000013	1.60100000000011	6.22700000000077	0	0
6.50400000000081	1.67900000000009	6.28800000000047	0	0
11.8310000000001	4.13599999999997	11.232	0	0
7.10399999999936	2.76000000000022	6.4989999999998	0	0
7.46399999999994	1.96799999999985	6.77299999999923	0	0
6.69499999999971	2.42499999999973	6.2559999999994	0	0
6.42799999999988	1.46399999999994	6.03499999999985	0	0
12.2439999999988	5.52400000000034	11.6219999999994	0	0
7.55600000000049	2.94699999999966	6.84300000000076	0	0
7.21199999999953	2.31899999999996	6.41200000000026	0	0
7.07099999999991	1.50799999999981	6.53800000000047	0	0
7.61300000000119	2.86999999999989	7.47899999999936	0	0
6.9479999999985	1.6840000000002	6.40200000000004	0	0
7.61499999999978	4.05099999999993	7.23300000000017	0	0
8.39400000000023	4.14200000000028	7.76900000000023	0	0
7.36499999999978	2.55099999999993	6.45499999999993	0	0
7.59700000000157	1.60500000000002	7.13299999999981	0	0
7.58300000000054	4.17799999999988	6.76999999999862	0	0
11.7759999999998	5.07799999999997	10.9989999999998	0	0
7.26000000000022	2.20699999999988	6.35800000000017	0	0
6.44399999999951	1.86000000000013	5.98699999999917	0	0
6.83699999999953	1.98099999999977	6.31899999999951	0	0
7.01900000000023	1.87900000000036	6.55400000000009	0	0
12.0439999999999	4.55299999999988	10.7990000000009	0	0
7.06400000000031	3.17799999999988	6.53700000000026	0	0
7.29000000000087	3.49299999999994	6.6309999999994	0	0
7.04600000000028	2.23599999999988	6.38700000000063	0	0
6.59200000000055	1.68299999999999	6.46399999999994	0	0
7.28000000000065	2.72800000000007	6.85400000000118	0	0
7.54299999999967	2.67399999999998	6.90200000000004	0	0
7.32499999999891	1.79199999999992	6.67699999999968	0	0
7.92100000000028	2.91900000000032	7.40999999999985	0	0
6.49299999999857	2.6550000000002	6.68499999999949	0	0
7.63600000000042	3.14699999999993	7.55500000000029	0	0
7.44099999999889	2.05699999999979	6.66900000000169	0	0
6.74799999999959	2.2829999999999	6.51100000000042	0	0
6.02599999999984	1.67100000000028	5.71800000000076	0	0
7.28300000000127	2.86999999999989	6.63299999999981	0	0
6.91600000000108	2.83300000000008	6.39400000000023	0	0
11.9709999999995	5.35100000000011	10.996000000001	0	0
12.5519999999997	4.09799999999996	11.7849999999999	0	0
7.17699999999968	2.43299999999999	6.46300000000156	0	0
7.79700000000048	3.08400000000029	7.04200000000128	0	0
7.3739999999998	2.41199999999981	6.87900000000081	0	0
11.7009999999991	3.88599999999997	11.0820000000003	0	0
6.7559999999994	2.22199999999975	6.56899999999951	0	0
5.88400000000001	1.20599999999968	5.9260000000013	0	0
11.3560000000016	3.97899999999981	10.9429999999993	0	0
5.80500000000029	1.45299999999997	5.34499999999935	0	0
6.09499999999935	1.22299999999996	6.14099999999962	0	0
7.15999999999985	2.61799999999994	6.38500000000022	0	0
6.84000000000015	3.04100000000017	6.41200000000026	0	0
6.8650000000016	1.78500000000031	6.84099999999853	0	0
7.1299999999992	2.49099999999999	6.77999999999884	0	0
6.95700000000033	2.06899999999996	6.19900000000052	0	0
7.38899999999921	3.01600000000008	6.97099999999955	0	0
6.39900000000125	2.14499999999998	5.82099999999991	0	0
6.75300000000061	2.30099999999993	6.71899999999914	0	0
6.7450000000008	1.45499999999993	6.63299999999981	0	0
8.07200000000012	3.13400000000001	7.98599999999897	0	0
6.83799999999974	2.61499999999978	6.76800000000003	0	0
6.61299999999937	2.53800000000001	6.52599999999984	0	0
7.10899999999856	1.90499999999975	6.72799999999916	0	0
7.52199999999903	1.98499999999967	6.59100000000035	0	0
6.9989999999998	1.44999999999982	6.90399999999863	0	0
7.34300000000076	2.52700000000004	6.91600000000108	0	0
8.57599999999911	2.42099999999982	7.73999999999978	0	0
7.92499999999927	1.98599999999988	7.70400000000154	0	0
7.753999999999	2.29199999999992	6.84100000000035	0	0
6.66100000000006	2.096	5.86499999999978	0	0
6.15799999999945	2.12800000000016	6.32800000000134	0	0
7.05699999999888	3.03099999999995	6.59600000000137	0	0
6.47800000000097	1.61400000000003	6.01899999999841	0	0
7.39800000000105	4.56999999999971	6.69800000000032	0	0
6.97600000000057	1.54599999999982	6.61000000000058	0	0
11.3379999999997	4.66699999999992	10.1829999999991	0	0
7.05099999999948	2.53499999999985	6.29199999999946	0	0
7.03800000000047	1.43099999999959	6.74300000000039	0	0
6.74399999999878	1.51699999999983	6.8760000000002	0	0
7.33599999999933	3.07700000000023	6.71099999999933	0	0
7.71800000000076	2.31200000000081	7.01400000000103	0	0
6.51399999999921	1.91600000000017	5.84900000000016	0	0
12.3389999999999	4.02599999999984	11.5010000000002	0	0
7.1299999999992	2.78100000000086	6.66700000000128	0	0
6.50699999999961	2.16199999999935	6.20700000000033	0	0
6.10699999999997	1.1860000000006	6.14099999999962	0	0
6.80500000000029	2.64699999999993	6.34099999999853	0	0
6.56899999999951	1.8179999999993	6.11000000000058	0	0
6.87300000000141	3.82700000000023	6.49099999999999	0	0
6.20199999999932	1.18199999999979	6.25500000000102	0	0
11.3299999999999	3.97000000000025	11.1810000000005	0	0
7.25500000000102	1.68199999999979	6.70499999999993	0	0
6.07300000000032	1.82500000000073	6.18900000000031	0	0
7.6260000000002	1.59299999999985	6.97400000000016	0	0
6.48500000000058	1.48900000000049	6.34799999999996	0	0
8.21399999999994	3.76000000000022	7.47599999999875	0	0
6.97800000000097	2.38600000000042	6.44999999999891	0	0
6.82799999999952	2.16600000000017	5.97800000000097	0	0
7.12699999999859	2.1909999999998	6.60000000000036	0	0
6.64300000000003	2.76700000000073	6.24799999999959	0	0
8.39300000000003	2.77199999999993	8.02700000000004	0	0
7.60199999999895	2.60100000000057	6.95399999999972	0	0
7.14199999999983	1.89300000000003	6.3809999999994	0	0
7.4320000000007	2.84100000000035	6.67100000000028	0	0
7.41399999999885	1.86300000000028	6.67000000000007	0	0
7.5520000000015	2.46799999999985	7.21299999999974	0	0
6.42599999999948	2.83500000000004	6.12200000000121	0	0
7.69399999999951	4.77599999999984	7.3859999999986	0	0
7.15799999999945	2.60300000000007	6.64400000000023	0	0
6.71000000000095	2.50500000000011	6.04600000000028	0	0
7.01699999999983	1.55100000000039	6.60499999999956	0	0
8.31700000000092	5.59699999999975	7.79900000000089	0	0
6.47700000000077	1.90700000000015	6.01899999999841	0	0
6.33899999999994	1.04599999999937	6.1260000000002	0	0
6.96900000000096	2.16899999999987	6.58700000000135	0	0
7.88900000000103	2.23999999999978	7.25500000000102	0	0
6.71599999999853	2.61700000000019	6.12700000000041	0	0
7.26200000000063	3.27300000000014	7.03000000000065	0	0
7.3010000000013	2.87700000000041	6.96500000000015	0	0
7.3809999999994	2.3730000000005	6.63500000000022	0	0
7.43999999999869	2.15999999999985	6.80199999999968	0	0
7.90300000000025	2.86000000000058	6.95099999999911	0	0
8.23999999999978	2.92999999999938	7.54199999999946	0	0
7.7510000000002	2.10400000000027	6.82499999999891	0	0
7.17199999999866	4.05999999999949	6.30900000000111	0	0
11.8989999999994	3.58799999999974	11.0989999999983	0	0
6.90999999999985	1.43900000000031	6.61599999999999	0	0
8.65099999999984	2.15900000000056	8.09599999999955	0	0
7.01699999999983	2.7480000000005	6.54899999999907	0	0
6.84599999999955	1.93599999999969	6.83699999999953	0	0
7.15200000000004	2.03999999999996	6.60899999999856	0	0
7.42900000000009	2.50500000000011	6.82600000000093	0	0
6.91699999999946	2.48400000000038	6.26199999999881	0	0
6.50799999999981	2.72800000000007	5.9280000000017	0	0
8.56500000000051	2.85400000000027	7.79099999999926	0	0
7.47899999999936	3.35000000000036	6.6929999999993	0	0
7.11700000000019	1.91700000000037	6.8799999999992	0	0
8.14099999999962	3.70499999999993	7.03199999999924	0	0
7.34799999999996	3.09400000000005	6.73300000000017	0	0
6.43900000000031	2.23899999999958	6.06000000000131	0	0
7.07200000000012	2.27999999999975	7.01900000000023	0	0
7.65999999999985	4.30600000000049	6.61599999999999	0	0
7.18399999999929	3.22900000000027	6.47700000000077	0	0
7.02200000000084	1.00900000000001	7.01300000000083	0	0
6.65300000000025	2.95200000000023	6.48099999999977	0	0
7.03499999999985	2.13900000000012	6.96999999999935	0	0
6.63600000000042	1.94700000000012	6.30299999999988	0	0
6.82099999999991	2.39999999999964	6.20399999999972	0	0
6.93500000000131	1.80000000000018	6.55600000000049	0	0
7.77700000000004	1.58299999999963	7.34900000000016	0	0
12.3410000000003	5.14199999999983	12.0130000000008	0	0
7.46999999999935	2.14300000000003	7.59900000000016	0	0
7.08200000000033	1.88299999999981	6.77000000000044	0	0
7.35000000000036	1.27899999999954	7.02499999999964	0	0
7.2510000000002	2.19499999999971	7.40200000000004	0	0
7.67200000000048	5.57399999999961	7.13200000000143	0	0
12.2379999999994	4.49299999999948	12.1270000000004	0	0
12.5429999999997	4.84799999999996	12.125	0	0
8.15699999999924	2.8149999999996	7.36399999999958	0	0
6.74300000000039	1.79899999999998	6.77400000000125	0	0
6.80099999999948	1.57999999999993	6.5669999999991	0	0
6.08899999999994	1.53200000000015	5.75900000000001	0	0
7.79399999999987	3.82400000000052	7.02800000000025	0	0
6.79500000000007	2.09199999999964	6.10100000000057	0	0
6.4369999999999	1.78299999999945	6.14500000000044	0	0
6.31900000000132	1.29500000000007	6.08600000000115	0	0
6.88999999999942	2.59500000000025	6.15599999999904	0	0
6.58200000000033	2.75	6.17000000000007	0	0
7.128999999999	2.31099999999969	6.40200000000004	0	0
6.6830000000009	1.78099999999995	6.31999999999971	0	0
6.74300000000039	1.35099999999966	6.45399999999972	0	0
6.70700000000033	2.51699999999983	6.01200000000063	0	0
6.94200000000092	2.16799999999967	6.40699999999924	0	0
7.61800000000039	2.41300000000047	6.89999999999964	0	0
12.9990000000016	5.57499999999982	11.6779999999999	0	0
7.5619999999999	3.52099999999973	7.06500000000051	0	0
8.24800000000141	3.61399999999958	7.55599999999868	0	0
6.70999999999913	1.2529999999997	6.51800000000003	0	0
6.67500000000109	2.59400000000005	6.40899999999965	0	0
7.53099999999904	3.22900000000027	7.19499999999971	0	0
7.38900000000103	1.5	6.72500000000036	0	0
6.23699999999917	1.35300000000007	5.95999999999913	0	0
6.82099999999991	1.62100000000009	6.47599999999875	0	0
7.64100000000144	3.14099999999962	7.16100000000006	0	0
7.38200000000143	1.82899999999972	7.38999999999942	0	0
7.48300000000017	2.01500000000033	7.1260000000002	0	0
6.76199999999881	2.20800000000054	6.2510000000002	0	0
7.89099999999962	3.5590000000002	7.18600000000151	0	0
12.1110000000008	4.84200000000055	11.5579999999991	0	0
7.02800000000025	3.50999999999931	6.16699999999946	0	0
11.8979999999992	5.05599999999959	11.2749999999996	0	0
6.97799999999916	2.34400000000005	6.22799999999916	0	0
6.97400000000016	2.23800000000028	6.8130000000001	0	0
6.78400000000147	2.53999999999996	6.73400000000038	0	0
7.55899999999929	2.26500000000033	7.24200000000019	0	0
7.50900000000001	2.5029999999997	7.38299999999981	0	0
8.19000000000051	3.61000000000058	7.19399999999951	0	0
13.3889999999992	5.5659999999998	12.0020000000004	0	0
12.3269999999993	4.40099999999984	10.9570000000003	0	0
6.86000000000058	1.9980000000005	6.53399999999965	0	0
7.19800000000032	1.65200000000004	6.71000000000095	0	0
6.05900000000111	2.05400000000009	6.04399999999987	0	0
7.3119999999999	2.83400000000074	6.66999999999825	0	0
13.1530000000002	7.43499999999949	11.7749999999996	0	0
6.08599999999933	2.16800000000057	5.85699999999997	0	0
7.71900000000096	5.22299999999996	6.34699999999975	0	0
7.13700000000063	2.43900000000031	6.65500000000065	0	0
7.47400000000016	1.8760000000002	6.70099999999911	0	0
7.22400000000016	3.21699999999964	6.76199999999881	0	0
7.55199999999968	4.20300000000043	6.89999999999964	0	0
6.03199999999924	1.66399999999976	5.82500000000073	0	0
7.1760000000013	3.14000000000033	6.35599999999977	0	0
7.08600000000115	2.40200000000004	6.60000000000036	0	0
7.29800000000068	2.78999999999996	6.48199999999997	0	0
8.19399999999951	6.46500000000015	7.72599999999875	0	0
6.48999999999978	1.71600000000035	6.54999999999927	0	0
7.11999999999898	2.30799999999999	6.31999999999971	0	0
11.6949999999997	4.63799999999992	11.6830000000009	0	0
8.07200000000012	3.57399999999961	7.34399999999914	0	0
7.07999999999993	2.21199999999953	6.4940000000006	0	0
7.1309999999994	2.20400000000063	6.84599999999955	0	0
7.0059999999994	2.24600000000009	6.73599999999897	0	0
7.40499999999884	1.67799999999988	7.4320000000007	0	0
7.3130000000001	2.27400000000034	6.90499999999884	0	0
7.92400000000089	3.45899999999983	7.29000000000087	0	0
7.70200000000114	1.98700000000008	7.42200000000048	0	0
6.94200000000092	3.45700000000033	6.56999999999971	0	0
6.52700000000004	1.88599999999951	6.20299999999952	0	0
7.26199999999881	2.22900000000027	7.30400000000009	0	0
7.22999999999956	2.60599999999977	7.00900000000001	0	0
7.59000000000015	2.66100000000006	6.94499999999971	0	0
7.31400000000031	2.90499999999975	6.78700000000026	0	0
6.76900000000023	2.80100000000039	5.96500000000015	0	0
7.33300000000054	2.7480000000005	6.94000000000051	0	0
6.87800000000061	3.08200000000033	6.52499999999964	0	0
6.5570000000007	1.92699999999968	6.35299999999916	0	0
6.60100000000057	1.95499999999993	6.11599999999999	0	0
7.82700000000114	5.60799999999927	6.97100000000137	0	0
6.33899999999994	2.15699999999924	5.94999999999891	0	0
5.98199999999997	1.17399999999998	6.05500000000029	0	0
7.21700000000055	2.44300000000021	7.16500000000087	0	0
7.22200000000157	4.00900000000001	6.79299999999967	0	0
7.0580000000009	1.98500000000058	6.81600000000071	0	0
7.23899999999958	2.47199999999975	6.90200000000004	0	0
7.07200000000012	3.09999999999945	6.72400000000016	0	0
6.84699999999975	1.60699999999997	6.49699999999939	0	0
6.99799999999959	2.6899999999996	6.27500000000146	0	0
6.97700000000077	2.92799999999988	6.45399999999972	0	0
12.2399999999998	5.32099999999991	11.2880000000005	0	0
6.11800000000039	1.56899999999951	5.82899999999972	0	0
7.11399999999958	3.0010000000002	6.8700000000008	0	0
11.9500000000007	6.5659999999998	11.0300000000007	0	0
6.79099999999926	2.07399999999961	6.88400000000001	0	0
7.20800000000054	1.95899999999983	6.84799999999996	0	0
12.2849999999999	7.97500000000036	11.0619999999999	0	0
7.30299999999988	2.13999999999942	6.84699999999975	0	0
6.7440000000006	3.30999999999949	5.98400000000038	0	0
7.70199999999932	3.08699999999953	7.39499999999862	0	0
11.146999999999	4.65599999999995	10.6229999999996	0	0
6.85699999999997	2.55699999999979	6.46000000000095	0	0
7.23899999999958	1.97299999999996	7.64000000000124	0	0
6.26599999999962	2.16600000000017	6.27800000000025	0	0
6.98499999999876	3.625	6.46399999999994	0	0
6.65800000000127	2.44200000000001	6.12700000000041	0	0
10.9120000000003	3.50399999999991	10.6220000000012	0	0
7.21499999999833	2.96799999999985	6.4989999999998	0	0
6.5010000000002	1.15200000000004	6.3080000000009	0	0
7.35699999999997	2.80799999999999	6.57599999999911	0	0
7.42999999999847	2.91499999999996	6.47999999999956	0	0
6.93600000000151	1.90399999999954	6.30400000000009	0	0
6.76699999999983	2.22900000000027	6.11999999999898	0	0
7.3809999999994	2.95300000000043	6.92200000000048	0	0
7.49399999999878	2.11999999999989	7.12699999999859	0	0
7.26499999999942	1.69000000000051	6.81500000000051	0	0
6.51900000000023	1.92200000000048	5.76100000000042	0	0
6.78700000000026	2.92199999999957	6.35100000000057	0	0
6.41699999999946	1.94500000000062	5.871000000001	0	0
7.3690000000006	2.34299999999985	6.46399999999994	0	0
7.44700000000012	3.15200000000004	7.00900000000001	0	0
7.22999999999956	3.13799999999992	6.42200000000048	0	0
7.45000000000073	2.6820000000007	7.12900000000081	0	0
11.753999999999	4.81600000000071	11.6649999999991	0	0
6.77599999999984	2.80500000000029	6.14699999999903	0	0
6.42400000000089	1.64999999999964	6.21800000000076	0	0
7.14800000000105	1.8809999999994	6.62199999999939	0	0
8.13699999999881	5.51900000000023	7.68499999999949	0	0
6.90299999999843	1.82899999999972	6.39800000000105	0	0
7.7450000000008	2.19800000000032	6.9320000000007	0	0
8.02399999999943	3.03999999999996	7.58000000000175	0	0
6.39199999999983	1.68100000000049	5.9940000000006	0	0
6.79199999999946	1.84600000000046	6.22500000000036	0	0
8.36100000000079	2.85400000000027	7.41399999999885	0	0
6.71700000000055	1.6880000000001	6.1239999999998	0	0
7.76699999999983	2.71900000000005	7.24799999999959	0	0
7.23500000000058	2.87400000000071	6.58700000000135	0	0
12.0660000000007	4.21599999999944	11.1170000000002	0	0
6.99399999999878	2.52500000000055	6.99099999999999	0	0
6.73499999999876	1.3760000000002	6.64199999999983	0	0
6.92200000000048	2.60599999999977	6.76600000000144	0	0
6.43700000000172	2.80100000000039	5.98500000000058	0	0
11.0509999999995	3.26900000000023	10.5020000000004	0	0
7.09000000000015	2.16899999999987	6.68499999999949	0	0
6.15999999999985	1.97900000000027	5.89899999999943	0	0
6.37800000000061	1.90799999999945	5.8080000000009	0	0
7.31900000000132	3.03700000000026	6.90799999999945	0	0
6.10499999999956	1.36400000000049	5.96299999999974	0	0
6.88500000000022	2.36300000000028	6.61799999999857	0	0
6.41100000000006	1.71600000000035	5.75900000000001	0	0
6.8169999999991	3.05200000000059	6.28099999999904	0	0
6.52100000000064	1.61299999999937	6.33400000000074	0	0
7.08600000000115	2.42900000000009	6.49700000000121	0	0
7.32799999999952	1.99200000000019	6.65999999999985	0	0
