7.54	4.322	6.531	0	0
6.914	5.529	8.117	0	0
7.473	8.16	7.107	0	0
8.27	6.129	8.142	0	0
10.515	12.564	7.57799999999999	0	0
7.399	5.80799999999999	6.28999999999999	0	0
5.68899999999999	2.447	6.18599999999999	0	0
9.709	9.054	6.94300000000001	0	0
6.02700000000002	3.035	4.556	0	0
5.46199999999999	4.57799999999999	5.10199999999999	0	0
6.304	4.944	5.334	0	0
6.19499999999999	3.81899999999999	6.95200000000003	0	0
6.06	4.48200000000001	5.184	0	0
5.55300000000003	3.72200000000001	5.74499999999998	0	0
5.101	1.91200000000001	5.54499999999999	0	0
5.227	2.66900000000001	5.24199999999999	0	0
4.87700000000001	1.898	4.96700000000001	0	0
5.983	4.25700000000001	5.92499999999998	0	0
5.71299999999999	4.40100000000001	5.12599999999998	0	0
5.71099999999998	2.964	5.26900000000001	0	0
5.065	2.238	5.59399999999999	0	0
4.05599999999998	1.84399999999999	4.989	0	0
5.24200000000002	2.68900000000002	5.26900000000003	0	0
6.30799999999999	4.22999999999999	6.66800000000001	0	0
5.279	2.52000000000001	4.95099999999996	0	0
5.89499999999998	4.57599999999999	5.15899999999999	0	0
4.85500000000002	1.75200000000001	5.67900000000003	0	0
4.78500000000003	2.887	5.60000000000002	0	0
5.33800000000002	2.12700000000001	4.93900000000002	0	0
6.02999999999997	3.69699999999997	5.18299999999999	0	0
6.72000000000003	5.75	5.15600000000001	0	0
5.41899999999998	3.17699999999999	5.11700000000002	0	0
5.68599999999998	2.71600000000001	5.55700000000002	0	0
6.32299999999998	4.423	5.63599999999997	0	0
6.21500000000003	4.233	6.036	0	0
8.74599999999998	8.90800000000002	5.81999999999999	0	0
5.28100000000001	3.988	4.99899999999997	0	0
5.86900000000003	3.38200000000001	5.51400000000001	0	0
5.64099999999996	4.34999999999997	5.65100000000001	0	0
6.34299999999996	5.01999999999998	6.02699999999999	0	0
4.73099999999999	2.13400000000001	4.78299999999996	0	0
6.529	6.42499999999995	5.59800000000001	0	0
6.08100000000002	3.983	5.87300000000005	0	0
6.43600000000004	4.92099999999999	5.14299999999997	0	0
5.53099999999995	4.26999999999998	5.37900000000002	0	0
4.10000000000002	1.92400000000004	4.32499999999999	0	0
4.92200000000003	1.87899999999996	5.77299999999997	0	0
6.02499999999998	3.63200000000001	5.62700000000001	0	0
4.976	2.149	5.00199999999995	0	0
6.20600000000002	3.06	5.63499999999999	0	0
7.14299999999992	5.34700000000004	6.34899999999993	0	0
5.524	3.74099999999999	4.71600000000001	0	0
4.75699999999995	2.255	5.12699999999995	0	0
4.62100000000009	2.20499999999998	4.221	0	0
6.93099999999993	5.37399999999997	6.31899999999996	0	0
5.45000000000005	3.69599999999997	6.024	0	0
5.64800000000002	3.79599999999999	5.00999999999999	0	0
5.48400000000004	3.89699999999999	4.91800000000001	0	0
5.12799999999993	2.23500000000001	5.58900000000006	0	0
6.31299999999999	4.33800000000002	5.68099999999993	0	0
5.37799999999993	3.27699999999999	5.755	0	0
5.399	3.25	5.16499999999996	0	0
5.09300000000007	2.13299999999998	5.46799999999996	0	0
5.41199999999992	2.81100000000004	4.82399999999996	0	0
4.65199999999993	2.541	4.90300000000002	0	0
5.53300000000002	3.89999999999998	5.43200000000002	0	0
4.98400000000004	2.08600000000001	5.19000000000005	0	0
4.70400000000006	1.90600000000001	4.88400000000001	0	0
5.02700000000004	2.36900000000003	5.21800000000007	0	0
5.529	3.22400000000005	4.47200000000009	0	0
5.81799999999998	3.83300000000008	6.50400000000002	0	0
5.62199999999996	4.54499999999996	5.94500000000005	0	0
5.98000000000002	4.89300000000003	5.101	0	0
6.80599999999993	6.05999999999995	5.52900000000011	0	0
6.16300000000001	3.68799999999999	6.07700000000011	0	0
4.62099999999998	3.27300000000002	4.84000000000003	0	0
4.73500000000001	2.23599999999999	5.42399999999998	0	0
4.99399999999991	2.80100000000004	5.00300000000004	0	0
5.09100000000001	2.74600000000009	5.25099999999998	0	0
6.19899999999996	5.423	5.94100000000003	0	0
5.173	2.70600000000002	5.19400000000007	0	0
4.92599999999993	1.53599999999994	5.29300000000001	0	0
4.88799999999992	2.29200000000003	5.54600000000005	0	0
7.40000000000009	4.57000000000005	7.07299999999998	0	0
6.1629999999999	4.91200000000003	5.452	0	0
4.98299999999995	2.35500000000002	5.12299999999993	0	0
6.23099999999999	4.12099999999998	5.048	0	0
5.548	3.19899999999996	5.32500000000005	0	0
5.14700000000005	2.53000000000009	5.23100000000011	0	0
4.745	1.63099999999997	5.72799999999995	0	0
5.15600000000006	1.91999999999996	5.82299999999998	0	0
5.23399999999992	2.06299999999999	6.18299999999999	0	0
5.43999999999994	3.86800000000005	5.70600000000002	0	0
4.80700000000002	2.19799999999998	5.43200000000002	0	0
4.70799999999997	3.28099999999995	5.10399999999993	0	0
6.03300000000013	3.78399999999999	5.86899999999991	0	0
5.58499999999981	2.43899999999996	5.34900000000005	0	0
6.92000000000007	5.13900000000001	4.73599999999999	0	0
5.38200000000006	3.66800000000001	5.49299999999994	0	0
6.38000000000011	3.86099999999999	6.20999999999981	0	0
5.36500000000001	2.63099999999997	5.44000000000005	0	0
5.9369999999999	3.67399999999998	6.09199999999987	0	0
6.72600000000011	4.37200000000007	6.202	0	0
5.90099999999984	2.94299999999998	7.03099999999995	0	0
5.97899999999981	4.19000000000005	5.42099999999982	0	0
6.98800000000006	4.61800000000005	6.96599999999989	0	0
6.125	4.77200000000005	6.35699999999997	0	0
5.34199999999987	2.39299999999992	6.24700000000007	0	0
5.68999999999983	3.01300000000003	6.327	0	0
6.43700000000013	5.18600000000004	4.96499999999992	0	0
6.12000000000012	3.15800000000002	5.89499999999998	0	0
5.20399999999995	3.38999999999999	4.54099999999994	0	0
5.78499999999985	3.71199999999999	5.65499999999997	0	0
5.65800000000013	3.68200000000002	5.61299999999983	0	0
7.84899999999993	7.34000000000003	6.39400000000001	0	0
5.9670000000001	4.20399999999995	5.41399999999999	0	0
7.08199999999988	6.50400000000002	5.22900000000004	0	0
6.02600000000007	2.68599999999992	5.97500000000014	0	0
5.06600000000003	3.70000000000005	5.23100000000022	0	0
6.48000000000002	4.63499999999999	5.55600000000004	0	0
4.46299999999997	2.51200000000006	4.24000000000001	0	0
4.70399999999995	1.36699999999996	5.6110000000001	0	0
5.56700000000001	3.91599999999994	5.59400000000005	0	0
4.86199999999985	2.25700000000006	5.50399999999991	0	0
5.50699999999983	4.74000000000001	4.77400000000011	0	0
4.87699999999995	2.03899999999999	5.80700000000002	0	0
7.35100000000011	4.97200000000009	6.48299999999995	0	0
7.24900000000002	5.98700000000008	5.22799999999984	0	0
5.077	3.03599999999994	5.07899999999995	0	0
5.93600000000015	3.91500000000008	5.00900000000001	0	0
5.41399999999999	2.53800000000001	5.08999999999992	0	0
5.37899999999991	3.399	5.11199999999985	0	0
5.05600000000004	2.8069999999999	5.08999999999992	0	0
5.35500000000002	3.65200000000004	5.40699999999993	0	0
5.12000000000012	2.96999999999991	4.68599999999992	0	0
8.37400000000002	7.20799999999997	6.58699999999999	0	0
6.41899999999987	4.95099999999991	4.96100000000001	0	0
5.92100000000005	4.61099999999999	5.78399999999988	0	0
5.33999999999992	3.55600000000004	6.10799999999995	0	0
6.05500000000006	2.90599999999995	6.85200000000009	0	0
4.79299999999989	2.56900000000019	5.29500000000007	0	0
5.89499999999998	3.56600000000003	5.18999999999983	0	0
5.10200000000009	3.34900000000016	5.05300000000011	0	0
5.85899999999992	3.11000000000013	6.86899999999991	0	0
4.9989999999998	2.29700000000003	6.30400000000009	0	0
5.14599999999996	3.27200000000016	4.99900000000002	0	0
5.37199999999984	2.29899999999998	5.45299999999997	0	0
5.46599999999989	4.25099999999998	5.9670000000001	0	0
4.42200000000003	1.73699999999985	5.4820000000002	0	0
5.36800000000017	4.2170000000001	5.22899999999981	0	0
7.58400000000006	8.673	5.73800000000006	0	0
5.471	3.06399999999985	5.93999999999983	0	0
7.34699999999998	4.63200000000006	6.73399999999992	0	0
10.365	12.5279999999998	8.5329999999999	0	0
6.27399999999989	5.35699999999997	5.51199999999994	0	0
10.5220000000002	11.4749999999999	5.88200000000006	0	0
6.51299999999992	4.452	6.28899999999999	0	0
4.59400000000005	3.09099999999989	5.12200000000007	0	0
5.32600000000002	3.58699999999999	6.50199999999995	0	0
5.0949999999998	3.55400000000009	5.09800000000018	0	0
5.77600000000007	3.46299999999997	6.98799999999983	0	0
5.03599999999983	3.06699999999978	5.26999999999998	0	0
5.27999999999997	2.3119999999999	5.41799999999989	0	0
5.38200000000006	2.44599999999991	4.90600000000018	0	0
6.35699999999997	2.95299999999997	6.04600000000005	0	0
5.00899999999979	2.40100000000007	5.673	0	0
4.93700000000013	2.14899999999989	5.38200000000006	0	0
5.46299999999997	3.19800000000009	5.00499999999988	0	0
5.62200000000007	2.51200000000017	5.03999999999996	0	0
5.97000000000003	3.96699999999987	6.00399999999991	0	0
4.83200000000011	2.87900000000013	4.327	0	0
4.99600000000009	3.37099999999987	4.875	0	0
5.05999999999995	2.67899999999986	5.26699999999983	0	0
7.95100000000002	6.42499999999995	7.46399999999994	0	0
7.9369999999999	8.12000000000012	6.03500000000008	0	0
5.09100000000012	2.05100000000016	5.52800000000002	0	0
4.77299999999991	2.71299999999997	5.41200000000003	0	0
7.65499999999997	7.14200000000005	6.66499999999996	0	0
4.57300000000009	2.42699999999991	4.86699999999996	0	0
5.37599999999998	2.26900000000001	5.97699999999986	0	0
5.077	1.83299999999986	5.48700000000008	0	0
6.14900000000011	3.98800000000006	5.39699999999993	0	0
7.88999999999987	6.529	5.82399999999984	0	0
6.88799999999992	5.45500000000015	5.51600000000008	0	0
6.93700000000013	4.65699999999993	5.53200000000015	0	0
7.17900000000009	5.34799999999996	5.25799999999981	0	0
6.15099999999984	3.1099999999999	6.51400000000012	0	0
6.06899999999996	2.73700000000008	5.23399999999992	0	0
5.97299999999996	4.22000000000003	5.423	0	0
5.77399999999989	4.01099999999997	5.56399999999985	0	0
7.59199999999964	7.32999999999993	5.69399999999996	0	0
6.60300000000007	5.41800000000012	5.25999999999999	0	0
6.50400000000036	5.92800000000011	5.60400000000004	0	0
15.7570000000001	20.663	8.38400000000001	0	0
5.08100000000013	2.66199999999981	5.048	0	0
8.63099999999986	8.89400000000001	5.75900000000001	0	0
5.12899999999991	2.52199999999993	5.19900000000007	0	0
7.029	5.05899999999997	5.07200000000012	0	0
5.24299999999994	2.88099999999986	6.21399999999994	0	0
4.96100000000024	2.39099999999985	5.65999999999985	0	0
5.01000000000022	3.15900000000011	5.41499999999996	0	0
5.48799999999983	4.40000000000009	5.30299999999988	0	0
5.00700000000006	2.43999999999983	5.40599999999995	0	0
6.3390000000004	4.58899999999994	5.85099999999966	0	0
6.04899999999998	3.56600000000003	5.21199999999999	0	0
6.37300000000005	4.88100000000009	5.30699999999979	0	0
6.02100000000019	4.13999999999987	5.98199999999997	0	0
5.404	3.625	5.02700000000004	0	0
5.74500000000035	3.61000000000013	5.6880000000001	0	0
7.9640000000004	7.93100000000004	5.67000000000007	0	0
7.51999999999998	6.24800000000005	5.91100000000006	0	0
6.92500000000018	4.37999999999988	5.57200000000012	0	0
6.4680000000003	5.09400000000005	6.13099999999986	0	0
5.06799999999976	2.03099999999995	5.13500000000022	0	0
6.17399999999998	4.54600000000005	6.04899999999998	0	0
5.73099999999977	4.38599999999997	5.40700000000015	0	0
6.38400000000001	3.13400000000001	5.66199999999981	0	0
5.34199999999964	3.78800000000001	6.29499999999962	0	0
5.1909999999998	3.77599999999984	5.15599999999995	0	0
5.36399999999958	3.18799999999987	5.40999999999985	0	0
6.08599999999979	4.23199999999997	6.67599999999993	0	0
5.79599999999982	3.91000000000008	5.57900000000018	0	0
5.47900000000027	3.95800000000008	5.23300000000017	0	0
4.82799999999997	2.30300000000011	4.53600000000006	0	0
5.54199999999992	2.93299999999999	5.75399999999991	0	0
4.98799999999983	2.06100000000015	5.35699999999997	0	0
6.7510000000002	4.49499999999989	5.221	0	0
6.07700000000023	2.76099999999997	5.29899999999998	0	0
6.94799999999987	5.18100000000004	6.32999999999993	0	0
5.77300000000014	3.91800000000012	5.78400000000011	0	0
6.97899999999981	4.91700000000014	7.03900000000021	0	0
10.6510000000003	10.6409999999998	6.37899999999991	0	0
5.91499999999996	2.86699999999996	5.73199999999997	0	0
6.70900000000029	5.57600000000002	5.43499999999995	0	0
6.00300000000016	3.7360000000001	5.27299999999968	0	0
5.44200000000001	4.15699999999993	5.43299999999999	0	0
6.41899999999987	4.346	5.87299999999959	0	0
5.17299999999977	3.27999999999997	5.1869999999999	0	0
5.51299999999992	2.57300000000009	5.82099999999991	0	0
4.8420000000001	2.57500000000005	5.3100000000004	0	0
5.65700000000015	2.45399999999995	6.01200000000017	0	0
4.89600000000019	1.94499999999994	5.21799999999985	0	0
4.79800000000023	2.25200000000018	5.65200000000004	0	0
5.72499999999991	4.346	5.33600000000024	0	0
5.8449999999998	3.89899999999989	6.19799999999987	0	0
5.11000000000013	3.32300000000009	5.61799999999994	0	0
6.37700000000041	4.13200000000006	5.73800000000028	0	0
6.37000000000035	3.85300000000007	5.77800000000025	0	0
7.13000000000011	5.50599999999986	6.7489999999998	0	0
4.64800000000014	2.72800000000007	4.57099999999991	0	0
5.0010000000002	2.39300000000003	5.65100000000029	0	0
4.61299999999983	1.94699999999989	5.22699999999986	0	0
5.6579999999999	2.46800000000007	7.36799999999994	0	0
6.87800000000016	5.86000000000013	5.62300000000005	0	0
5.64799999999968	4.673	5.21000000000004	0	0
4.73199999999997	1.87800000000016	5.64700000000039	0	0
5.63699999999972	3.0780000000002	6.45599999999968	0	0
4.66699999999992	2.32600000000002	5.24299999999994	0	0
4.86100000000033	2.45900000000006	4.95499999999993	0	0
4.65700000000015	1.89400000000001	4.66900000000032	0	0
5.79700000000003	2.44399999999996	6.18700000000035	0	0
4.92000000000007	2.97300000000018	5.83600000000024	0	0
5.67399999999998	2.34000000000015	5.94300000000021	0	0
5.36499999999978	3.32000000000016	6.03499999999985	0	0
5.42999999999984	2.00800000000004	5.45299999999997	0	0
5.10799999999972	2.7199999999998	5.73600000000033	0	0
4.86700000000019	1.904	5.07699999999977	0	0
5.54800000000023	2.40999999999985	6.58100000000013	0	0
7.7800000000002	8.79899999999998	6.51099999999997	0	0
7.49600000000009	6.92299999999977	5.68200000000024	0	0
7.23399999999992	6.32499999999982	5.70100000000002	0	0
10.9650000000001	11.5819999999999	6.34799999999996	0	0
7.81899999999996	6.82499999999982	6.13400000000001	0	0
6.91399999999976	5.14300000000003	5.4640000000004	0	0
5.75199999999995	3.54500000000007	5.37400000000025	0	0
5.61100000000033	4.30699999999979	5.23300000000017	0	0
6.36699999999973	3.92399999999998	5.66999999999962	0	0
7.01099999999997	5.60400000000027	5.68100000000004	0	0
5.029	1.8449999999998	5.48099999999977	0	0
5.46000000000004	3.67100000000028	4.59000000000015	0	0
6.28499999999985	4.68100000000004	6.86300000000028	0	0
5.83599999999979	4.89099999999962	5.41400000000021	0	0
5.27100000000019	2.66700000000037	5.529	0	0
6.57099999999991	4.57999999999993	5.91200000000026	0	0
4.89899999999989	2.22299999999996	5.37300000000005	0	0
5.59899999999971	3.43299999999999	4.95600000000013	0	0
5.79500000000007	3.29099999999971	5.45100000000002	0	0
5.96000000000004	3.87199999999984	6.32700000000023	0	0
5.09700000000021	1.78600000000006	6.66499999999996	0	0
5.31099999999969	3.10500000000002	5.77599999999984	0	0
7.86700000000019	6.74900000000025	6.22400000000016	0	0
5.20499999999993	1.90000000000009	5.6880000000001	0	0
5.22000000000025	2.77100000000019	6.40200000000004	0	0
5.17399999999998	2.31299999999965	4.32499999999982	0	0
5.39899999999989	3.23500000000013	5.88900000000012	0	0
5.69000000000005	3.05799999999999	6.73700000000008	0	0
5.46000000000004	3.1579999999999	5.85300000000007	0	0
4.85400000000027	2.75	5.72900000000027	0	0
5.98900000000003	3.69399999999996	6.50199999999995	0	0
5.09999999999991	2.26800000000003	5.7470000000003	0	0
5.45699999999988	2.08799999999974	6.78699999999981	0	0
5.25400000000036	3.18600000000015	5.17399999999998	0	0
4.53200000000015	1.9699999999998	5.04999999999973	0	0
5.73399999999992	3.43100000000004	5.57000000000016	0	0
6.44500000000016	4.73499999999967	5.79899999999998	0	0
5.8420000000001	3.4069999999997	4.76699999999983	0	0
5.61299999999983	3.40999999999985	5.79799999999977	0	0
6.08300000000008	4.42700000000013	6.42400000000043	0	0
5.87400000000025	3.80400000000009	5.82500000000027	0	0
5.57000000000016	2.96099999999979	5.80899999999974	0	0
5.48700000000008	3.5619999999999	5.78099999999995	0	0
5.11199999999963	3.01999999999998	5.66300000000001	0	0
5.5	3.43299999999999	6.55099999999993	0	0
4.99199999999973	3.00499999999965	5.12899999999991	0	0
4.95199999999977	2.41699999999992	5.20699999999988	0	0
6.78700000000026	4.06899999999996	5.42399999999998	0	0
6.37699999999995	4.65599999999995	6.90999999999985	0	0
6.38799999999992	5.28400000000011	5.29300000000012	0	0
5.10600000000022	2.52799999999979	5.38200000000006	0	0
5.48300000000017	3.74600000000009	5.45200000000023	0	0
5.3420000000001	1.87300000000005	5.12000000000035	0	0
8.63300000000027	8.94900000000007	5.45299999999997	0	0
5.57000000000016	2.72400000000016	4.69599999999991	0	0
6.13999999999987	3.41599999999971	5.52700000000004	0	0
6.08199999999988	3.41300000000001	6.5	0	0
5.0649999999996	2.05700000000024	5.66699999999992	0	0
7.04999999999973	4.7819999999997	5.39300000000003	0	0
5.38499999999976	3.79599999999982	6.41699999999992	0	0
5.92899999999963	3.28699999999981	6.5619999999999	0	0
5.471	4.65299999999979	5.3449999999998	0	0
5.9970000000003	5.346	5.61699999999973	0	0
5.7489999999998	3.27199999999993	5.91000000000031	0	0
5.86299999999983	3.44900000000007	6.0010000000002	0	0
6.85099999999966	4.78300000000036	6.60300000000007	0	0
4.9369999999999	1.91200000000026	4.4409999999998	0	0
5.90700000000015	3.98799999999983	5.42900000000009	0	0
6.11799999999994	3.96099999999979	6.65899999999965	0	0
5.44200000000001	2.09000000000015	5.44000000000005	0	0
8.84899999999971	9.20299999999997	6.04899999999998	0	0
5.02299999999968	3.60600000000022	5.11599999999999	0	0
5.78800000000001	3.82999999999993	6.28400000000011	0	0
8.00500000000011	7.10599999999977	5.80000000000018	0	0
4.5920000000001	2.40100000000029	4.04399999999987	0	0
4.76400000000012	2.55300000000034	5.596	0	0
4.73500000000013	2.48800000000028	5.70800000000008	0	0
5.65299999999979	3.49099999999999	5.20299999999997	0	0
6.45600000000013	4.8720000000003	5.81900000000041	0	0
6.02700000000004	4.33100000000013	5.58800000000019	0	0
5.98700000000008	4.00399999999991	6.17899999999963	0	0
6.10200000000032	4.43199999999979	6.61399999999958	0	0
5.55300000000034	4.33599999999979	5.58199999999988	0	0
5.56500000000005	3.32299999999987	5.87899999999991	0	0
5.04100000000017	2.72499999999991	4.89499999999998	0	0
4.36199999999963	2.27299999999968	4.83400000000029	0	0
5.13699999999972	1.92299999999977	5.52199999999993	0	0
6.08300000000008	3.60999999999967	6.39699999999993	0	0
5.53499999999985	2.50599999999986	6.30699999999979	0	0
5.02599999999984	2.79600000000028	5.54899999999998	0	0
5.5949999999998	3.10400000000027	6.0319999999997	0	0
6.01900000000023	3.90300000000025	6.46099999999979	0	0
4.90499999999975	2.64800000000014	4.79500000000007	0	0
6.52099999999973	5.5619999999999	5.82699999999977	0	0
4.85400000000027	2.53200000000015	5.02099999999973	0	0
6.375	3.35899999999992	5.71500000000015	0	0
6.29899999999998	5.17599999999993	5.50799999999981	0	0
5.61799999999994	3.41900000000032	4.80099999999993	0	0
6.14400000000023	5.01299999999992	5.00300000000016	0	0
5.89400000000023	2.5329999999999	5.57200000000012	0	0
6.83999999999969	4.59299999999985	5.73800000000028	0	0
5.38700000000063	3.40000000000009	5.21499999999969	0	0
6.50699999999961	3.82299999999987	6.82999999999993	0	0
5.1860000000006	2.82500000000027	6.31700000000001	0	0
5.9350000000004	2.78700000000026	5.94500000000016	0	0
6.15800000000036	3.48400000000038	5.83600000000024	0	0
6.68000000000029	5.12699999999995	6.04600000000028	0	0
5.10199999999986	3.58500000000004	5.35899999999992	0	0
5.21700000000055	3.37100000000009	5.63900000000012	0	0
5.7510000000002	3.33899999999994	5.69900000000007	0	0
4.5010000000002	2.03600000000006	5.01600000000008	0	0
5.08199999999943	2.80999999999995	5.38000000000011	0	0
6.43900000000031	3.79400000000032	6.13200000000006	0	0
5.125	2.62899999999991	4.79299999999967	0	0
5.02999999999975	2.48999999999978	6.43499999999995	0	0
5.44899999999961	3.596	5.72199999999975	0	0
5.73199999999997	4.07499999999982	5.221	0	0
5.8100000000004	3.39499999999998	6.37899999999991	0	0
4.80799999999999	2.18600000000015	4.88400000000001	0	0
5.57099999999991	3.20100000000002	5.60400000000027	0	0
4.95799999999963	2.17799999999988	5.17499999999973	0	0
6.27999999999975	3.40299999999979	5.94300000000021	0	0
6.50400000000081	3.42399999999998	5.88400000000001	0	0
4.45100000000002	1.7170000000001	6.12099999999964	0	0
5.39999999999964	2.51499999999987	5.93100000000004	0	0
5.67399999999998	3.82899999999972	6.14899999999989	0	0
5.42199999999957	2.49800000000005	5.86999999999944	0	0
6.05699999999979	4.51999999999998	6.25399999999991	0	0
6.67599999999948	6.24800000000005	5.92199999999957	0	0
5.27700000000004	2.49400000000014	5.99099999999999	0	0
6.2519999999995	3.47699999999986	7.19499999999971	0	0
8.83199999999943	8.56500000000005	7.01800000000003	0	0
5.64399999999932	4.03800000000001	5.79600000000028	0	0
6.27099999999973	4.14499999999998	5.56899999999951	0	0
7.21000000000004	5.67900000000009	6.6869999999999	0	0
4.72199999999975	2.35600000000022	5.13599999999951	0	0
5.8779999999997	4.31600000000026	5.9399999999996	0	0
4.70600000000013	2.23300000000017	4.83500000000004	0	0
5.49000000000069	2.07799999999997	6.48199999999997	0	0
5.34599999999955	3.30499999999984	5.67100000000028	0	0
5.1279999999997	3.45099999999957	5.27300000000014	0	0
5.92399999999998	4.99000000000024	5.26699999999983	0	0
5.91399999999976	4.49800000000005	6.42600000000039	0	0
5.39800000000014	3.95800000000008	5.3139999999994	0	0
5.50799999999981	3.35799999999972	5.92800000000079	0	0
7.36200000000008	5.90299999999979	6.24600000000009	0	0
5.93199999999979	4.02799999999979	5.86800000000039	0	0
5.25600000000031	2.22800000000007	5.05799999999999	0	0
7.27899999999954	7.27599999999984	5.34799999999996	0	0
6.58700000000044	4.59899999999971	7.70400000000063	0	0
6.59699999999975	4.33299999999963	5.83200000000033	0	0
4.99000000000069	2.19300000000021	5.13399999999911	0	0
5.11999999999989	3.08299999999963	5.73899999999958	0	0
5.68399999999929	3.01000000000022	5.51400000000012	0	0
5.51599999999962	3.76400000000012	5.22499999999945	0	0
4.61800000000039	2.05400000000009	5.32999999999993	0	0
7.25500000000011	7.17600000000039	5.52099999999973	0	0
5.58300000000054	3.53200000000015	5.72699999999986	0	0
4.47100000000046	2.11700000000019	5.4980000000005	0	0
5.36300000000028	2.21500000000015	5.26299999999992	0	0
5.41100000000006	2.18399999999974	6.38600000000042	0	0
5.54399999999987	3.45200000000023	4.95799999999963	0	0
5.10599999999977	3.66199999999981	5.34200000000055	0	0
6.01699999999983	3.70100000000002	4.66899999999987	0	0
5.55799999999999	2.6220000000003	5.75399999999991	0	0
4.8739999999998	2.19800000000032	5.45799999999963	0	0
5.94799999999941	3.57999999999993	6.04299999999967	0	0
5.22800000000007	2.71300000000019	4.97699999999986	0	0
5.91300000000047	3.78800000000001	5.07800000000043	0	0
6.09799999999996	5.05799999999999	6.53099999999995	0	0
4.57299999999941	2.45299999999997	5.75800000000072	0	0
6.22099999999955	3.57000000000016	6.41999999999916	0	0
4.64800000000014	1.83599999999979	5.11599999999999	0	0
5.85599999999977	3.80200000000013	5.65400000000045	0	0
5.96199999999953	4.00199999999995	5.61199999999917	0	0
5.60800000000017	2.72600000000011	5.19399999999951	0	0
5.71100000000024	3.09900000000016	6.2440000000006	0	0
5.34100000000035	3.65200000000004	5.50900000000001	0	0
5.93000000000029	3.52399999999989	5.14199999999983	0	0
7.28399999999965	6.86799999999994	5.62199999999939	0	0
4.67199999999957	1.82600000000002	4.35000000000036	0	0
6.02799999999934	4.00899999999956	5.27500000000055	0	0
7.38400000000001	5.81500000000005	6.14999999999964	0	0
5.71399999999994	4.7829999999999	5.21799999999985	0	0
5.4320000000007	3.99800000000005	6.12700000000041	0	0
5.8730000000005	2.88599999999997	7.16100000000006	0	0
5.83899999999994	3.39899999999989	6.01199999999972	0	0
5.01500000000033	2.42700000000013	5.38500000000022	0	0
5.26700000000073	2.36799999999994	5.03899999999976	0	0
6.75200000000041	5.81799999999976	7.10500000000047	0	0
7.33700000000044	6.904	5.52700000000004	0	0
6.23999999999978	4.82200000000012	6.26900000000023	0	0
5.47899999999936	3.00700000000006	4.39800000000014	0	0
6.23599999999988	3.75500000000011	6.51100000000042	0	0
5.22700000000077	3.15800000000036	5.32399999999961	0	0
5.00699999999961	2.58100000000013	5.08699999999953	0	0
5.27500000000055	3.03699999999981	5.25500000000011	0	0
5.04499999999916	3.82499999999982	4.79899999999998	0	0
5.12299999999959	1.83500000000004	5.77500000000055	0	0
5.94700000000012	4.45100000000002	5.39599999999973	0	0
5.58699999999953	3.9970000000003	6.11200000000008	0	0
5.3130000000001	3.18000000000029	5.30100000000039	0	0
4.58200000000033	2.43900000000031	5.38000000000011	0	0
5.61300000000028	2.30600000000004	5.79500000000007	0	0
5.80599999999959	2.54999999999973	6.45200000000023	0	0
6.02100000000064	3.75700000000006	6.35599999999977	0	0
5.94300000000021	4.06799999999976	5.72000000000025	0	0
5.20100000000002	3.54399999999987	5.48300000000017	0	0
6.48899999999958	5.17499999999973	5.38299999999981	0	0
5.64799999999923	3.31100000000015	5.59000000000015	0	0
6.94900000000052	5.30999999999995	6.65300000000025	0	0
6.22800000000007	4.13499999999976	5.49599999999919	0	0
4.78299999999945	1.79500000000007	5.57700000000023	0	0
5.39399999999932	3.81600000000026	5.41600000000017	0	0
5.70100000000002	4.45800000000008	5.65800000000036	0	0
5.98700000000008	4.38300000000027	5.77300000000014	0	0
5.73599999999988	4.221	4.74300000000039	0	0
6.15099999999984	5.06799999999976	5.83799999999974	0	0
4.59099999999944	2.47499999999991	4.92799999999988	0	0
4.65599999999995	2.9069999999997	4.38900000000012	0	0
5.27199999999993	3.46399999999994	5.07700000000023	0	0
5.90299999999934	3.6909999999998	6.25200000000041	0	0
5.78600000000006	2.98399999999992	6.42000000000007	0	0
5.32099999999991	3.08500000000004	5.69700000000012	0	0
4.76400000000012	1.88900000000012	5.4340000000002	0	0
4.76500000000033	1.99000000000024	5.26000000000022	0	0
5.46399999999994	2.70399999999972	4.99099999999999	0	0
5.04999999999927	2.90499999999975	5.70699999999943	0	0
5.78400000000056	3.50600000000031	5.70799999999963	0	0
6.4380000000001	4.35400000000027	6.51699999999983	0	0
6.84299999999985	4.90000000000009	5.49499999999989	0	0
5.48100000000068	2.56100000000015	5.72699999999986	0	0
6.43900000000031	3.3130000000001	5.55100000000039	0	0
7.88000000000011	6.93199999999979	6.1899999999996	0	0
4.66200000000026	2.78900000000021	5.71200000000044	0	0
6.15299999999934	4.23900000000003	5.24099999999999	0	0
6.00600000000031	2.98600000000033	6.08699999999953	0	0
4.92599999999948	2.2470000000003	5.71399999999994	0	0
6.69599999999991	5.48299999999972	5.35199999999986	0	0
5.15599999999995	2.49699999999984	4.88900000000012	0	0
6.10599999999977	3.11200000000008	6.09100000000035	0	0
5.22599999999966	2.83699999999999	6.10099999999966	0	0
5.38900000000012	3.17299999999977	5.52999999999975	0	0
7.22800000000007	5.55299999999988	6.34699999999975	0	0
5.83600000000024	4.66100000000006	5.24900000000071	0	0
5.42699999999968	3.03999999999996	5.78300000000036	0	0
10.3860000000004	6.87699999999995	10.7080000000005	0	0
5.34399999999914	2.32200000000012	5.23000000000047	0	0
5.14000000000033	2.69599999999991	5.625	0	0
5.39799999999923	4.25900000000001	5.20499999999993	0	0
5.41799999999967	2.95000000000027	4.89800000000014	0	0
5.93399999999929	5.49099999999999	6.55500000000029	0	0
5.64800000000014	3.58599999999979	5.71399999999994	0	0
5.53700000000026	3.26200000000017	5.98499999999967	0	0
5.45699999999943	3.51100000000042	4.61599999999999	0	0
5.22699999999986	2.40700000000015	5.56900000000041	0	0
5.11499999999978	2.19000000000005	6.28500000000076	0	0
4.63500000000022	1.83100000000013	5.35900000000038	0	0
5.34500000000025	3.71900000000005	5.67399999999998	0	0
6.11400000000049	3.69000000000005	5.29200000000037	0	0
7.95399999999972	6.26200000000017	6.4989999999998	0	0
8.55399999999918	8.08899999999994	5.94300000000021	0	0
5.26600000000053	3.22800000000007	5.42100000000028	0	0
5.05200000000059	1.85100000000011	5.60500000000047	0	0
6.0010000000002	3.11999999999989	5.33699999999953	0	0
5.0059999999994	2.39300000000003	7.21999999999935	0	0
5.46800000000076	3.29500000000007	5.41600000000017	0	0
5.16199999999935	2.82600000000002	4.66600000000017	0	0
5.54600000000028	3.779	4.86800000000039	0	0
4.64899999999943	2.18899999999985	5.06899999999951	0	0
9.39399999999932	10.7489999999998	6.32399999999961	0	0
5.64599999999973	4.25500000000011	5.18199999999979	0	0
5.17000000000007	2.20400000000018	5.69200000000001	0	0
6.82799999999952	4.82799999999997	5.75399999999991	0	0
5.2519999999995	2.89699999999993	5.63699999999972	0	0
4.78099999999995	1.78699999999981	5.28899999999976	0	0
5.53099999999995	2.58899999999994	5.86800000000039	0	0
6.22000000000025	4.96600000000035	6.09600000000046	0	0
6.04600000000028	4.68499999999949	5.58599999999933	0	0
5.56999999999971	4.12800000000061	5.6309999999994	0	0
6.00099999999929	3.87100000000009	5.50700000000052	0	0
6.08399999999983	3.36800000000039	5.71399999999994	0	0
6.83199999999943	5.02900000000045	6.45100000000002	0	0
5.52100000000064	2.26100000000042	6.66299999999956	0	0
6.2470000000003	4.51800000000003	6.13500000000022	0	0
4.99799999999959	2.10300000000007	5.80500000000029	0	0
4.66499999999996	2.15099999999984	5.41899999999987	0	0
5.12199999999939	2.54600000000028	5.15300000000025	0	0
7.11200000000008	4.26299999999992	6.23300000000017	0	0
5.56099999999969	2.85300000000007	4.92799999999988	0	0
5.35899999999947	1.97299999999996	5.80100000000039	0	0
5.17599999999948	3.10800000000017	5.52199999999993	0	0
5.71299999999974	3.63100000000031	6.24799999999959	0	0
7.16100000000006	5.59200000000055	7.42600000000039	0	0
7.65499999999975	6.28600000000006	6.6309999999994	0	0
8.01499999999942	7.42900000000009	6.56899999999951	0	0
6.19700000000012	3.26100000000042	6.11599999999999	0	0
6.3070000000007	4.56099999999969	5.49300000000039	0	0
6.49299999999948	4.22299999999996	5.85499999999956	0	0
5.68099999999959	2.75500000000011	6.11499999999978	0	0
7.47500000000036	6.16799999999967	6.69700000000012	0	0
6.81400000000031	6.30000000000018	7.16499999999996	0	0
5.72699999999986	3.54699999999957	5.33399999999983	0	0
5.45799999999963	2.80099999999948	5.99300000000039	0	0
4.51599999999962	2.47000000000025	4.94799999999941	0	0
4.79799999999977	2.60199999999986	5.96600000000035	0	0
5.48800000000028	2.60599999999977	5.95799999999963	0	0
5.73800000000028	3.89699999999993	5.40999999999985	0	0
6.5	3.53999999999996	5.74399999999969	0	0
6.13999999999942	4.35400000000027	4.83600000000024	0	0
5.42099999999937	2.1869999999999	5.06900000000041	0	0
7.7489999999998	8.41899999999987	5.22499999999945	0	0
8.44200000000001	11.308	6.30799999999999	0	0
8.69800000000032	8.70200000000023	6.5610000000006	0	0
6.17199999999957	4.73999999999978	4.875	0	0
5.16299999999956	2.69300000000021	4.59899999999925	0	0
6.61999999999989	4.77400000000034	6.20499999999993	0	0
5.13599999999951	2.53500000000076	5.21199999999953	0	0
5.35500000000047	2.51400000000012	5.4350000000004	0	0
4.83900000000085	2.1889999999994	6.13400000000001	0	0
6.59400000000005	4.72699999999986	6.47000000000025	0	0
6.74099999999999	3.64699999999993	6.03400000000056	0	0
6.07999999999993	3.43900000000031	5.77700000000004	0	0
7.23199999999997	4.08900000000085	5.97999999999956	0	0
7.17000000000007	4.9389999999994	5.65099999999984	0	0
6.8130000000001	5.67900000000009	5.27799999999934	0	0
5.48499999999967	2.69800000000032	6.36599999999999	0	0
8.02400000000034	7.79899999999998	6.33399999999983	0	0
6.7510000000002	5.51199999999972	6.25500000000011	0	0
5.36300000000028	3.21900000000005	5.84700000000066	0	0
5.41399999999976	3.45000000000073	7.01000000000022	0	0
5.30599999999959	3.41799999999967	5.3760000000002	0	0
6.50900000000001	5.58899999999994	4.93100000000049	0	0
5.63899999999921	3.36599999999999	5.36700000000019	0	0
4.99000000000069	3.08500000000004	5.13000000000011	0	0
6.52300000000014	4.4429999999993	5.71799999999985	0	0
6.58100000000013	4.97000000000025	6.0619999999999	0	0
5.10400000000027	2.38799999999992	4.94999999999982	0	0
5.94300000000021	4.12100000000009	6.03600000000006	0	0
6.43100000000049	5.20600000000013	5.61200000000008	0	0
9.60500000000047	4.09700000000066	9.77199999999993	0	0
5.75300000000061	3.8159999999998	6.44999999999982	0	0
5.84900000000016	2.9340000000002	5.58200000000033	0	0
4.99099999999999	2.57899999999972	6.16199999999935	0	0
6.07999999999993	4.02799999999934	4.78399999999965	0	0
5.17000000000007	3.03200000000015	5.48400000000038	0	0
5.41399999999976	3.45499999999993	5.09500000000025	0	0
6.81700000000001	4.27800000000025	5.65599999999995	0	0
5.03300000000036	2.28600000000006	6.33100000000013	0	0
5.03699999999935	2.40499999999975	5.83100000000013	0	0
7.71500000000015	5.83600000000024	6.65800000000036	0	0
5.74099999999999	3.79100000000017	6.6190000000006	0	0
6.8130000000001	4.56099999999969	5.8760000000002	0	0
6.13599999999951	4.86499999999978	6.33599999999933	0	0
5.90599999999995	4.07500000000073	6.02199999999993	0	0
5.72399999999925	3.76200000000063	5.14800000000014	0	0
5.82600000000002	3.52400000000034	5.38000000000011	0	0
5.23199999999997	4.14600000000064	5.01099999999951	0	0
6.32899999999972	5.89599999999973	5.30699999999979	0	0
5.98199999999997	4.73399999999947	5.45600000000013	0	0
5.40800000000036	3.60399999999936	4.39199999999983	0	0
4.96299999999974	1.9380000000001	4.87100000000009	0	0
6.45800000000054	4.69300000000021	5.84099999999944	0	0
4.90599999999995	2.39400000000023	5.95899999999983	0	0
5.05799999999999	2.62899999999991	6.11000000000058	0	0
5.39099999999962	2.96399999999994	4.69800000000032	0	0
5.24600000000009	3.27499999999964	5.21199999999953	0	0
5.52999999999975	2.94399999999951	5.98599999999988	0	0
6.54299999999967	4.40200000000004	5.72699999999986	0	0
4.91800000000057	2.36800000000039	5.45400000000063	0	0
5.92499999999927	3.08700000000044	5.43900000000031	0	0
7.34900000000016	4.10500000000047	6.85600000000068	0	0
7.19800000000032	5.25399999999991	5.8119999999999	0	0
5.65899999999965	2.95100000000002	5.35699999999997	0	0
7.66399999999976	6.23499999999967	6.03899999999976	0	0
7.19599999999991	5.24399999999969	6.52999999999975	0	0
4.98700000000008	2.38000000000011	4.60800000000017	0	0
5.4360000000006	3.80699999999979	5.20200000000023	0	0
5.84199999999964	3.63299999999981	5.77799999999934	0	0
5.72199999999975	3.93299999999999	5.43199999999979	0	0
5.11700000000019	2.55599999999959	5.40099999999984	0	0
6.97800000000007	5.31500000000051	7.35300000000007	0	0
6.60100000000057	5.02100000000064	6.01699999999983	0	0
5.05299999999988	2.31999999999971	4.57899999999972	0	0
8.48799999999937	8.44499999999971	6.73700000000008	0	0
8.47400000000016	7.03299999999945	5.88600000000042	0	0
5.90800000000036	3.93299999999999	5.67699999999968	0	0
5.64900000000034	3.25700000000052	6.72699999999986	0	0
6.20899999999983	4.96900000000005	3.83399999999983	0	0
5.25800000000072	2.65099999999984	5.29200000000037	0	0
6.65000000000055	4.14100000000053	6.74799999999959	0	0
8.79199999999946	9.13500000000022	6.67999999999938	0	0
6.09199999999964	4.10500000000047	6.02799999999934	0	0
4.85400000000027	2.58500000000004	5.14399999999932	0	0
6.1869999999999	4.87800000000061	5.54399999999987	0	0
7.66499999999996	6.17000000000007	5.5649999999996	0	0
5.44399999999951	2.98700000000008	5.75500000000011	0	0
5.65499999999975	2.7529999999997	4.46200000000044	0	0
6.21799999999985	3.69899999999961	5.1850000000004	0	0
6.84500000000025	4.93499999999949	7.17699999999968	0	0
5.9399999999996	4.04500000000007	5.64999999999964	0	0
4.51900000000023	2.27000000000044	4.86200000000008	0	0
7.92900000000009	8.01299999999992	6.70599999999922	0	0
7.54299999999967	6.42399999999998	5.81999999999971	0	0
5.79100000000017	4.26599999999962	5.36999999999989	0	0
6.26899999999932	5.03399999999965	6.42500000000018	0	0
5.55699999999979	3.04399999999987	5.46699999999964	0	0
4.88700000000063	3.07499999999982	4.91399999999976	0	0
7.01099999999951	6.11200000000008	5.96400000000085	0	0
6.98800000000028	6.88299999999981	6.26099999999951	0	0
5.91300000000047	4.0019999999995	6.03499999999985	0	0
7.38100000000031	6.30000000000018	6.27700000000004	0	0
8.27000000000044	5.6869999999999	7.20899999999983	0	0
5.65300000000025	3.11400000000049	6.45100000000002	0	0
4.48400000000038	2.27300000000014	5.14999999999964	0	0
6.45299999999952	4.80400000000009	5.16299999999956	0	0
10.9700000000003	6.31900000000041	12.1680000000006	0	0
5.78900000000067	4.83600000000024	5.55799999999999	0	0
5.75699999999961	2.31700000000001	5.73300000000017	0	0
6.35599999999977	6.83500000000004	5.25800000000072	0	0
7.84699999999975	6.80499999999938	5.97400000000016	0	0
6.12899999999991	4.60099999999966	5.78899999999976	0	0
5.40300000000025	2.76699999999983	5.49600000000009	0	0
5.78700000000026	4.65599999999995	5.64599999999973	0	0
7.42100000000028	4.94700000000012	6.23099999999977	0	0
6.13799999999992	3.05500000000029	6.1200000000008	0	0
5.83800000000065	2.92500000000018	5.3119999999999	0	0
6.77300000000014	3.6239999999998	5.70900000000074	0	0
5.67600000000039	4.47199999999975	5.72799999999916	0	0
5.77199999999993	3.86800000000039	5.40099999999984	0	0
6.07300000000032	3.67900000000009	5.15200000000004	0	0
5.47000000000025	3.90599999999995	5.69000000000051	0	0
5.71900000000005	2.3779999999997	5.45499999999993	0	0
5.67399999999998	2.40399999999954	6.07399999999961	0	0
8.94599999999991	8.54100000000017	7.01899999999932	0	0
5.58199999999943	4.02000000000044	5.13199999999961	0	0
4.95899999999983	2.18299999999999	5.55000000000018	0	0
5.45200000000023	3.34100000000035	5.70000000000073	0	0
5.9369999999999	3.77599999999984	6.49000000000069	0	0
7.23800000000028	6.13299999999981	7.26400000000012	0	0
6.64099999999962	5.52000000000044	4.94500000000062	0	0
6.33699999999953	4.42000000000007	5.92100000000028	0	0
5.5	2.44700000000012	6.17099999999937	0	0
6.06800000000021	3.78300000000036	6.23700000000008	0	0
7.34000000000015	7.78300000000036	4.70899999999983	0	0
7.78499999999985	6.54600000000028	6.80799999999999	0	0
5.88299999999981	3.625	5.52700000000004	0	0
6.3110000000006	4.32200000000012	6.17600000000039	0	0
5.97900000000027	4.30799999999999	6.10300000000007	0	0
6.03700000000026	3.44300000000021	5.75699999999961	0	0
4.51700000000073	2.00800000000072	4.41000000000076	0	0
5.70899999999983	2.65300000000025	5.16200000000026	0	0
4.87299999999959	2.28699999999935	4.85300000000007	0	0
6.31800000000021	5.36999999999989	5.26400000000012	0	0
5.77599999999984	2.82600000000002	5.62700000000041	0	0
5.09800000000087	2.60500000000047	5.30999999999949	0	0
4.99600000000009	2.55299999999988	4.83200000000033	0	0
7.45200000000023	7.16900000000078	6.09299999999985	0	0
5.35000000000036	3.94300000000021	5.03200000000015	0	0
5.82399999999961	4.28300000000036	5.32999999999993	0	0
5.70700000000033	3.15200000000004	5.71499999999924	0	0
11.4629999999997	8.98399999999947	10.558	0	0
7.25900000000001	7.5059999999994	5.61599999999999	0	0
6.21399999999994	3.34599999999955	6.0029999999997	0	0
5.86599999999999	3.75900000000001	6.11999999999989	0	0
9.15600000000086	9.37599999999929	7.16499999999996	0	0
7.60999999999876	5.70700000000033	7.07300000000032	0	0
4.71100000000115	2.47299999999996	5.95499999999993	0	0
7.44800000000032	6.91000000000076	5.64199999999983	0	0
6.27399999999943	4.66399999999976	5.68299999999999	0	0
4.88899999999921	2.64399999999932	5.37299999999959	0	0
6.54399999999987	4.72299999999996	5.66399999999976	0	0
6.04100000000108	3.17299999999977	5.44899999999961	0	0
6.42900000000009	4.42399999999998	6.3690000000006	0	0
6.22699999999895	4.53399999999965	5.79600000000028	0	0
8.23600000000079	7.375	6.80500000000029	0	0
7.0679999999993	4.3090000000002	5.58200000000033	0	0
5.75200000000041	2.76299999999992	5.04700000000048	0	0
7.84000000000015	5.18399999999929	6.59300000000076	0	0
5.54000000000087	3.46700000000055	4.95800000000054	0	0
5.64999999999964	3.54200000000037	5.74200000000019	0	0
9.125	8.5	6.59700000000066	0	0
6.246000000001	3.29399999999987	5.19700000000012	0	0
4.77700000000004	1.82200000000012	5.55699999999979	0	0
4.72599999999875	2.42800000000079	5.23599999999988	0	0
5.27800000000025	2.58600000000024	5.08699999999953	0	0
5.19100000000071	3.15900000000056	5.41299999999956	0	0
6.95299999999952	5.17499999999927	6.07200000000012	0	0
5.92699999999968	4.48899999999958	5.47599999999966	0	0
5.82300000000032	4.23199999999997	5.94700000000012	0	0
6.08599999999933	3.0630000000001	6.33700000000044	0	0
8.22199999999975	7.95200000000023	6.88000000000011	0	0
4.99799999999959	2.35599999999977	6.21299999999974	0	0
6.44399999999951	5.2480000000005	5.69999999999982	0	0
6.15099999999984	3.23000000000047	4.14699999999993	0	0
5.9950000000008	3.72299999999996	6.09799999999996	0	0
6.83299999999872	5.48999999999978	7.29200000000037	0	0
5.47599999999875	3.55099999999948	5.50799999999981	0	0
4.97699999999895	2.5659999999998	5.17100000000028	0	0
4.95299999999952	2.44700000000012	6.72199999999975	0	0
5.25400000000081	3.34499999999935	5.22500000000036	0	0
5.52599999999984	2.6869999999999	6.32600000000002	0	0
8.83300000000054	6.62100000000009	6.19500000000062	0	0
8.11700000000019	6.50399999999991	6.00699999999961	0	0
5.62099999999919	2.68499999999949	6.34299999999985	0	0
5.76199999999881	3.07999999999993	5.4409999999998	0	0
6.61800000000039	5.73899999999958	5.92900000000009	0	0
6.10300000000097	4.65799999999945	5.2480000000005	0	0
5.99099999999999	3.41699999999946	5.50300000000061	0	0
5.21000000000095	2.9970000000003	5.37599999999929	0	0
8.33599999999933	7.8739999999998	6.55500000000029	0	0
6.16600000000108	3.34500000000025	6.11899999999969	0	0
5.10300000000097	2.17200000000048	6.27400000000034	0	0
4.40699999999924	2.35199999999986	5.45399999999972	0	0
10.0430000000015	9.09500000000025	7.04999999999927	0	0
5.20600000000013	2.46100000000024	4.70700000000033	0	0
5.6309999999994	3.22500000000036	5.39599999999882	0	0
6.10499999999956	3.36999999999989	6.33699999999953	0	0
5.93499999999949	4.03300000000036	5.98199999999997	0	0
4.83400000000074	3.05100000000039	5.40700000000106	0	0
5.31099999999969	3.11700000000019	5.86399999999958	0	0
5.77800000000025	4.46100000000024	5.95499999999993	0	0
5.8130000000001	4.52700000000004	5.91699999999946	0	0
6.04100000000108	3.57600000000002	5.42300000000068	0	0
6.26299999999901	4.97499999999945	6.75	0	0
5.58399999999892	3.9350000000004	5.625	0	0
5.78399999999965	3.49300000000039	7.15599999999904	0	0
4.73799999999937	1.66799999999967	4.84699999999975	0	0
5.82799999999952	4.23999999999978	5.59900000000016	0	0
6.8130000000001	3.19499999999971	5.14199999999983	0	0
9.70200000000114	9.66100000000006	6.16700000000128	0	0
6.36299999999937	4.61399999999958	5.22899999999936	0	0
6.01199999999881	5.6889999999994	5.98699999999917	0	0
7.2510000000002	6.30499999999938	5.2489999999998	0	0
4.73099999999977	1.88400000000001	5.6929999999993	0	0
7.87299999999959	7.41200000000026	6.52399999999943	0	0
6.90800000000127	6.83500000000004	4.67299999999886	0	0
6.08400000000074	3.9320000000007	6.15200000000004	0	0
6.32400000000052	4.27400000000034	6.7549999999992	0	0
4.36800000000039	2.26400000000012	5.14099999999962	0	0
6.60799999999836	4.8760000000002	5.41000000000167	0	0
5.57600000000093	3.44500000000062	5.06099999999969	0	0
6.17099999999846	5.88499999999931	5.02499999999964	0	0
5.23500000000058	2.21200000000044	5.45600000000013	0	0
7.91899999999987	7.31099999999969	6.4419999999991	0	0
5.38800000000083	3.53399999999965	5.73399999999856	0	0
5.0510000000013	2.59100000000035	6.06600000000071	0	0
5.6140000000014	1.97699999999986	6.09100000000035	0	0
6.76499999999942	5.30899999999929	5.38299999999981	0	0
6.78100000000086	4.85699999999997	5.64900000000125	0	0
7.13800000000083	5.45699999999943	6.57800000000134	0	0
6.03600000000006	3.88100000000031	6.20300000000134	0	0
9.47000000000116	10.5309999999999	6.22999999999956	0	0
7.11999999999898	5.31999999999971	6.36499999999978	0	0
5.378999999999	3.55600000000049	5.59799999999996	0	0
5.64999999999964	2.22900000000027	4.90899999999965	0	0
7.48499999999876	6.34899999999925	6.39899999999943	0	0
6.05699999999888	3.43599999999969	5.37099999999919	0	0
5.22599999999875	3.03900000000067	4.95199999999932	0	0
7.41800000000148	6.47400000000016	5.45200000000114	0	0
6.33099999999831	4.86200000000008	5.36299999999937	0	0
5.19000000000051	1.86599999999999	5.78699999999844	0	0
7.47299999999996	5.8119999999999	6.53399999999965	0	0
6.14100000000144	4.09500000000025	7.10200000000077	0	0
5.28099999999904	2.42200000000048	6.09600000000137	0	0
4.81700000000092	1.6869999999999	5.36899999999878	0	0
5.03199999999924	2.35800000000017	4.77599999999984	0	0
6.34799999999996	4.34099999999944	5.95600000000013	0	0
5.33099999999831	2.5019999999995	4.92599999999948	0	0
5.87800000000061	3.21399999999994	5.33700000000135	0	0
6.05599999999868	3.125	6.52300000000105	0	0
7.96299999999974	8.01100000000042	5.69399999999951	0	0
5.98099999999977	3.85999999999967	5.53099999999904	0	0
8.5059999999994	7.20399999999972	7.12699999999859	0	0
4.96299999999974	2.64900000000034	5.59699999999975	0	0
6.8130000000001	5.61200000000008	5.58899999999994	0	0
7.10800000000017	4.83500000000004	6.8799999999992	0	0
5.30299999999988	2.17799999999988	4.67500000000109	0	0
5.24200000000019	3.09799999999996	5.05999999999949	0	0
6.76800000000003	5.39100000000053	5.98199999999997	0	0
5.73899999999958	3.25799999999981	4.77499999999964	0	0
6.60900000000038	4.69000000000051	6.84999999999854	0	0
5.61799999999857	2.93199999999979	5.88400000000001	0	0
4.60900000000038	2.72099999999955	5.5109999999986	0	0
6.33699999999953	3.93299999999999	6.84600000000137	0	0
7.30899999999929	4.5619999999999	7.27200000000084	0	0
7.06399999999849	6.15999999999985	5.35100000000057	0	0
5.40500000000065	3.28600000000006	6.01900000000023	0	0
5.70800000000054	2.30599999999959	5.83699999999953	0	0
5.22699999999895	2.31600000000071	6.1880000000001	0	0
5.0630000000001	2.75900000000001	5.73500000000058	0	0
5.36599999999999	3.77199999999993	6.09900000000016	0	0
5.46399999999994	2.8739999999998	5.59299999999894	0	0
6.46500000000015	6.07499999999982	5.39699999999903	0	0
6.1309999999994	3.76999999999953	5.48600000000079	0	0
6.18499999999949	3.91499999999996	5.74699999999939	0	0
5.66599999999926	4.32400000000052	5.59000000000015	0	0
5.20800000000054	2.33500000000004	5.56400000000031	0	0
4.94400000000132	2.57600000000002	5.29199999999946	0	0
4.48500000000058	1.90200000000004	5.04199999999946	0	0
4.97299999999996	2.09500000000025	6.06999999999971	0	0
5.1880000000001	2.09200000000055	5.57700000000114	0	0
6.48400000000038	5.14399999999932	5.63299999999981	0	0
6.61300000000119	4.06800000000021	7.19300000000112	0	0
7.55000000000109	5.94699999999921	5.95600000000013	0	0
4.99799999999959	2.83200000000033	6.07699999999932	0	0
6.71199999999953	4.5	5.28099999999904	0	0
5.33300000000054	2.17799999999988	4.80500000000029	0	0
5.57200000000012	3.9940000000006	5.8179999999993	0	0
7.69999999999891	6.5679999999993	7.46000000000095	0	0
5.93400000000111	3.05100000000039	5.72000000000116	0	0
4.75700000000143	2.27499999999964	5.29700000000048	0	0
5.39300000000003	2.65200000000004	4.84400000000096	0	0
6.09699999999975	3.41399999999976	6.05199999999968	0	0
7.71600000000035	7.32200000000012	6.39500000000044	0	0
6.1760000000013	3.40499999999975	6.56700000000092	0	0
5.92000000000007	3.30600000000049	5.58700000000135	0	0
5.29999999999927	2.93599999999969	5.88000000000102	0	0
6.14899999999943	3.86300000000028	5.75400000000081	0	0
9.41799999999967	9.22699999999986	5.79799999999886	0	0
7.54899999999907	6.40099999999984	6.22799999999916	0	0
6.88799999999901	5.5659999999998	6.06999999999971	0	0
7.77000000000044	7.35500000000047	5.80900000000111	0	0
5.76299999999901	4.17599999999948	4.95400000000154	0	0
5.98999999999978	3.69799999999941	5.64300000000003	0	0
5.07300000000032	3.25200000000041	5.61199999999917	0	0
5.74300000000039	3.9350000000004	5.75400000000081	0	0
5.83700000000135	3.89999999999964	5.11700000000019	0	0
6.125	4.48300000000017	5.75400000000081	0	0
8.14899999999943	6.26999999999953	5.6929999999993	0	0
5.78199999999924	3.58899999999994	5.08499999999913	0	0
5.27800000000025	2.32800000000043	6.0010000000002	0	0
4.76900000000023	2.88599999999951	5.51499999999942	0	0
5.05999999999949	2.47599999999966	4.91100000000006	0	0
5.56400000000031	2.77399999999943	5.74200000000019	0	0
5.51000000000022	2.91399999999976	5.47500000000036	0	0
4.60500000000138	1.63799999999992	4.81499999999869	0	0
5.76500000000124	2.91400000000067	6.77000000000044	0	0
5.03499999999985	2.68299999999999	5.34699999999975	0	0
6.65699999999924	4.80200000000059	5.62900000000081	0	0
5.91699999999946	2.90800000000036	5.29299999999967	0	0
12.6549999999988	13.7269999999999	6.98099999999977	0	0
5.41799999999967	3.38799999999992	5.42799999999988	0	0
5.32799999999952	3.0679999999993	5.9380000000001	0	0
8.39099999999962	8.40099999999984	6.17500000000109	0	0
7.86399999999958	7.33200000000033	6.3690000000006	0	0
6.88299999999981	5.65999999999985	6.64500000000044	0	0
7.6309999999994	6.39399999999932	5.73099999999977	0	0
5.35100000000057	2.71399999999994	6.6260000000002	0	0
6.05099999999948	3.75900000000001	5.33100000000013	0	0
5.61799999999857	3.04399999999987	5.35299999999916	0	0
5.53199999999924	2.66800000000057	7.80600000000049	0	0
5.07400000000052	2.34799999999996	6.121000000001	0	0
5.42200000000048	3.11200000000008	6.12800000000061	0	0
4.92599999999948	2.73100000000068	6.08700000000135	0	0
6.17100000000028	4.01599999999962	5.51000000000022	0	0
7.53499999999985	5.92799999999988	7.18000000000029	0	0
5.96000000000095	2.18100000000049	5.51900000000023	0	0
7.35500000000138	7.35600000000068	7.38800000000083	0	0
6.05600000000049	3.95299999999952	6.35800000000017	0	0
9.125	9.35299999999916	7.53600000000006	0	0
4.85699999999997	2.13499999999931	5.22099999999955	0	0
5.44599999999991	2.91300000000047	5.78800000000047	0	0
5.41699999999946	3.26499999999942	5.82200000000012	0	0
6.1200000000008	3.50699999999961	5.25799999999981	0	0
6.20600000000013	3.3720000000003	7.02100000000064	0	0
6.39499999999862	4.49900000000071	5.16899999999987	0	0
6.27399999999943	4.28400000000056	5.51900000000023	0	0
4.1299999999992	1.77399999999943	5.04500000000007	0	0
6.58399999999892	7.34199999999964	5.73300000000017	0	0
6.86000000000058	4.51900000000023	5.66599999999926	0	0
5.46500000000015	3.53699999999935	4.71099999999933	0	0
4.67000000000007	1.89099999999962	5.14900000000125	0	0
5.70100000000093	3.53300000000036	5.27099999999882	0	0
6.43400000000111	5.65400000000045	5.53499999999985	0	0
6.34299999999894	4.76900000000023	5.43000000000029	0	0
6.00300000000061	2.86499999999978	5.46799999999894	0	0
6.87200000000121	5.74600000000009	5.70800000000054	0	0
5.97700000000077	4.59600000000046	5.95700000000033	0	0
6.34399999999914	4.07899999999972	5.21699999999873	0	0
6.40099999999984	4.86300000000028	6.28299999999945	0	0
5.85400000000118	3.73399999999947	6.48600000000079	0	0
6.08899999999994	3.79300000000057	4.86599999999999	0	0
4.5010000000002	2.09000000000015	5.60699999999997	0	0
9.29299999999967	8.0630000000001	7.25500000000102	0	0
4.83399999999892	2.2559999999994	5.48199999999997	0	0
5.50299999999879	2.99499999999989	5.05500000000029	0	0
7.71399999999994	7.38699999999972	6.00300000000061	0	0
5.8739999999998	4.49199999999928	6.34699999999975	0	0
8.07599999999911	7.72800000000007	6.20900000000074	0	0
7.30400000000009	6.60599999999977	6.71699999999873	0	0
4.84599999999955	1.78399999999965	5.23800000000119	0	0
5.8739999999998	3.15300000000025	5.66500000000087	0	0
4.59399999999914	2.30600000000049	4.68299999999908	0	0
5.45099999999911	3.82899999999972	4.88300000000163	0	0
5.61199999999917	2.83600000000024	6.20199999999932	0	0
4.94700000000012	1.89699999999993	5.11199999999917	0	0
6.58400000000074	4.92199999999957	6.6869999999999	0	0
6.23199999999997	3.89900000000034	6.29000000000087	0	0
5.95200000000114	4.44499999999971	6.28199999999924	0	0
5.99499999999898	3.20400000000063	6.76699999999983	0	0
7.69200000000092	7.8739999999998	6.61299999999937	0	0
7.21500000000015	6.36599999999999	5.61700000000019	0	0
5.99799999999959	4.0600000000004	6.38699999999881	0	0
5.83500000000095	4.31700000000001	5.84399999999914	0	0
5.72500000000036	4.31999999999971	5.92499999999927	0	0
6.17300000000068	3.35800000000017	5.95399999999972	0	0
6.6309999999994	3.77499999999964	5.44599999999991	0	0
4.60800000000017	2.32499999999982	4.68199999999888	0	0
5.4369999999999	3.43100000000049	6.16300000000047	0	0
5.05299999999988	3.72100000000046	4.93299999999908	0	0
4.68099999999868	2.52199999999993	4.45999999999913	0	0
6.18100000000049	3.90400000000045	6.16299999999865	0	0
6.02400000000125	4.28600000000006	6.38699999999881	0	0
5.90099999999984	4.85300000000007	5.53200000000106	0	0
5.70100000000093	4.73199999999997	5.09200000000055	0	0
8.97900000000118	6.7549999999992	5.88100000000122	0	0
7.19599999999991	7.33600000000024	6.69599999999991	0	0
5.17699999999968	2.04899999999998	6.79800000000068	0	0
4.92900000000009	2.04799999999977	5.77100000000064	0	0
6.96799999999894	4.52099999999973	5.59900000000016	0	0
5.10299999999916	2.45200000000023	4.02400000000125	0	0
5.96799999999894	5.06700000000001	6.03199999999924	0	0
5.43100000000049	2.34999999999945	6.03399999999965	0	0
5.39300000000003	2.61200000000008	4.97700000000077	0	0
5.5630000000001	3.89999999999964	5.02000000000044	0	0
4.77000000000044	2.54300000000057	6.53099999999904	0	0
4.60399999999936	2.08399999999983	4.66100000000006	0	0
6.55500000000029	5.4970000000003	5.35000000000036	0	0
6.01499999999942	4.97299999999996	5.11000000000058	0	0
5.63900000000103	3.92299999999977	5.51399999999921	0	0
4.69499999999971	2.76699999999983	5.54399999999987	0	0
