2.56	0.201	2.804	0	0
1.377	0.223	1.599	0	0
1.583	0.381	1.787	0	0
1.58	0.417	1.833	0	0
1.485	0.38	1.69	0	0
1.417	0.398	1.708	0	0
1.492	0.33	1.724	0	0
1.429	0.31	1.66	0	0
1.597	0.387	1.828	0	0
1.468	0.272	1.668	0	0
1.428	0.251	1.621	0	0
2.19	0.43	2.592	0	0
1.47799999999999	0.432	1.768	0	0
1.547	0.4	1.795	0	0
1.46599999999999	0.346	1.754	0	0
1.44600000000001	0.231999999999999	1.614	0	0
1.468	0.337	1.715	0	0
1.498	0.314	1.73	0	0
1.569	0.241999999999999	1.744	0	0
1.412	0.215000000000002	1.599	0	0
2.094	0.218999999999999	2.313	0	0
1.36699999999999	0.190000000000001	1.55699999999999	0	0
1.416	0.341000000000001	1.652	0	0
1.402	0.198	1.57899999999999	0	0
1.38200000000001	0.195	1.577	0	0
1.39100000000001	0.206	1.598	0	0
1.461	0.433	2.062	0	0
1.45699999999999	0.253999999999998	1.78099999999999	0	0
2.259	0.419	2.509	0	0
1.544	0.432000000000002	1.937	0	0
1.446	0.321000000000002	1.70999999999999	0	0
1.526	0.481999999999999	1.961	0	0
1.521	0.419	1.82599999999999	0	0
1.527	0.402999999999999	1.738	0	0
1.482	0.355999999999998	1.78500000000001	0	0
1.479	0.317	1.77300000000001	0	0
2.166	0.309000000000001	2.50699999999999	0	0
1.548	0.470000000000002	1.90000000000001	0	0
1.431	0.359999999999999	1.887	0	0
1.413	0.263999999999999	1.53100000000001	0	0
1.437	0.241	1.673	0	0
1.518	0.516999999999999	1.768	0	0
1.43599999999999	0.269000000000002	1.66200000000001	0	0
2.20399999999999	0.225999999999999	2.441	0	0
1.562	0.483000000000001	2.16499999999999	0	0
1.366	0.292000000000002	1.608	0	0
1.40100000000001	0.234999999999999	1.72499999999999	0	0
1.345	0.215	1.61699999999999	0	0
1.40800000000002	0.263000000000002	1.839	0	0
1.43100000000001	0.224999999999998	1.815	0	0
1.428	0.185000000000002	1.66499999999999	0	0
1.41999999999999	0.177	1.721	0	0
2.19400000000002	0.290000000000006	2.709	0	0
1.35300000000001	0.271000000000001	1.72299999999998	0	0
1.357	0.214999999999996	1.58099999999999	0	0
1.37899999999999	0.183999999999997	1.797	0	0
1.37200000000001	0.214999999999996	1.661	0	0
2.72299999999998	0.366	3.21599999999998	0	0
2.11200000000002	0.194000000000003	2.50200000000001	0	0
1.47800000000001	0.323999999999998	1.91400000000002	0	0
1.45099999999999	0.218000000000004	1.779	0	0
1.51900000000001	0.472000000000001	1.97300000000001	0	0
1.51900000000001	0.608000000000004	1.85399999999998	0	0
1.52500000000001	0.461999999999996	1.804	0	0
1.47399999999999	0.389000000000003	1.75	0	0
1.37599999999998	0.216000000000001	1.636	0	0
2.15600000000001	0.289999999999999	2.501	0	0
1.494	0.312999999999995	1.916	0	0
1.465	0.383000000000003	1.887	0	0
1.5	0.456000000000003	1.99800000000002	0	0
1.49200000000002	0.311999999999998	2.02300000000002	0	0
1.435	0.170999999999999	1.78	0	0
1.428	0.222000000000001	1.73400000000001	0	0
1.505	0.205999999999996	1.83699999999999	0	0
1.696	0.635000000000005	2.13800000000001	0	0
1.42099999999999	0.383000000000003	1.72399999999999	0	0
1.46099999999998	0.32	1.74299999999999	0	0
1.57300000000001	0.363999999999997	1.79600000000002	0	0
1.47200000000001	0.367000000000004	1.84899999999999	0	0
1.43600000000001	0.347000000000001	1.80899999999997	0	0
1.41200000000001	0.281999999999996	1.67700000000002	0	0
1.43300000000002	0.201000000000001	1.59300000000002	0	0
1.42099999999999	0.296000000000006	1.65899999999999	0	0
1.46099999999998	0.363999999999997	1.66800000000001	0	0
1.42800000000003	0.403999999999996	1.74099999999999	0	0
1.45400000000001	0.340000000000003	1.79899999999998	0	0
1.39099999999999	0.200000000000003	1.65499999999997	0	0
1.36800000000002	0.225000000000001	1.60399999999998	0	0
1.404	0.245999999999995	1.714	0	0
1.399	0.202999999999996	1.71699999999998	0	0
1.40899999999999	0.296999999999997	1.78199999999998	0	0
2.13499999999999	0.222000000000001	2.49200000000002	0	0
1.54599999999999	0.427999999999997	1.839	0	0
1.43000000000001	0.284999999999997	1.738	0	0
1.49099999999999	0.417000000000002	1.80599999999998	0	0
1.48400000000001	0.344000000000001	1.815	0	0
1.40799999999999	0.417999999999999	1.82000000000005	0	0
1.44300000000004	0.281999999999996	1.71000000000004	0	0
1.46600000000001	0.451000000000001	1.887	0	0
1.40600000000001	0.259999999999998	1.61400000000003	0	0
1.495	0.305999999999997	1.726	0	0
1.40300000000002	0.304000000000002	1.77299999999997	0	0
1.38599999999997	0.199000000000012	1.62799999999999	0	0
1.38999999999999	0.221000000000004	1.73599999999999	0	0
1.40700000000004	0.305000000000007	1.75200000000001	0	0
1.36200000000002	0.180999999999997	1.50900000000001	0	0
1.39499999999998	0.147000000000006	1.59099999999995	0	0
1.45899999999995	0.385000000000005	1.83499999999998	0	0
1.45299999999997	0.278000000000006	1.68599999999998	0	0
2.19200000000001	0.189000000000007	2.31999999999999	0	0
1.39100000000002	0.230999999999995	1.62099999999998	0	0
1.37299999999999	0.206999999999994	1.58100000000002	0	0
1.43799999999999	0.316000000000003	1.76300000000003	0	0
1.35899999999998	0.210999999999999	1.58800000000002	0	0
1.61700000000002	0.326999999999998	1.935	0	0
1.71600000000001	0.234000000000009	1.96699999999998	0	0
1.76599999999996	0.242999999999995	2.03800000000001	0	0
1.67599999999999	0.234000000000009	1.94499999999999	0	0
1.94	0.222999999999999	2.25099999999998	0	0
1.44600000000003	0.304999999999993	1.76499999999999	0	0
1.39100000000002	0.201999999999998	1.608	0	0
1.43000000000001	0.198999999999998	1.63200000000001	0	0
1.39800000000002	0.215000000000003	1.61500000000001	0	0
1.37299999999999	0.162999999999997	1.399	0	0
1.45299999999997	0.197000000000003	1.63099999999997	0	0
1.38600000000002	0.200000000000003	1.58600000000001	0	0
1.39299999999997	0.228000000000009	1.59500000000003	0	0
1.39400000000001	0.228999999999999	1.625	0	0
1.459	0.328999999999994	1.90299999999996	0	0
1.41399999999999	0.192999999999998	1.69499999999999	0	0
1.39400000000001	0.209000000000003	1.63799999999998	0	0
1.38599999999997	0.239999999999995	1.65499999999997	0	0
1.40699999999998	0.204999999999998	1.60500000000002	0	0
1.45400000000001	0.199000000000012	1.74599999999998	0	0
1.38399999999996	0.23299999999999	1.75900000000001	0	0
1.41799999999995	0.209000000000003	1.61600000000004	0	0
1.42599999999999	0.203000000000003	1.65300000000002	0	0
1.423	0.244	1.76900000000001	0	0
1.38499999999999	0.27600000000001	1.71300000000002	0	0
1.541	0.230000000000004	1.89400000000001	0	0
1.44400000000002	0.244	1.66400000000004	0	0
1.46999999999997	0.189999999999998	1.64500000000004	0	0
1.40300000000002	0.189999999999998	1.68399999999997	0	0
1.36500000000001	0.239000000000004	1.661	0	0
1.37900000000002	0.238	1.69999999999999	0	0
1.38800000000003	0.283000000000001	1.64400000000001	0	0
1.40499999999997	0.297000000000011	1.63799999999998	0	0
1.65499999999997	0.439999999999998	1.95499999999998	0	0
1.39800000000002	0.180999999999997	1.67699999999996	0	0
1.44999999999999	0.228000000000009	1.63999999999999	0	0
1.68900000000002	0.192999999999998	1.99600000000004	0	0
1.85499999999996	0.206999999999994	2.06700000000001	0	0
1.56800000000004	0.185000000000002	1.81900000000002	0	0
1.79900000000004	0.234999999999999	2.03300000000002	0	0
1.548	0.266999999999996	1.82800000000003	0	0
1.78700000000003	0.346999999999994	2.14700000000005	0	0
1.83800000000002	0.265000000000001	2.09800000000001	0	0
1.44199999999995	0.265000000000001	1.71800000000002	0	0
1.42499999999995	0.339000000000013	1.69600000000003	0	0
2.25600000000003	0.292000000000002	2.416	0	0
1.51900000000001	0.373000000000005	1.76999999999998	0	0
1.42099999999999	0.340000000000003	1.65200000000004	0	0
1.38400000000001	0.222999999999999	1.61500000000001	0	0
1.37299999999999	0.195999999999998	1.57600000000002	0	0
1.38400000000001	0.285000000000011	1.64999999999998	0	0
1.35900000000004	0.210999999999999	1.64200000000005	0	0
1.35700000000003	0.271000000000001	1.59099999999989	0	0
1.36900000000003	0.278000000000006	1.59800000000007	0	0
1.40500000000003	0.387	1.678	0	0
1.39500000000004	0.365000000000009	1.61700000000008	0	0
1.46899999999999	0.379999999999995	1.73300000000006	0	0
1.38899999999995	0.424000000000007	1.65100000000007	0	0
1.36000000000001	0.376999999999995	1.61800000000005	0	0
1.40099999999995	0.38900000000001	1.62100000000009	0	0
1.404	0.262999999999991	1.58199999999999	0	0
1.34199999999998	0.266999999999996	1.60900000000004	0	0
2.04000000000002	0.182000000000002	2.221	0	0
1.27699999999999	0.215000000000003	1.49400000000003	0	0
1.51400000000001	0.451999999999998	1.721	0	0
1.267	0.234999999999999	1.529	0	0
1.37400000000002	0.370999999999995	1.625	0	0
1.35599999999999	0.257000000000005	1.52199999999993	0	0
1.298	0.207999999999998	1.50599999999997	0	0
1.30700000000002	0.191000000000003	1.49699999999996	0	0
1.43599999999998	0.299999999999997	1.83000000000004	0	0
1.43599999999998	0.263000000000005	1.67899999999997	0	0
1.411	0.222999999999999	1.63400000000001	0	0
1.38999999999999	0.227000000000004	1.78800000000001	0	0
1.39400000000001	0.214000000000013	1.65000000000009	0	0
1.46800000000002	0.338999999999999	1.73099999999999	0	0
1.435	0.215000000000003	1.68000000000006	0	0
1.39499999999998	0.239000000000004	1.68600000000004	0	0
1.44099999999997	0.200000000000003	1.64400000000001	0	0
1.34799999999996	0.222999999999999	1.58399999999995	0	0
1.36100000000005	0.207999999999998	1.61399999999992	0	0
1.36799999999999	0.224000000000004	1.59199999999998	0	0
1.39300000000003	0.201000000000008	1.56499999999994	0	0
1.39800000000002	0.212000000000003	1.58399999999995	0	0
1.40899999999999	0.298000000000002	1.73199999999997	0	0
1.39999999999998	0.234999999999999	1.65099999999995	0	0
1.37799999999999	0.207999999999998	1.77499999999998	0	0
1.43700000000001	0.207999999999998	1.69299999999998	0	0
1.52300000000002	0.597999999999999	1.83499999999992	0	0
1.30200000000002	0.200000000000003	1.50099999999998	0	0
1.34199999999998	0.203000000000003	1.52700000000004	0	0
1.32499999999993	0.266999999999996	1.57100000000003	0	0
1.44799999999998	0.379999999999995	1.68100000000004	0	0
1.47000000000003	0.381	1.75700000000006	0	0
1.43600000000004	0.397000000000006	1.65999999999997	0	0
1.42100000000005	0.244	1.60500000000002	0	0
2.09299999999996	0.272000000000006	2.42100000000005	0	0
1.35399999999993	0.182000000000002	1.53499999999997	0	0
1.40899999999999	0.100000000000009	1.50900000000001	0	0
1.40499999999997	0.355000000000004	1.69100000000003	0	0
1.39300000000003	0.25	1.58400000000006	0	0
1.399	0.247	1.58100000000002	0	0
1.38	0.215000000000003	1.54300000000001	0	0
1.35199999999998	0.242000000000004	1.59399999999994	0	0
1.44200000000001	0.269999999999996	1.67399999999998	0	0
1.40699999999993	0.218000000000004	1.601	0	0
1.40999999999997	0.277000000000001	1.61400000000003	0	0
1.35599999999999	0.243000000000009	1.601	0	0
1.48199999999997	0.25	1.68899999999996	0	0
1.36000000000001	0.230999999999995	1.61000000000001	0	0
1.41999999999996	0.205999999999989	1.72299999999996	0	0
1.36400000000003	0.264999999999986	1.625	0	0
1.42700000000002	0.234000000000009	1.654	0	0
2.11500000000001	0.203000000000003	2.32099999999991	0	0
1.53500000000008	0.49799999999999	1.88599999999997	0	0
1.38499999999999	0.193999999999988	1.61000000000001	0	0
1.45000000000005	0.415999999999997	1.76800000000003	0	0
1.34299999999996	0.211999999999989	1.69500000000005	0	0
1.44600000000003	0.269999999999982	1.65499999999997	0	0
1.40599999999995	0.265000000000015	1.57600000000002	0	0
1.31899999999996	0.181000000000012	1.447	0	0
1.37400000000002	0.269999999999982	1.57000000000005	0	0
1.38499999999999	0.253000000000014	1.66700000000003	0	0
1.37700000000007	0.203000000000003	1.59000000000003	0	0
1.529	0.387	1.88800000000003	0	0
1.36300000000006	0.222000000000008	1.61199999999997	0	0
1.40599999999995	0.281000000000006	1.65300000000002	0	0
1.476	0.363999999999976	1.80200000000002	0	0
1.37900000000002	0.21599999999998	1.59399999999994	0	0
1.38800000000003	0.22399999999999	1.61099999999999	0	0
1.60500000000002	0.579000000000008	1.97900000000004	0	0
1.41699999999992	0.241000000000014	1.70799999999997	0	0
1.39200000000005	0.210999999999984	1.58699999999999	0	0
1.39300000000003	0.22999999999999	1.60199999999998	0	0
1.36099999999999	0.233000000000004	1.57500000000005	0	0
1.38200000000006	0.311999999999983	1.68600000000004	0	0
1.45800000000008	0.247000000000014	1.66800000000001	0	0
1.39700000000005	0.188999999999993	1.58199999999999	0	0
1.37	0.194999999999993	1.70400000000006	0	0
1.346	0.253000000000014	1.58500000000004	0	0
1.35700000000008	0.22199999999998	1.65699999999993	0	0
1.39999999999998	0.208999999999975	1.572	0	0
1.36599999999999	0.224999999999994	1.66200000000003	0	0
1.34799999999996	0.239000000000004	1.66499999999996	0	0
2.19699999999989	0.218999999999994	2.41599999999994	0	0
1.36399999999992	0.263000000000005	1.60400000000004	0	0
1.37799999999993	0.269000000000005	1.58300000000008	0	0
1.34800000000007	0.22999999999999	1.54500000000007	0	0
1.35299999999995	0.216000000000008	1.58500000000004	0	0
1.37599999999998	0.189999999999998	1.67699999999991	0	0
1.37699999999995	0.205000000000013	1.61000000000001	0	0
1.35300000000007	0.205999999999989	1.5680000000001	0	0
1.33900000000006	0.201999999999998	1.49700000000007	0	0
1.39200000000005	0.198999999999984	1.58799999999997	0	0
1.37099999999998	0.264999999999986	1.62099999999998	0	0
1.36900000000003	0.212999999999994	1.59699999999998	0	0
1.3839999999999	0.239999999999981	1.625	0	0
1.37399999999991	0.218000000000018	1.60599999999999	0	0
1.42500000000007	0.193999999999988	1.63300000000004	0	0
1.38499999999999	0.195000000000022	1.60500000000002	0	0
1.38499999999999	0.23599999999999	1.63999999999999	0	0
2.09400000000005	0.225999999999999	2.32099999999991	0	0
1.52499999999998	0.536000000000001	1.86000000000001	0	0
1.35299999999995	0.230999999999995	1.6690000000001	0	0
1.34799999999996	0.21599999999998	1.73000000000002	0	0
1.38699999999994	0.170000000000016	1.67600000000004	0	0
1.37299999999993	0.205999999999989	1.60699999999997	0	0
1.37800000000004	0.195999999999998	1.59100000000001	0	0
1.33800000000008	0.215000000000003	1.55399999999997	0	0
1.35300000000007	0.211000000000013	1.553	0	0
1.61000000000001	0.286999999999978	1.84000000000003	0	0
1.35599999999999	0.282999999999987	1.56900000000007	0	0
1.375	0.290999999999997	1.62099999999998	0	0
1.43599999999992	0.296000000000021	1.73299999999995	0	0
1.38100000000009	0.282000000000011	1.63400000000001	0	0
1.39999999999998	0.213999999999999	1.65699999999993	0	0
1.37099999999998	0.229000000000013	1.58400000000006	0	0
1.40600000000006	0.257999999999981	1.68100000000004	0	0
2.15800000000002	0.25800000000001	2.52100000000007	0	0
1.40200000000004	0.239999999999981	1.64300000000003	0	0
1.41200000000003	0.356999999999999	1.85200000000009	0	0
1.40999999999997	0.241000000000014	1.64499999999998	0	0
1.29999999999995	0.221000000000004	1.60799999999995	0	0
1.31099999999992	0.219999999999999	1.63499999999999	0	0
1.80999999999995	0.754999999999995	2.125	0	0
1.33800000000008	0.251999999999981	1.5870000000001	0	0
1.32100000000003	0.214999999999975	1.57900000000006	0	0
1.34100000000001	0.230999999999995	1.572	0	0
1.36699999999996	0.186999999999983	1.53599999999994	0	0
1.351	0.196000000000026	1.54700000000003	0	0
1.32100000000003	0.236999999999995	1.56500000000005	0	0
1.34500000000003	0.209000000000003	1.57400000000007	0	0
1.31700000000001	0.254000000000019	1.601	0	0
1.35500000000002	0.308999999999997	1.63900000000001	0	0
1.33699999999999	0.260999999999996	1.53999999999996	0	0
1.37900000000002	0.238	1.61800000000005	0	0
1.34199999999998	0.275000000000006	1.65300000000002	0	0
1.32600000000002	0.20999999999998	1.59499999999991	0	0
1.38699999999994	0.187000000000012	1.66099999999994	0	0
1.33899999999994	0.22399999999999	1.62800000000004	0	0
1.36200000000008	0.201999999999998	1.58199999999999	0	0
1.46999999999991	0.269000000000005	1.73900000000003	0	0
1.38300000000004	0.308000000000021	1.67499999999995	0	0
1.36599999999999	0.210999999999984	1.57799999999997	0	0
1.37799999999993	0.215000000000003	1.61900000000003	0	0
1.39800000000002	0.199999999999989	1.63900000000001	0	0
1.37599999999998	0.189999999999998	1.55400000000009	0	0
1.45399999999995	0.22399999999999	1.71000000000004	0	0
1.39400000000001	0.211999999999989	1.58600000000001	0	0
1.46900000000005	0.275000000000006	1.66700000000003	0	0
1.33300000000008	0.219999999999999	1.55700000000002	0	0
1.39100000000008	0.189000000000021	1.64600000000007	0	0
1.36800000000005	0.213999999999999	1.59199999999998	0	0
1.42099999999994	0.225999999999999	1.75	0	0
1.35699999999997	0.260000000000019	1.64400000000001	0	0
1.37	0.211999999999989	1.58199999999999	0	0
1.34700000000009	0.197000000000003	1.58699999999999	0	0
1.36400000000003	0.212999999999994	1.60199999999998	0	0
1.35299999999995	0.229000000000013	1.60899999999992	0	0
1.36799999999994	0.210000000000008	1.61300000000006	0	0
1.38900000000001	0.205000000000013	1.65899999999999	0	0
1.38400000000001	0.132000000000005	1.60000000000002	0	0
1.40100000000007	0.210999999999984	1.58199999999999	0	0
1.40699999999993	0.0720000000000027	1.56799999999998	0	0
1.34899999999993	0.10499999999999	1.45699999999999	0	0
1.40100000000007	0.146999999999991	1.60000000000002	0	0
1.42600000000004	0.195999999999998	1.66499999999996	0	0
1.29200000000003	0.0779999999999745	1.38799999999992	0	0
1.346	0.218999999999994	1.59199999999998	0	0
1.34599999999989	0.207999999999998	1.58499999999992	0	0
1.29999999999995	0.230999999999995	1.53799999999978	0	0
1.36200000000008	0.244	1.57300000000009	0	0
1.28999999999996	0.150000000000006	1.44499999999994	0	0
1.31499999999994	0.219999999999999	1.53899999999999	0	0
1.3420000000001	0.194999999999993	1.57999999999993	0	0
1.38700000000006	0.282000000000011	1.64999999999986	0	0
1.33600000000001	0.271999999999991	1.58699999999999	0	0
1.34300000000007	0.171999999999997	1.58600000000001	0	0
1.39499999999998	0.228999999999985	1.64799999999991	0	0
1.3130000000001	0.228000000000009	1.54100000000017	0	0
1.399	0.210000000000008	1.75900000000001	0	0
1.56399999999996	0.367999999999995	1.84100000000012	0	0
1.42899999999997	0.324000000000012	1.68499999999995	0	0
2.26400000000001	0.262	2.625	0	0
1.51699999999994	0.524999999999977	1.83600000000001	0	0
1.46699999999998	0.413999999999987	1.74399999999991	0	0
1.447	0.366000000000014	1.73300000000017	0	0
1.5200000000001	0.364999999999981	1.92499999999995	0	0
1.81000000000006	0.36099999999999	2.1579999999999	0	0
1.803	0.474999999999994	2.21000000000004	0	0
1.76900000000001	0.495000000000005	2.17100000000005	0	0
1.82499999999993	0.286000000000001	2.07400000000007	0	0
1.66199999999992	0.236000000000018	1.89700000000016	0	0
1.80200000000002	0.246999999999986	2.05200000000013	0	0
1.35300000000007	0.244	1.59999999999991	0	0
1.44100000000003	0.300000000000011	1.71600000000012	0	0
1.45299999999997	0.164000000000016	1.57300000000009	0	0
2.16700000000003	0.206999999999994	2.35199999999986	0	0
1.37300000000005	0.224999999999994	1.54600000000005	0	0
1.41300000000001	0.240000000000009	1.59100000000012	0	0
1.38900000000001	0.211000000000013	1.61300000000006	0	0
1.32600000000002	0.278999999999996	1.56200000000013	0	0
1.34400000000005	0.230999999999995	1.57600000000002	0	0
1.38800000000003	0.283999999999992	1.66100000000006	0	0
1.41499999999996	0.264999999999986	1.63100000000009	0	0
1.42400000000009	0.242999999999995	1.654	0	0
1.41700000000003	0.279999999999973	1.68599999999992	0	0
1.38200000000006	0.280000000000001	1.63599999999997	0	0
1.42499999999995	0.102000000000004	1.68399999999997	0	0
1.46799999999996	0.304000000000002	1.80199999999991	0	0
1.35500000000002	0.111999999999995	1.77199999999993	0	0
2.15899999999999	0.235000000000014	2.57000000000016	0	0
1.35899999999992	0.206999999999994	1.65600000000018	0	0
1.34699999999998	0.212999999999994	1.64400000000001	0	0
1.42500000000007	0.354000000000013	1.77800000000002	0	0
1.33199999999999	0.217000000000013	1.53800000000001	0	0
1.50699999999995	0.469000000000023	1.76200000000017	0	0
1.33900000000006	0.271999999999991	1.60599999999999	0	0
1.34500000000003	0.199000000000012	1.54900000000021	0	0
1.36800000000005	0.200999999999993	1.55400000000009	0	0
1.577	0.406999999999982	1.78999999999996	0	0
1.69299999999998	0.77200000000002	2.08299999999986	0	0
1.471	0.396999999999991	1.93600000000015	0	0
1.36400000000003	0.209000000000003	1.68799999999987	0	0
1.43900000000008	0.298000000000002	1.77999999999997	0	0
2.14599999999996	0.269999999999982	2.41399999999999	0	0
1.36099999999999	0.270999999999987	1.66300000000001	0	0
1.39300000000003	0.265000000000015	1.56999999999994	0	0
1.35599999999999	0.223000000000013	1.58000000000015	0	0
1.36200000000008	0.209000000000003	1.68700000000013	0	0
1.59100000000001	0.486999999999995	1.98300000000017	0	0
1.39799999999991	0.235000000000014	1.62899999999991	0	0
1.38699999999994	0.361999999999995	1.62900000000013	0	0
1.48799999999994	0.557000000000016	1.87000000000012	0	0
1.36099999999999	0.228000000000009	1.59899999999993	0	0
1.34500000000003	0.123000000000019	1.61200000000008	0	0
1.45600000000002	0.27600000000001	1.6869999999999	0	0
1.41899999999998	0.249000000000024	1.69500000000016	0	0
1.54399999999998	0.395999999999987	1.85799999999995	0	0
1.524	0.537999999999982	1.92499999999995	0	0
1.51999999999998	0.348000000000013	1.82900000000018	0	0
2.24200000000008	0.37700000000001	2.51499999999987	0	0
1.42900000000009	0.421999999999997	1.779	0	0
1.48800000000006	0.658000000000015	1.85099999999989	0	0
1.55700000000002	0.430999999999983	1.6880000000001	0	0
1.43399999999997	0.424999999999983	1.74199999999996	0	0
1.42600000000016	0.361999999999995	1.71199999999999	0	0
1.43600000000015	0.335999999999984	1.64300000000003	0	0
1.37900000000013	0.343000000000018	1.73400000000015	0	0
1.3929999999998	0.218999999999994	1.64400000000001	0	0
1.37599999999998	0.27000000000001	1.70699999999988	0	0
1.36699999999996	0.264999999999986	1.64599999999996	0	0
1.43499999999995	0.218999999999994	1.7829999999999	0	0
1.36400000000003	0.221000000000004	1.64800000000014	0	0
1.62599999999998	0.495000000000005	2.09299999999985	0	0
2.2650000000001	0.466000000000008	2.84899999999993	0	0
1.4849999999999	0.463999999999999	1.74500000000012	0	0
1.48299999999995	0.390999999999991	1.76800000000003	0	0
1.43600000000015	0.433999999999997	1.77400000000011	0	0
1.404	0.24799999999999	1.62899999999991	0	0
1.37200000000007	0.23599999999999	1.56600000000003	0	0
1.452	0.216000000000008	1.72000000000003	0	0
1.44700000000012	0.380000000000024	1.72499999999991	0	0
1.36599999999999	0.271999999999991	1.67599999999993	0	0
1.41499999999996	0.334000000000003	1.77700000000004	0	0
1.47599999999989	0.242999999999995	1.70100000000002	0	0
1.40999999999985	0.211000000000013	1.60300000000007	0	0
1.42000000000007	0.244	1.55099999999993	0	0
1.41000000000008	0.287000000000006	1.62199999999984	0	0
1.46900000000005	0.359000000000009	1.7059999999999	0	0
1.423	0.435000000000002	1.79299999999989	0	0
1.471	0.350000000000023	1.86200000000008	0	0
1.54100000000017	0.379999999999995	1.77600000000007	0	0
1.32200000000012	0.237000000000023	1.63400000000001	0	0
1.37300000000005	0.233000000000004	1.57600000000002	0	0
1.41599999999994	0.225999999999999	1.60599999999999	0	0
1.73099999999999	0.623999999999995	2.2059999999999	0	0
1.4860000000001	0.432000000000016	1.85599999999999	0	0
1.47399999999993	0.426999999999992	1.67400000000021	0	0
1.40499999999997	0.197000000000003	1.66100000000006	0	0
1.49400000000014	0.20999999999998	1.80899999999997	0	0
1.40499999999997	0.241000000000014	1.68799999999987	0	0
1.48000000000002	0.304999999999978	1.66300000000001	0	0
1.46699999999987	0.358000000000004	1.85100000000011	0	0
1.37400000000002	0.218999999999994	1.62899999999991	0	0
2.44899999999984	0.564999999999998	2.77099999999996	0	0
1.36999999999989	0.246000000000009	1.66399999999999	0	0
1.47199999999998	0.461999999999989	1.72900000000004	0	0
1.45100000000002	0.310000000000002	1.78700000000003	0	0
1.35100000000011	0.300000000000011	1.70000000000005	0	0
1.47399999999993	0.400000000000034	1.84400000000005	0	0
1.35900000000015	0.16500000000002	1.49299999999994	0	0
1.33699999999999	0.24799999999999	1.6389999999999	0	0
1.54099999999994	0.399999999999977	2.06699999999978	0	0
1.50999999999999	0.428000000000054	1.85000000000014	0	0
1.38599999999997	0.364000000000033	1.64799999999991	0	0
1.39400000000001	0.183999999999969	1.61400000000003	0	0
1.36599999999999	0.226999999999975	1.60100000000011	0	0
1.48599999999988	0.328999999999951	1.88199999999983	0	0
1.44699999999989	0.229999999999961	1.702	0	0
1.40300000000002	0.353000000000009	1.72600000000011	0	0
2.14599999999996	0.22199999999998	2.60100000000011	0	0
1.34999999999991	0.266999999999996	1.86400000000003	0	0
1.43599999999992	0.391999999999996	1.66799999999989	0	0
1.44200000000001	0.353000000000009	1.73399999999992	0	0
1.49099999999999	0.387	1.75900000000001	0	0
1.44100000000003	0.401999999999987	1.94200000000001	0	0
1.50500000000011	0.372000000000014	1.75399999999991	0	0
1.43200000000002	0.324999999999989	1.76199999999994	0	0
1.5329999999999	0.442000000000007	1.77199999999993	0	0
1.42399999999998	0.260999999999967	1.78899999999999	0	0
1.33400000000006	0.159000000000049	1.51100000000019	0	0
1.38100000000009	0.230000000000018	1.60300000000007	0	0
1.346	0.162000000000035	1.71199999999999	0	0
1.54599999999982	0.507999999999981	2.04199999999992	0	0
1.36000000000013	0.15500000000003	1.74700000000007	0	0
1.35799999999995	0.174000000000035	1.60699999999997	0	0
1.43100000000004	0.33499999999998	1.73399999999992	0	0
1.37899999999991	0.293999999999983	1.65300000000002	0	0
1.33900000000017	0.197999999999979	1.654	0	0
1.32799999999997	0.201000000000022	1.60900000000015	0	0
1.346	0.254000000000019	1.65499999999997	0	0
1.29000000000019	0.222000000000037	1.57300000000009	0	0
1.327	0.187000000000012	1.52700000000004	0	0
1.36399999999981	0.257000000000005	1.72399999999993	0	0
1.34300000000007	0.194999999999993	1.53999999999996	0	0
1.54700000000003	0.48399999999998	1.97900000000004	0	0
1.38300000000004	0.245000000000005	1.64899999999989	0	0
2.19399999999996	0.201000000000022	2.44800000000009	0	0
1.3889999999999	0.201000000000022	1.67399999999998	0	0
1.42000000000007	0.194999999999993	1.67599999999993	0	0
1.34800000000018	0.220000000000027	1.56799999999998	0	0
1.36199999999985	0.204000000000008	1.56499999999983	0	0
1.39699999999993	0.189999999999998	1.58900000000017	0	0
1.42400000000021	0.226999999999975	1.74000000000001	0	0
1.38199999999983	0.173000000000002	1.70799999999986	0	0
1.38700000000017	0.199999999999989	1.65200000000004	0	0
1.37599999999998	0.192999999999984	1.68600000000015	0	0
1.38200000000006	0.202999999999975	1.72600000000011	0	0
1.42999999999984	0.200000000000045	1.69700000000012	0	0
1.39699999999993	0.211999999999989	1.60799999999995	0	0
1.40100000000007	0.180999999999983	1.60199999999986	0	0
1.34000000000015	0.227000000000032	1.56700000000001	0	0
1.40200000000004	0.277000000000044	1.79200000000014	0	0
1.35100000000011	0.20999999999998	1.6099999999999	0	0
1.39899999999989	0.312999999999988	1.73299999999995	0	0
1.35200000000009	0.185999999999979	1.67200000000003	0	0
1.37900000000013	0.202999999999975	1.70399999999995	0	0
1.38200000000006	0.206000000000017	1.70399999999995	0	0
1.44500000000016	0.317999999999984	1.779	0	0
1.37199999999984	0.173000000000002	1.78700000000003	0	0
1.3760000000002	0.200999999999965	1.64400000000001	0	0
1.71800000000007	0.385999999999967	2.13400000000001	0	0
1.82899999999995	0.224999999999966	2.06700000000001	0	0
1.51800000000003	0.230999999999995	1.74900000000002	0	0
1.79600000000005	0.300000000000011	2.06499999999983	0	0
2.23800000000006	0.231999999999971	2.44399999999996	0	0
1.36000000000013	0.243999999999971	1.68999999999983	0	0
1.52199999999993	0.533000000000015	1.94399999999996	0	0
1.35299999999984	0.206000000000017	1.53399999999988	0	0
1.34799999999996	0.230999999999995	1.57999999999993	0	0
1.43299999999999	0.211999999999989	1.64100000000008	0	0
1.471	0.227000000000032	1.68000000000006	0	0
1.36899999999991	0.206999999999994	1.58400000000006	0	0
1.37400000000002	0.239000000000033	1.61300000000006	0	0
1.39200000000005	0.170999999999992	1.51400000000012	0	0
1.44599999999991	0.238	1.76099999999997	0	0
1.47199999999998	0.233000000000004	1.67800000000011	0	0
1.42599999999993	0.206999999999994	1.71899999999982	0	0
1.42100000000005	0.288999999999987	1.70800000000008	0	0
1.34300000000007	0.22399999999999	1.56600000000003	0	0
1.35200000000009	0.209000000000003	1.60199999999986	0	0
1.36000000000013	0.225000000000023	1.68200000000002	0	0
1.346	0.220000000000027	1.57899999999995	0	0
1.36500000000001	0.158000000000015	1.548	0	0
1.35699999999997	0.206999999999994	1.61000000000013	0	0
1.33900000000017	0.218000000000018	1.59799999999996	0	0
1.40599999999995	0.295999999999992	1.78700000000003	0	0
1.44200000000001	0.293000000000006	1.75299999999993	0	0
1.35800000000017	0.160000000000025	1.57600000000002	0	0
1.44100000000003	0.182999999999993	1.62400000000002	0	0
1.37700000000018	0.19599999999997	1.57200000000012	0	0
1.38000000000011	0.175999999999988	1.56700000000001	0	0
1.35599999999999	0.190999999999974	1.548	0	0
1.34099999999989	0.216000000000008	1.55700000000002	0	0
1.33900000000017	0.202999999999975	1.5440000000001	0	0
1.37699999999995	0.199000000000012	1.61400000000003	0	0
2.03600000000006	0.230999999999995	2.26700000000005	0	0
1.30099999999993	0.21999999999997	1.52099999999996	0	0
1.75399999999991	0.701000000000022	2.08300000000008	0	0
1.36799999999994	0.199000000000012	1.65200000000004	0	0
1.37300000000005	0.23399999999998	1.77100000000019	0	0
1.34699999999998	0.204999999999984	1.71100000000001	0	0
1.39499999999998	0.192999999999984	1.65099999999984	0	0
1.4079999999999	0.238	1.62300000000005	0	0
1.35200000000009	0.228000000000009	1.57899999999995	0	0
1.41599999999994	0.338999999999999	1.69600000000014	0	0
1.39499999999998	0.245000000000005	1.67800000000011	0	0
1.38499999999999	0.228999999999985	1.60099999999989	0	0
1.3900000000001	0.20599999999996	1.6110000000001	0	0
1.39300000000003	0.259000000000015	1.67599999999993	0	0
1.34799999999996	0.333000000000027	1.75	0	0
1.33100000000013	0.38900000000001	1.74400000000014	0	0
1.36000000000013	0.206999999999994	1.58400000000006	0	0
1.36499999999978	0.215000000000032	1.67200000000003	0	0
1.33499999999981	0.211999999999989	1.54700000000003	0	0
1.30799999999999	0.25200000000001	1.55899999999997	0	0
1.3130000000001	0.20799999999997	1.51999999999998	0	0
1.31600000000003	0.227000000000032	1.5440000000001	0	0
1.37999999999988	0.177999999999997	1.59999999999991	0	0
1.31899999999996	0.228000000000009	1.54700000000003	0	0
1.31299999999987	0.235000000000014	1.57600000000002	0	0
1.33200000000011	0.21999999999997	1.55199999999991	0	0
1.35400000000004	0.19300000000004	1.5949999999998	0	0
1.36699999999996	0.203000000000031	1.57099999999991	0	0
1.38600000000019	0.268999999999949	1.654	0	0
2.05100000000016	0.230999999999995	2.29099999999994	0	0
1.327	0.238999999999976	1.54700000000003	0	0
1.3119999999999	0.216000000000008	1.52599999999984	0	0
1.32099999999991	0.21999999999997	1.54099999999994	0	0
1.30599999999981	0.224000000000046	1.52999999999997	0	0
1.33899999999994	0.197000000000003	1.57299999999987	0	0
1.37200000000007	0.182999999999993	1.56600000000003	0	0
1.37200000000007	0.216999999999985	1.66699999999992	0	0
1.40199999999982	0.257999999999981	1.64200000000005	0	0
1.44499999999994	0.22399999999999	1.64499999999998	0	0
1.39499999999998	0.272999999999968	1.64100000000008	0	0
1.39300000000003	0.245000000000005	1.67999999999984	0	0
1.40900000000011	0.220000000000027	1.6110000000001	0	0
2.12000000000012	0.243999999999971	2.32899999999995	0	0
1.43799999999987	0.274999999999977	1.77599999999984	0	0
1.38900000000012	0.20999999999998	1.59100000000012	0	0
1.30799999999999	0.199999999999989	1.48599999999988	0	0
1.35099999999989	0.271000000000015	1.62300000000005	0	0
1.31400000000008	0.296999999999969	1.62800000000016	0	0
1.32799999999997	0.212000000000046	1.53899999999999	0	0
1.32799999999997	0.194999999999993	1.52399999999989	0	0
1.3420000000001	0.202999999999975	1.59500000000003	0	0
1.36500000000001	0.313999999999965	1.60599999999999	0	0
1.33799999999997	0.20799999999997	1.54600000000005	0	0
1.423	0.286000000000001	1.73700000000008	0	0
1.41500000000019	0.252999999999986	1.62999999999988	0	0
2.16700000000014	0.29000000000002	2.60100000000011	0	0
1.35299999999984	0.203000000000031	1.55600000000004	0	0
1.40200000000004	0.244000000000028	1.66000000000008	0	0
1.35099999999989	0.239000000000033	1.57299999999987	0	0
1.38599999999997	0.209000000000003	1.56600000000003	0	0
1.35799999999995	0.23599999999999	1.58600000000001	0	0
1.38300000000004	0.230999999999995	1.61799999999994	0	0
1.3929999999998	0.343999999999994	1.66899999999987	0	0
1.44700000000012	0.326999999999998	1.78999999999996	0	0
1.42100000000005	0.189999999999998	1.49900000000002	0	0
1.39899999999989	0.272999999999968	1.65499999999997	0	0
1.4079999999999	0.158999999999992	1.65900000000011	0	0
1.47700000000009	0.192999999999984	1.84699999999998	0	0
1.75499999999988	0.213000000000022	2.05099999999993	0	0
2.84799999999996	0.218999999999994	3.13799999999992	0	0
1.66399999999999	0.247000000000014	1.94299999999998	0	0
1.73900000000003	0.240999999999985	1.94100000000003	0	0
1.40699999999993	0.211999999999989	1.61899999999991	0	0
1.34699999999998	0.239000000000033	1.57599999999979	0	0
1.375	0.201999999999998	1.58600000000001	0	0
1.36500000000001	0.319999999999993	1.68599999999992	0	0
1.346	0.231999999999971	1.58199999999988	0	0
1.39300000000003	0.20599999999996	1.62199999999984	0	0
1.37000000000012	0.222000000000037	1.70000000000005	0	0
1.37400000000002	0.197999999999979	1.6400000000001	0	0
1.39599999999996	0.218999999999994	1.62599999999998	0	0
1.41500000000019	0.197000000000003	1.5630000000001	0	0
2.14599999999996	0.204000000000008	2.35500000000002	0	0
1.35500000000002	0.269999999999982	1.54900000000021	0	0
1.34799999999996	0.288000000000011	1.54999999999995	0	0
1.45900000000006	0.367000000000019	1.75299999999993	0	0
1.43200000000002	0.340000000000032	1.65200000000004	0	0
1.39700000000016	0.412000000000035	1.68299999999999	0	0
1.80199999999991	0.79400000000004	2.14400000000001	0	0
1.36400000000003	0.245000000000005	1.59799999999996	0	0
1.55299999999988	0.253000000000043	1.83300000000008	0	0
1.79300000000012	0.113	2.00500000000011	0	0
1.56899999999996	0.218000000000018	1.78899999999999	0	0
1.72300000000018	0.238	1.95100000000002	0	0
1.83000000000015	0.388000000000034	2.2829999999999	0	0
1.75399999999991	0.384999999999991	2.05999999999995	0	0
2.94599999999991	0.663000000000011	3.31899999999996	0	0
1.35500000000002	0.204999999999984	1.62899999999991	0	0
1.46100000000001	0.356999999999971	1.70400000000018	0	0
1.43399999999997	0.175000000000011	1.6099999999999	0	0
1.35300000000007	0.226999999999975	1.58699999999999	0	0
1.40599999999995	0.172000000000025	1.61999999999989	0	0
1.37899999999991	0.222999999999956	1.59300000000007	0	0
1.38799999999992	0.204000000000008	1.63299999999981	0	0
1.38799999999992	0.237000000000023	1.69100000000003	0	0
1.38900000000012	0.211999999999989	1.61699999999996	0	0
1.42100000000005	0.290999999999997	1.70000000000005	0	0
1.41700000000014	0.314000000000021	1.55300000000011	0	0
1.49500000000012	0.423000000000002	1.74000000000001	0	0
2.19699999999989	0.522999999999968	2.50299999999993	0	0
1.67700000000013	0.600000000000023	1.94599999999991	0	0
1.34899999999993	0.211999999999989	1.59799999999996	0	0
1.67399999999998	0.286000000000001	1.92499999999995	0	0
1.71600000000012	0.218000000000018	1.9079999999999	0	0
1.51600000000008	0.389999999999986	2.02799999999979	0	0
1.80000000000018	0.44199999999995	2.0300000000002	0	0
1.56500000000005	0.283999999999992	1.9559999999999	0	0
1.42200000000003	0.177999999999997	1.61200000000008	0	0
1.4559999999999	0.408000000000015	1.75099999999998	0	0
1.32799999999997	0.115000000000009	1.89300000000003	0	0
2.34999999999991	0.557999999999993	2.64699999999993	0	0
1.36799999999994	0.295000000000016	1.62299999999982	0	0
1.36799999999994	0.285000000000025	1.62799999999993	0	0
1.44699999999989	0.305999999999983	1.71800000000007	0	0
1.5	0.440999999999974	1.85200000000009	0	0
1.49299999999994	0.454000000000008	1.81099999999992	0	0
1.35699999999997	0.24799999999999	1.548	0	0
1.35899999999992	0.326000000000022	1.63100000000009	0	0
1.29899999999998	0.242999999999995	1.54199999999992	0	0
1.28999999999996	0.21999999999997	1.50999999999999	0	0
1.32400000000007	0.212000000000046	1.53700000000003	0	0
1.327	0.22399999999999	1.55200000000013	0	0
1.35099999999989	0.201999999999998	1.59999999999991	0	0
2.1400000000001	0.166999999999973	2.34400000000005	0	0
1.46600000000012	0.375	2.05400000000009	0	0
1.42699999999991	0.34499999999997	1.76899999999978	0	0
1.34300000000007	0.142999999999972	1.55699999999979	0	0
1.69000000000005	0.540999999999997	2.0619999999999	0	0
1.42499999999995	0.370000000000005	1.68499999999995	0	0
1.52099999999996	0.358000000000004	1.971	0	0
1.42399999999998	0.27600000000001	1.73700000000008	0	0
1.48099999999999	0.237000000000023	1.81100000000015	0	0
1.73099999999999	0.269000000000005	1.94900000000007	0	0
1.721	0.236000000000047	1.95699999999988	0	0
2.85800000000017	0.238	3.07600000000002	0	0
1.6719999999998	0.274000000000001	2.01399999999967	0	0
1.71600000000012	0.274999999999977	1.99699999999984	0	0
1.77600000000007	0.281000000000006	2.04299999999967	0	0
1.35900000000015	0.317999999999984	1.71399999999994	0	0
1.42100000000005	0.178999999999974	1.6220000000003	0	0
1.38300000000004	0.247000000000014	1.68499999999995	0	0
1.49599999999987	0.340000000000032	1.76699999999983	0	0
1.42499999999995	0.240000000000009	1.64199999999983	0	0
1.42200000000003	0.194000000000017	1.62699999999995	0	0
1.43700000000013	0.34899999999999	1.71099999999979	0	0
1.51900000000001	0.532000000000039	1.86300000000028	0	0
1.32799999999997	0.225999999999999	1.59500000000025	0	0
2.09800000000018	0.206999999999994	2.46300000000019	0	0
1.39500000000021	0.262	1.63699999999972	0	0
1.37699999999995	0.230999999999995	1.66399999999976	0	0
1.37199999999984	0.309000000000026	1.61799999999994	0	0
1.31600000000003	0.228000000000009	1.52199999999993	0	0
1.38900000000012	0.463999999999999	1.76200000000017	0	0
1.42000000000007	0.350000000000023	1.70899999999983	0	0
1.49099999999999	0.43199999999996	1.83899999999994	0	0
1.38400000000001	0.252999999999986	1.58300000000008	0	0
1.38199999999983	0.262999999999977	1.57299999999987	0	0
1.36000000000013	0.216000000000008	1.52300000000014	0	0
1.41599999999994	0.25	1.60899999999992	0	0
1.48399999999992	0.391999999999996	1.80400000000009	0	0
1.44700000000012	0.238	1.67200000000003	0	0
1.33799999999997	0.282000000000039	1.68299999999999	0	0
1.404	0.251999999999953	1.65700000000015	0	0
1.33899999999994	0.221000000000004	1.63299999999981	0	0
1.36200000000008	0.231999999999971	1.64600000000019	0	0
1.33999999999992	0.185999999999979	1.79399999999987	0	0
1.44000000000005	0.275000000000034	1.75300000000016	0	0
1.39599999999996	0.331999999999994	1.79500000000007	0	0
1.40800000000013	0.202999999999975	1.64400000000023	0	0
1.3900000000001	0.262999999999977	1.78700000000026	0	0
1.36500000000001	0.175000000000011	1.70100000000002	0	0
1.45000000000005	0.295999999999992	1.69000000000005	0	0
1.40599999999995	0.175999999999988	1.6579999999999	0	0
1.46599999999989	0.295000000000016	1.72800000000007	0	0
1.38600000000019	0.266999999999996	1.64199999999983	0	0
2.18399999999997	0.338000000000022	2.57300000000032	0	0
1.51199999999994	0.435000000000002	1.94000000000005	0	0
1.41200000000003	0.204000000000008	1.65800000000036	0	0
1.34699999999998	0.222999999999956	1.58699999999999	0	0
1.47000000000003	0.255999999999972	1.76999999999998	0	0
1.41200000000003	0.232000000000028	1.70100000000002	0	0
1.43399999999997	0.175999999999988	1.67700000000013	0	0
1.36300000000006	0.220000000000027	1.58100000000013	0	0
1.39400000000001	0.213000000000022	1.70800000000008	0	0
1.35899999999992	0.187000000000012	1.58699999999999	0	0
1.42600000000016	0.230000000000018	1.63300000000027	0	0
2.21000000000004	0.289000000000044	2.49499999999989	0	0
1.36200000000008	0.212999999999965	1.67199999999957	0	0
1.35200000000009	0.208000000000027	1.76300000000037	0	0
1.33400000000006	0.231000000000051	1.68499999999995	0	0
1.43900000000008	0.196000000000026	1.67800000000034	0	0
1.37699999999995	0.213999999999999	1.74000000000024	0	0
1.38900000000012	0.196000000000026	1.56100000000015	0	0
1.35699999999997	0.23599999999999	1.58099999999968	0	0
2.1389999999999	0.879999999999995	2.69299999999976	0	0
1.48399999999992	0.372000000000014	1.86900000000014	0	0
1.33300000000008	0.161999999999978	1.63999999999987	0	0
1.5	0.40500000000003	1.79199999999992	0	0
1.48800000000006	0.48599999999999	1.78700000000026	0	0
1.56499999999983	0.48399999999998	1.86599999999999	0	0
1.50800000000004	0.369000000000028	2.02399999999989	0	0
1.53399999999988	0.52600000000001	2.08800000000019	0	0
1.53899999999999	0.361999999999966	1.82200000000012	0	0
1.46000000000004	0.462999999999965	1.7859999999996	0	0
1.35299999999984	0.221000000000004	1.59000000000015	0	0
1.43100000000004	0.288999999999987	1.71099999999979	0	0
1.37100000000009	0.245000000000005	1.72600000000011	0	0
1.38000000000011	0.213999999999999	1.63000000000011	0	0
1.36499999999978	0.240999999999985	1.67300000000023	0	0
1.42700000000013	0.269999999999982	1.61200000000008	0	0
1.41700000000014	0.226999999999975	1.64599999999973	0	0
1.35200000000009	0.239000000000033	1.75199999999995	0	0
1.45700000000011	0.25	1.71100000000024	0	0
2.12799999999993	0.270000000000039	2.46599999999989	0	0
1.4380000000001	0.486999999999966	1.88700000000017	0	0
1.32500000000005	0.249000000000024	1.59999999999991	0	0
1.38699999999994	0.297000000000025	1.74800000000005	0	0
1.3130000000001	0.232000000000028	1.54500000000007	0	0
1.35000000000014	0.16700000000003	1.54800000000023	0	0
1.40000000000009	0.240000000000009	1.66500000000042	0	0
1.39599999999996	0.22199999999998	1.7470000000003	0	0
1.39300000000003	0.206000000000017	1.73000000000002	0	0
1.35500000000002	0.204000000000008	1.70100000000002	0	0
1.35599999999999	0.251000000000033	1.68600000000015	0	0
1.36299999999983	0.20799999999997	1.68599999999969	0	0
2.0809999999999	0.218999999999994	2.30000000000018	0	0
1.33699999999999	0.203000000000031	1.59400000000005	0	0
1.31000000000017	0.120000000000005	1.30799999999999	0	0
1.33600000000001	0.211000000000013	1.54799999999977	0	0
1.35899999999992	0.202999999999975	1.5630000000001	0	0
1.34300000000007	0.214999999999975	1.5590000000002	0	0
1.33600000000001	0.228000000000009	1.56399999999985	0	0
1.39800000000014	0.215000000000032	1.61400000000003	0	0
1.53800000000001	0.37299999999999	1.8130000000001	0	0
1.39199999999983	0.182000000000016	1.54700000000003	0	0
1.49300000000017	0.185999999999979	1.77500000000009	0	0
2.11400000000003	0.295000000000016	2.44599999999991	0	0
1.41000000000008	0.254999999999995	1.62900000000036	0	0
1.38300000000004	0.20599999999996	1.57299999999987	0	0
1.46900000000005	0.242999999999995	1.63900000000012	0	0
1.38599999999997	0.279000000000053	1.58799999999974	0	0
1.55799999999999	0.462999999999965	1.88700000000017	0	0
1.77100000000019	0.711999999999989	2.14599999999973	0	0
2.05400000000009	0.593999999999994	2.4079999999999	0	0
1.77999999999997	0.216000000000008	2.12899999999991	0	0
1.56500000000005	0.216000000000008	1.85999999999967	0	0
1.74299999999994	0.204000000000008	2.02599999999984	0	0
2.47199999999998	0.307999999999993	2.8739999999998	0	0
1.69600000000014	0.217999999999961	1.96199999999999	0	0
1.35400000000004	0.247000000000014	1.60600000000022	0	0
1.50799999999981	0.509999999999991	1.83999999999969	0	0
1.36599999999999	0.231999999999971	1.67099999999982	0	0
1.33199999999988	0.226999999999975	1.58400000000029	0	0
1.33999999999992	0.224000000000046	1.55500000000029	0	0
1.33999999999992	0.225999999999999	1.64499999999998	0	0
1.68900000000008	0.599999999999966	2.04700000000003	0	0
1.63099999999986	0.553999999999974	2.17899999999963	0	0
1.48500000000013	0.285000000000025	1.79700000000003	0	0
1.44499999999994	0.363999999999976	1.77099999999973	0	0
1.50999999999999	0.314000000000021	1.75099999999975	0	0
2.15099999999984	0.352999999999952	2.68299999999999	0	0
1.46100000000001	0.546999999999969	1.95399999999972	0	0
1.40599999999995	0.302999999999997	1.65800000000036	0	0
1.38599999999997	0.280999999999949	1.70200000000023	0	0
1.45899999999983	0.22399999999999	1.71399999999994	0	0
1.39900000000034	0.312999999999988	1.65499999999975	0	0
1.41399999999976	0.302999999999997	1.70200000000023	0	0
1.3760000000002	0.211999999999989	1.61099999999988	0	0
1.4380000000001	0.343999999999994	1.68599999999969	0	0
1.36699999999973	0.206999999999994	1.60600000000022	0	0
1.39000000000033	0.234999999999957	1.59699999999975	0	0
1.37199999999984	0.216000000000008	1.65899999999965	0	0
1.63299999999981	0.665999999999997	2.01900000000023	0	0
1.50399999999991	0.350999999999999	1.71199999999999	0	0
1.44899999999961	0.509999999999991	1.78800000000001	0	0
1.5329999999999	0.480999999999995	1.81400000000031	0	0
1.44799999999987	0.451000000000022	1.77700000000004	0	0
1.3760000000002	0.296999999999969	1.53500000000031	0	0
1.49499999999989	0.34899999999999	1.81100000000015	0	0
1.51699999999983	0.371000000000038	1.76999999999998	0	0
1.42500000000018	0.274999999999977	1.7510000000002	0	0
1.55099999999993	0.531999999999982	2.00199999999995	0	0
1.48300000000017	0.347000000000037	1.78900000000021	0	0
1.48900000000003	0.380999999999972	1.78600000000006	0	0
1.47900000000027	0.37299999999999	1.86000000000013	0	0
2.15700000000015	0.261000000000024	2.48800000000028	0	0
1.39400000000023	0.319000000000017	1.73399999999992	0	0
1.36400000000003	0.18199999999996	1.58500000000004	0	0
1.4380000000001	0.230999999999995	1.79100000000017	0	0
1.35500000000002	0.261000000000024	1.70799999999963	0	0
1.72800000000007	0.379999999999995	2.57000000000016	0	0
1.53999999999996	0.410000000000025	1.78899999999976	0	0
1.4369999999999	0.367999999999995	1.71900000000005	0	0
1.54799999999977	0.408999999999992	1.86899999999969	0	0
1.39699999999993	0.264999999999986	1.57600000000002	0	0
1.38100000000031	0.209000000000003	1.66699999999992	0	0
2.21100000000024	0.423999999999978	2.50900000000001	0	0
1.39000000000033	0.274999999999977	1.70400000000018	0	0
1.31500000000005	0.245000000000005	1.55599999999959	0	0
1.33399999999983	0.231999999999971	1.5649999999996	0	0
1.32299999999987	0.225999999999999	1.62300000000005	0	0
1.75799999999981	0.645999999999958	2.13900000000012	0	0
1.44200000000001	0.345999999999947	1.75999999999976	0	0
1.37300000000005	0.185999999999979	1.66699999999992	0	0
1.34299999999985	0.225999999999999	1.7199999999998	0	0
1.36799999999994	0.20700000000005	1.59099999999989	0	0
1.39300000000003	0.202999999999975	1.64100000000008	0	0
1.41300000000001	0.194000000000017	1.67900000000009	0	0
2.07400000000007	0.222999999999956	2.35099999999966	0	0
1.31799999999976	0.214000000000055	1.58899999999994	0	0
1.31800000000021	0.201000000000022	1.55700000000024	0	0
1.33999999999969	0.203000000000031	1.54300000000012	0	0
1.76099999999997	0.761000000000024	2.10799999999972	0	0
1.50399999999991	0.355999999999995	1.69399999999996	0	0
1.42500000000018	0.284000000000049	1.63499999999976	0	0
1.39999999999964	0.370000000000005	1.67700000000013	0	0
1.44900000000007	0.370000000000005	1.74500000000035	0	0
1.49000000000024	0.45799999999997	1.83199999999988	0	0
1.45299999999997	0.372000000000014	1.73500000000013	0	0
1.33999999999969	0.23599999999999	1.52300000000014	0	0
1.35900000000038	0.295000000000016	1.58500000000004	0	0
1.40000000000009	0.377999999999986	1.73000000000002	0	0
1.44499999999971	0.365999999999985	1.75700000000006	0	0
1.37999999999965	0.182999999999993	1.56299999999965	0	0
1.36799999999994	0.202999999999975	1.57199999999966	0	0
1.34799999999996	0.199999999999989	1.65900000000011	0	0
1.34099999999989	0.218000000000018	1.61599999999999	0	0
1.33899999999994	0.228999999999985	1.59900000000016	0	0
1.42399999999998	0.34499999999997	1.68100000000004	0	0
2.18899999999985	0.343000000000018	2.44999999999982	0	0
1.39600000000019	0.342999999999961	1.65599999999995	0	0
1.38500000000022	0.28000000000003	1.59700000000021	0	0
1.3739999999998	0.312999999999988	1.61799999999994	0	0
1.40300000000025	0.322000000000003	1.73500000000013	0	0
1.47199999999975	0.406000000000006	1.73300000000017	0	0
1.39800000000014	0.233000000000004	1.56500000000005	0	0
1.36500000000024	0.23599999999999	1.54999999999973	0	0
1.43199999999979	0.247000000000014	1.61599999999999	0	0
1.40000000000009	0.29000000000002	1.61799999999994	0	0
1.46900000000005	0.353000000000009	1.74800000000005	0	0
1.38599999999997	0.211000000000013	1.55099999999993	0	0
2.19599999999991	0.296999999999969	2.45200000000023	0	0
1.37199999999984	0.27800000000002	1.6899999999996	0	0
1.38200000000006	0.33299999999997	1.66399999999976	0	0
1.36200000000008	0.312000000000012	1.51499999999987	0	0
1.42500000000018	0.389999999999986	1.64800000000014	0	0
1.4079999999999	0.281000000000006	1.58399999999983	0	0
1.4340000000002	0.410000000000025	1.7489999999998	0	0
1.41800000000012	0.31899999999996	1.59299999999985	0	0
1.46599999999989	0.297000000000025	1.66899999999987	0	0
1.32799999999997	0.240000000000009	1.56799999999976	0	0
1.32699999999977	0.227000000000032	1.55500000000029	0	0
1.37300000000005	0.208000000000027	1.58099999999968	0	0
1.30200000000013	0.216000000000008	1.51800000000003	0	0
1.32700000000023	0.206999999999994	1.53499999999985	0	0
1.35500000000002	0.223000000000013	1.57799999999997	0	0
1.33599999999979	0.192000000000007	1.54599999999982	0	0
1.34299999999985	0.204000000000008	1.54599999999982	0	0
1.35500000000002	0.219000000000051	1.57399999999961	0	0
1.30999999999995	0.156000000000006	1.46600000000035	0	0
1.41400000000021	0.274000000000001	1.74600000000009	0	0
1.3159999999998	0.227999999999952	1.67000000000007	0	0
1.32400000000007	0.23599999999999	1.55999999999995	0	0
1.5300000000002	0.454999999999984	1.79000000000042	0	0
1.45799999999963	0.307999999999993	1.67400000000043	0	0
2.23000000000002	0.350000000000023	2.50799999999981	0	0
1.35599999999977	0.212999999999965	1.55200000000013	0	0
1.48100000000022	0.297000000000025	1.81100000000015	0	0
1.37300000000005	0.182999999999993	1.61900000000014	0	0
1.45799999999963	0.312999999999988	1.83199999999988	0	0
1.40900000000011	0.348999999999933	1.71300000000019	0	0
1.36900000000014	0.206999999999994	1.74600000000009	0	0
1.35999999999967	0.195999999999913	1.53500000000031	0	0
1.38299999999981	0.174999999999955	1.52800000000025	0	0
1.38099999999986	0.217999999999961	1.57099999999991	0	0
1.39499999999998	0.226999999999975	1.6220000000003	0	0
1.41699999999992	0.147999999999911	1.50800000000027	0	0
2.23500000000013	0.396000000000072	2.57399999999961	0	0
1.45100000000002	0.269000000000005	1.63700000000017	0	0
1.33899999999994	0.0950000000000273	1.44799999999987	0	0
1.38700000000017	0.206999999999994	1.59400000000005	0	0
1.41400000000021	0.234000000000037	1.67700000000013	0	0
1.43299999999999	0.269000000000005	1.67299999999977	0	0
1.35899999999992	0.230999999999995	1.69100000000026	0	0
1.35099999999966	0.219999999999914	1.55100000000039	0	0
1.39900000000034	0.217999999999961	1.65700000000015	0	0
1.46300000000019	0.221000000000004	1.64199999999983	0	0
1.36999999999989	0.13900000000001	1.50600000000031	0	0
1.36899999999969	0.211999999999989	1.59799999999996	0	0
1.36100000000033	0.218000000000075	1.55500000000029	0	0
1.404	0.268000000000029	1.66100000000006	0	0
1.38000000000011	0.206000000000017	1.66600000000017	0	0
1.375	0.268000000000029	1.68299999999999	0	0
1.51299999999992	0.277000000000044	1.74099999999999	0	0
1.36799999999994	0.22300000000007	1.63599999999997	0	0
1.37300000000005	0.232000000000085	1.60399999999981	0	0
1.3779999999997	0.224000000000046	1.66599999999971	0	0
1.39800000000014	0.206000000000017	1.63400000000001	0	0
2.19200000000001	0.152000000000044	2.38700000000017	0	0
1.35899999999992	0.170999999999935	1.471	0	0
1.41600000000017	0.336000000000013	1.76899999999978	0	0
1.42500000000018	0.182999999999993	1.72299999999996	0	0
1.5310000000004	0.298000000000002	1.7829999999999	0	0
1.69599999999991	0.215000000000032	1.84900000000016	0	0
1.67500000000018	0.220000000000027	1.89899999999989	0	0
1.73400000000038	0.212999999999965	2.04199999999992	0	0
1.87899999999991	0.267999999999915	2.15299999999979	0	0
1.346	0.243000000000052	1.59099999999989	0	0
1.38900000000012	0.211999999999989	1.64899999999989	0	0
1.40700000000015	0.219999999999914	1.46000000000004	0	0
2.18599999999969	0.119000000000028	2.11900000000014	0	0
1.47700000000032	0.497999999999934	1.45899999999983	0	0
1.31200000000035	0.344999999999914	1.39400000000023	0	0
1.33799999999974	0.230999999999995	1.33699999999999	0	0
1.58099999999968	0.474000000000046	1.49099999999999	0	0
1.38900000000012	0.358000000000061	1.31399999999985	0	0
1.37199999999984	0.26400000000001	1.25900000000001	0	0
1.33199999999988	0.172000000000025	1.24799999999959	0	0
1.596	0.385999999999967	1.64600000000019	0	0
1.4109999999996	0.322000000000003	1.32400000000007	0	0
2.18499999999995	0.288000000000011	2.08999999999969	0	0
1.42099999999982	0.272000000000048	1.30700000000024	0	0
1.33399999999983	0.279999999999973	1.2489999999998	0	0
1.46900000000005	0.348999999999933	1.2800000000002	0	0
1.40900000000011	0.456999999999994	1.28800000000001	0	0
1.471	0.557000000000016	1.32900000000018	0	0
1.43299999999999	0.402999999999906	1.25399999999991	0	0
1.40000000000009	0.41700000000003	1.23699999999963	0	0
1.41200000000026	0.384000000000015	1.25799999999981	0	0
