30.664	22.19	20.125	0	0
21.921	9.998	19.086	0	0
19.524	6.49299999999999	19.243	0	0
19.158	6.87	17.467	0	0
18.245	5.462	17.25	0	0
17.775	5.19100000000002	17.764	0	0
17.853	9.55500000000001	19.64	0	0
19.281	7.16300000000001	20.76	0	0
22.354	15.593	17.417	0	0
16.788	5.476	18.286	0	0
18.775	10.429	15.97	0	0
21.8440000000001	10.133	19.206	0	0
23.674	15.999	21.556	0	0
16.742	4.34199999999998	18.095	0	0
16.248	3.03999999999996	17.359	0	0
20.745	13.028	16.4159999999999	0	0
18.739	7.09899999999999	16.9960000000001	0	0
15.811	5.786	14.1660000000001	0	0
20.5419999999999	9.03199999999998	18.862	0	0
30.4209999999999	24.546	20.866	0	0
19.919	9.65800000000002	19.069	0	0
22.106	13.077	17.9549999999999	0	0
21.6610000000001	14.734	19.4059999999999	0	0
23.0079999999999	11.4	21.072	0	0
20.567	10.573	16.564	0	0
23.325	14.0809999999999	20.4870000000001	0	0
21.242	13.84	17.7049999999999	0	0
18.7629999999999	9.33400000000006	19.0600000000002	0	0
22.4699999999998	16.192	21.692	0	0
18.6610000000001	8.98900000000003	17.5240000000001	0	0
20.941	9.68799999999999	16.9189999999999	0	0
19.077	9.55500000000006	17.4929999999999	0	0
20.2049999999999	10.3390000000001	19.9769999999999	0	0
20.4479999999999	10.79	18.8219999999999	0	0
23.7059999999999	15.3530000000001	20.5620000000001	0	0
19.634	7.39999999999998	19.9929999999999	0	0
27.5249999999999	21.014	21.232	0	0
23.0260000000001	12.451	18.97	0	0
25.521	13.8820000000001	21.0029999999999	0	0
17.549	6.45600000000002	20.5250000000001	0	0
20.694	11.024	18.4760000000001	0	0
23.2459999999999	17.966	18.2570000000001	0	0
17.982	8.70500000000004	18.664	0	0
19.7829999999999	10.052	17.2759999999998	0	0
21.761	11.699	20.662	0	0
21.942	13.444	18.797	0	0
21.6229999999998	15.4830000000001	20.258	0	0
21.0679999999998	9.98500000000013	18.941	0	0
20.6670000000004	11.443	16.2280000000001	0	0
18.48	8.23400000000015	18.433	0	0
21.0439999999999	11.194	18.845	0	0
16.7219999999998	2.90700000000015	17.365	0	0
20.1219999999998	8.64099999999985	19.902	0	0
17.8139999999999	7.18000000000006	20.7819999999997	0	0
24.056	16.3509999999999	20.6759999999999	0	0
21.2750000000001	10.6900000000001	19.25	0	0
21.0439999999999	8.88399999999979	18.9309999999996	0	0
16.8890000000001	5.68200000000002	17.4210000000003	0	0
22.6500000000001	13.377	19.5990000000002	0	0
23.837	16.683	18.2550000000001	0	0
25.442	15.1220000000001	21.4250000000002	0	0
19.9479999999999	8.30799999999999	19.8049999999998	0	0
22.9360000000001	11.806	19.0829999999996	0	0
18.6039999999998	8.21900000000005	18.1749999999997	0	0
24.1549999999997	14.627	19.1549999999997	0	0
28.3649999999998	21.114	20.9459999999999	0	0
23.0239999999999	14.73	17.9500000000003	0	0
23.2399999999998	16.925	19.953	0	0
22.9680000000003	17.498	20.9519999999998	0	0
16.0829999999996	3.75199999999995	16.3880000000004	0	0
18.2640000000001	5.47199999999998	17.2200000000003	0	0
19.7530000000002	10.23	18.201	0	0
29.8159999999998	28.924	17.3939999999998	0	0
17.5809999999997	6.44299999999998	17.7960000000003	0	0
24.114	18.3220000000001	20.569	0	0
18.4430000000002	7.40000000000009	18.4069999999997	0	0
21.3109999999997	14.5710000000001	18.0239999999999	0	0
26.6860000000001	19.9469999999999	19.8029999999999	0	0
26.5389999999998	19.3790000000001	18.2309999999998	0	0
21.6330000000003	10.848	19.9790000000003	0	0
23.261	13.0799999999999	20.0950000000003	0	0
17.973	8.35099999999989	16.502	0	0
17.4539999999997	6.14100000000008	17.5429999999997	0	0
23.806	16.1299999999999	18.2950000000001	0	0
20.4589999999998	9.27999999999997	20.5920000000001	0	0
27.6239999999998	25.6900000000001	20.587	0	0
19.9899999999998	9.36700000000019	17.6379999999999	0	0
23.529	12.867	20.1999999999998	0	0
16.9159999999997	4.95699999999988	16.826	0	0
19.9989999999998	6.76900000000001	20.317	0	0
19.4479999999999	8.76699999999983	18.7549999999997	0	0
17.2620000000002	5.32299999999987	18.078	0	0
21.3379999999997	12.6030000000001	18.7539999999999	0	0
20.6220000000003	9.56700000000001	19.558	0	0
24.8360000000002	19.5349999999999	18.4549999999999	0	0
22.9710000000005	15.1799999999998	22	0	0
22.3859999999995	12.2570000000001	20.5599999999999	0	0
18.5870000000004	7.16299999999956	18.5839999999998	0	0
16.7299999999996	6.32700000000023	17.0169999999998	0	0
16.7879999999996	3.11500000000024	16.9630000000002	0	0
19.0519999999997	8.55999999999995	17.931	0	0
17.1930000000002	5.51099999999997	18.4679999999998	0	0
20.0469999999996	12.1010000000001	17.6010000000001	0	0
19.6750000000002	7.57099999999991	20.0589999999997	0	0
21.2789999999995	10.2729999999997	19.6310000000003	0	0
19.3580000000002	8.54800000000023	18.8159999999998	0	0
21.8380000000006	10.2350000000001	20.8540000000003	0	0
20.4159999999993	10.3849999999998	16.4760000000006	0	0
17.5470000000005	7.55400000000009	18.692	0	0
17.5730000000003	6.70100000000002	18.1170000000002	0	0
23.8809999999994	16.04	20.8550000000005	0	0
18.6930000000002	12.1959999999999	16.0730000000003	0	0
20.9570000000003	9.32799999999997	17.9870000000001	0	0
38.8919999999998	41.6899999999996	19.8500000000004	0	0
18.4219999999996	6.13599999999997	19.1400000000003	0	0
17.1849999999995	2.70700000000033	19.7439999999997	0	0
27.4340000000002	21.1170000000002	18.9809999999998	0	0
19.4030000000002	11.1640000000002	17.4539999999997	0	0
18.2399999999998	5.86500000000024	18.2910000000002	0	0
22.3019999999997	11.8540000000003	18.8729999999996	0	0
22.6599999999999	11.79	18.5969999999998	0	0
25.4780000000001	18.6209999999996	20.6360000000004	0	0
23.3159999999998	13.3130000000001	20.2049999999999	0	0
23.7470000000003	14.527	19.0810000000001	0	0
20.3919999999998	11.2330000000002	18.1880000000001	0	0
21.9089999999997	13.509	17.5770000000002	0	0
29.2730000000001	26.933	20.7109999999993	0	0
24.3510000000006	16.252	18.8950000000004	0	0
19.8780000000006	9.57799999999997	20.0029999999997	0	0
20.683	7.76800000000003	20.8389999999999	0	0
18.7550000000001	8.22400000000016	21.3100000000004	0	0
19.1890000000003	6.7199999999998	19.6689999999999	0	0
21.2270000000008	9.5010000000002	19.3549999999996	0	0
26.5519999999997	19.154	19.4750000000004	0	0
23.2869999999994	17.4720000000002	19.6199999999999	0	0
18.9340000000002	7.22299999999996	19.2380000000003	0	0
18.6890000000003	7.09099999999989	19.4179999999997	0	0
22.1759999999995	9.34999999999991	18.2399999999998	0	0
24.7290000000003	19.623	20.0810000000001	0	0
21.3509999999997	10.777	18.7150000000001	0	0
25.0510000000004	12.913	23.0539999999992	0	0
22.9210000000003	10.6089999999999	22.5509999999995	0	0
22.7030000000004	16.2199999999998	21.0959999999995	0	0
29.116	25.2040000000002	22.8760000000002	0	0
21.165	8.38299999999981	23.7089999999998	0	0
20.7129999999997	14.107	19.0349999999999	0	0
24.9070000000002	15.335	20.6400000000003	0	0
23.9319999999998	16.9199999999996	20.5359999999991	0	0
24.8199999999997	21.8999999999996	23.4220000000005	0	0
20.1360000000004	9.89100000000008	17.3220000000001	0	0
23.9439999999995	17.4209999999998	20.866	0	0
33.6490000000003	31.8690000000001	21.8399999999992	0	0
19.1329999999998	9.91499999999996	17.4200000000001	0	0
24.1639999999998	13.3269999999998	21.0870000000004	0	0
20.9980000000005	11.5039999999999	19.5050000000001	0	0
20.4830000000002	12.3679999999999	19.1320000000005	0	0
20.5970000000007	11.7309999999998	17.3639999999996	0	0
26.1679999999997	22.0150000000003	20.6019999999999	0	0
21.9260000000004	13.1910000000003	20.4739999999993	0	0
20.0439999999999	8.51099999999997	21.2609999999995	0	0
22.7599999999993	15.038	20.9660000000003	0	0
44.4740000000002	33.7160000000003	32.6290000000008	0	0
26.8249999999998	17.0410000000002	21.2840000000006	0	0
23.6980000000003	15.9519999999998	21.893	0	0
23.4960000000001	15.866	19.8530000000001	0	0
21.2730000000001	9.61999999999989	21.7629999999999	0	0
23.6300000000001	15.306	20.9319999999998	0	0
25.1939999999995	17.5430000000001	18.2780000000002	0	0
21.7950000000001	10.1570000000002	20.4340000000002	0	0
28.1850000000004	20.7060000000001	22.576	0	0
30.116	25.2849999999999	23.0360000000001	0	0
26.25	24.201	19.8679999999995	0	0
16.4969999999994	3.52900000000045	20.335	0	0
19.4989999999998	10.7389999999996	17.1689999999999	0	0
16.7240000000002	4.52899999999954	15.0829999999996	0	0
24.1930000000002	17.1120000000001	20.4959999999992	0	0
22.134	14.277	20.3219999999992	0	0
22.3969999999999	18.7519999999995	19.9669999999996	0	0
19.0230000000001	8.9389999999994	21.1679999999997	0	0
23.3769999999995	16.2489999999998	20.8120000000008	0	0
20.8440000000001	8.09099999999944	20.29	0	0
30.8539999999994	25.5169999999998	23.0160000000005	0	0
28.3769999999986	19.4739999999993	22.7170000000006	0	0
17.9760000000006	4.84199999999964	17.4519999999993	0	0
23.719000000001	18.9380000000001	20.4740000000002	0	0
21.8449999999993	13.3649999999998	20.4169999999995	0	0
22.741	13.0450000000001	21.5280000000002	0	0
25.6270000000004	17.5799999999999	21.1009999999997	0	0
19.3180000000011	6.59399999999914	18.759	0	0
20.2860000000001	10.1330000000007	21.6570000000002	0	0
27.0320000000011	19.8069999999998	22.991	0	0
20.344000000001	11.4530000000004	19.0169999999998	0	0
16.5679999999993	3.84299999999985	17.2799999999997	0	0
29.7739999999994	26.4940000000006	21.7240000000002	0	0
37.9799999999996	43.2950000000001	27.049	0	0
21.148000000001	9.00799999999981	19.9650000000001	0	0
23.6039999999994	14.7539999999999	22.3599999999997	0	0
16.9189999999999	5.42499999999927	19.7049999999999	0	0
21.5910000000003	10.5770000000002	20.5470000000005	0	0
23.2860000000001	11.7789999999995	21.0949999999993	0	0
28.0850000000009	22.0600000000004	20.232	0	0
18.6840000000011	6.98999999999978	20.4919999999984	0	0
19.9369999999999	11.6469999999999	19.7549999999992	0	0
20.4560000000001	6.56999999999971	18.5319999999992	0	0
22.5889999999999	13.0259999999998	20.219000000001	0	0
23.4360000000015	13.6229999999996	19.4130000000005	0	0
21.7100000000009	14.54	18.9120000000003	0	0
20.3940000000002	8.55599999999959	18.8869999999988	0	0
19.6579999999994	7.40499999999975	19.3220000000001	0	0
20.8270000000011	9.91699999999946	18.7630000000008	0	0
20.1730000000007	7.65099999999984	19.5010000000002	0	0
23.9599999999991	17.1469999999999	25.121000000001	0	0
22.4230000000007	12.4529999999995	20.7090000000007	0	0
32.0650000000005	26.393	24.3360000000011	0	0
20.1840000000011	9.01600000000053	22.6090000000004	0	0
21.0319999999992	11.9070000000002	19.9159999999993	0	0
36.4660000000003	22.5309999999999	31.5519999999997	0	0
18.1380000000008	5.55199999999968	19.393	0	0
21.3349999999991	9.0010000000002	20.4269999999997	0	0
24.7360000000008	20.6149999999998	21.4089999999997	0	0
24.2070000000003	18.9380000000001	19.2070000000003	0	0
24.9439999999995	19.2359999999999	20.5049999999992	0	0
23.9179999999997	14.9529999999995	20.0459999999985	0	0
23.6500000000015	11.0830000000005	20.616	0	0
21.5280000000002	12.875	19.5500000000011	0	0
27.5950000000012	21.9859999999999	21.9210000000003	0	0
21.009	9.42999999999938	19.8159999999989	0	0
21.155999999999	12.732	17.5570000000007	0	0
22.4479999999985	12.1869999999999	19.6980000000003	0	0
47.7819999999992	55.4440000000004	27.6349999999984	0	0
19.5779999999995	7.02700000000004	18.5010000000002	0	0
28.2379999999994	20.7719999999999	20.3329999999987	0	0
19.2170000000006	7.11500000000069	21.125	0	0
36.4689999999991	39.2380000000003	23.4429999999993	0	0
23.6600000000017	16.7350000000006	21.4650000000001	0	0
22.1029999999992	11.8220000000001	20.6910000000007	0	0
19.9269999999997	9.86800000000039	18.860999999999	0	0
22.2139999999999	12.9119999999994	21.8580000000002	0	0
30.3459999999995	27.1790000000001	21.509	0	0
32.4480000000003	33.6480000000001	25.996000000001	0	0
23.2019999999993	12.4540000000006	19.9310000000005	0	0
24.0780000000013	14.5639999999994	22.6640000000007	0	0
27.3829999999998	18.7650000000003	24.2530000000006	0	0
29.0229999999992	24.9459999999999	23.5930000000008	0	0
41.4279999999999	44.7060000000001	24.7670000000016	0	0
23.6110000000008	10.7579999999998	22.5429999999997	0	0
22.3689999999988	11.8720000000003	20.3060000000005	0	0
18.9200000000001	5.93299999999999	24.1360000000004	0	0
22.4920000000002	11.7420000000002	23.0400000000009	0	0
29.4189999999999	22.857	21.4500000000007	0	0
28.9579999999987	30.2690000000002	22.119999999999	0	0
37.0469999999987	38.0079999999998	28.3629999999994	0	0
17.9759999999987	4.22699999999986	19.0529999999999	0	0
16.8709999999992	3.20499999999993	17.2819999999992	0	0
22.0460000000003	17.3829999999998	17.866	0	0
20.9080000000013	9.3779999999997	21.0540000000001	0	0
21.5429999999997	11.9200000000001	17.9310000000005	0	0
15.8590000000004	4.40599999999995	16.6270000000004	0	0
21.1370000000006	7.5659999999998	21.2350000000006	0	0
24.8449999999993	16.0619999999999	20.2440000000006	0	0
20.0709999999999	10.3809999999994	18.5040000000008	0	0
23.2740000000013	12.9790000000003	19.8919999999998	0	0
23.3270000000011	13.4589999999998	21.2000000000007	0	0
22.7529999999988	11.6670000000004	21.6089999999986	0	0
18.9899999999998	4.53700000000026	19.134	0	0
28.8999999999996	25.8630000000003	20.4459999999999	0	0
17.652	2.40900000000056	21.2360000000008	0	0
20.6059999999998	11.5900000000001	21.4809999999998	0	0
18.643	4.17699999999968	21.9510000000009	0	0
18.6769999999997	6.99099999999999	19.4899999999998	0	0
19.3909999999996	9.78499999999985	19.1859999999997	0	0
19.7420000000002	5.80200000000059	18.7070000000003	0	0
25.6299999999992	18.8890000000001	21.2639999999992	0	0
27.023000000001	21.0780000000004	22.0510000000013	0	0
21.8729999999996	9.4350000000004	21.753999999999	0	0
22.9879999999994	15.1789999999992	21.4530000000013	0	0
20.741	7.54600000000028	19.2099999999991	0	0
18.3649999999998	4.08799999999974	19.2150000000001	0	0
25.505000000001	16.9319999999998	21.4740000000002	0	0
21.4589999999989	10.2089999999998	21.2419999999984	0	0
22.7860000000001	10.3919999999998	20.6620000000003	0	0
18.3550000000014	3.98599999999988	18.505000000001	0	0
16.1270000000004	6.76199999999972	15.8510000000006	0	0
22.7619999999988	14.634	19.1959999999999	0	0
21.0150000000012	9.49200000000019	20.3079999999991	0	0
18.9549999999999	7.29500000000007	20.4319999999989	0	0
21.107	9.03699999999935	19.5079999999998	0	0
19.7530000000006	10.7150000000001	18.6089999999986	0	0
19.9670000000006	9.30299999999988	19.1100000000006	0	0
23.518	16.1579999999994	18.5529999999999	0	0
21.0660000000007	10.0690000000004	20.3260000000009	0	0
18.2540000000008	5.35100000000057	17.5870000000014	0	0
25.3109999999997	19.6149999999998	19.2970000000005	0	0
24.7759999999998	17.9560000000001	20.6110000000008	0	0
27.777	17.4759999999997	21.7180000000008	0	0
22.6920000000009	15.7329999999993	18.8459999999995	0	0
32.3590000000004	30.0590000000002	21.9760000000006	0	0
21.8580000000002	10.607	20.125	0	0
20.5060000000012	10.1629999999996	17.2979999999989	0	0
20.1769999999997	7.7510000000002	20.5869999999995	0	0
22.7620000000006	12.8339999999998	18.7579999999998	0	0
22.9830000000002	11.1419999999998	21.4479999999985	0	0
22.8900000000012	14.9789999999994	18.4169999999995	0	0
22.5349999999999	13.7809999999999	20.1890000000003	0	0
23.7799999999988	16.6419999999998	20.7840000000015	0	0
23.2389999999996	18.143	16.7780000000002	0	0
21.3739999999998	11.3900000000003	18.6779999999999	0	0
23.9860000000008	14.5559999999996	23.2559999999994	0	0
18.8279999999995	11.0799999999999	17.0669999999991	0	0
19.1139999999996	7.00200000000041	18.4079999999994	0	0
17.6909999999989	7.06600000000071	17.0669999999991	0	0
21.8940000000002	9.93999999999869	21.5130000000008	0	0
21.6549999999988	11.4030000000002	20.7669999999998	0	0
20.3539999999994	9.86000000000058	18.6919999999991	0	0
21.6970000000001	10.8960000000006	17.4850000000006	0	0
21.643	10.3050000000003	18.1819999999989	0	0
22.5650000000005	12.1810000000005	20.4390000000003	0	0
17.3769999999986	5.06899999999951	20.0839999999989	0	0
18.9400000000005	7.47899999999936	18.1149999999998	0	0
18.2630000000008	5.77500000000146	18.4320000000007	0	0
18.0599999999995	8.65999999999985	20.2979999999989	0	0
18.3590000000004	3.09300000000076	20.1059999999998	0	0
24.7070000000003	14.1309999999994	19.3940000000002	0	0
20.4509999999991	12.5169999999998	17.4030000000002	0	0
31.4770000000008	27.0909999999985	21.6610000000001	0	0
31.4849999999988	26.4620000000014	22.7520000000004	0	0
20.7840000000015	5.77700000000004	20.3140000000003	0	0
23.0879999999997	17.7100000000009	18.5599999999995	0	0
19.9120000000003	6.95099999999911	18.271999999999	0	0
19.3209999999999	10.7340000000004	17.2849999999999	0	0
26.7879999999986	19.5450000000001	19.2450000000008	0	0
27.2150000000001	22.5460000000003	20.9389999999985	0	0
21.7989999999991	10.4529999999995	18.0319999999992	0	0
20.7620000000006	10.6319999999996	16.9590000000007	0	0
18.2330000000002	3.30299999999988	18.9950000000008	0	0
18.6219999999994	6.1200000000008	18.0590000000011	0	0
20.7569999999996	13.2340000000004	19.8619999999992	0	0
19.6170000000002	7.99099999999999	18.0429999999997	0	0
23.9620000000014	17.6769999999997	18.630000000001	0	0
19.3150000000005	6.60200000000077	18.0580000000009	0	0
25.1530000000002	14.8299999999999	22.0769999999993	0	0
18.7969999999987	9.93500000000131	18.9579999999987	0	0
16.4639999999999	5.25799999999981	17.1499999999996	0	0
20.6389999999992	8.69300000000112	16.4750000000004	0	0
31.523000000001	24.4170000000013	20.0169999999998	0	0
23.3619999999992	14.4330000000009	17.7150000000001	0	0
25.1459999999988	17.0210000000006	18.9300000000003	0	0
20.219000000001	13.5730000000003	18.2660000000014	0	0
21.5380000000005	14.5460000000003	15.9030000000002	0	0
19.9920000000002	8.98099999999977	16.8059999999987	0	0
19.4409999999989	10.4860000000008	18.4300000000003	0	0
23.8810000000012	16.366	19.3119999999999	0	0
32.2710000000006	29.6549999999988	23.5900000000001	0	0
18.112000000001	8.52599999999984	18.8870000000006	0	0
20.8780000000006	12.0589999999993	19.2260000000006	0	0
19.8410000000003	7.07400000000052	21.2549999999992	0	0
17.7050000000017	6.37800000000061	19.3410000000003	0	0
22.6569999999992	14.6620000000003	18.2039999999997	0	0
28.1409999999996	23.9219999999987	22.1050000000014	0	0
18.3309999999983	8.375	16.5200000000004	0	0
25.025999999998	17.8140000000003	18.4830000000002	0	0
19.7590000000018	8.90600000000086	16.6670000000013	0	0
19.364999999998	8.24200000000019	17.8529999999992	0	0
19.5010000000002	9.84900000000016	19.9560000000001	0	0
22.2860000000001	14.5049999999992	19.2690000000002	0	0
18.2880000000005	6.54200000000128	19.3469999999998	0	0
29.7479999999996	27.3880000000008	21.8500000000004	0	0
26.025999999998	18.8960000000006	18.4510000000009	0	0
23.1640000000007	18.8420000000006	18.6360000000004	0	0
17.4339999999975	4.83899999999994	17.8459999999995	0	0
18.9520000000011	8.4890000000014	17.3220000000001	0	0
22.0449999999983	10.6110000000008	21.1119999999992	0	0
18.7139999999999	7.53199999999924	18.9290000000001	0	0
23.4429999999993	16.223	19.9259999999995	0	0
25.1700000000019	14.6720000000005	21.2870000000003	0	0
17.4800000000032	3.64999999999964	18.3389999999999	0	0
21.8610000000008	11.848	20.5389999999989	0	0
20.5769999999975	12.1620000000003	20.9590000000007	0	0
16.5949999999975	4.03200000000106	15.5370000000003	0	0
20.6299999999974	9.57099999999991	18.3080000000009	0	0
19.8139999999985	10.0100000000002	16.2019999999993	0	0
24.4529999999977	15.9250000000011	18.7440000000006	0	0
20.4399999999987	8.69800000000032	17.5030000000006	0	0
19.9930000000022	8.61700000000019	20.3320000000003	0	0
20.755000000001	11.7360000000008	19.6649999999991	0	0
18.3990000000013	5.47299999999996	17.8520000000008	0	0
20.3509999999987	7.23800000000119	20.0010000000002	0	0
22.5920000000006	12.7219999999998	18.1869999999999	0	0
22.382999999998	10.9210000000003	21.1949999999997	0	0
21.3899999999994	10.3070000000007	18.9279999999999	0	0
22.2960000000021	11.1769999999997	19.9219999999987	0	0
20.6340000000018	10.9220000000005	18.1840000000011	0	0
19.4969999999994	11.4899999999998	17.6039999999994	0	0
17.3919999999998	7.47199999999975	16.8850000000002	0	0
18.5879999999997	5.37799999999879	17.9959999999992	0	0
17.6939999999995	6.15300000000025	20.244999999999	0	0
20.3050000000003	8.26900000000023	20.594000000001	0	0
19.1659999999974	7.62800000000061	16.0730000000003	0	0
29.25	24.2459999999992	18.9420000000027	0	0
19.9509999999973	12.5030000000006	17.8820000000014	0	0
19.4840000000004	9.71199999999953	17.880000000001	0	0
19.4969999999994	14.0740000000005	16.0770000000011	0	0
17.5020000000004	5.33200000000033	17.2199999999975	0	0
15.369999999999	3.38700000000063	16.6689999999981	0	0
26.9559999999983	21.7399999999998	18.1390000000029	0	0
21.2349999999969	11.1399999999994	17.6719999999987	0	0
17.0689999999995	7.75699999999961	18.0329999999994	0	0
17.9340000000011	5.27700000000004	19.1500000000015	0	0
18.4880000000012	9.68899999999849	17.5260000000017	0	0
20.1290000000008	13.3469999999998	18.0270000000019	0	0
18.2109999999993	5.93599999999969	16.3379999999997	0	0
28.2760000000017	24.6610000000001	20.4859999999971	0	0
25.3810000000012	15.5640000000003	21.0279999999984	0	0
18.1270000000004	3.14700000000084	20.2770000000019	0	0
22.2880000000005	12.4720000000016	20.2589999999982	0	0
23.1179999999986	12.1090000000004	21.1229999999996	0	0
20.8050000000003	11.6450000000004	19.4000000000015	0	0
20.7479999999996	10.1260000000002	17.3860000000022	0	0
21.3860000000022	19.4479999999985	19.3940000000002	0	0
15.1579999999994	5.88000000000102	16.4459999999999	0	0
18.9269999999997	8.90900000000147	18.7119999999995	0	0
22.0930000000008	13.4150000000009	18.1840000000011	0	0
17.7659999999996	5.61800000000039	16.2359999999971	0	0
17.7260000000024	6.35200000000077	17.9529999999977	0	0
18.2829999999994	11.023000000001	16.2610000000022	0	0
20.8059999999969	11.2989999999991	17.875	0	0
18.3260000000009	7.08300000000054	16.8009999999995	0	0
21.1900000000023	15.6730000000007	18.601999999999	0	0
20.4930000000022	12.1679999999997	20.1990000000005	0	0
19.5500000000029	9.11299999999937	17.3880000000026	0	0
23.3940000000002	14.0699999999997	19.4020000000019	0	0
17.0970000000016	3.82400000000052	16.1299999999974	0	0
20.0349999999999	10.6610000000001	21.2669999999998	0	0
19.6599999999999	9.7489999999998	17.9199999999983	0	0
23.5709999999999	12.5540000000001	19.6800000000003	0	0
17.2870000000003	5.85000000000036	17.6310000000012	0	0
20.4490000000005	7.80900000000111	20.648000000001	0	0
19.5509999999995	5.8070000000007	21.3709999999992	0	0
17.5080000000016	6.07200000000012	17.6440000000002	0	0
19.2160000000003	10.0390000000007	16.4830000000002	0	0
24.2360000000008	20.0020000000004	17.8069999999971	0	0
22.7829999999994	16.5360000000001	18.8430000000008	0	0
22.0879999999997	11.777	19.8300000000017	0	0
24.607	16.3209999999999	20.1229999999996	0	0
27.7239999999983	20.0570000000007	19.6210000000028	0	0
28.0010000000002	22.235999999999	22.2940000000017	0	0
25.3580000000002	15.7080000000005	20.1219999999994	0	0
19.7119999999995	8.37700000000041	20.0920000000006	0	0
21.9530000000013	12.0930000000008	18.4429999999993	0	0
22.367000000002	13.6739999999991	18.0460000000021	0	0
22.4890000000014	16.6219999999994	19.8869999999988	0	0
20.6649999999972	12.8559999999998	18.9449999999997	0	0
21.7239999999983	13.8780000000006	20.4639999999999	0	0
17.0660000000025	5.26699999999983	17.5600000000013	0	0
21.3679999999986	11.3459999999995	19.4900000000016	0	0
19.5210000000006	10.2860000000001	16.8730000000032	0	0
20.5299999999988	9.21299999999974	17.0830000000024	0	0
19.1599999999999	8.00400000000081	20.0590000000011	0	0
18.2910000000011	5.98400000000038	19.7789999999986	0	0
23.2000000000007	17.6869999999999	16.5519999999997	0	0
20.3970000000008	9.37299999999959	18.0030000000006	0	0
17.4760000000024	4.58099999999831	18.4789999999994	0	0
20.2969999999987	9.49300000000039	18.6990000000005	0	0
18.2259999999987	6.92199999999866	18.6500000000015	0	0
19.6850000000013	8.375	18.6299999999974	0	0
25.232	15.387999999999	22.0660000000025	0	0
21.3940000000002	10.9350000000013	19.1369999999988	0	0
21.5529999999999	15.8220000000001	19.1959999999999	0	0
20.9830000000002	13.1370000000006	18.9069999999992	0	0
22.7350000000006	13.4179999999997	17.0089999999982	0	0
17.4459999999999	8.88400000000001	16.5709999999999	0	0
22.7619999999988	13.7489999999998	17.5390000000007	0	0
19.8840000000018	5.70700000000033	18.8639999999978	0	0
22.3080000000009	12.9740000000002	17.6160000000018	0	0
18.1650000000009	6.88199999999961	18.2589999999982	0	0
19.4660000000003	7.30900000000111	20.2410000000018	0	0
23.6889999999985	14.1870000000017	19.6849999999977	0	0
21.3860000000022	11.5509999999995	19.1349999999984	0	0
19.7749999999978	10.2990000000009	18.9599999999991	0	0
19.7060000000019	8.35300000000097	19.2789999999986	0	0
19.2939999999981	8.44400000000132	20.1229999999996	0	0
18.5250000000015	5.84799999999996	17.982	0	0
27.8149999999987	23.7599999999984	17.8220000000001	0	0
21.7690000000002	12.4680000000008	16.0869999999995	0	0
18.3150000000023	4.72099999999955	17.5380000000005	0	0
21.7459999999992	13.5120000000006	17.1130000000012	0	0
20.0250000000015	7.54399999999987	18.1100000000006	0	0
30.8969999999972	29.3790000000008	21.6719999999987	0	0
20.1869999999981	12.2160000000003	19.9030000000021	0	0
18.7810000000027	10.6790000000001	18.9320000000007	0	0
22.9289999999964	16.2150000000001	17.6100000000006	0	0
21.2609999999986	10.7999999999993	20.6090000000004	0	0
20.3090000000011	10.1400000000012	17.8289999999979	0	0
21.1000000000022	12.1639999999989	18.2309999999998	0	0
17.9099999999999	5.44999999999891	17.8819999999978	0	0
17.3279999999977	5.96700000000055	15.8709999999992	0	0
19.4670000000006	8.94300000000112	17.8679999999986	0	0
16.2750000000015	4.44700000000012	16.6899999999987	0	0
18.7839999999997	5.69100000000071	18.8889999999992	0	0
21.747000000003	11.6930000000011	19.5689999999995	0	0
19.0759999999973	7.91899999999987	18.976999999999	0	0
25.2989999999991	19.4400000000005	18.7150000000001	0	0
20.6670000000013	9.45100000000093	19.4359999999979	0	0
22.0429999999978	15.5910000000003	19.0740000000005	0	0
20.7429999999986	13.7450000000008	18.2259999999987	0	0
18.7010000000009	5.89899999999943	17.262999999999	0	0
18.9799999999996	6.65099999999984	17.9710000000014	0	0
21.2479999999996	10.2420000000002	17.4170000000013	0	0
15.5580000000009	4.67100000000028	13.4589999999989	0	0
19.0900000000001	7.65399999999863	18.0989999999983	0	0
19.9480000000003	12.3069999999989	17.232	0	0
21.9490000000005	14.3729999999996	17.1110000000008	0	0
21.023000000001	11.8909999999996	18.492000000002	0	0
21.3669999999984	13.3400000000001	17.7799999999988	0	0
17.8189999999995	5.57200000000012	15.8139999999985	0	0
20.3680000000022	9.92100000000028	17.505000000001	0	0
21.2069999999985	15.9959999999992	18.6369999999988	0	0
17.2989999999991	8.94700000000012	17.1359999999986	0	0
21.8119999999981	12.0660000000007	20.2989999999991	0	0
19.8530000000028	7.4489999999987	18.7720000000008	0	0
38.6660000000011	31.1200000000008	29.1839999999975	0	0
22.0169999999998	14.4220000000005	17.461000000003	0	0
19.6150000000016	9.84900000000016	17.6830000000009	0	0
21.4680000000008	13.6640000000007	17.7020000000011	0	0
19.7609999999986	12.7139999999999	17.1100000000006	0	0
18.148000000001	8.01200000000063	17.1049999999996	0	0
20.0920000000006	8.27399999999943	18.0750000000007	0	0
16.3869999999988	6.04799999999886	17.0750000000007	0	0
18.5060000000012	8.28300000000127	18.0829999999987	0	0
17.5859999999993	4.43399999999929	17.1370000000024	0	0
21.9659999999967	16.643	18.518	0	0
23.0360000000001	13.4850000000006	18.148000000001	0	0
19.7840000000033	7.69800000000032	17.3290000000015	0	0
20.9839999999967	13.8860000000004	17.900999999998	0	0
18.5009999999966	6.81400000000031	18.255000000001	0	0
25.023000000001	20.3090000000011	19.0840000000026	0	0
25.7939999999981	23.3419999999987	17.4110000000001	0	0
19.2639999999992	8.02299999999923	19.2559999999976	0	0
16.5720000000001	2.95700000000033	19.0869999999995	0	0
21.6569999999992	15.2010000000009	21.1290000000008	0	0
20.0470000000023	8.6140000000014	17.8899999999994	0	0
19.974000000002	6.84399999999914	19.3770000000004	0	0
20.5269999999982	13.3359999999993	17.1160000000018	0	0
16.4499999999971	3.08300000000054	16.5689999999995	0	0
19.6899999999987	11.1740000000009	18.2720000000008	0	0
17.2200000000012	5.3179999999993	16.4130000000005	0	0
17.2669999999998	5.90400000000045	18.4130000000005	0	0
18.8400000000001	7.06400000000031	17.0229999999974	0	0
20.1790000000001	9.69200000000092	19.4269999999997	0	0
19.0449999999983	7.77700000000004	17.7369999999974	0	0
22.3509999999987	13.8870000000006	17.8430000000008	0	0
25.5380000000005	16.4210000000003	18.8369999999995	0	0
23.0450000000019	12.9410000000007	19.0220000000008	0	0
20.768	8.51199999999881	17.3479999999981	0	0
18.6730000000025	9.59499999999935	17.3349999999991	0	0
20.637999999999	11.1939999999995	17.976999999999	0	0
18.0060000000012	9.77900000000045	18.2040000000015	0	0
18.0139999999992	5.29899999999907	17.7000000000007	0	0
20.1880000000019	9.1869999999999	16.7239999999983	0	0
16.2260000000024	4.07899999999972	19.0190000000002	0	0
17.7520000000004	5.83899999999994	19.1670000000013	0	0
21.6160000000018	13.1359999999986	20.0639999999985	0	0
18.5390000000007	4.7400000000016	19.8449999999975	0	0
24.757999999998	15.3960000000006	19.1470000000008	0	0
20.1460000000006	7.67000000000007	20.8139999999985	0	0
16.1710000000021	2.64400000000023	16.5509999999995	0	0
18.3410000000003	6.96600000000035	17.2849999999999	0	0
34.5740000000005	34.3809999999994	19.6540000000023	0	0
21.7289999999994	11.1579999999994	18.3710000000028	0	0
20.4750000000022	9.97400000000016	20.0330000000031	0	0
19.8430000000008	7.01199999999881	18.8529999999992	0	0
21.8590000000004	16.021999999999	17.6470000000008	0	0
21.119999999999	9.23799999999937	19.0629999999983	0	0
18.5659999999989	9.44000000000051	17.7000000000007	0	0
18.0519999999997	5.996000000001	16.643	0	0
19.1530000000021	10.2819999999992	16.719000000001	0	0
20.3050000000003	12.2599999999984	18.2989999999991	0	0
22.1390000000029	15.4920000000002	19.3389999999999	0	0
21.2510000000002	10.3809999999994	18.7060000000019	0	0
21.4449999999997	12.107	17.601999999999	0	0
18.9419999999991	7.70799999999872	17.9730000000018	0	0
19.9070000000029	7.38500000000022	17.744999999999	0	0
19.625	9.48799999999937	16.7330000000002	0	0
18.5589999999975	7.74799999999959	17.3300000000017	0	0
18.9520000000011	8.72299999999996	17.7650000000031	0	0
20.0689999999995	8.97800000000097	19.8320000000022	0	0
17.7109999999993	5.77899999999863	16.9319999999971	0	0
21.8130000000019	13.8850000000002	18.2350000000006	0	0
21.5669999999991	10.5580000000009	19.6100000000006	0	0
22.0319999999992	12.7130000000016	20.6869999999981	0	0
19.6729999999989	12.348	17.398000000001	0	0
35.3689999999988	29.8829999999998	22.005000000001	0	0
23.0260000000017	15.5390000000007	19.280999999999	0	0
26.1990000000005	21.8600000000006	19.7930000000015	0	0
23.3509999999987	12.4919999999984	19.8479999999981	0	0
19.9110000000001	8.83499999999913	21.375	0	0
17.8600000000006	5.8119999999999	19.1870000000017	0	0
24.3500000000022	19.023000000001	20.2659999999996	0	0
19.4910000000018	9.40300000000025	18.8450000000012	0	0
21.4159999999974	10.5329999999994	20.7330000000002	0	0
17.3970000000008	4.04300000000148	21.0849999999991	0	0
19.1319999999978	10.4369999999999	16.3529999999992	0	0
16.6139999999978	4.77200000000084	17.4169999999976	0	0
19.0260000000017	8.73899999999958	17.2080000000024	0	0
15.9850000000006	2.56600000000071	16.7669999999998	0	0
18.7309999999998	7.03800000000047	18.1470000000008	0	0
22.6479999999974	13.3989999999994	19.0070000000014	0	0
17.0709999999999	5.51900000000023	17.7249999999985	0	0
18.6299999999974	6.96399999999994	17.2069999999985	0	0
20.7170000000006	10.0410000000011	20.4569999999985	0	0
19.7129999999997	7.71900000000096	21.101999999999	0	0
23.1630000000005	14.3119999999999	20.2749999999978	0	0
22.6450000000004	14.0159999999996	17.1500000000015	0	0
25.5109999999986	17.3150000000005	18.3260000000009	0	0
18.9380000000019	7.6299999999992	17.7700000000004	0	0
21.2999999999993	12.6090000000004	18.1779999999999	0	0
22.3709999999992	13.2520000000004	17.6100000000006	0	0
25.9979999999996	21.4409999999989	19.768	0	0
28.3539999999994	22.473	18.4599999999991	0	0
23.2180000000008	13.134	17.3710000000028	0	0
25.8709999999992	16.3330000000005	19.9290000000001	0	0
28.9350000000013	23.8189999999995	19.4019999999982	0	0
18.773000000001	5.31400000000031	18.9069999999992	0	0
21.4359999999979	10.8629999999994	16.6419999999998	0	0
28.1419999999998	22.473	17.844000000001	0	0
20.8050000000003	8.03600000000006	18.8110000000015	0	0
23.125	15.0390000000007	18.0830000000024	0	0
19.0979999999981	7.78700000000026	19.6510000000017	0	0
17.2090000000026	4.57599999999911	17.2669999999998	0	0
21.8430000000008	12.514000000001	19.8109999999979	0	0
20.9770000000026	13.4480000000003	18.525999999998	0	0
22.6939999999995	11.4090000000015	20.9569999999985	0	0
22.875	13.6409999999996	17.7429999999986	0	0
17.3960000000006	4.89699999999903	17.4290000000001	0	0
22.6059999999998	15.866	20.3940000000002	0	0
23.4079999999994	16.0139999999992	19.135000000002	0	0
21.8110000000015	14.9069999999992	19.7910000000011	0	0
20.2129999999997	11.4410000000007	19.9589999999989	0	0
21.7069999999985	10.0069999999996	20.5449999999983	0	0
21.0649999999987	11.2720000000008	19.2180000000008	0	0
23.6399999999994	13.2600000000002	21.1620000000003	0	0
22.8279999999977	15.4969999999994	18.4760000000024	0	0
20.1699999999983	14.7559999999994	17.2260000000024	0	0
18.3629999999976	9.62900000000081	20.0829999999987	0	0
24.2720000000008	19.241	20.4290000000001	0	0
18.7389999999978	7.68999999999869	16.8650000000016	0	0
20.2469999999994	10.4920000000002	18.7939999999981	0	0
19.2839999999997	9.47299999999996	16.6260000000002	0	0
18.9439999999995	7.81500000000051	16.9079999999994	0	0
24.6939999999995	22.5609999999997	17.9570000000022	0	0
17.0770000000011	6.45100000000093	16.9809999999998	0	0
21.1959999999999	10.9120000000003	18.8570000000036	0	0
20.1990000000005	7.65500000000065	20.6510000000017	0	0
30.6479999999974	23.1080000000002	21.7570000000014	0	0
21.5780000000013	15.877999999997	19.0669999999991	0	0
22.8770000000004	14.1900000000023	18.1510000000017	0	0
18.3220000000001	4.93799999999828	17.8230000000003	0	0
17.8379999999997	6.7510000000002	19.3539999999994	0	0
21.7839999999997	11.4459999999999	20.9290000000001	0	0
23.1179999999986	12.885000000002	21.4230000000025	0	0
22.6720000000023	9.06300000000192	22.4079999999994	0	0
20.9449999999997	11.3329999999987	20.4329999999973	0	0
19.6660000000011	7.23300000000017	17.9209999999985	0	0
18.5590000000011	7.55099999999948	19.0689999999995	0	0
28.4919999999984	23.2040000000015	21.880000000001	0	0
20.9350000000013	11.0339999999997	19.7419999999984	0	0
30.0709999999999	27.132999999998	22.869999999999	0	0
18.5730000000003	10.5399999999972	19.4249999999993	0	0
22.1980000000003	12.5400000000009	21.112000000001	0	0
17.4449999999997	3.70499999999811	19.2779999999984	0	0
23.8520000000026	13.0580000000009	20.0220000000008	0	0
22.9510000000009	13.6919999999991	18.5360000000001	0	0
22.0880000000034	13.0010000000002	17.9900000000016	0	0
17.9589999999989	9.22699999999895	17.2789999999986	0	0
18.469000000001	9.17400000000271	16.2969999999987	0	0
19.1470000000008	8.06000000000131	19.375	0	0
20.2589999999982	10.0620000000017	19.6440000000002	0	0
23.4310000000005	17.2789999999986	19.0789999999979	0	0
22.1579999999994	12.0099999999984	20.5010000000002	0	0
25.6340000000018	20.9680000000008	20.4900000000016	0	0
26.5489999999991	25.4619999999995	20.9700000000012	0	0
21.7800000000025	10.3739999999998	17.994999999999	0	0
19.7450000000026	10.9380000000019	19.2750000000015	0	0
23.6760000000031	13.6190000000024	20.0540000000001	0	0
22.476999999999	11.7100000000028	20.8249999999971	0	0
19.5930000000008	8.15699999999924	18.2690000000002	0	0
29.3919999999998	19.4490000000005	21.3659999999982	0	0
19.4169999999976	8.80099999999948	19.7160000000003	0	0
21.349000000002	11.0529999999999	20.5190000000002	0	0
18.3460000000014	5.87999999999738	21.0669999999991	0	0
28.6729999999989	21.4709999999977	23.1110000000008	0	0
18.905999999999	9.52700000000186	18.2950000000019	0	0
25.2239999999983	20.1189999999988	21.1679999999978	0	0
28.8309999999983	22.482	20.8780000000006	0	0
25.7989999999991	19.2019999999975	19.6289999999972	0	0
24.2910000000011	19.4510000000009	18.9060000000027	0	0
20.0920000000006	10.3330000000024	17.8919999999998	0	0
19.880000000001	6.97399999999834	18.9359999999979	0	0
18.8500000000022	6.31899999999951	18.7739999999976	0	0
27.8180000000029	21.9030000000021	20.4110000000001	0	0
22.6929999999993	15.6849999999977	20.8349999999991	0	0
18.6539999999986	8.70500000000175	17.6890000000021	0	0
20.9670000000006	11.3349999999991	16.4030000000021	0	0
25.8009999999995	16.9840000000004	19.1159999999982	0	0
24.2020000000011	16.9969999999994	21.726999999999	0	0
16.1389999999992	4.77900000000227	19.3950000000004	0	0
23.6059999999998	15.9429999999993	19.4220000000023	0	0
23.5329999999994	13.4249999999993	20.9400000000023	0	0
27.9560000000019	23.6959999999999	20.9130000000005	0	0
23.987000000001	18.1150000000016	18.7279999999992	0	0
24.148000000001	20.0939999999973	18.0929999999971	0	0
21.2180000000008	13.6869999999981	17.4510000000009	0	0
20.5809999999983	11.5789999999979	16.8009999999995	0	0
18.0629999999983	10.8810000000012	17.7220000000016	0	0
17.4159999999974	8.30400000000009	16.9759999999987	0	0
20.0210000000006	15.6930000000029	16.3009999999995	0	0
15.1270000000004	3.84800000000178	16.6959999999999	0	0
22.2819999999992	16.2230000000018	18.4500000000007	0	0
19.3179999999993	7.31199999999808	19.3559999999998	0	0
22.6880000000019	12.3909999999996	19.9979999999996	0	0
24.5460000000021	18.9110000000001	19.1670000000013	0	0
22.6949999999997	15.6349999999984	19.3849999999984	0	0
20.9709999999977	8.86000000000058	20.497000000003	0	0
19.9449999999997	12.0679999999993	19.8040000000001	0	0
19.3039999999964	7.29799999999886	18.3970000000008	0	0
25.1130000000048	18.6929999999993	20.3060000000005	0	0
19.0639999999985	6.55500000000029	18.8529999999992	0	0
21.1970000000001	14.0630000000019	19.7960000000021	0	0
18.9889999999941	5.59900000000198	18.5569999999971	0	0
24.1310000000012	16.5190000000002	20.6169999999984	0	0
29.2079999999987	23.9530000000013	21.3389999999999	0	0
21.1399999999994	11.1330000000016	20.9390000000021	0	0
19.0049999999974	10.3739999999998	19.1419999999998	0	0
19.6189999999988	8.22899999999936	21.3700000000026	0	0
21.5970000000016	11.3319999999985	18.9969999999994	0	0
25.7190000000046	19.0380000000005	21.2230000000018	0	0
22.2309999999998	14.0410000000011	21.3270000000011	0	0
24.8009999999995	17.8249999999971	20.4449999999997	0	0
23.0550000000003	16.2170000000006	20.594000000001	0	0
21.2540000000008	10.7089999999989	20.9490000000005	0	0
27.8839999999982	20.8890000000029	20.3899999999994	0	0
19.2679999999964	10.882999999998	16.5889999999999	0	0
20.4310000000041	9.66200000000026	17.3999999999978	0	0
26.2010000000009	21.7749999999978	18.0779999999977	0	0
16.8989999999976	6.47400000000198	17.3559999999998	0	0
17.4939999999988	4.78399999999965	18.9830000000002	0	0
21.5679999999993	11.5569999999971	19.9050000000025	0	0
19.2539999999935	10.5920000000006	18.038999999997	0	0
19.7690000000002	10.6990000000005	18.1870000000017	0	0
17.2289999999994	7.73300000000017	14.4520000000011	0	0
17.8729999999996	8.6929999999993	16.2690000000002	0	0
19.8559999999998	10.7259999999987	18.7440000000024	0	0
20.0590000000011	9.39700000000084	18.0779999999977	0	0
20.8600000000006	11.5299999999988	18.7059999999983	0	0
21.0780000000013	11.4379999999983	17.1360000000022	0	0
42.2640000000029	21.9039999999986	37.5509999999995	0	0
21.3410000000003	10.2139999999999	20.5660000000025	0	0
17.1530000000057	5.16799999999785	15.8539999999994	0	0
19.1389999999956	7.81899999999951	18.9210000000021	0	0
20.2989999999991	10.9189999999981	16.6419999999998	0	0
18.1399999999994	8.47699999999895	14.7239999999983	0	0
19.1730000000025	12.3970000000008	17.8690000000024	0	0
20.2560000000012	10.6270000000004	19.6610000000001	0	0
18.8819999999978	8.43199999999706	17.0660000000025	0	0
22.4500000000044	14.2610000000022	18.5440000000017	0	0
25.1779999999999	14.5439999999981	20.6790000000001	0	0
19.8479999999981	8.14399999999659	17.5659999999989	0	0
19.7700000000041	8.88999999999942	18.0829999999987	0	0
22.2419999999984	13.3590000000004	19.893	0	0
29.4859999999971	26.4089999999997	22.768	0	0
21.6070000000036	10.7409999999982	20.3320000000022	0	0
32.4049999999988	27.7150000000001	21.4410000000025	0	0
17.7030000000013	6.05299999999988	17.3070000000007	0	0
20.6520000000019	9.19800000000032	18.3599999999969	0	0
22.6739999999991	13.0919999999969	19.9390000000021	0	0
25.5020000000004	18.5210000000006	19.9940000000024	0	0
20.25	8.83499999999913	19.3010000000031	0	0
18.1260000000038	7.68900000000212	18.9559999999983	0	0
19.625	6.17600000000311	18.7690000000002	0	0
18.1239999999962	6.49299999999857	17.1620000000003	0	0
15.9839999999967	8.43700000000172	14.8719999999994	0	0
18.0720000000001	6.91900000000169	20.0080000000016	0	0
24.1860000000015	13.3070000000007	21.8689999999988	0	0
21.4799999999959	13.1280000000006	18.6319999999978	0	0
18.4599999999991	7.26499999999942	18.6729999999989	0	0
18.851999999999	8.0089999999982	18.1769999999997	0	0
20.1589999999997	13.8989999999976	18.0280000000021	0	0
22.4729999999981	13.0419999999976	18.5059999999976	0	0
26.0410000000047	19.9919999999984	19.512999999999	0	0
22.0409999999974	10.143	18.1160000000018	0	0
22.0050000000047	13.125	19.9120000000003	0	0
15.8770000000004	4.31499999999869	14.893	0	0
19.4430000000066	12.2180000000008	15.8279999999977	0	0
19.2710000000006	9.66999999999825	18.0640000000021	0	0
26.0950000000012	21.0529999999999	20.3100000000013	0	0
18.989999999998	5.5779999999977	19.4499999999971	0	0
23.2000000000044	13.0360000000001	18.2570000000014	0	0
17.528999999995	5.54799999999886	16.487000000001	0	0
22.1739999999991	15.9120000000003	20.7010000000009	0	0
26.9490000000005	25.8689999999988	19.0829999999987	0	0
17.9380000000019	6.06300000000192	18.2309999999998	0	0
20.601999999999	10.6489999999976	19.3940000000002	0	0
20.5600000000049	10.3320000000022	19.3709999999992	0	0
20.2169999999969	8.34400000000096	19.2459999999992	0	0
18.6029999999955	7.20899999999892	19.8420000000042	0	0
19.5360000000001	10.9959999999992	18.9060000000027	0	0
19.3949999999968	6.27699999999822	18.5849999999991	0	0
15.6399999999994	2.15999999999985	16.6750000000029	0	0
20.3509999999951	9.45799999999872	18.5659999999989	0	0
25.4850000000006	16.0420000000013	18.1490000000049	0	0
19.0479999999952	5.48600000000079	18.4929999999949	0	0
25.1640000000043	17.8970000000008	20.5770000000048	0	0
16.0670000000027	7.48300000000017	15.4180000000051	0	0
17.5570000000007	9.64400000000023	18.1460000000006	0	0
20.778999999995	11.5680000000029	16.9909999999945	0	0
21.4429999999993	15.7790000000023	18.5650000000023	0	0
17.6939999999959	8.31299999999828	17.127999999997	0	0
19.8770000000004	11.2609999999986	17.849000000002	0	0
20.8410000000003	5.1140000000014	20.5579999999973	0	0
19.6050000000032	7.99399999999878	18.823000000004	0	0
24.0360000000001	19.2740000000013	20.1910000000062	0	0
27.5979999999981	24.357	19.6259999999966	0	0
20.5	13.0030000000006	17.9519999999975	0	0
23.0310000000027	14.2099999999991	18.4649999999965	0	0
28.3289999999979	22.9020000000019	20.9809999999998	0	0
22.0599999999977	10.2649999999994	20.5010000000038	0	0
18.1089999999967	6.02300000000105	17.9990000000034	0	0
23.9300000000003	19.351999999999	21.0520000000033	0	0
21.1920000000027	11.0200000000004	19.1929999999993	0	0
22.0350000000035	13.2429999999986	20.2130000000034	0	0
24.2739999999976	15.3499999999985	19.1579999999958	0	0
18.6810000000041	7.08400000000256	20.0740000000005	0	0
19.3830000000016	8.60100000000239	18.7039999999979	0	0
19.5250000000015	7.59799999999814	18.1620000000039	0	0
17.9370000000054	8.90399999999863	15.7969999999987	0	0
24.7380000000048	14.9099999999999	18.7320000000036	0	0
19.8940000000002	7.89600000000064	18.2260000000024	0	0
24.1410000000033	13.4840000000004	18.8430000000008	0	0
18.8530000000028	8.27100000000064	16.6330000000016	0	0
24.5350000000035	17.4480000000003	18.6759999999995	0	0
18.5190000000002	10.9279999999999	16.474000000002	0	0
21.3819999999978	12.6450000000004	18.0750000000044	0	0
17.4159999999974	4.5099999999984	18.6299999999974	0	0
24.6630000000005	15.398000000001	21.3970000000045	0	0
20.0720000000001	12.0280000000021	17.4929999999949	0	0
20.1499999999942	7.93199999999706	16.5529999999999	0	0
33.8820000000051	32.6139999999978	20.6169999999984	0	0
39.8289999999979	38.1229999999996	22.0979999999981	0	0
24.2129999999961	17.3060000000005	18.2319999999963	0	0
22.0279999999984	9.90699999999924	18.775999999998	0	0
28.9490000000005	24.4940000000024	22.7479999999996	0	0
22.2330000000002	11.0339999999997	20.7559999999939	0	0
19.872000000003	8.15099999999802	18.2099999999991	0	0
25.9490000000005	20.0289999999986	19.5180000000037	0	0
17.1300000000047	7.80400000000009	16.0440000000017	0	0
24.7770000000019	10.3250000000007	22.9019999999946	0	0
22.387999999999	14.6589999999997	19.3630000000048	0	0
18.1790000000037	5.15599999999904	21.1989999999932	0	0
18.6169999999984	11.0820000000022	16.7079999999987	0	0
20.8660000000018	13.635000000002	20.2010000000009	0	0
24.6749999999956	16.3559999999998	17.8480000000054	0	0
20.2870000000039	9.59599999999773	17.8199999999997	0	0
24.3530000000028	16.2330000000002	21.1399999999994	0	0
29.25	21.518	20.2969999999987	0	0
19.3139999999985	6.88000000000102	17.846000000005	0	0
18.135000000002	6.375	17.1869999999981	0	0
18.6949999999997	11.2949999999983	16.7890000000043	0	0
20.6670000000013	12.0289999999986	18.5500000000029	0	0
21.1610000000001	15.895999999997	19.2830000000031	0	0
19.4379999999946	7.94800000000032	16.6729999999952	0	0
19.7200000000012	7.25599999999758	18.1109999999971	0	0
18.4850000000006	8.82300000000032	16.5509999999995	0	0
25.1240000000034	20.2530000000006	18.4490000000005	0	0
23.7540000000008	17.4939999999988	18.9779999999955	0	0
20.2700000000041	7.5010000000002	17.1159999999945	0	0
29.3059999999969	23.7780000000021	18.7439999999988	0	0
24.6579999999958	17.9579999999987	19.4199999999983	0	0
23.5590000000011	22.4350000000013	18.1010000000024	0	0
18.9530000000013	7.71399999999994	18.9449999999997	0	0
21.1839999999938	15.8089999999975	19.6050000000032	0	0
19.7580000000016	9.71699999999691	18.6559999999954	0	0
16.8430000000008	8.38299999999799	16.653999999995	0	0
20.2339999999967	10.7959999999985	20.2420000000056	0	0
20.711000000003	11.4780000000028	19.8659999999945	0	0
31.7000000000044	33.489999999998	20.8250000000044	0	0
26.9090000000069	20.6359999999986	18.9789999999994	0	0
21.2980000000025	12.0200000000004	17.4669999999969	0	0
18.5440000000017	7.79400000000169	17.3840000000055	0	0
19.8729999999996	7.68700000000172	18.9140000000043	0	0
20.8820000000051	11.4529999999977	17.8729999999996	0	0
18.9329999999973	7.20100000000093	18.0499999999956	0	0
16.1270000000004	8.56800000000294	15.3130000000019	0	0
20.8009999999995	15.1140000000014	17.4440000000031	0	0
24.3600000000006	13.3650000000016	20.3190000000031	0	0
18.1789999999964	7.16999999999825	17.913999999997	0	0
18.8119999999981	5.76900000000023	18.7030000000013	0	0
22.1759999999995	12.3630000000012	21.3689999999988	0	0
29.538999999997	25.0879999999997	22.1039999999994	0	0
22.8209999999963	18.0809999999983	19.7560000000012	0	0
22.846000000005	13.518	20.3139999999985	0	0
25.7169999999969	16.6140000000014	21.9309999999969	0	0
18.8249999999971	12.0720000000001	17.8130000000019	0	0
18.7200000000012	6.6140000000014	17.5089999999982	0	0
21.1419999999998	12.4020000000019	19.0059999999939	0	0
21.9089999999997	11.5650000000023	20.3670000000056	0	0
23.5550000000003	12.75	20.6110000000044	0	0
17.8199999999997	6.33100000000195	20.6179999999949	0	0
16.8400000000038	7.06599999999889	17.6340000000055	0	0
18.2549999999974	5.92599999999948	18.5720000000001	0	0
17.1500000000015	2.9529999999977	19.1970000000001	0	0
22.8529999999955	14.1139999999978	16.4599999999991	0	0
19.9130000000005	7.75200000000041	17.8139999999985	0	0
20.476999999999	9.5580000000009	20.0299999999988	0	0
32.6209999999992	14.1720000000023	28.2649999999994	0	0
23.2540000000008	14.2900000000009	17.9309999999969	0	0
21.4389999999985	12.2040000000015	21.4619999999995	0	0
19.7489999999962	9.96900000000096	18.8430000000008	0	0
20.002999999997	8.72399999999834	17.5009999999966	0	0
21.5350000000035	11.148000000001	18.7609999999986	0	0
19.2999999999956	8.68699999999808	17.3770000000004	0	0
18.5670000000027	8.77900000000227	18.0489999999991	0	0
20.4919999999984	12.1110000000008	17.9110000000001	0	0
21.7929999999978	13.8019999999997	20.1030000000028	0	0
20.6820000000007	11.482	18.7379999999976	0	0
18.0369999999966	6.67600000000311	16.1370000000024	0	0
25.3510000000024	16.7179999999971	19.9859999999971	0	0
19.7039999999979	12.2619999999988	15.8169999999955	0	0
19.7449999999953	8.16799999999785	17.2010000000009	0	0
21.5010000000038	10.9269999999997	18.1189999999988	0	0
19.1560000000027	9.59999999999854	17.7979999999952	0	0
21.2869999999966	13.7710000000006	18.2959999999948	0	0
18.8960000000006	8.34300000000076	18.3090000000011	0	0
17.8440000000046	7.31899999999951	18.2790000000023	0	0
20.0040000000008	8.70899999999892	18.9490000000005	0	0
19.5970000000016	8.46500000000015	17.5119999999952	0	0
21.1860000000015	15.0620000000017	18.3070000000007	0	0
23.5489999999991	15.2560000000012	17.2760000000053	0	0
26.1450000000041	19.3269999999975	18.9890000000014	0	0
18.9599999999991	5.54099999999744	20.2359999999971	0	0
19.9089999999997	9.22300000000178	19.5979999999981	0	0
30.9990000000034	27.2870000000003	20.8969999999972	0	0
24.4619999999995	16.8459999999977	19.6790000000037	0	0
28.5679999999993	20.6640000000007	19.8229999999967	0	0
21.7870000000039	8.32500000000073	20.862000000001	0	0
21.489999999998	8.06200000000172	21.3060000000041	0	0
29.4979999999996	22.655999999999	22.0319999999992	0	0
22.1899999999951	15.0669999999991	19.2319999999963	0	0
23.3150000000023	14.5400000000009	16.262999999999	0	0
18.3729999999996	6.12900000000081	18.5190000000002	0	0
19.2009999999937	10.3790000000008	17.2819999999992	0	0
20.375	9.93799999999828	15.9159999999974	0	0
18.0670000000027	10.0110000000022	17.6159999999945	0	0
20.4599999999991	14.6360000000022	16.9509999999937	0	0
18.346000000005	6.08200000000215	21.2740000000049	0	0
19.8499999999985	8.94800000000032	19.2189999999973	0	0
21.4029999999984	10.351999999999	18.400999999998	0	0
22.6740000000063	11.8710000000028	19.9500000000044	0	0
17.5250000000015	6.08899999999994	16.7259999999951	0	0
18.7459999999992	8.14800000000105	15.5600000000049	0	0
20.1320000000051	10.2079999999987	18.8539999999994	0	0
18.7989999999991	7.75	18.260000000002	0	0
15.9789999999994	5.97700000000259	16.2669999999998	0	0
27.2790000000023	24.4279999999999	18.7679999999964	0	0
18.8470000000016	7.73300000000017	18.0979999999981	0	0
17.8210000000036	6.64899999999761	17.7230000000054	0	0
20.9950000000026	7.37299999999959	20.0299999999988	0	0
16.5729999999967	4.62700000000041	16.3389999999999	0	0
19.7819999999992	9.34000000000015	17.3130000000019	0	0
17.4619999999995	5.12299999999959	18.9539999999979	0	0
24.3969999999972	13.2549999999974	21.9329999999973	0	0
23.9360000000015	12.857	22.1909999999989	0	0
17.8479999999981	8.15400000000227	16.8029999999999	0	0
19.6070000000036	5.89999999999782	19.6390000000029	0	0
21.1829999999973	3.45699999999852	31.3640000000014	0	0
21.5670000000027	2.93900000000212	26.8970000000045	0	0
21.9159999999974	4.94300000000294	29.7549999999974	0	0
25.5120000000024	11.474000000002	29.8179999999993	0	0
23.1209999999992	8.95100000000093	31.9340000000011	0	0
24.1460000000006	11.6519999999982	29.7530000000042	0	0
24.8160000000062	10.3810000000012	33.6889999999985	0	0
22.0239999999976	7.78399999999965	28.1359999999986	0	0
24.2480000000069	11.0349999999999	29.0409999999974	0	0
30.3969999999972	21.3040000000001	37.0469999999987	0	0
24.9350000000049	10.0779999999977	33.8369999999995	0	0
27.8869999999952	17.0390000000007	32.8260000000009	0	0
22.7330000000002	3.84700000000157	34.2000000000044	0	0
26.5	13.9719999999979	34.3170000000027	0	0
30.5080000000016	21.8600000000006	37.4520000000048	0	0
31.4910000000018	20.8339999999989	37.7169999999969	0	0
35.7589999999982	29.7989999999991	36.6999999999971	0	0
21.612000000001	3.95999999999913	31.0920000000042	0	0
22.3800000000047	5.79300000000148	33.0550000000003	0	0
33.640999999996	22.8320000000022	37.2510000000038	0	0
31.7589999999982	22.7959999999985	37.4510000000009	0	0
29.5550000000003	19.107	34.9089999999997	0	0
26.4680000000008	12.5200000000004	34.2960000000021	0	0
28.0120000000024	18.400999999998	31.0330000000031	0	0
21.9860000000044	5.72599999999875	34.7720000000045	0	0
20.5469999999987	10.7279999999992	20.1659999999974	0	0
21.0849999999991	10.5159999999996	19.5509999999995	0	0
