11.111	4.404	11.377	0	0
5.645	2.067	5.218	0	0
5.757	2.128	6.27	0	0
4.99300000000001	0.989000000000001	5.414	0	0
5.68599999999999	2.443	6.12400000000001	0	0
5.303	1.394	5.47799999999999	0	0
5.15599999999999	1.165	5.179	0	0
5.61099999999999	1.746	5.203	0	0
6.28300000000002	2.19	6.108	0	0
5.23600000000002	1.049	5.72600000000003	0	0
5.78799999999998	2.483	5.85599999999999	0	0
5.364	1.34699999999999	5.29300000000001	0	0
6.08699999999999	3.545	6.429	0	0
5.51400000000001	2.285	5.26599999999999	0	0
5.667	2.291	5.89999999999998	0	0
6.25700000000001	2.396	6.619	0	0
5.68000000000001	2.327	5.321	0	0
4.90000000000001	0.703000000000003	5.32600000000002	0	0
5.43799999999999	1.535	5.84000000000003	0	0
6.19200000000001	2.55300000000001	5.82800000000003	0	0
5.46300000000002	1.059	5.512	0	0
12.326	6.017	11.939	0	0
5.81200000000001	2.471	5.77099999999996	0	0
6.08100000000002	2.99199999999999	6.05799999999999	0	0
6.613	2.61500000000001	6.81	0	0
5.68799999999999	1.48400000000001	5.25	0	0
16.548	4.38399999999999	16.171	0	0
5.72300000000001	1.92499999999998	5.37600000000003	0	0
5.17900000000003	1.00700000000001	5.036	0	0
4.93099999999998	0.740999999999985	6.23399999999998	0	0
5.40300000000002	1.458	5.589	0	0
5.72199999999998	2.01399999999998	5.536	0	0
5.82799999999997	2.08799999999999	5.86500000000001	0	0
5.95400000000001	2.21800000000002	5.91800000000001	0	0
4.94200000000001	1.10599999999999	5.6819999999999	0	0
5.78100000000006	1.86600000000001	5.36699999999996	0	0
5.71600000000001	2.142	5.92399999999998	0	0
5.85699999999997	2.17099999999999	5.71899999999994	0	0
5.23000000000002	1.089	5.74599999999998	0	0
5.68899999999996	2.59300000000002	5.57800000000009	0	0
6.46400000000006	1.88399999999999	6.18700000000001	0	0
5.06100000000004	0.633999999999986	4.71199999999999	0	0
11.812	4.851	11.3099999999999	0	0
6.3359999999999	2.53700000000001	6.08199999999999	0	0
5.59399999999994	1.79599999999999	5.12299999999993	0	0
5.19599999999991	1.583	5.10899999999992	0	0
5.11000000000001	0.912000000000006	5.43200000000002	0	0
5.76200000000006	2.74199999999999	5.82400000000007	0	0
5.62599999999998	2.33500000000001	5.55200000000002	0	0
6.00900000000001	3.15599999999998	6.48100000000011	0	0
5.93799999999999	2.15300000000002	5.74300000000005	0	0
6.77800000000002	4.21600000000001	6.44400000000007	0	0
5.9899999999999	2.59400000000002	6.04399999999998	0	0
5.60699999999997	1.982	5.37099999999998	0	0
5.84000000000003	1.97200000000001	6.26999999999998	0	0
5.57799999999997	1.917	5.90599999999995	0	0
6.19299999999998	2.01900000000001	6.49400000000003	0	0
5.37299999999993	1.21199999999999	5.19299999999998	0	0
5.80999999999995	1.84700000000004	5.67199999999991	0	0
6.34999999999991	3.137	5.79099999999994	0	0
6.13900000000001	2.76999999999998	5.78700000000003	0	0
5.34500000000003	1.29700000000003	5.39700000000005	0	0
5.77699999999993	2.25900000000001	6.05499999999995	0	0
5.58500000000004	1.80700000000002	5.55700000000002	0	0
5.27800000000002	0.954999999999984	5.23799999999994	0	0
6.21199999999999	1.68299999999999	6.11400000000003	0	0
5.77199999999993	1.517	8.66499999999996	0	0
5.63699999999994	1.589	5.22399999999993	0	0
5.76900000000001	1.90300000000002	5.23199999999997	0	0
5.13100000000009	1.38200000000001	5.20100000000002	0	0
6.46600000000001	2.34299999999996	6.97500000000002	0	0
5.89800000000002	2.005	5.61500000000001	0	0
6.31299999999999	2.70300000000003	5.995	0	0
5.92700000000002	2.89400000000001	6.00199999999995	0	0
5.70899999999995	1.59900000000005	5.57799999999997	0	0
6.25300000000016	2.822	5.47999999999979	0	0
5.67900000000009	2.03300000000002	5.68499999999995	0	0
5.82099999999991	2.49599999999998	5.65599999999995	0	0
5.20699999999988	1.36899999999997	5.24700000000007	0	0
6.14699999999993	3.80400000000003	6.49700000000007	0	0
5.25199999999995	1.54900000000004	5.33199999999988	0	0
5.86000000000013	2.19	5.7170000000001	0	0
6.07600000000002	2.923	5.79100000000017	0	0
4.99399999999991	0.762999999999977	5.39899999999989	0	0
6.32299999999987	2.149	6.27399999999989	0	0
5.89300000000003	2.34999999999997	6.02999999999997	0	0
6.19699999999989	1.91299999999995	5.83799999999997	0	0
5.51199999999994	2.197	6.17099999999982	0	0
5.4369999999999	1.363	5.47400000000016	0	0
5.61899999999991	1.74799999999999	5.63200000000006	0	0
5.29499999999985	1.21900000000005	5.3760000000002	0	0
5.11199999999985	1.05899999999997	5.45700000000011	0	0
5.15200000000004	1.22000000000003	5.26600000000008	0	0
5.84699999999998	2.303	5.80200000000013	0	0
5.11500000000001	1.06700000000001	5.65699999999993	0	0
6.28500000000008	2.91700000000003	5.76099999999997	0	0
5.83200000000011	2.72699999999998	5.37800000000016	0	0
5.41499999999996	1.38200000000001	5.85199999999986	0	0
6.43399999999997	3.26999999999998	5.66599999999994	0	0
5.41499999999996	2.31099999999998	5.31000000000017	0	0
5.56799999999998	1.94999999999999	5.5809999999999	0	0
5.27999999999997	1.31299999999999	6.03400000000011	0	0
5.55200000000013	1.67700000000002	6.18599999999992	0	0
5.21600000000012	1.12299999999999	5.12299999999982	0	0
5.37300000000005	1.47300000000001	5.16399999999999	0	0
5.27499999999986	1.49799999999999	4.95600000000013	0	0
5.74900000000002	1.70600000000002	5.74600000000009	0	0
5.91200000000003	2.00300000000004	5.77500000000009	0	0
5.12400000000002	0.788999999999987	5.50999999999999	0	0
5.779	1.97000000000003	5.79199999999992	0	0
6.17399999999998	3.54599999999999	6.71000000000004	0	0
5.80799999999999	2.44099999999997	6.22700000000009	0	0
5.76400000000012	1.63300000000004	5.39700000000016	0	0
6.36500000000001	2.16700000000003	6.74300000000017	0	0
5.86699999999996	2.56599999999992	5.89400000000001	0	0
6.40100000000007	2.53300000000002	6.66000000000008	0	0
5.91799999999989	2.62299999999993	5.81700000000001	0	0
5.53599999999983	2.29100000000005	5.50199999999995	0	0
5.279	1.03099999999995	5.30499999999984	0	0
5.87100000000009	2.07000000000005	5.90599999999995	0	0
4.86900000000014	0.550999999999931	4.98400000000015	0	0
4.87799999999993	0.754999999999995	5.04999999999995	0	0
5.92700000000013	2.41200000000003	6.327	0	0
5.63499999999999	1.98900000000003	6.11400000000003	0	0
5.66100000000006	0.629999999999995	6.33699999999999	0	0
6.02299999999991	3.11199999999997	5.90499999999997	0	0
6.31899999999996	1.779	6.53800000000001	0	0
5.39099999999985	1.33399999999995	5.50099999999998	0	0
6.60699999999997	3.649	6.47000000000003	0	0
5.42100000000005	1.37900000000002	5.85300000000007	0	0
5.03200000000015	1.00800000000004	5.55099999999993	0	0
5.37300000000005	1.39800000000002	5.53199999999993	0	0
5.3309999999999	1.08199999999999	4.98399999999992	0	0
5.75900000000001	2.04999999999995	5.3420000000001	0	0
5.2360000000001	1.072	5.16099999999983	0	0
5.28199999999993	1.17500000000007	4.87099999999987	0	0
10.673	3.33799999999997	10.3890000000001	0	0
5.87999999999988	2.80700000000002	5.471	0	0
5.35400000000004	1.74799999999993	6.09299999999985	0	0
5.40599999999995	1.56100000000004	5.76999999999998	0	0
5.82499999999982	1.79999999999995	5.45900000000006	0	0
5.077	0.850999999999999	4.75599999999986	0	0
5.22400000000016	1.20100000000002	5.06600000000003	0	0
6.42999999999984	2.78499999999997	6.51400000000012	0	0
5.65300000000002	1.88400000000001	5.22299999999996	0	0
5.4559999999999	2.452	5.86599999999999	0	0
5.12699999999995	1.01700000000005	5.14400000000001	0	0
5.28500000000008	1.33899999999994	5.43299999999999	0	0
6.33399999999983	2.96800000000007	6.14400000000001	0	0
5.12799999999993	0.908999999999992	5.548	0	0
6.38300000000004	3.36700000000008	6.19499999999994	0	0
7.22499999999991	4.90999999999997	6.06399999999985	0	0
5.65600000000018	1.04499999999996	5.64899999999989	0	0
6.16100000000006	2.73599999999999	5.57000000000016	0	0
6.25900000000001	2.01699999999994	6.12899999999991	0	0
5.65599999999995	2.29700000000003	5.85500000000002	0	0
5.721	2.70999999999992	6.14300000000003	0	0
5.88999999999987	2.08199999999999	5.51300000000037	0	0
5.9340000000002	2.59700000000009	5.69999999999982	0	0
5.22000000000025	1.75999999999999	5.4380000000001	0	0
5.9340000000002	2.49400000000003	5.95799999999963	0	0
6.02100000000019	2.65300000000002	5.51999999999998	0	0
5.48000000000002	2.07999999999993	6.00999999999976	0	0
6.07600000000002	1.67999999999995	6.49600000000009	0	0
5.43099999999959	1.20399999999995	5.66199999999981	0	0
5.38999999999987	1.61699999999996	5.46399999999994	0	0
5.41499999999996	1.51599999999996	5.66300000000001	0	0
5.94500000000016	2.22000000000003	6.12100000000009	0	0
5.98399999999992	2.68700000000001	5.96099999999979	0	0
6.19699999999966	2.32100000000003	6.02100000000019	0	0
6.26299999999992	3.05400000000009	5.93499999999995	0	0
6.14199999999983	2.60699999999997	5.87999999999965	0	0
5.90900000000011	1.52500000000009	6.07200000000012	0	0
6.0300000000002	2.46699999999998	5.80000000000018	0	0
6.19900000000007	2.04399999999998	5.95299999999997	0	0
5.81999999999971	2.52300000000002	5.63899999999967	0	0
6.55799999999999	3.56499999999994	5.89600000000019	0	0
6.05000000000018	2.40300000000002	5.55699999999979	0	0
5.63400000000001	2.04600000000005	5.46299999999974	0	0
5.67099999999982	1.53999999999996	5.05400000000009	0	0
4.86700000000019	0.432000000000016	5.00300000000016	0	0
5.94599999999991	2.10599999999999	5.91599999999971	0	0
5.99400000000014	2.32000000000005	5.26299999999992	0	0
5.66199999999981	2.07299999999998	5.94299999999976	0	0
5.74399999999969	1.46600000000001	5.67200000000003	0	0
5.87899999999991	2.81799999999998	5.54999999999973	0	0
6.23700000000008	2.63699999999994	5.86599999999999	0	0
5.84699999999975	1.97199999999998	5.76200000000017	0	0
5.38900000000012	1.04700000000003	5.87699999999995	0	0
6.80799999999999	3.01099999999997	6.28300000000036	0	0
5.68199999999979	2.24799999999993	5.78500000000031	0	0
6.24800000000005	2.34699999999998	6.51999999999998	0	0
5.75700000000006	3.65600000000006	7.15599999999995	0	0
5.99299999999994	2.39300000000003	5.58399999999983	0	0
6.17200000000003	2.83999999999992	6.26800000000003	0	0
6.36999999999989	3.5809999999999	6.26800000000003	0	0
5.29500000000007	1.82800000000009	5.66100000000006	0	0
5.83699999999999	2.11599999999999	6.06600000000026	0	0
11.306	3.452	10.9490000000001	0	0
5.0590000000002	0.973999999999933	5.47500000000036	0	0
5.22899999999981	1.58199999999999	5.71599999999989	0	0
6.30000000000018	3.57100000000003	6.99399999999969	0	0
6.77699999999959	4.19299999999998	6.86999999999989	0	0
5.59900000000016	1.73700000000008	5.32799999999997	0	0
5.85500000000002	2.09699999999998	5.81799999999976	0	0
5.56800000000021	1.47700000000009	6.02800000000025	0	0
5.54300000000012	1.68399999999997	5.61200000000008	0	0
5.81999999999971	2.01499999999999	6.49099999999999	0	0
5.4079999999999	1.46100000000001	5.49600000000009	0	0
5.62099999999964	1.73099999999999	5.39499999999998	0	0
11.5210000000002	4.07500000000005	11.4059999999999	0	0
6.47699999999986	2.96299999999997	6.67200000000003	0	0
5.90299999999979	2.28100000000006	6.37699999999995	0	0
6.22199999999975	2.9899999999999	6.10899999999992	0	0
10.8270000000002	3.53699999999992	11.0520000000001	0	0
5.28899999999976	0.784999999999968	5.27199999999993	0	0
5.03400000000011	0.732999999999947	5.38100000000031	0	0
5.68899999999985	1.846	5.529	0	0
5.46199999999999	1.20100000000002	6.13200000000006	0	0
5.91100000000006	3.029	6.02700000000004	0	0
5.31899999999996	1.42700000000002	5.94700000000012	0	0
5.36799999999994	1.45400000000006	5.63700000000017	0	0
7.3420000000001	3.79700000000003	6.82300000000032	0	0
5.72000000000025	2.66200000000003	5.75199999999995	0	0
6.49800000000005	2.54300000000001	6.91400000000021	0	0
6.07699999999977	2.36299999999994	6.32499999999982	0	0
6.01499999999987	1.60400000000004	5.98200000000043	0	0
5.52199999999993	1.42599999999993	5.23500000000013	0	0
6.36599999999999	2.19100000000003	6.56700000000001	0	0
4.79800000000023	1.20500000000004	5.34000000000015	0	0
6.45899999999983	2.40800000000002	6.25099999999975	0	0
5.9409999999998	1.80999999999995	7.08000000000038	0	0
5.67300000000023	1.96299999999997	5.54299999999967	0	0
5.55499999999984	1.52100000000019	5.51299999999992	0	0
6.01299999999992	2.2489999999998	6.02299999999968	0	0
5.82699999999977	2.3900000000001	5.66700000000037	0	0
5.84400000000005	2.09400000000005	5.55200000000013	0	0
5.01599999999962	1.00199999999995	5.41599999999971	0	0
5.92099999999982	2.64900000000011	5.92900000000009	0	0
5.59299999999985	2.09699999999998	5.77500000000009	0	0
5.5	1.96400000000017	5.56100000000015	0	0
5.78499999999985	2.05799999999999	5.91300000000001	0	0
5.10199999999986	1.12299999999982	5.6579999999999	0	0
5.42799999999988	1.51600000000008	6.19700000000012	0	0
4.97299999999996	0.638999999999896	5.54800000000023	0	0
5.06899999999996	1.12599999999998	5.08800000000019	0	0
5.60300000000007	2.29399999999987	5.82199999999966	0	0
5.53999999999996	1.86800000000017	5.45700000000033	0	0
5.01000000000022	0.877999999999929	5.25799999999981	0	0
5.34899999999971	1.89500000000021	5.47299999999996	0	0
5.49299999999994	1.29200000000014	5.61499999999978	0	0
5.85399999999981	2.721	5.50799999999981	0	0
5.17200000000003	1.54899999999998	5.55200000000013	0	0
5.09000000000015	1.01199999999994	5.31700000000001	0	0
5.16499999999996	0.973999999999933	5.21199999999999	0	0
5.49199999999973	1.67399999999998	5.9069999999997	0	0
5.61999999999989	2.33900000000017	6.05700000000024	0	0
5.58799999999974	1.75900000000001	5.35399999999981	0	0
5.80199999999968	2.60599999999999	5.67099999999982	0	0
5.66499999999996	1.86499999999978	5.23699999999963	0	0
10.8620000000001	1.92399999999998	11.9809999999998	0	0
5.93200000000024	2.12899999999991	5.89899999999989	0	0
6.10499999999956	2.01800000000003	6.23300000000017	0	0
5.49199999999973	1.76999999999998	5.44700000000012	0	0
6.98099999999977	3.55799999999999	7.05799999999999	0	0
5.06899999999996	0.698999999999842	5.75199999999995	0	0
10.9550000000004	3.05099999999993	11.4010000000003	0	0
6.375	2.89800000000014	5.49400000000014	0	0
5.39699999999993	1.2969999999998	5.26900000000023	0	0
5.59400000000005	1.79399999999987	5.63500000000022	0	0
5.3130000000001	1.41699999999992	5.54300000000012	0	0
5.79499999999962	1.94799999999987	6.05899999999974	0	0
6.04199999999992	2.23699999999985	5.654	0	0
6.43799999999965	2.92399999999998	5.88300000000027	0	0
6.05499999999984	2.58100000000013	5.88799999999992	0	0
5.95600000000013	2.08999999999992	5.74600000000009	0	0
5.99599999999964	2.26000000000022	6.01899999999978	0	0
5.87999999999965	2.06500000000005	5.97800000000007	0	0
5.57199999999966	2.00700000000006	6.1909999999998	0	0
5.11700000000019	1.42000000000007	5.45299999999997	0	0
5.60899999999992	1.54500000000007	5.80000000000018	0	0
6.35600000000022	3.37000000000012	6.10199999999986	0	0
5.8779999999997	2.17399999999998	5.51999999999998	0	0
6.35199999999986	3.07099999999991	6.14000000000033	0	0
5.32199999999966	1.07500000000005	5.30400000000009	0	0
6.14599999999973	2.43100000000004	5.8760000000002	0	0
6.36300000000028	2.89300000000003	6.32000000000016	0	0
6.29600000000028	2.94200000000001	6.03200000000015	0	0
10.9010000000003	2.53099999999995	11.4900000000002	0	0
6.31100000000015	2.53300000000013	5.66300000000001	0	0
6.27999999999975	2.71199999999999	5.64300000000003	0	0
5.95000000000027	2.99599999999987	5.87899999999991	0	0
5.69000000000005	2.62799999999993	5.75300000000016	0	0
5.33199999999988	1.68299999999999	5.625	0	0
5.74800000000005	2.31499999999983	5.47000000000025	0	0
5.62300000000005	2.12400000000002	5.23000000000002	0	0
6.00400000000036	2.74199999999996	5.72500000000036	0	0
5.29200000000037	1.27200000000016	5.50900000000001	0	0
6.04199999999992	2.67200000000003	6.08399999999983	0	0
5.43600000000015	1.68599999999992	5.82999999999993	0	0
5.9380000000001	2.39800000000014	5.38499999999976	0	0
6.03499999999985	2.31299999999987	5.98500000000013	0	0
5.77300000000014	2.81400000000008	5.79999999999927	0	0
5.58500000000004	1.44100000000003	5.32600000000002	0	0
5.44499999999971	1.36299999999983	5.26299999999992	0	0
5.33500000000004	1.55099999999993	5.15900000000056	0	0
5.42499999999973	1.327	4.89600000000064	0	0
6.05799999999999	2.24500000000012	6.10800000000017	0	0
5.83300000000054	2.15300000000002	5.73199999999997	0	0
6.23400000000038	2.77700000000004	5.82499999999982	0	0
5.70199999999932	1.63799999999992	5.55000000000018	0	0
6.16199999999935	2.73299999999995	5.92900000000009	0	0
5.39599999999973	1.19200000000001	5.3159999999998	0	0
6.4320000000007	2.79000000000019	5.49300000000039	0	0
5.64900000000034	2.42200000000003	5.45399999999972	0	0
5.17699999999968	0.798000000000002	5.72200000000066	0	0
5.47000000000025	1.14700000000016	4.9369999999999	0	0
5.0679999999993	0.858000000000175	5.1869999999999	0	0
5.64800000000014	1.94899999999984	5.6850000000004	0	0
5.66699999999946	1.61199999999985	5.70600000000013	0	0
5.07200000000012	0.951999999999998	5.57999999999993	0	0
5.88900000000012	2.11899999999991	5.49600000000009	0	0
5.32200000000012	1.50999999999999	5.25999999999931	0	0
5.91200000000026	2.45399999999995	5.64000000000033	0	0
5.59799999999996	1.98099999999999	6.07700000000023	0	0
5.23700000000008	1.37900000000013	5.53099999999995	0	0
5.8100000000004	2.19599999999991	5.32199999999921	0	0
5.69100000000071	1.79899999999998	5.72199999999975	0	0
5.23300000000017	1.27999999999997	5.62800000000061	0	0
6.375	3.38599999999997	6.39300000000003	0	0
5.27599999999984	1.25800000000004	5.33799999999974	0	0
5.46299999999974	2.0139999999999	5.375	0	0
5.92399999999998	2.05300000000011	6.03299999999945	0	0
6.18599999999969	2.22800000000007	6.18100000000049	0	0
5.42399999999998	1.327	5.28499999999985	0	0
5.58299999999963	1.56700000000001	5.63199999999961	0	0
6.55999999999949	3.69000000000005	6.27600000000075	0	0
11.0659999999998	2.83600000000001	10.9810000000007	0	0
5.47400000000016	1.74900000000002	5.86999999999989	0	0
6.00099999999929	2.27699999999982	6.45899999999983	0	0
5.76500000000033	1.57300000000009	5.94999999999982	0	0
5.50399999999991	1.74199999999996	5.91699999999946	0	0
6.04100000000017	2.23199999999997	6.25399999999991	0	0
6.15499999999975	3.2639999999999	6.00799999999981	0	0
5.71799999999985	2.35200000000009	5.52199999999993	0	0
4.89099999999962	0.911000000000058	5.125	0	0
5.35400000000027	1.43099999999981	5.54299999999967	0	0
5.29200000000037	1.18599999999992	5.44899999999961	0	0
5.34799999999996	1.61699999999996	5.57899999999972	0	0
5.46500000000015	1.57000000000016	5.1239999999998	0	0
5.58600000000024	2.33199999999988	6.34400000000005	0	0
5.16199999999935	1.46499999999992	5.23799999999937	0	0
5.58999999999924	1.52399999999989	5.50700000000052	0	0
5.84000000000015	2.04200000000014	5.52199999999993	0	0
5.89900000000034	2.125	8.22199999999975	0	0
5.4970000000003	1.6099999999999	5.20200000000023	0	0
5.22000000000025	1.74900000000002	5.67100000000028	0	0
6.54700000000048	3.54399999999987	6.35400000000027	0	0
5.55199999999968	1.58200000000011	5.1929999999993	0	0
6.53899999999976	2.91699999999992	5.61200000000008	0	0
6.18199999999979	2.94300000000021	6.54200000000037	0	0
5.14200000000073	1.00900000000001	5.55699999999979	0	0
5.52100000000064	1.38100000000009	5.19599999999991	0	0
6.32300000000032	3.19599999999991	5.73000000000047	0	0
5.52399999999943	1.72800000000007	5.55699999999979	0	0
5.29500000000007	0.945999999999913	5.47800000000007	0	0
6.09200000000055	2.23199999999997	5.95499999999993	0	0
6.45799999999963	3.18700000000013	5.99299999999948	0	0
5.8130000000001	1.95800000000008	5.49600000000009	0	0
5.80099999999948	2.29999999999995	5.24399999999969	0	0
5.48700000000008	1.52400000000011	5.59799999999996	0	0
5.39800000000014	0.90300000000002	6.13000000000011	0	0
5.92499999999927	2.44399999999996	5.41199999999935	0	0
5.85599999999977	1.94900000000007	5.76199999999972	0	0
4.88699999999972	0.423999999999978	5.52500000000055	0	0
5.07099999999991	0.93100000000004	5.10000000000036	0	0
5.73900000000049	2.29300000000012	6.15300000000025	0	0
5.875	2.80400000000009	5.70799999999963	0	0
6.27899999999954	3.00199999999995	6.34400000000005	0	0
5.47000000000025	1.26600000000008	5.64999999999964	0	0
5.46799999999985	1.54199999999992	5.4970000000003	0	0
5.31899999999951	1.03600000000006	5.47800000000007	0	0
5.46799999999985	1.44600000000014	5.55699999999979	0	0
6.02000000000044	2.62800000000016	5.65200000000004	0	0
5.18100000000049	0.702999999999975	4.95200000000023	0	0
5.41200000000026	1.63599999999997	5.67200000000048	0	0
6.17000000000007	2.89300000000003	5.74799999999959	0	0
5.54699999999957	1.91599999999994	5.25699999999961	0	0
6.49200000000019	3.32899999999995	5.93000000000029	0	0
5.17300000000068	0.786000000000058	5.44999999999982	0	0
5.39800000000014	1.94100000000003	6.2510000000002	0	0
6.70899999999983	4.00999999999999	6.79899999999998	0	0
5.66299999999956	1.68600000000015	5.72999999999956	0	0
5.10199999999986	1.173	5.57300000000032	0	0
5.23299999999927	1.00400000000013	5.01400000000012	0	0
5.41799999999967	0.997000000000071	5.42000000000007	0	0
5.38700000000063	1.471	5.55099999999948	0	0
5.50800000000072	1.73000000000002	5.75900000000001	0	0
5.86300000000028	2.27500000000009	5.57699999999932	0	0
9.09600000000046	2.43399999999997	8.75900000000001	0	0
10.598	2.40499999999997	11.0479999999998	0	0
5.64199999999983	1.67099999999982	5.8119999999999	0	0
5.67399999999998	2.43799999999987	6.14100000000053	0	0
5.80599999999959	2.05500000000006	6.1869999999999	0	0
5.47299999999996	1.54199999999992	5.66199999999935	0	0
5.66600000000017	1.90000000000009	5.58500000000004	0	0
6.13100000000031	2.19800000000009	5.75	0	0
5.79299999999967	1.596	5.22499999999945	0	0
5.54500000000007	1.37200000000007	5.30799999999999	0	0
5.53399999999965	1.27199999999993	5.61899999999969	0	0
5.60000000000036	1.35499999999979	4.99099999999999	0	0
5.18100000000049	1.01400000000012	5.06900000000041	0	0
5.84699999999975	2.04600000000005	5.82800000000043	0	0
5.51499999999942	1.48500000000013	6.02499999999964	0	0
5.26200000000063	1.78999999999996	5.38699999999972	0	0
5.8179999999993	1.89799999999991	5.54899999999998	0	0
5.58200000000033	1.62099999999987	5.52799999999934	0	0
5.44300000000021	1.31200000000013	5.55500000000029	0	0
5.42699999999968	1.43899999999985	5.71499999999924	0	0
6.05299999999988	2.41199999999981	5.97699999999986	0	0
6.68099999999959	3.50700000000006	6.30500000000029	0	0
5.21000000000004	0.830000000000155	5.04799999999977	0	0
4.97400000000016	0.869000000000142	5.52599999999984	0	0
5.59199999999964	1.52999999999997	5.93499999999949	0	0
4.88299999999981	0.547000000000025	5.25699999999961	0	0
6.38400000000001	3.14499999999998	6.26299999999992	0	0
5.85899999999947	2.47000000000003	5.9429999999993	0	0
5.74099999999999	1.38200000000006	6.10900000000038	0	0
6.04099999999926	2.59300000000007	5.71700000000055	0	0
5.19700000000012	0.80600000000004	5.25	0	0
5.61499999999978	2.10300000000007	5.56800000000021	0	0
5.67000000000007	1.51099999999997	5.72800000000007	0	0
5.06700000000001	0.812999999999874	4.90099999999984	0	0
5.43000000000029	1.73199999999997	5.65700000000015	0	0
5.1190000000006	0.855999999999995	5.3779999999997	0	0
5.50699999999961	1.91700000000014	6.59999999999945	0	0
5.78300000000036	2.35799999999995	5.92799999999988	0	0
5.00500000000011	0.547000000000025	5.96100000000024	0	0
5.69400000000041	1.84999999999991	5.57800000000043	0	0
5.25	0.919999999999845	5.07999999999993	0	0
5.59799999999996	1.80299999999988	5.61499999999978	0	0
5.73199999999997	2.01400000000012	6.24799999999959	0	0
5.11399999999958	0.996999999999844	4.9340000000002	0	0
6.11300000000028	2.07600000000002	6.23800000000028	0	0
6.03500000000076	2.78300000000013	5.77299999999923	0	0
10.9969999999994	2.90000000000009	10.6530000000002	0	0
6.07899999999972	2.7510000000002	6.10100000000057	0	0
5.87299999999959	2.36699999999996	5.92900000000009	0	0
5.54799999999977	1.53400000000011	5.32900000000063	0	0
5.49499999999989	1.44399999999996	5.30000000000018	0	0
6.38699999999972	2.14400000000001	6.8779999999997	0	0
6.03099999999995	2.529	6.14199999999983	0	0
5.46900000000005	1.90599999999995	5.90899999999965	0	0
5.50799999999981	1.82400000000007	5.81900000000041	0	0
5.64800000000014	1.21000000000004	6.07299999999941	0	0
5.40400000000045	1.63400000000001	5.74600000000009	0	0
5.30999999999949	1.12799999999993	5.48300000000017	0	0
5.40600000000086	1.63100000000009	5.72100000000046	0	0
5.03000000000065	0.820000000000164	5.24699999999939	0	0
5.14400000000023	1.61800000000017	5.40700000000015	0	0
11.0140000000001	3.54499999999985	11.5550000000003	0	0
6.06600000000071	1.17799999999988	6.1269999999995	0	0
6.42999999999938	2.9670000000001	6.15899999999965	0	0
5.49000000000069	1.39199999999983	6.17100000000028	0	0
11.9170000000004	4.14300000000003	11.7880000000005	0	0
5.76499999999942	1.92000000000007	5.20100000000002	0	0
5.65800000000036	1.5780000000002	4.99499999999989	0	0
6.22699999999986	2.65300000000002	5.86200000000008	0	0
5.79200000000037	1.76099999999997	5.85199999999986	0	0
5.50799999999981	1.77399999999989	5.63700000000063	0	0
5.68599999999969	2.21399999999994	5.97599999999966	0	0
5.42900000000009	1.69900000000007	5.49499999999989	0	0
5.56099999999969	1.93599999999992	5.3090000000002	0	0
5.03200000000015	0.926999999999907	5.21400000000085	0	0
5.53199999999924	1.81999999999994	5.34799999999996	0	0
5.53300000000036	2.06299999999987	6.06899999999951	0	0
5.44900000000052	1.54500000000007	5.47100000000046	0	0
5.27899999999954	1.26099999999997	5.31099999999969	0	0
5.70399999999972	1.80299999999988	8.4360000000006	0	0
6.17499999999927	2.8420000000001	6.4940000000006	0	0
5.64900000000034	2.02599999999984	5.75200000000041	0	0
5.91799999999967	2.13799999999992	5.79600000000028	0	0
5.71399999999994	1.75399999999991	5.41200000000026	0	0
5.53099999999995	1.08899999999994	5.56700000000001	0	0
6.19599999999991	2.73000000000002	5.85500000000047	0	0
5.83600000000024	2.38900000000012	6.0010000000002	0	0
5.4940000000006	1.66800000000012	5.42699999999968	0	0
5.00500000000011	0.677999999999884	5.63100000000031	0	0
5.38200000000052	1.35800000000017	5.22299999999996	0	0
5.3760000000002	1.08300000000008	4.87700000000041	0	0
6.43299999999999	3.7470000000003	6.11899999999969	0	0
6.72299999999996	4.33800000000019	6.50600000000031	0	0
4.96199999999953	0.758000000000266	4.92799999999988	0	0
4.99000000000069	0.638000000000375	5.55399999999918	0	0
5.14500000000044	1.14199999999983	5.33299999999963	0	0
6.55599999999959	2.65999999999985	5.79199999999946	0	0
5.5619999999999	1.39399999999978	4.99099999999999	0	0
10.8410000000003	3.20400000000018	11.1169999999993	0	0
4.70800000000054	0.547000000000025	5.37100000000009	0	0
5.46200000000044	1.3739999999998	5.58899999999994	0	0
6.55699999999979	2.67599999999993	6.23799999999937	0	0
6.11300000000028	2.79000000000042	6.1309999999994	0	0
6.57700000000023	3.22200000000021	6.21399999999994	0	0
6.13300000000072	2.96500000000015	6.15099999999984	0	0
6.24600000000009	3.02500000000009	5.65999999999985	0	0
6.11299999999937	2.625	6.06099999999969	0	0
5.40500000000065	1.32600000000002	5.43299999999999	0	0
5.58200000000033	1.74499999999989	5.82000000000062	0	0
5.98800000000028	2.36299999999983	5.8730000000005	0	0
6.15800000000036	3.221	6.61700000000019	0	0
5.625	1.77099999999973	5.54600000000028	0	0
5.83700000000044	1.94299999999976	5.6850000000004	0	0
5.07799999999952	1.49699999999984	5.46700000000055	0	0
5.90499999999975	2.39100000000008	5.90599999999995	0	0
5.36999999999989	1.31100000000015	5.83399999999983	0	0
6.45700000000033	3	6.38299999999981	0	0
5.49399999999969	1.63700000000017	5.30899999999929	0	0
5.34600000000046	0.985999999999876	5.13000000000011	0	0
5.31099999999969	1.58599999999979	5.0029999999997	0	0
5.875	1.85699999999997	7.60999999999967	0	0
6.00600000000031	2.98700000000008	5.94899999999961	0	0
6.05699999999979	2.4409999999998	6.36700000000019	0	0
5.87199999999939	2.73199999999997	5.73399999999947	0	0
5.36700000000019	1.76699999999983	5.9360000000006	0	0
5.6840000000002	2.41800000000012	5.62100000000009	0	0
6.65900000000056	2.47700000000032	6.35200000000077	0	0
5.70499999999993	1.92300000000023	6.13799999999992	0	0
4.93099999999959	0.800000000000182	5.25500000000011	0	0
6.35400000000027	3.25600000000031	5.86399999999958	0	0
5.78500000000076	2.12800000000016	5.71699999999964	0	0
6.23000000000047	2.86300000000028	5.39800000000014	0	0
5.33100000000013	1.096	5.09199999999964	0	0
5.6880000000001	1.90000000000009	5.44999999999982	0	0
5.42999999999938	1.56299999999965	5.66399999999976	0	0
5.86200000000008	2.46799999999985	5.8720000000003	0	0
5.84800000000087	3.00500000000011	5.85400000000027	0	0
5.43100000000049	1.34799999999996	5.46299999999974	0	0
5.87299999999959	1.87199999999984	6.50500000000011	0	0
5.7440000000006	1.71799999999985	5.70399999999972	0	0
6.44300000000021	3.35099999999966	6.11200000000008	0	0
5.63299999999981	1.57899999999972	5.70799999999963	0	0
5.64400000000023	2.07000000000016	5.8730000000005	0	0
6.31099999999969	2.53600000000006	6.23499999999967	0	0
5.64399999999932	1.88799999999992	5.35000000000036	0	0
5.26500000000033	1.13499999999976	5.54699999999957	0	0
6.14499999999953	2.33200000000033	6.13299999999981	0	0
5.45700000000033	1.46499999999969	5.36500000000069	0	0
5.84000000000015	2.11200000000008	5.75200000000041	0	0
5.57999999999993	1.66100000000006	6.07399999999961	0	0
5.52599999999984	1.06399999999985	5.73499999999967	0	0
5.4940000000006	1.47000000000025	5.82799999999952	0	0
5.60099999999966	1.39599999999973	5.4320000000007	0	0
5.16899999999987	0.974999999999909	4.91499999999996	0	0
5.85800000000017	2.08300000000008	5.49600000000009	0	0
5.74000000000069	1.94900000000007	5.67299999999977	0	0
5.28800000000047	1.5619999999999	4.96699999999964	0	0
5.12599999999929	0.929999999999836	5.41299999999956	0	0
5.48899999999958	1.17299999999977	5.49499999999989	0	0
6.01000000000022	2.90999999999985	6.07600000000002	0	0
5.57800000000043	2.74500000000035	5.8730000000005	0	0
6.57899999999972	4.02600000000029	6.36499999999978	0	0
5.92699999999968	1.89100000000008	6.05500000000029	0	0
5.81700000000001	2.28700000000026	5.09400000000005	0	0
5.55299999999988	1.71200000000044	5.47500000000036	0	0
5.63799999999992	2.35099999999966	5.72400000000016	0	0
5.26199999999972	1.19799999999987	5.24799999999959	0	0
5.84499999999935	2.11499999999978	5.72500000000036	0	0
11.1820000000007	3.596	11.768	0	0
5.76299999999992	1.68299999999999	5.5659999999998	0	0
12.6769999999997	6.36599999999999	13.0339999999997	0	0
6.21799999999985	2.60400000000027	6.32300000000032	0	0
5.69999999999982	2.30500000000029	5.77599999999984	0	0
6.32700000000023	2.97600000000011	6.71000000000004	0	0
5.98599999999988	2.96000000000004	6.34100000000035	0	0
5.57600000000002	1.47000000000025	5.4340000000002	0	0
6.16700000000037	3.20699999999988	6.44000000000051	0	0
6.21299999999974	2.80700000000024	5.95300000000043	0	0
5.53400000000056	2.25300000000016	5.91600000000017	0	0
5.80699999999979	1.75099999999975	5.90499999999975	0	0
6.46799999999985	3.20999999999958	6.08899999999994	0	0
5.97000000000025	2.05700000000024	5.64199999999983	0	0
6.11499999999978	2.91400000000021	5.73299999999927	0	0
5.45399999999972	1.11899999999969	5.66699999999946	0	0
5.70300000000043	2.01299999999992	5.48000000000047	0	0
5.30500000000029	1.72600000000011	5.49099999999999	0	0
6.26800000000003	3.0029999999997	6.07899999999972	0	0
5.69700000000012	2.18200000000024	6.45699999999943	0	0
6.12400000000071	1.95500000000038	5.91100000000006	0	0
10.7210000000005	3.25	11.4749999999995	0	0
5.20600000000013	1.08399999999983	5.55000000000018	0	0
5.99200000000019	2.36799999999994	6.17800000000079	0	0
5.14600000000064	1.54300000000012	5.36099999999988	0	0
5.96100000000024	1.91200000000026	6.34400000000005	0	0
5.34699999999975	1.50700000000006	4.95399999999972	0	0
5.125	1.15599999999995	5.71299999999974	0	0
6.36499999999978	2.79600000000028	5.93599999999969	0	0
5.46100000000024	1.77100000000019	5.50099999999929	0	0
5.76000000000022	2.34400000000005	5.54599999999937	0	0
6.53000000000065	3.14800000000014	6.23499999999967	0	0
5.3799999999992	1.21100000000024	5.26299999999992	0	0
5.34000000000015	1.33999999999969	5.23199999999997	0	0
5.17099999999937	0.949000000000069	5.63799999999992	0	0
5.94599999999991	2.38000000000011	5.83200000000033	0	0
5.50699999999961	1.46099999999979	5.59999999999945	0	0
5.98900000000049	2.404	5.94899999999961	0	0
5.36899999999969	1.23099999999977	5.03000000000065	0	0
6.20300000000043	3.1569999999997	6.30099999999948	0	0
5.00200000000041	0.895999999999731	5.37099999999919	0	0
5.53300000000036	0.661999999999807	5.88700000000063	0	0
5.23399999999947	0.993000000000393	5.55400000000009	0	0
6.21999999999935	2.50399999999991	5.82699999999932	0	0
5.58300000000054	1.77799999999979	5.33499999999913	0	0
5.42299999999977	1.21900000000005	5.50400000000081	0	0
5.56099999999969	1.88499999999976	5.77900000000045	0	0
6.11200000000008	2.99599999999964	6.24099999999999	0	0
6.38100000000031	2.84999999999991	5.83899999999994	0	0
5.8179999999993	2.94999999999982	5.76499999999942	0	0
6.50400000000081	2.15200000000004	6.32200000000012	0	0
5.97600000000057	2.62300000000005	5.88700000000063	0	0
5.3739999999998	1.40200000000004	5.53499999999985	0	0
6.69499999999971	3.30899999999974	5.79399999999987	0	0
11.4240000000009	4.10999999999967	11.1790000000001	0	0
5.73700000000099	1.88200000000006	5.79700000000048	0	0
5.3739999999998	1.05200000000013	5.41200000000026	0	0
5.7599999999984	2.05299999999988	5.8799999999992	0	0
5.51199999999881	1.22799999999961	5.73500000000058	0	0
5.68499999999949	1.65700000000015	5.60499999999956	0	0
5.92500000000109	2.1840000000002	5.83899999999994	0	0
4.98999999999978	1.14199999999983	5.55999999999949	0	0
5.44700000000012	1.23499999999967	5.36099999999897	0	0
5.28000000000065	1.34900000000016	5.35000000000036	0	0
6.16500000000087	1.83899999999994	6.61100000000079	0	0
5.53100000000086	2.29500000000007	5.75300000000061	0	0
5.39099999999962	1.33799999999974	5.34300000000076	0	0
5.78499999999985	2.05000000000018	5.83799999999974	0	0
11.2289999999994	3.76099999999997	11.3299999999999	0	0
4.85399999999936	0.756999999999607	5.13400000000001	0	0
6.10299999999916	3.14899999999989	5.61999999999898	0	0
5.59699999999975	1.75399999999991	5.80400000000009	0	0
5.76100000000042	1.64200000000028	5.76599999999962	0	0
5.63600000000042	2.01099999999997	5.82800000000134	0	0
5.66200000000026	1.51999999999998	5.26000000000022	0	0
5.95900000000074	2.14699999999993	5.80400000000009	0	0
6.23999999999978	2.05999999999995	6.41799999999967	0	0
5.62700000000041	2.07400000000007	5.40099999999984	0	0
5.73800000000119	1.63799999999992	5.39300000000003	0	0
5.81599999999889	1.52800000000025	5.08499999999913	0	0
5.57300000000032	1.50399999999991	5.65400000000045	0	0
5.97499999999854	1.68600000000015	5.78899999999885	0	0
6.07599999999911	2.24400000000014	6.14300000000003	0	0
4.93299999999908	0.722999999999956	5.59699999999975	0	0
5.46799999999894	1.7470000000003	5.84400000000096	0	0
5.58500000000095	2.37800000000016	5.89800000000105	0	0
6.31600000000071	2.16799999999967	6.01999999999862	0	0
5.18399999999929	1.11599999999999	5.04200000000128	0	0
5.378999999999	1.51099999999997	5.59100000000035	0	0
5.17799999999988	0.965000000000146	5.12900000000081	0	0
10.4629999999997	2.31700000000001	10.2729999999992	0	0
5.38899999999921	2.24299999999994	5.38400000000001	0	0
5.55400000000009	1.59900000000016	5.8130000000001	0	0
5.43900000000031	1.12100000000009	5.56899999999951	0	0
5.05099999999948	0.688999999999851	5.19300000000112	0	0
5.46899999999914	1.31800000000021	5.70600000000013	0	0
6.58000000000175	3.22699999999986	6.32200000000012	0	0
11.6279999999988	4.97400000000016	11.4119999999984	0	0
5.70000000000073	2.05799999999999	5.33899999999994	0	0
5.70399999999972	2.05600000000004	6.10299999999916	0	0
5.26299999999901	1.30999999999995	4.88300000000163	0	0
5.42599999999948	1.76099999999997	6.03999999999905	0	0
6.31099999999969	2.596	5.8130000000001	0	0
5.56700000000092	1.39300000000003	5.80000000000109	0	0
5.1820000000007	1.54499999999962	5.40499999999884	0	0
5.92599999999948	1.19399999999996	6.03100000000086	0	0
5.40599999999904	1.29199999999992	5.01900000000023	0	0
5.11199999999917	1.36700000000019	5.88199999999961	0	0
5.81500000000051	2.83100000000013	6.2489999999998	0	0
12.027	5.33300000000008	11.848	0	0
5.87299999999959	1.95400000000018	5.6190000000006	0	0
6.38299999999981	3.07700000000023	6.26999999999862	0	0
5.76500000000124	2.19900000000007	5.92399999999907	0	0
5.6260000000002	0.856000000000222	6.0059999999994	0	0
6.77799999999843	4.24600000000009	6.91499999999905	0	0
6.43599999999969	4.31899999999996	6.0630000000001	0	0
4.96399999999994	0.914999999999964	5.38400000000001	0	0
5.14300000000003	1.71900000000005	5.95099999999911	0	0
5.86000000000058	1.53200000000015	5.92000000000007	0	0
5.28399999999965	1.51099999999997	5.31499999999869	0	0
5.98899999999958	3.02199999999993	5.79700000000048	0	0
5.50300000000061	1.77399999999989	5.93000000000029	0	0
5.34799999999996	1.97700000000032	5.5010000000002	0	0
5.26899999999841	1.25700000000006	5.72899999999936	0	0
5.74699999999939	2.1579999999999	5.97099999999955	0	0
5.27400000000125	1.5619999999999	5.72000000000116	0	0
5.83300000000054	2.26699999999983	5.97600000000057	0	0
5.20199999999932	0.920999999999822	5.17900000000009	0	0
5.25	1.0010000000002	5.52299999999923	0	0
5.71099999999933	2.28099999999995	5.41200000000026	0	0
6.25400000000081	2.05399999999963	6.29999999999927	0	0
5.33300000000054	1.39200000000028	5.34100000000035	0	0
5.02000000000044	1.06799999999976	5.6239999999998	0	0
6.90099999999984	4.029	7.18899999999849	0	0
5.32899999999972	1.45100000000002	5.15200000000004	0	0
5.46199999999953	1.53800000000001	5.42999999999847	0	0
5.79800000000068	2.49000000000024	6.22299999999996	0	0
5.07300000000032	1.02500000000009	5.01200000000063	0	0
5.6140000000014	1.92099999999982	5.35200000000077	0	0
5.84200000000055	2.45399999999972	5.55899999999929	0	0
5.59799999999996	1.98599999999988	5.31500000000051	0	0
6.01199999999881	2.36299999999983	5.57599999999911	0	0
5.17400000000089	1.22800000000007	5.0679999999993	0	0
5.52700000000004	1.8090000000002	5.11299999999937	0	0
5.7510000000002	2.18000000000029	5.8760000000002	0	0
6.12900000000081	2.4369999999999	6.26800000000003	0	0
6.00200000000041	1.5659999999998	6.78000000000065	0	0
12.2299999999996	6.33699999999999	11.6149999999998	0	0
6.29600000000028	2.94399999999996	6.1239999999998	0	0
5.6820000000007	2.52099999999973	5.61699999999837	0	0
5.64500000000044	1.89899999999989	5.3700000000008	0	0
5.75600000000122	2.33599999999979	5.92300000000068	0	0
6.20799999999872	2.39899999999989	6.80699999999888	0	0
5.11299999999937	0.934999999999945	5.44099999999889	0	0
5.2440000000006	1.44500000000016	5.49299999999857	0	0
8.45299999999952	5.37899999999991	10.3829999999998	0	0
5.29099999999926	1.31700000000001	5.94300000000112	0	0
5.55999999999949	1.88999999999987	5.89899999999943	0	0
5.26000000000022	1.30000000000018	5.44800000000032	0	0
5.33199999999852	1.76600000000008	5.33699999999953	0	0
5.82099999999991	2.36900000000014	6.06899999999951	0	0
5.48799999999937	1.68200000000024	5.49499999999898	0	0
5.83799999999974	0.98299999999972	6.38400000000001	0	0
5.97000000000116	2.8159999999998	6.1820000000007	0	0
6.46999999999935	3.36999999999989	6.00300000000061	0	0
5.76100000000042	0.925999999999931	5.54299999999967	0	0
11.3720000000012	2.82400000000007	11.1139999999996	0	0
5.41300000000047	1.22699999999986	5.66300000000047	0	0
5.57400000000052	1.99099999999999	5.59699999999975	0	0
6.58800000000156	4.01499999999987	6.04200000000128	0	0
5.70199999999932	2.20800000000008	5.83799999999974	0	0
5.90799999999945	1.44299999999976	6.65200000000004	0	0
5.21600000000035	1.34799999999996	5.60800000000017	0	0
5.9330000000009	2.02800000000025	6.13999999999942	0	0
6.4950000000008	3.30899999999974	6.32899999999972	0	0
6.18900000000031	2.84099999999989	6.0619999999999	0	0
6.59199999999873	2.71199999999999	6.64199999999983	0	0
5.70799999999872	2.14100000000008	5.72600000000057	0	0
5.76699999999983	1.83699999999999	5.24499999999898	0	0
6.37199999999939	2.76899999999978	6.125	0	0
5.58300000000054	1.69399999999996	5.38700000000063	0	0
6.11599999999999	2.46900000000005	6.0059999999994	0	0
6.22800000000097	3.03600000000006	6.03900000000067	0	0
6.41200000000026	2.85799999999972	6.01599999999962	0	0
5.36499999999978	1.91699999999992	5.5669999999991	0	0
6.29500000000007	1.98500000000013	6.47799999999916	0	0
5.43500000000131	0.839999999999691	5.56899999999951	0	0
5.85199999999895	2.07999999999993	5.42699999999968	0	0
6.20400000000154	1.28200000000015	6.5010000000002	0	0
5.71500000000015	2.23599999999988	5.39500000000044	0	0
5.32999999999993	1.50300000000016	5.78499999999985	0	0
5.47999999999956	1.06500000000005	5.61499999999978	0	0
5.45200000000114	1.721	5.6880000000001	0	0
5.47500000000036	2.08099999999968	5.91999999999825	0	0
5.29100000000108	1.51599999999962	5.6190000000006	0	0
10.6190000000006	2.46500000000015	11.3899999999994	0	0
6.45399999999972	3.4109999999996	6.17000000000007	0	0
5.82699999999932	2.34999999999991	5.52000000000044	0	0
5.66100000000006	1.94000000000005	5.93400000000111	0	0
6.32699999999932	3.04600000000028	5.65300000000025	0	0
5.30799999999908	1.73100000000022	5.55799999999908	0	0
6.51000000000022	3.01099999999997	6.54399999999987	0	0
5.67200000000048	1.7170000000001	5.77499999999964	0	0
5.5109999999986	1.48699999999963	5.53999999999905	0	0
5.47800000000097	1.529	5.28799999999865	0	0
5.5	2.07900000000018	5.63199999999961	0	0
6.95099999999911	3.31399999999985	7.1239999999998	0	0
5.72699999999895	2.47200000000021	5.78299999999945	0	0
5.90099999999984	2.28699999999981	5.67200000000048	0	0
6.30600000000049	2.38099999999986	6.375	0	0
5.86700000000019	2.71299999999974	5.65699999999924	0	0
5.90800000000127	2.18900000000031	5.72700000000077	0	0
6.45600000000013	2.08800000000019	6.39999999999964	0	0
5.77599999999984	1.70399999999972	5.40400000000045	0	0
5.34400000000096	1.26400000000012	5.63600000000042	0	0
6.02399999999943	1.35300000000007	6.49799999999959	0	0
5.3690000000006	1.12699999999995	5.32699999999932	0	0
5.20999999999913	1.01200000000017	4.77900000000045	0	0
5.23300000000017	1.01500000000033	5.33300000000054	0	0
5.1140000000014	1.45899999999983	5.34100000000035	0	0
6.58100000000013	2.37899999999991	6.66899999999987	0	0
6.02599999999984	2.65700000000015	6.09900000000016	0	0
6.26399999999921	3.07600000000002	6.09200000000055	0	0
5.26599999999962	1.60599999999977	5.81999999999971	0	0
5.27900000000045	1.22700000000032	5.27500000000146	0	0
6.07200000000012	2.17000000000007	6	0	0
5.13400000000001	0.884000000000015	5.14300000000003	0	0
5.9989999999998	1.32999999999993	6.55600000000049	0	0
6	2.61099999999988	6.14799999999923	0	0
5.65600000000086	1.88800000000037	6.2599999999984	0	0
5.51599999999962	1.47200000000021	5.84300000000076	0	0
6.36399999999958	3.25	6.21299999999974	0	0
6.32899999999972	2.63500000000022	6.47899999999936	0	0
6.37400000000162	3.20299999999997	6.13999999999942	0	0
6.59200000000055	3.67599999999993	6.125	0	0
5.57400000000052	2.01399999999967	5.61499999999978	0	0
5.33899999999994	1.36499999999978	5.11399999999958	0	0
6.63100000000122	2.34099999999989	8.98199999999997	0	0
5.82699999999932	1.75799999999981	5.78199999999924	0	0
5.62699999999859	1.55799999999999	5.83499999999913	0	0
5.98199999999997	2.1260000000002	5.91200000000026	0	0
5.33699999999953	1.33100000000013	5.79600000000028	0	0
5.59699999999975	1.16300000000001	5.33100000000013	0	0
5.18599999999969	0.86200000000008	5.56899999999951	0	0
4.9429999999993	0.641000000000076	5.01800000000003	0	0
6.69800000000032	2.74799999999959	6.27700000000004	0	0
5.41799999999967	1.23799999999983	5.65300000000025	0	0
6.04500000000007	2.12699999999995	5.72500000000036	0	0
5.40299999999843	1.50799999999981	5.82699999999932	0	0
6.11999999999898	2.43200000000024	5.60599999999977	0	0
6.14799999999923	2.03400000000011	6	0	0
5.51100000000042	1.54400000000032	5.61599999999999	0	0
6.128999999999	3.24400000000014	6.02500000000146	0	0
6.65400000000045	2.84900000000016	6.47400000000016	0	0
5.28100000000086	1.04300000000012	5.08200000000033	0	0
5.45100000000093	1.54699999999957	5.28900000000067	0	0
6.93599999999969	3.00900000000001	6.48099999999977	0	0
4.97599999999875	0.625	4.97099999999955	0	0
5.65200000000004	1.55799999999999	4.91799999999967	0	0
5.24700000000121	1.60000000000036	5.22299999999996	0	0
5.73000000000138	2.24399999999969	5.49499999999898	0	0
6.34799999999996	2.52799999999979	6.05999999999949	0	0
5.22600000000057	0.971000000000004	4.76900000000023	0	0
5.35499999999956	1.57400000000007	5.77300000000105	0	0
5.63100000000122	0.532000000000153	6.17300000000068	0	0
5.14500000000044	0.954000000000178	5.60699999999997	0	0
11.625	6.20299999999997	11.6100000000006	0	0
5.46500000000015	1.18200000000024	6.19700000000012	0	0
6.96299999999974	2.64899999999989	6.81899999999951	0	0
5.28000000000065	1.32600000000002	6.00300000000061	0	0
5.61100000000079	2.08600000000024	5.29200000000128	0	0
5.75199999999859	1.76000000000022	6.1239999999998	0	0
5.2440000000006	1.50799999999981	5.37800000000061	0	0
5.09899999999834	0.87099999999964	5.09699999999975	0	0
5.50900000000001	1.67999999999984	6.1969999999983	0	0
5.69700000000012	2.35200000000032	5.62199999999939	0	0
5.92000000000007	2.21000000000004	5.52000000000044	0	0
5.76000000000022	2.45600000000013	6.00900000000001	0	0
5.51800000000003	1.73399999999992	5.54800000000068	0	0
6.52700000000004	2.19900000000007	9.4369999999999	0	0
5.19399999999951	0.990999999999985	5.3760000000002	0	0
5.15099999999984	0.972000000000207	5.82499999999891	0	0
5.64199999999983	2.07699999999977	5.58599999999933	0	0
5.49799999999959	1.44200000000001	5.61399999999958	0	0
4.97500000000036	0.659999999999854	5.30299999999988	0	0
5.89199999999983	1.27100000000019	6.20299999999952	0	0
4.87200000000121	0.47400000000016	4.85399999999936	0	0
5.45800000000054	1.33100000000013	5.1820000000007	0	0
5.77399999999943	1.67599999999993	6.3070000000007	0	0
5.32999999999993	1.19499999999971	4.84599999999955	0	0
5.94100000000071	3.13199999999961	5.91800000000148	0	0
6.28899999999885	2.12699999999995	6.35499999999956	0	0
5.67999999999847	2.1260000000002	5.73600000000079	0	0
5.02099999999882	1.17200000000003	5.68999999999869	0	0
6.23699999999917	1.46600000000035	6.35499999999956	0	0
6.09000000000015	3.33699999999999	6.16599999999926	0	0
5.59299999999894	1.50700000000006	6.43000000000029	0	0
5.68500000000131	1.15499999999975	6.4380000000001	0	0
5.98300000000017	2.31700000000001	6.39100000000144	0	0
5.73699999999917	1.71599999999989	5.83599999999933	0	0
6.1190000000006	1.70600000000013	5.97299999999996	0	0
5.75200000000041	2.14700000000039	5.51300000000083	0	0
6.11199999999917	2.83100000000013	5.79899999999907	0	0
6.371000000001	1.94100000000026	6.10900000000038	0	0
6.74099999999999	4.10400000000027	6.82099999999991	0	0
5.71099999999933	1.53400000000011	5.81899999999951	0	0
5.13199999999961	1.19399999999996	5.94099999999889	0	0
6.38999999999942	3.01099999999997	6.63999999999942	0	0
5.78199999999924	2.35100000000011	5.871000000001	0	0
6.21800000000076	2.07799999999997	6.80900000000111	0	0
5.121000000001	1.1569999999997	4.80400000000009	0	0
5.16899999999987	0.802000000000135	5.11000000000058	0	0
5.01899999999841	0.916000000000167	5.1200000000008	0	0
7.12299999999959	4.71799999999985	6.77100000000064	0	0
5.60200000000077	2.10399999999981	5.81700000000092	0	0
5.26599999999962	1.66600000000017	5.6919999999991	0	0
5.50699999999961	1.22400000000016	5.58400000000074	0	0
5.40499999999884	1.76900000000023	5.77499999999964	0	0
5.1200000000008	0.996999999999844	5.44499999999971	0	0
5.36599999999999	1.43900000000031	5.45199999999932	0	0
6.09699999999975	2.13099999999986	6.54100000000108	0	0
6.34599999999955	3.221	9.81899999999951	0	0
5.8080000000009	2.01699999999983	5.55099999999948	0	0
11.5220000000008	4.44000000000005	11.4480000000003	0	0
5.90300000000025	2.31500000000005	6.09200000000055	0	0
6.07999999999993	2.82999999999993	6.42100000000028	0	0
5.30500000000029	1.5930000000003	5.49900000000162	0	0
6.8229999999985	3.63799999999992	6.41899999999987	0	0
5.91500000000087	2.13000000000011	5.2549999999992	0	0
4.89999999999964	0.688999999999851	4.78700000000026	0	0
12.7309999999998	7.02300000000014	12.348	0	0
5.62800000000061	1.7489999999998	5.42300000000068	0	0
5.73700000000099	1.44700000000012	5.1770000000015	0	0
6	2.42799999999988	6.2510000000002	0	0
6.43099999999868	3.22000000000025	6.02300000000105	0	0
5.65800000000127	1.17099999999982	6.39799999999923	0	0
5.69999999999891	2.30700000000024	5.58799999999974	0	0
5.53100000000086	1.31700000000001	5.246000000001	0	0
5.48099999999977	1.24099999999999	6.10300000000097	0	0
5.35399999999936	1.05600000000004	5.59300000000076	0	0
5.50699999999961	1.44700000000012	5.48899999999958	0	0
5.69499999999971	1.95400000000018	5.69000000000051	0	0
5.63900000000103	1.67700000000013	6.00200000000041	0	0
7.03800000000047	3.39800000000014	6.82799999999952	0	0
5.28100000000086	1.23099999999977	4.97199999999975	0	0
5.4260000000013	1.98900000000003	5.57300000000032	0	0
5.46399999999994	1.68499999999995	5.26599999999962	0	0
4.96399999999994	0.970000000000255	5.09600000000137	0	0
10.0860000000011	2.89199999999983	10.723	0	0
5.65599999999904	2.15899999999965	5.99300000000039	0	0
6.51000000000022	2.34900000000016	6.0570000000007	0	0
5.8229999999985	2.14699999999993	6.27399999999943	0	0
5.57800000000134	1.95699999999988	5.85099999999875	0	0
6.15899999999965	2.51600000000008	5.7559999999994	0	0
6.01200000000063	2.25	5.59900000000016	0	0
5.45700000000033	1.59099999999989	5.08200000000033	0	0
5.55299999999988	1.67900000000009	5.4260000000013	0	0
5.80199999999968	1.91100000000006	6.05199999999968	0	0
5.45099999999911	1.64600000000019	5.40599999999904	0	0
5.52600000000166	2.24599999999964	6.03000000000065	0	0
5.25799999999981	1.23600000000033	5.56099999999969	0	0
5.3739999999998	1.46299999999974	7.72799999999916	0	0
4.96699999999873	0.910999999999603	5.17799999999988	0	0
5.67400000000089	1.875	5.90999999999985	0	0
4.99099999999999	0.789000000000215	4.8760000000002	0	0
5.98199999999997	2.52699999999959	6.3169999999991	0	0
6.38900000000103	3.17100000000028	5.97999999999956	0	0
6.13199999999961	3.53200000000015	6.30799999999908	0	0
5.81999999999971	2.60599999999977	5.81400000000031	0	0
5.9989999999998	1.14100000000008	5.59100000000035	0	0
5.39500000000044	1.96399999999994	5.34000000000015	0	0
5.57899999999972	2.01699999999983	5.28700000000026	0	0
5.72099999999955	2.12700000000041	5.63500000000022	0	0
5.9320000000007	2.53800000000001	6.04800000000068	0	0
5.89899999999943	1.279	6.4320000000007	0	0
5.95399999999972	1.8159999999998	5.7440000000006	0	0
5.84900000000016	1.90999999999985	6.04700000000048	0	0
5.69000000000051	1.73199999999997	5.70100000000093	0	0
6.03999999999905	2.86000000000013	5.86499999999978	0	0
6.25799999999981	2.14499999999998	6.11199999999917	0	0
5.39099999999962	1.36499999999978	5.63100000000122	0	0
5.90500000000065	2.28800000000001	6.0059999999994	0	0
5.34200000000055	1.51899999999978	5.82500000000073	0	0
5.64700000000084	1.46599999999989	5.54500000000007	0	0
6.77700000000004	2.76600000000008	6.42400000000089	0	0
5.52700000000004	1.54799999999977	5.30400000000009	0	0
6.20999999999913	2.5	5.40300000000025	0	0
5.98099999999977	2.90999999999985	5.83100000000013	0	0
5.90400000000045	2.48999999999978	5.56099999999969	0	0
6.6309999999994	2.55400000000009	6.47400000000016	0	0
5.90000000000146	2.26699999999983	5.58899999999994	0	0
6.59799999999996	3.83799999999974	5.72899999999936	0	0
5.26000000000022	1.22000000000025	5.17400000000089	0	0
5.38799999999901	1.5029999999997	5.22199999999975	0	0
6.50200000000041	2.65700000000015	6.35000000000036	0	0
5.47900000000118	1.38699999999972	5.60900000000038	0	0
5.8179999999993	2.35999999999967	5.875	0	0
5.37900000000081	1.26499999999942	4.96399999999994	0	0
5.73099999999977	1.86800000000039	5.57300000000032	0	0
6.05899999999929	2.38799999999992	5.21399999999994	0	0
5.16400000000067	0.858000000000175	4.43900000000031	0	0
5.05999999999949	0.802999999999884	4.35499999999956	0	0
5.71000000000095	0.947000000000116	5.16300000000047	0	0
5.65599999999904	1.57099999999991	4.68000000000029	0	0
5.23500000000058	0.824000000000524	4.44800000000032	0	0
5.1880000000001	0.692000000000007	4.48400000000038	0	0
5.02599999999984	0.884000000000015	4.36899999999878	0	0
6.32999999999993	1.61200000000008	5.28800000000047	0	0
5.29800000000068	0.841000000000349	4.50400000000081	0	0
5.18999999999869	1.11400000000049	4.55799999999908	0	0
5.17799999999988	0.847000000000662	4.39999999999964	0	0
5.13500000000022	0.863999999999578	4.40599999999904	0	0
5.88700000000063	1.56600000000071	5.07300000000032	0	0
10.9340000000011	3	9.03399999999965	0	0
5.19200000000092	0.872000000000298	4.42300000000068	0	0
5.22799999999916	1.21200000000044	4.53299999999945	0	0
5.29100000000108	1.41899999999987	4.73300000000017	0	0
5.22699999999895	0.719000000000051	4.39199999999983	0	0
5.21500000000015	0.588999999999942	4.39000000000124	0	0
5.11199999999917	0.842999999999847	4.43599999999969	0	0
5.69300000000112	1.94800000000032	4.71299999999974	0	0
4.97999999999956	0.983000000000175	4.36700000000019	0	0
5.25700000000143	0.897999999999229	4.3739999999998	0	0
5.13500000000022	1.16400000000067	4.84599999999955	0	0
5.52499999999964	0.643000000000029	5.23400000000038	0	0
5.23600000000079	0.734999999999673	4.48999999999978	0	0
5.13299999999981	0.703999999999724	4.42900000000009	0	0
5.34799999999996	1.70200000000023	4.73799999999937	0	0
5.85699999999997	1.80500000000029	4.94400000000132	0	0
5.79899999999907	0.942000000000007	5.05799999999908	0	0
5.14599999999882	0.717999999999847	4.49200000000019	0	0
5.5679999999993	1.24399999999969	4.51000000000022	0	0
5.22299999999996	0.9350000000004	4.34599999999955	0	0
