9.142	2.56	24.639	0	0
8.828	2.578	21.017	0	0
8.874	1.961	21.769	0	0
8.384	2.007	18.807	0	0
8.589	2.403	18.671	0	0
8.374	2.238	20.328	0	0
8.46599999999999	2.076	20.512	0	0
9.19600000000001	2.23	22.279	0	0
8.57700000000003	2.532	18.608	0	0
8.49099999999999	2.363	14.846	0	0
9.25700000000001	3.189	16.815	0	0
8.285	1.904	20.496	0	0
8.559	2.2	21.458	0	0
8.49199999999999	2.071	20.903	0	0
8.51500000000001	2.269	21.763	0	0
9.02999999999997	2.241	21.033	0	0
8.33499999999998	2.13000000000001	20.7809999999999	0	0
8.72799999999995	2.48999999999999	21.3779999999999	0	0
8.24000000000001	1.93000000000001	17.8200000000001	0	0
8.49399999999997	2.057	19.3339999999999	0	0
8.79600000000005	2.13800000000001	19.342	0	0
8.49799999999999	2.252	20.3489999999999	0	0
9.83699999999999	3.792	17.6769999999999	0	0
8.40899999999999	2.426	18.0890000000001	0	0
8.62400000000002	2.29900000000001	21.3739999999999	0	0
8.62899999999996	2.074	20.766	0	0
8.41800000000001	2.10000000000001	18.4879999999999	0	0
8.31999999999999	2.099	20.6410000000001	0	0
8.32300000000004	2.327	20.1780000000001	0	0
8.50099999999998	1.937	21.508	0	0
9.149	2.256	20.807	0	0
8.33600000000001	2.26499999999999	20.8439999999998	0	0
8.70100000000002	2.41	15.6569999999999	0	0
9.16699999999992	3.74099999999999	9.74199999999996	0	0
8.48000000000002	2.16200000000001	15.566	0	0
9.10700000000008	3.33699999999999	17.393	0	0
8.49700000000007	2.12	19.913	0	0
9.64099999999996	2.923	21.837	0	0
8.90500000000009	2.624	20.229	0	0
8.80900000000008	1.952	22.73	0	0
8.59900000000005	2.036	21.0029999999999	0	0
8.79399999999998	2.46899999999999	21.4349999999999	0	0
8.74900000000002	1.83500000000001	23.556	0	0
8.42200000000003	2.43600000000001	19.28	0	0
8.53399999999999	2.00999999999999	18.4749999999999	0	0
8.23400000000004	2.16300000000001	19.576	0	0
8.54100000000005	2.29500000000002	19.3029999999999	0	0
8.49000000000001	2.101	20.326	0	0
8.48900000000003	2.48599999999999	19.0029999999999	0	0
8.86000000000001	2.48600000000002	22.335	0	0
8.70000000000005	2.83100000000002	19.2	0	0
8.53999999999996	2.261	17.703	0	0
8.43599999999992	2.262	16.9720000000002	0	0
8.84299999999996	2.41999999999999	17.7239999999999	0	0
8.96600000000001	2.15099999999998	22.4780000000001	0	0
8.54899999999998	2.35299999999998	17.806	0	0
9.08299999999997	2.31200000000001	20.6010000000001	0	0
8.64300000000003	2.42099999999999	20.8729999999996	0	0
8.57800000000009	2.029	21.71	0	0
8.61699999999996	2.166	20.3249999999998	0	0
8.45899999999995	2.27500000000003	21.4700000000003	0	0
8.93399999999997	2.31999999999999	20.877	0	0
8.65100000000007	2.20300000000003	19.3740000000003	0	0
8.56299999999987	2.21999999999997	19.21	0	0
8.76300000000015	2.512	21.0050000000001	0	0
8.56600000000003	2.649	18.5769999999998	0	0
8.89799999999991	2.50200000000001	20.1330000000003	0	0
8.73900000000003	2.49000000000001	21.357	0	0
8.60500000000002	2.416	21.663	0	0
8.96800000000007	2.52000000000004	23.018	0	0
8.60899999999992	2.66800000000001	20.181	0	0
9.20700000000011	2.21200000000005	22.3420000000001	0	0
8.42999999999984	2.61199999999997	19.2429999999999	0	0
8.86199999999985	2.73600000000005	20.7630000000004	0	0
8.94499999999994	2.459	18.4859999999999	0	0
8.5	2.38400000000001	20.3409999999999	0	0
8.73399999999992	2.10599999999999	21.3309999999997	0	0
8.65100000000007	2.55399999999997	19.7679999999996	0	0
8.452	2.03800000000001	19.2090000000003	0	0
8.48099999999999	2.28899999999999	18.1289999999999	0	0
8.83899999999994	2.30099999999999	21.8019999999997	0	0
8.93900000000008	2.20600000000002	22.1170000000002	0	0
8.51699999999983	2.61899999999997	21.4400000000001	0	0
9.00800000000004	2.46600000000001	20.8330000000001	0	0
8.62200000000007	2.45299999999997	19.1119999999996	0	0
8.49700000000007	2.44099999999997	18.0239999999999	0	0
8.84199999999987	2.41300000000001	20.1900000000001	0	0
8.52200000000016	2.09999999999997	22.4069999999997	0	0
9.01900000000001	2.59999999999997	18.4899999999998	0	0
8.77599999999984	2.51599999999996	14.6500000000001	0	0
8.88099999999986	2.39999999999998	20.1329999999998	0	0
8.42599999999993	2.16800000000001	21.7459999999996	0	0
8.66399999999999	2.30099999999999	21.2829999999999	0	0
8.46000000000004	1.97800000000001	18.7579999999998	0	0
8.39699999999993	2.20800000000003	18.6669999999999	0	0
9.15299999999979	2.63800000000003	21.913	0	0
8.18900000000008	1.81699999999995	21.527	0	0
9.41300000000001	2.75600000000003	22.5059999999999	0	0
8.72599999999989	2.17199999999997	21.3409999999999	0	0
9.09000000000015	2.37799999999999	23.0299999999997	0	0
8.63300000000004	2.149	19.8739999999998	0	0
8.47499999999991	2.34000000000003	14.7650000000003	0	0
9.25299999999993	3.19599999999997	14.473	0	0
8.69900000000007	2.82299999999998	21.2950000000001	0	0
8.52299999999991	1.94400000000002	22.0509999999999	0	0
8.35899999999992	2.47199999999998	19.8009999999999	0	0
8.75399999999991	2.11699999999996	20.9850000000001	0	0
8.48900000000003	2.21300000000002	19.3070000000002	0	0
8.55799999999999	2.39600000000002	19.5919999999996	0	0
8.50700000000006	2.04900000000004	18.2900000000009	0	0
8.27800000000002	2.16499999999996	18.192	0	0
9.07099999999991	3.03100000000001	18.8379999999997	0	0
8.71600000000012	2.22900000000004	21.7439999999997	0	0
8.79500000000007	2.42599999999999	21.1720000000005	0	0
8.36599999999999	2.37799999999999	19.0990000000002	0	0
8.79099999999994	2.14600000000007	22.7290000000003	0	0
8.75	2.42499999999995	21.2629999999999	0	0
8.68000000000006	2.173	19.2690000000002	0	0
9.90000000000009	3.68399999999997	20.5819999999994	0	0
8.44100000000003	2.20399999999995	21.192	0	0
8.92499999999995	2.24700000000007	21.2420000000002	0	0
8.32600000000002	2.15099999999995	19.8330000000005	0	0
8.69900000000007	2.34699999999998	21.5129999999999	0	0
8.95100000000002	2.30399999999997	22.165	0	0
8.45899999999983	2.05999999999995	20.1810000000005	0	0
9.04100000000017	2.75299999999993	23.0909999999994	0	0
8.25099999999975	2.39300000000003	19.1040000000003	0	0
8.64899999999989	2.69000000000005	18.7690000000002	0	0
8.7470000000003	2.34700000000009	21.9409999999998	0	0
8.49400000000014	2.0630000000001	21.3860000000004	0	0
8.80699999999979	1.67700000000002	23.598	0	0
8.67099999999982	2.31799999999998	20.5029999999997	0	0
8.63499999999976	2.274	19.1850000000004	0	0
9.15700000000015	2.95099999999991	18.0879999999997	0	0
8.42900000000009	2.34000000000003	19.2169999999996	0	0
8.44299999999976	1.505	19.5410000000002	0	0
8.50800000000027	2.21899999999994	20.268	0	0
8.61700000000019	2.40300000000002	19.3119999999999	0	0
8.5	2.404	21.6000000000004	0	0
8.68299999999999	2.327	21.5600000000004	0	0
8.50399999999991	1.97000000000003	21.5309999999999	0	0
8.59999999999991	2.30599999999993	19.683	0	0
8.78800000000001	2.11099999999999	16.75	0	0
8.81999999999971	2.702	14.8460000000005	0	0
8.57799999999997	2.49900000000002	15.5479999999998	0	0
9.99900000000025	4.73199999999997	24.4619999999995	0	0
8.5	2.14999999999998	24.8109999999997	0	0
8.9409999999998	2.16199999999992	25.4700000000003	0	0
8.50900000000001	2.23899999999992	18.9660000000003	0	0
8.76600000000008	1.96300000000008	25.799	0	0
8.65000000000009	2.29099999999994	23.4780000000001	0	0
8.85800000000017	2.58500000000004	25.759	0	0
8.60100000000011	2.52699999999993	25.8019999999997	0	0
8.71199999999999	2.05200000000002	16.7719999999999	0	0
8.48500000000013	1.99700000000007	17.2279999999992	0	0
8.55699999999979	1.85199999999998	23.0079999999998	0	0
8.79099999999971	1.63400000000001	25.0619999999999	0	0
8.5010000000002	2.25299999999993	23.4750000000004	0	0
9.08800000000019	2.00700000000006	26.2969999999996	0	0
8.46499999999969	2.51599999999996	25.366	0	0
8.36500000000024	1.82999999999993	23.2040000000006	0	0
8.52199999999993	1.99199999999996	24.5119999999997	0	0
8.64600000000019	2.04199999999992	21.8230000000003	0	0
9.12899999999991	2.67699999999991	25.5460000000003	0	0
8.58699999999999	2.149	23.027	0	0
8.92500000000018	2.33600000000001	26.0609999999997	0	0
8.31100000000015	1.98800000000006	24.5029999999997	0	0
8.66699999999992	2.41300000000001	23.8310000000001	0	0
8.76999999999998	2.23699999999997	24.223	0	0
8.42800000000034	1.89100000000008	23.7510000000002	0	0
8.99199999999973	2.36500000000001	27.7269999999999	0	0
8.42699999999968	1.81600000000003	24.7909999999993	0	0
8.96300000000019	2.06900000000007	20.1210000000001	0	0
8.27599999999984	1.80399999999997	24.9989999999998	0	0
8.59799999999996	2.34299999999996	24.4449999999997	0	0
8.70900000000029	2.423	25.1770000000006	0	0
8.68799999999965	1.904	23.8239999999996	0	0
9.51800000000003	3.53499999999997	22.2380000000003	0	0
8.6239999999998	2.26999999999998	21.2950000000001	0	0
9.31999999999971	2.75099999999998	25.6370000000006	0	0
8.87899999999991	2.16800000000001	24.7709999999997	0	0
9.02600000000029	2.68200000000002	25.1859999999997	0	0
9.01600000000008	2.87699999999995	24.9500000000007	0	0
9.25900000000001	2.19899999999996	23.2370000000001	0	0
8.904	2.26300000000003	23.7079999999996	0	0
9.09899999999971	2.65899999999999	22.7219999999998	0	0
9.63900000000012	3.38700000000006	26.4580000000005	0	0
8.76699999999983	2.11900000000003	23.5889999999999	0	0
9.25900000000001	2.35399999999993	25.9290000000001	0	0
9.01699999999983	2.44999999999993	23.8580000000002	0	0
8.78699999999981	2.44999999999993	23.9740000000002	0	0
8.66200000000026	2.45300000000009	24.5819999999994	0	0
9.03800000000001	2.43299999999999	25.9479999999994	0	0
8.92200000000003	2.31700000000001	25.5100000000002	0	0
8.5920000000001	1.96600000000001	24.4389999999994	0	0
9.25399999999991	2.84899999999993	26.4000000000005	0	0
8.76499999999987	2.14999999999998	23.0720000000001	0	0
9.31899999999996	2.21600000000001	25.5199999999995	0	0
8.89499999999998	3.09100000000001	14.7439999999997	0	0
9.05799999999999	2.11199999999997	20.9049999999997	0	0
8.39999999999964	2.20399999999995	19.0500000000002	0	0
9.00999999999976	2.9380000000001	17.4629999999997	0	0
8.75799999999981	1.97500000000002	22.4840000000004	0	0
8.39699999999993	1.89199999999994	19.1009999999997	0	0
8.91999999999962	1.92800000000011	21.058	0	0
8.51699999999983	2.18899999999996	19.076	0	0
8.92100000000028	2.30100000000004	22.4010000000007	0	0
8.48099999999977	2.76699999999994	20.1819999999989	0	0
8.70400000000018	2.625	21.101999999999	0	0
8.59700000000021	2.03599999999994	19.987000000001	0	0
8.89699999999993	2.38800000000003	20.2219999999998	0	0
8.49400000000014	1.91399999999999	20.9619999999995	0	0
8.58899999999994	2.08199999999999	21.8960000000006	0	0
8.27700000000004	2.14199999999994	19.8540000000012	0	0
8.44500000000016	2.32600000000002	16.4680000000008	0	0
9.30299999999988	3.04900000000009	10.5590000000011	0	0
8.63499999999976	2.47000000000003	14.4130000000005	0	0
9.05899999999974	2.69399999999996	18.5490000000009	0	0
9.66899999999987	4.30199999999991	9.30500000000029	0	0
9.63499999999976	3.39800000000002	14.3230000000003	0	0
8.30000000000018	1.63999999999999	23.5609999999997	0	0
8.55999999999995	1.98299999999995	26.5110000000004	0	0
8.26600000000008	1.75	25.4380000000001	0	0
8.28800000000001	1.87099999999998	20.6560000000009	0	0
8.096	1.67499999999995	22.3529999999992	0	0
7.88999999999987	1.601	23.2440000000006	0	0
8.44800000000032	1.8359999999999	25.6939999999995	0	0
8.19800000000032	1.61000000000001	20.1939999999995	0	0
9.41700000000037	2.12699999999995	14.0869999999995	0	0
9.26599999999962	2.63300000000004	13.4030000000002	0	0
10.48	4.22699999999986	19.4369999999999	0	0
9.33299999999963	3.46900000000005	22.1679999999997	0	0
8.78699999999981	2.09999999999991	23.780999999999	0	0
8.41899999999987	2.19599999999991	24.612000000001	0	0
9.33200000000033	2.31600000000003	24.9159999999993	0	0
8.779	2.44700000000012	25.4269999999997	0	0
8.2829999999999	2.1110000000001	23.9219999999987	0	0
8.18599999999969	2.00699999999983	23.5619999999999	0	0
8.37699999999995	2.49000000000001	24.2570000000014	0	0
8.01099999999997	2.02399999999989	24.1319999999996	0	0
8.37900000000036	2.02500000000009	24.3680000000004	0	0
8.87899999999991	2.14799999999991	24.2669999999998	0	0
8.346	2.05700000000002	23.6449999999986	0	0
9.221	2.51400000000012	25.9189999999999	0	0
8.48900000000003	2.048	23.1359999999986	0	0
8.99099999999999	2.00800000000004	25.6710000000003	0	0
8.46399999999994	1.46600000000012	24.4230000000007	0	0
8.85600000000022	2.12899999999991	23.4420000000009	0	0
9.10300000000052	3.24800000000005	14.9899999999998	0	0
9.16600000000017	2.78700000000003	17.8130000000001	0	0
8.60699999999997	2.04999999999995	24.2759999999998	0	0
8.98800000000028	2.45100000000002	24.2100000000009	0	0
8.42799999999988	2.05600000000004	24.6409999999996	0	0
9.1269999999995	2.96800000000007	21.375	0	0
8.55099999999948	2.327	23.0730000000003	0	0
9.1260000000002	3.11799999999994	13.5439999999999	0	0
9.72800000000007	3.50399999999991	17.9770000000008	0	0
9.11799999999948	2.57300000000009	19.0409999999993	0	0
9.07299999999941	2.36200000000008	26.2100000000009	0	0
8.69100000000071	2.10199999999986	23.8619999999992	0	0
8.78300000000036	2.41499999999996	22.6790000000001	0	0
8.49799999999959	2.327	22.8089999999993	0	0
8.57999999999993	2.00800000000004	24.4269999999997	0	0
8.56800000000021	1.74800000000005	24.5640000000003	0	0
8.77300000000014	2.25200000000018	23.2309999999998	0	0
8.90599999999995	1.94599999999991	19.7939999999999	0	0
8.53000000000065	1.94100000000003	22.6280000000006	0	0
8.97899999999936	2.2360000000001	22.9449999999997	0	0
8.79300000000057	2.83000000000015	21.9080000000013	0	0
8.66699999999946	2.01499999999987	23.0159999999996	0	0
8.36099999999988	2.01300000000015	19.6319999999996	0	0
9.03200000000015	2.30700000000002	21.1979999999985	0	0
8.36999999999989	1.70800000000008	19.2970000000005	0	0
8.72500000000036	1.82799999999997	21.8490000000002	0	0
8.41899999999987	2.00300000000016	19.241	0	0
8.1880000000001	2.02199999999993	17.2399999999998	0	0
8.65899999999965	1.81700000000001	20.8069999999989	0	0
8.17000000000007	1.95399999999995	18.8259999999991	0	0
8.79299999999967	2.26700000000005	17.1589999999997	0	0
8.51699999999983	2.08900000000017	16.5760000000009	0	0
9.86700000000019	3.00900000000001	22.1829999999991	0	0
8.46799999999985	1.80500000000006	20.5680000000011	0	0
9.45200000000023	2.64899999999989	26.9230000000007	0	0
8.92699999999968	2.97000000000003	26.1989999999987	0	0
9.07200000000012	1.96499999999992	26.0779999999995	0	0
9.15999999999985	2.6869999999999	24.2420000000002	0	0
8.79399999999987	2.15100000000007	23.4400000000005	0	0
8.77000000000044	2.45899999999983	22.9120000000003	0	0
8.61400000000049	2.096	25.1369999999988	0	0
8.53399999999965	2.41200000000003	23.8469999999998	0	0
8.79899999999998	2.06099999999992	21.9229999999989	0	0
9.28700000000026	2.31299999999987	21.6000000000004	0	0
8.88299999999981	2.56400000000008	23.3340000000007	0	0
9.52499999999964	2.7199999999998	23.7980000000007	0	0
8.67600000000039	1.82799999999997	24.125	0	0
9.01299999999992	1.85599999999999	26.1830000000009	0	0
8.83500000000004	2.28600000000006	24.6320000000014	0	0
9.27600000000075	2.30399999999986	23.5820000000003	0	0
8.73999999999978	2.53499999999985	24.625	0	0
9.25700000000052	2.36399999999981	26.4850000000006	0	0
9.10100000000057	2.01600000000008	20.7440000000006	0	0
9.63900000000012	2.3280000000002	22.3510000000006	0	0
8.78899999999976	2.07499999999982	25.0529999999999	0	0
8.64199999999983	2.12200000000007	23.1729999999989	0	0
8.65999999999985	2.1389999999999	24.1409999999996	0	0
8.59299999999985	2.07099999999991	24.6939999999995	0	0
8.28399999999965	2.13100000000009	23.607	0	0
8.53300000000036	2.05600000000004	25.2900000000009	0	0
9.04899999999998	2.52399999999989	25.8869999999988	0	0
8.77499999999964	2.3449999999998	24.5320000000011	0	0
8.84599999999955	2.00200000000018	25.9110000000001	0	0
8.74299999999948	2.06600000000003	23.3720000000012	0	0
9.20100000000002	2.08100000000013	24.5210000000006	0	0
8.57300000000032	2.35000000000014	24.3729999999996	0	0
9.02199999999993	2.09799999999996	25.771999999999	0	0
8.43099999999959	2.0920000000001	25.2389999999996	0	0
8.85300000000007	2.18599999999992	27.2820000000011	0	0
8.76599999999962	2.25300000000016	21.9420000000009	0	0
8.90799999999945	1.89400000000001	26.2959999999985	0	0
8.5010000000002	2.42399999999998	15.9549999999999	0	0
9.41399999999976	2.7320000000002	16.8649999999998	0	0
9.89699999999993	4.10200000000009	16.509	0	0
8.98400000000038	1.9369999999999	24.9400000000005	0	0
9.01500000000033	2.71800000000007	21.0399999999991	0	0
9.58100000000013	2.04199999999992	27.2060000000001	0	0
9.22500000000036	2.59799999999996	20.6999999999989	0	0
9.26699999999983	2.51400000000012	22.8220000000001	0	0
8.75999999999931	1.89999999999986	23.8150000000005	0	0
9.14599999999973	2.13300000000004	26.1859999999997	0	0
8.8130000000001	2.6690000000001	25.5769999999993	0	0
8.90899999999965	2.423	27.6689999999999	0	0
8.47499999999945	2.15599999999995	15.1360000000004	0	0
9.04500000000007	2.58000000000015	16.2210000000014	0	0
8.63200000000052	2.15300000000002	25.7459999999992	0	0
9.09700000000066	1.89700000000016	22.5869999999995	0	0
8.67900000000009	2.29500000000007	23.1700000000001	0	0
8.97299999999996	2.07799999999997	26.1389999999992	0	0
8.88300000000072	2.27800000000002	23.4310000000005	0	0
9.29100000000017	2.43799999999987	26.1739999999991	0	0
8.44700000000012	2.01600000000008	24.0069999999996	0	0
9.11999999999989	2.1719999999998	24.723	0	0
8.78899999999976	2.721	24.4269999999997	0	0
8.97299999999996	2.03200000000015	26.5040000000008	0	0
8.27099999999973	1.80199999999991	23.1139999999996	0	0
8.67799999999988	1.81099999999992	25.8909999999996	0	0
8.36300000000028	1.94800000000009	21.9570000000003	0	0
8.92999999999938	1.78400000000011	26.280999999999	0	0
8.35999999999967	1.96899999999982	19.7999999999993	0	0
9.33400000000074	2.43399999999997	14.4830000000002	0	0
8.68900000000031	2.32499999999982	16.9670000000006	0	0
8.95100000000002	2.10500000000002	24.8850000000002	0	0
8.78099999999995	2.30999999999995	23.5830000000005	0	0
8.82600000000002	2.02999999999997	25.1990000000005	0	0
8.24300000000039	1.76199999999994	25.0420000000013	0	0
8.94400000000041	1.89699999999993	24.6620000000003	0	0
8.56800000000021	2.00500000000011	24.7120000000014	0	0
8.53499999999985	1.92200000000003	18.4319999999989	0	0
8.45299999999952	1.80500000000006	20.7180000000008	0	0
8.88699999999972	2.03999999999996	25.2109999999993	0	0
8.42000000000007	1.98099999999999	21.8799999999992	0	0
8.83500000000004	2.23100000000022	25.4929999999986	0	0
8.28600000000006	1.62199999999984	24.1489999999994	0	0
8.66799999999967	1.93900000000008	24.7129999999997	0	0
8.47299999999996	1.87199999999984	22.4009999999998	0	0
8.79500000000007	2.16999999999985	24.6850000000013	0	0
8.34299999999985	1.63699999999994	25.6649999999991	0	0
8.95599999999922	2.29899999999998	26.8999999999996	0	0
8.54500000000007	2.01700000000005	22.9159999999993	0	0
9.31700000000001	2.07300000000009	25.9920000000002	0	0
8.6929999999993	2.21500000000015	26.3250000000007	0	0
8.91599999999926	1.99399999999991	23.0660000000007	0	0
8.48800000000028	2.27999999999997	23.0429999999997	0	0
9.30299999999988	1.88599999999997	24.7950000000001	0	0
8.9989999999998	3.05600000000004	23.2700000000004	0	0
8.9360000000006	2.34399999999982	24.8170000000009	0	0
8.27100000000064	1.70299999999997	23.1640000000007	0	0
9.11299999999937	2.69200000000001	24.1139999999996	0	0
8.58200000000033	2.07200000000012	26.027	0	0
9.00399999999991	2.09100000000012	25.9380000000001	0	0
8.88700000000063	2.29200000000014	21.7379999999994	0	0
9.10900000000038	2.32599999999979	26.4619999999995	0	0
9.14400000000023	2.92200000000003	24.9089999999997	0	0
9.08100000000013	1.95900000000006	24.3540000000012	0	0
9.13400000000001	2.64499999999998	21.4210000000003	0	0
9.14099999999962	2.28499999999985	25.612000000001	0	0
8.96700000000055	2.86300000000006	23.2569999999996	0	0
9.33500000000004	2.72900000000004	17.7980000000007	0	0
9.07400000000052	2.68000000000006	16.3050000000003	0	0
9.15399999999954	2.23700000000008	16.491	0	0
9.51500000000033	3.71800000000007	13.1319999999996	0	0
9.09299999999985	2.30999999999995	16.2379999999994	0	0
9.30199999999968	2.85900000000015	16.1830000000009	0	0
9.60199999999986	3.10500000000002	15.6309999999994	0	0
8.72500000000036	2.49600000000009	14.7690000000002	0	0
9.27499999999964	2.3900000000001	15.2119999999995	0	0
9.37100000000009	2.80400000000009	15.491	0	0
9.70100000000002	3.13499999999999	17.0709999999999	0	0
8.74099999999999	2.13799999999992	13.4259999999995	0	0
11.0570000000007	5.62799999999993	8.87400000000162	0	0
9.55299999999988	3.47499999999991	7.98699999999917	0	0
10.1320000000005	4.48599999999988	8.24399999999878	0	0
9.08699999999953	3.38699999999994	8.19700000000012	0	0
10.0320000000002	4.08799999999997	8.22299999999996	0	0
9.83299999999963	4.45700000000011	8.01300000000083	0	0
9.60699999999997	3.36699999999996	8.2510000000002	0	0
9.02700000000004	3.39499999999998	7.80399999999827	0	0
8.79999999999927	2.68000000000006	8.01100000000042	0	0
9.51599999999962	3.375	8.45400000000154	0	0
9.3090000000002	3.05399999999986	8.10599999999977	0	0
9.15499999999975	3.6869999999999	7.96000000000095	0	0
10.2290000000003	5.01700000000005	8.52300000000105	0	0
9.02599999999984	3.904	7.59300000000076	0	0
10.0750000000007	4.41200000000003	8.41100000000006	0	0
8.58500000000004	3.24900000000002	7.77800000000025	0	0
9.39999999999964	3.34999999999991	8.46299999999974	0	0
9.89699999999993	3.3119999999999	8.81999999999971	0	0
9.27599999999984	3.40899999999988	8.40600000000086	0	0
9.23999999999978	3.65099999999984	8.05299999999988	0	0
10.4090000000006	5.71199999999999	8.5	0	0
8.44599999999991	2.84899999999993	7.96599999999853	0	0
8.61899999999969	2.24900000000002	7.96000000000276	0	0
8.45800000000054	2.82899999999995	7.88700000000244	0	0
10.4679999999998	4.3900000000001	9.36000000000058	0	0
8.96199999999953	3.49000000000001	7.83599999999933	0	0
9.75399999999991	3.90100000000007	8.88600000000224	0	0
8.77399999999943	3.49800000000005	7.88100000000122	0	0
9.30599999999959	3.83000000000015	8.29199999999764	0	0
9.08299999999963	3.78099999999995	8.04999999999927	0	0
9.48400000000038	3.625	8.28900000000067	0	0
9.27900000000045	3.27099999999996	7.93199999999706	0	0
9.15399999999954	3.15000000000009	7.89600000000064	0	0
8.73800000000028	2.99399999999991	7.93900000000212	0	0
8.68900000000031	2.6400000000001	8.09699999999793	0	0
8.72200000000066	2.87900000000013	8.06500000000233	0	0
8.28399999999965	2.18399999999997	8.05999999999767	0	0
8.90799999999945	3.298	8.51699999999983	0	0
8.64800000000014	2.70800000000008	8.18900000000212	0	0
8.43000000000029	2.63499999999999	7.77200000000084	0	0
8.18900000000031	1.92900000000009	8.08300000000236	0	0
6.88500000000022	2.81400000000008	5.8760000000002	0	0
7.3159999999998	3.11600000000021	4.8080000000009	0	0
7.67799999999988	3.64200000000005	4.50300000000061	0	0
8.04899999999998	3.67099999999982	4.8080000000009	0	0
7.93499999999949	3.53800000000001	4.51800000000003	0	0
7.9380000000001	3.72000000000025	4.86200000000099	0	0
7.92900000000009	3.67500000000018	4.66300000000047	0	0
8.14800000000014	3.48900000000003	4.84000000000015	0	0
7.65899999999965	3.61200000000008	4.55999999999767	0	0
8.25699999999961	3.66699999999992	4.91699999999764	0	0
7.79399999999987	3.65099999999984	4.57200000000012	0	0
8.09699999999975	3.5949999999998	4.84399999999732	0	0
7.86499999999978	3.6880000000001	4.56399999999849	0	0
7.9389999999994	3.71399999999994	4.83599999999933	0	0
7.64499999999953	3.7510000000002	4.55500000000029	0	0
7.98300000000017	3.6869999999999	4.80900000000111	0	0
7.7470000000003	3.65900000000011	4.54699999999866	0	0
8.13000000000011	3.52500000000009	4.84200000000055	0	0
7.77899999999954	3.60699999999997	4.55299999999988	0	0
8.19799999999941	3.5619999999999	4.9429999999993	0	0
7.73299999999927	3.65599999999995	4.56099999999788	0	0
8.11599999999999	3.82599999999957	4.85599999999977	0	0
7.91700000000037	3.49900000000025	4.55299999999988	0	0
7.90399999999954	3.74299999999994	4.84200000000055	0	0
7.66600000000017	3.69300000000021	4.5570000000007	0	0
8.09700000000066	3.5329999999999	4.82500000000073	0	0
7.68599999999969	3.625	4.55099999999948	0	0
8.35899999999947	3.529	4.88999999999942	0	0
7.81600000000071	3.65200000000004	4.62199999999939	0	0
8.11599999999999	3.59699999999975	4.8169999999991	0	0
7.66400000000067	3.72299999999996	4.56099999999788	0	0
8.02099999999973	3.64600000000019	4.81999999999971	0	0
7.97499999999945	3.91900000000032	4.59200000000055	0	0
8.04299999999967	3.70000000000027	4.83700000000317	0	0
7.84599999999955	3.55599999999959	4.55400000000009	0	0
8.08199999999943	3.61100000000033	4.82700000000114	0	0
7.99300000000039	3.50199999999995	4.57300000000032	0	0
8.1840000000002	3.73800000000028	4.90499999999884	0	0
8.09200000000055	3.54400000000032	4.55999999999767	0	0
8.05599999999959	3.67000000000007	4.84300000000076	0	0
7.9340000000002	3.53099999999995	4.57200000000012	0	0
8.20299999999952	3.67099999999982	4.83899999999994	0	0
7.99799999999959	3.46000000000004	4.55600000000049	0	0
8.22699999999986	3.75	4.82300000000032	0	0
7.74399999999969	3.70899999999983	4.57600000000093	0	0
7.88599999999951	3.87300000000005	4.92399999999907	0	0
7.9989999999998	3.54599999999982	4.59000000000015	0	0
7.98099999999977	3.71099999999979	4.86000000000058	0	0
7.92299999999977	3.89000000000033	4.58399999999892	0	0
8.19699999999921	3.65299999999979	4.78800000000047	0	0
7.85899999999947	3.54700000000003	4.56700000000274	0	0
8.19499999999971	3.45699999999988	4.83899999999994	0	0
7.77099999999973	3.65200000000004	4.56399999999849	0	0
8.02499999999964	3.88400000000001	4.84600000000137	0	0
7.79999999999927	3.6869999999999	4.59100000000035	0	0
8.10599999999977	3.80200000000013	4.86599999999817	0	0
7.78999999999996	3.83500000000004	4.57200000000012	0	0
7.97600000000057	3.91100000000006	4.81400000000212	0	0
7.78200000000015	3.61700000000019	4.54999999999927	0	0
8.28600000000006	3.57999999999993	4.9230000000025	0	0
7.62800000000061	3.79100000000017	4.56800000000294	0	0
8.10800000000017	3.67900000000009	4.82999999999811	0	0
7.88299999999981	3.67200000000003	4.56899999999951	0	0
7.85699999999997	3.82600000000002	4.81299999999828	0	0
7.72799999999916	3.76400000000012	4.59600000000137	0	0
8.12299999999959	3.60199999999986	4.89600000000064	0	0
7.79199999999946	3.62400000000025	4.5679999999993	0	0
7.92900000000009	3.71300000000019	4.84200000000055	0	0
7.89000000000124	3.51099999999997	4.57300000000032	0	0
8.30600000000049	3.82700000000023	4.90999999999985	0	0
7.68599999999969	3.48200000000043	4.54500000000189	0	0
8.06599999999889	3.48199999999997	4.8179999999993	0	0
7.85699999999997	3.58100000000013	4.56399999999849	0	0
8.03300000000127	3.57700000000023	4.79599999999846	0	0
7.5669999999991	3.91800000000012	4.56500000000233	0	0
8.04500000000007	3.60899999999992	4.81199999999808	0	0
7.83899999999994	3.5920000000001	4.56300000000192	0	0
8.02400000000125	3.77100000000019	4.92199999999866	0	0
7.73199999999997	3.7510000000002	4.5779999999977	0	0
8.06500000000051	3.54700000000003	4.83199999999852	0	0
7.67699999999968	3.82699999999977	4.5669999999991	0	0
8.08400000000074	3.79500000000007	4.86399999999776	0	0
7.92699999999968	3.66999999999962	4.58699999999953	0	0
8.15099999999984	3.77099999999973	4.91100000000006	0	0
7.81899999999951	3.9699999999998	4.56099999999788	0	0
8.11300000000119	3.87599999999975	4.83200000000215	0	0
7.93399999999929	3.71000000000004	4.56299999999828	0	0
8.02700000000004	3.67399999999998	4.8650000000016	0	0
7.97099999999955	3.39600000000019	4.54100000000108	0	0
8.13299999999981	3.51400000000012	4.77999999999884	0	0
7.87699999999859	3.57400000000007	4.55099999999948	0	0
7.78700000000026	3.64199999999983	4.53199999999924	0	0
8.07099999999991	3.66399999999976	4.84999999999854	0	0
7.81400000000031	3.79800000000023	4.57400000000052	0	0
7.94000000000051	3.83699999999999	4.90200000000186	0	0
7.93900000000031	3.74299999999994	4.55200000000332	0	0
8.15799999999945	3.75	4.83399999999892	0	0
7.94099999999889	3.70699999999988	4.56299999999828	0	0
8.30799999999908	3.77400000000034	4.84800000000178	0	0
7.87699999999859	3.78099999999995	4.56399999999849	0	0
8.07799999999952	3.70100000000002	4.79300000000148	0	0
7.69399999999951	3.68899999999985	4.5460000000021	0	0
8.15399999999863	3.46000000000004	4.8179999999993	0	0
7.62299999999959	3.73700000000008	4.48999999999796	0	0
8.02499999999964	3.70400000000018	4.89899999999761	0	0
7.83000000000175	3.63099999999986	4.59700000000157	0	0
8.14699999999903	3.56400000000031	4.86200000000099	0	0
7.76699999999983	3.69999999999982	4.56899999999951	0	0
7.92900000000009	3.78400000000011	4.86100000000079	0	0
7.73300000000017	3.61000000000013	4.55600000000049	0	0
8.23300000000017	3.47200000000021	4.85999999999694	0	0
7.81700000000092	3.55700000000024	4.57800000000134	0	0
8.11000000000058	3.64699999999993	4.86299999999756	0	0
7.73500000000058	3.73500000000013	4.58299999999872	0	0
8.14400000000023	3.55700000000024	4.90100000000166	0	0
7.69000000000051	3.70399999999972	4.57099999999991	0	0
7.8739999999998	3.46900000000005	4.89099999999962	0	0
7.78399999999965	3.62100000000009	4.56999999999971	0	0
7.83699999999953	3.81799999999976	4.84700000000157	0	0
7.70699999999852	3.70899999999983	4.57400000000052	0	0
8.19100000000071	3.74900000000025	4.86000000000058	0	0
7.64000000000124	3.76500000000033	4.58300000000236	0	0
8.22399999999834	3.65499999999975	4.85199999999895	0	0
7.64600000000064	3.80699999999979	4.57300000000032	0	0
8.10000000000036	3.69700000000012	4.93700000000172	0	0
7.73199999999997	3.64399999999978	4.57099999999991	0	0
7.96700000000055	3.73299999999972	4.85800000000017	0	0
7.89500000000044	3.72399999999971	4.5789999999979	0	0
7.64999999999964	3.72900000000027	4.57099999999991	0	0
8.13700000000063	3.57799999999997	4.87299999999959	0	0
7.77100000000064	3.50199999999995	4.57600000000093	0	0
8.10599999999977	3.58099999999968	4.8169999999991	0	0
7.8739999999998	3.81999999999971	4.62099999999919	0	0
8.14200000000164	3.77800000000025	4.92500000000291	0	0
7.79600000000028	3.61000000000013	4.58199999999852	0	0
7.94599999999991	3.88499999999976	4.84899999999834	0	0
7.7549999999992	3.65999999999985	4.57099999999991	0	0
7.58499999999913	3.49699999999984	4.56899999999951	0	0
8.09699999999975	3.63900000000012	4.86999999999898	0	0
7.78200000000106	3.61099999999988	4.58299999999872	0	0
8.22199999999975	3.44500000000016	4.84900000000198	0	0
7.85599999999977	3.71500000000015	4.57500000000073	0	0
7.91299999999865	3.82200000000012	4.85499999999956	0	0
7.89199999999983	3.5	4.57200000000012	0	0
7.84000000000015	3.88400000000001	4.85800000000017	0	0
7.72599999999875	3.64499999999998	4.60000000000218	0	0
8.0580000000009	3.67500000000018	4.93400000000111	0	0
7.74800000000141	3.63999999999987	4.56400000000212	0	0
8.05500000000029	3.65499999999975	4.85100000000239	0	0
7.6989999999987	3.67700000000013	4.57599999999729	0	0
8.03700000000026	3.73800000000028	4.92499999999927	0	0
7.67300000000068	3.69399999999996	4.56399999999849	0	0
7.98199999999997	3.71300000000019	4.8859999999986	0	0
7.66100000000006	3.75099999999975	4.5669999999991	0	0
8.04100000000108	3.61599999999999	4.85800000000017	0	0
7.86399999999958	3.65099999999984	4.5669999999991	0	0
7.96100000000115	3.7489999999998	4.90100000000166	0	0
7.70200000000114	3.71399999999994	4.56700000000274	0	0
8.05299999999988	3.77300000000014	4.80600000000049	0	0
7.64899999999943	3.53400000000011	4.53600000000006	0	0
7.63899999999921	3.61099999999988	4.58899999999994	0	0
7.9940000000006	3.64100000000008	4.84700000000157	0	0
8.08100000000013	3.51500000000033	4.54599999999846	0	0
7.95399999999972	3.65099999999984	4.79599999999846	0	0
7.80199999999968	3.84000000000015	4.56800000000294	0	0
8.05400000000009	3.65700000000015	4.89199999999983	0	0
7.72100000000137	3.84899999999971	4.54799999999886	0	0
7.98799999999937	3.5949999999998	4.80900000000111	0	0
7.65600000000086	3.6840000000002	4.54299999999785	0	0
7.98799999999937	3.69999999999982	4.83199999999852	0	0
7.85499999999956	3.69700000000012	4.56199999999808	0	0
7.93999999999869	3.69599999999991	4.83399999999892	0	0
7.05400000000009	3.04799999999977	4.59200000000055	0	0
7.93100000000049	3.70299999999997	4.875	0	0
7.68500000000131	3.65499999999975	4.56599999999889	0	0
7.97199999999975	3.61499999999978	4.79500000000189	0	0
7.8119999999999	3.70799999999963	4.55400000000009	0	0
8.04900000000089	3.76599999999962	4.8739999999998	0	0
7.94700000000012	3.61499999999978	4.59200000000055	0	0
8.23899999999958	3.68200000000024	4.90100000000166	0	0
7.83700000000135	3.52599999999984	4.56499999999869	0	0
8.06500000000051	3.79799999999977	4.83699999999953	0	0
8.375	4.81100000000015	4.729000000003	0	0
8.04700000000048	3.70899999999983	4.83599999999933	0	0
7.71099999999933	3.74800000000005	4.55099999999948	0	0
7.93000000000029	3.61799999999994	4.79999999999927	0	0
7.83399999999892	3.62000000000035	4.56299999999828	0	0
7.90499999999884	3.73800000000028	4.88500000000204	0	0
7.80299999999988	3.51099999999997	4.53800000000047	0	0
8.05099999999948	3.54700000000003	4.82600000000093	0	0
7.59399999999914	3.75900000000001	4.53100000000268	0	0
8.09100000000035	3.55999999999995	4.81599999999889	0	0
7.753999999999	3.61700000000019	4.53900000000067	0	0
8.04199999999946	3.8449999999998	4.86800000000221	0	0
7.75799999999981	3.55799999999999	4.53899999999703	0	0
7.97900000000118	3.81200000000035	4.82600000000093	0	0
7.77800000000025	3.56799999999976	4.5460000000021	0	0
7.97500000000036	3.45499999999993	4.85000000000218	0	0
7.82999999999993	3.71799999999985	4.56399999999849	0	0
8.13800000000083	3.6239999999998	4.97100000000137	0	0
7.7450000000008	3.7829999999999	4.60099999999875	0	0
7.83600000000115	3.77199999999993	4.8070000000007	0	0
7.90799999999945	3.77699999999959	4.57200000000012	0	0
8.14199999999983	3.74300000000039	4.89199999999983	0	0
7.53200000000106	3.80999999999995	4.53800000000047	0	0
7.84799999999996	3.71600000000035	4.68900000000212	0	0
8.07799999999952	3.57700000000023	4.83799999999974	0	0
7.82099999999991	3.74200000000019	4.56400000000212	0	0
8.15999999999985	3.64599999999973	4.88899999999921	0	0
7.82300000000032	3.46300000000019	4.54299999999785	0	0
8.03499999999985	3.80600000000004	4.81199999999808	0	0
7.61100000000079	3.74800000000005	4.5460000000021	0	0
7.94499999999971	3.68600000000015	4.8169999999991	0	0
7.73399999999856	3.57900000000018	4.54699999999866	0	0
7.5570000000007	3.80100000000039	4.55000000000291	0	0
8.23999999999978	3.50199999999995	4.88799999999901	0	0
7.74200000000019	3.59000000000015	4.53099999999904	0	0
7.88800000000083	3.88599999999997	4.82300000000032	0	0
7.50600000000122	3.56100000000015	4.53900000000067	0	0
7.81700000000092	3.60899999999992	4.57900000000154	0	0
8.11199999999917	3.60800000000017	4.83200000000215	0	0
8.02499999999964	3.74200000000019	4.56200000000172	0	0
8.01399999999921	3.54100000000017	4.75799999999799	0	0
7.62200000000121	3.57999999999993	4.50200000000041	0	0
8.02700000000004	3.80400000000009	4.82399999999689	0	0
7.84200000000055	3.78399999999965	4.50799999999799	0	0
7.73999999999978	3.73900000000003	4.77100000000064	0	0
7.71199999999953	3.55000000000018	4.47899999999936	0	0
7.55500000000029	3.75399999999991	4.47599999999875	0	0
7.92200000000048	3.85399999999981	4.79299999999785	0	0
7.77799999999843	3.53500000000031	4.48500000000058	0	0
7.98899999999958	3.6550000000002	4.8269999999975	0	0
7.67000000000007	3.625	4.47899999999936	0	0
7.98600000000079	3.60199999999986	4.75800000000163	0	0
7.48300000000017	3.85800000000017	4.47200000000157	0	0
7.8760000000002	3.88199999999961	4.77599999999802	0	0
7.54900000000089	3.7489999999998	4.47600000000239	0	0
7.88500000000022	3.78399999999965	4.82700000000114	0	0
7.43299999999908	3.75099999999975	4.47199999999793	0	0
7.86000000000058	3.43200000000024	4.77199999999721	0	0
7.57500000000073	3.71300000000019	4.47299999999814	0	0
7.82699999999932	3.78899999999976	4.78900000000067	0	0
7.73699999999917	3.58799999999974	4.50500000000102	0	0
8.06599999999889	3.71200000000044	4.79599999999846	0	0
7.87800000000061	3.50700000000006	4.51300000000265	0	0
7.74699999999939	3.62599999999975	4.49499999999898	0	0
8.13999999999942	3.69800000000032	4.87999999999738	0	0
7.78100000000086	3.58399999999983	4.53600000000006	0	0
7.96800000000076	3.91100000000006	4.8760000000002	0	0
7.59699999999975	3.75599999999986	4.5789999999979	0	0
8.11299999999937	3.67299999999977	4.84900000000198	0	0
7.76800000000003	3.7170000000001	4.67499999999927	0	0
8.03800000000047	3.58599999999979	4.86399999999776	0	0
7.90899999999965	3.44999999999982	4.56000000000131	0	0
7.85299999999916	3.43799999999965	4.53299999999945	0	0
8.08799999999974	3.48800000000028	4.83600000000297	0	0
7.77100000000064	3.70400000000018	4.54799999999886	0	0
8.05299999999988	3.73500000000013	4.8179999999993	0	0
7.71700000000055	3.6850000000004	4.56100000000151	0	0
7.71600000000035	3.6550000000002	4.55999999999767	0	0
8.0679999999993	3.55200000000013	4.84999999999854	0	0
7.60800000000017	3.86000000000013	4.54500000000189	0	0
7.92900000000009	3.69500000000016	4.81500000000233	0	0
7.76300000000083	3.57999999999993	4.54300000000148	0	0
7.85099999999875	3.9380000000001	4.83199999999852	0	0
7.92900000000009	3.67200000000003	4.63099999999758	0	0
7.90899999999965	3.77800000000025	4.58800000000338	0	0
8.12300000000141	4.09999999999991	5.00500000000102	0	0
7.67999999999847	3.66100000000006	4.55199999999968	0	0
8.29600000000028	3.75199999999995	4.84300000000076	0	0
7.76800000000003	3.60300000000007	4.53700000000026	0	0
7.91899999999987	3.69500000000016	4.76000000000204	0	0
7.76900000000023	3.70400000000018	4.54899999999907	0	0
7.67900000000009	3.67799999999988	4.54000000000087	0	0
8.09400000000096	3.55700000000024	4.82800000000134	0	0
7.8700000000008	3.81799999999976	4.55500000000029	0	0
8.12699999999859	3.76999999999998	4.83499999999913	0	0
7.76399999999921	3.91400000000021	4.56100000000151	0	0
8.02200000000084	3.80399999999963	4.79300000000148	0	0
7.7489999999998	3.87199999999984	4.5480000000025	0	0
8.04099999999926	3.87300000000005	4.8169999999991	0	0
7.91200000000026	3.89999999999964	4.58899999999994	0	0
7.74199999999837	3.74500000000035	4.52599999999802	0	0
7.91300000000047	3.69799999999987	4.81400000000212	0	0
7.63900000000103	3.875	4.53199999999924	0	0
8.00299999999879	3.64499999999998	4.81399999999849	0	0
7.71500000000015	3.80099999999993	4.54300000000148	0	0
8.16800000000148	3.69200000000001	4.86699999999837	0	0
7.65799999999945	3.71199999999999	4.52699999999822	0	0
7.53400000000147	3.23300000000017	4.84000000000015	0	0
7.6309999999994	3.6869999999999	4.53399999999965	0	0
7.70299999999952	3.41600000000017	4.50300000000061	0	0
8.03700000000026	3.86799999999994	4.83299999999872	0	0
7.19700000000012	3.32900000000018	4.58499999999913	0	0
8.125	4.04099999999971	4.99499999999898	0	0
7.79600000000028	4.57799999999997	4.72299999999814	0	0
7.76900000000023	3.51600000000008	4.63799999999901	0	0
7.60100000000057	3.31500000000005	4.92000000000189	0	0
7.20700000000033	3.3420000000001	4.5580000000009	0	0
7.29399999999987	3.35899999999992	4.93999999999869	0	0
7.81600000000071	4.19799999999987	4.71399999999994	0	0
8.27299999999923	3.57099999999991	4.95100000000093	0	0
7.68400000000111	3.81899999999996	4.77700000000186	0	0
8.57300000000032	4.95699999999988	4.9539999999979	0	0
8.2559999999994	3.721	4.97699999999895	0	0
7.35400000000118	3.28099999999995	4.70899999999892	0	0
8.26100000000042	3.69800000000032	4.96299999999974	0	0
7.52100000000064	3.76699999999983	4.48799999999756	0	0
8.95900000000074	4.8100000000004	4.84599999999773	0	0
7.69599999999991	3.8130000000001	4.50700000000143	0	0
7.71700000000055	3.87300000000005	4.91300000000047	0	0
7.52499999999964	3.81799999999976	4.55099999999948	0	0
7.79000000000087	3.60500000000002	4.78800000000047	0	0
7.59499999999935	3.66499999999996	4.50400000000081	0	0
7.85299999999916	3.81899999999996	4.92299999999886	0	0
7.80600000000049	3.77399999999989	4.5109999999986	0	0
7.94099999999889	3.71099999999979	4.58699999999953	0	0
7.99699999999939	3.74299999999994	4.86300000000119	0	0
7.93099999999868	3.63400000000001	4.58799999999974	0	0
7.96900000000096	3.78499999999985	4.93599999999788	0	0
7.53100000000086	3.49200000000019	4.56200000000172	0	0
7.65699999999924	3.83699999999999	4.52000000000044	0	0
8.25500000000102	4.26100000000042	4.98600000000079	0	0
7.89500000000044	3.98599999999988	4.68800000000192	0	0
7.73099999999977	3.52100000000019	4.95400000000154	0	0
7.43499999999949	2.93499999999995	4.77199999999721	0	0
7.20299999999952	3.76300000000037	4.53900000000067	0	0
8.16799999999967	3.52199999999993	4.84400000000096	0	0
7.15099999999984	3.38100000000031	4.50800000000163	0	0
7.99699999999939	3.91999999999962	4.81599999999889	0	0
7.75500000000102	3.58300000000008	4.56400000000212	0	0
7.77800000000025	3.70900000000029	4.59200000000055	0	0
8.77099999999882	4.66300000000001	5.07400000000052	0	0
7.94399999999951	3.68199999999979	4.66899999999805	0	0
7.79800000000068	3.8130000000001	5.00200000000041	0	0
6.5580000000009	3.09999999999945	4.60900000000038	0	0
7.97299999999996	3.88500000000022	4.92599999999948	0	0
7.52600000000166	3.51999999999953	4.71799999999712	0	0
6.42599999999948	3.28700000000026	4.70499999999811	0	0
7.44200000000092	3.47599999999966	4.97499999999854	0	0
7.14899999999943	3.10900000000038	4.63799999999901	0	0
5.96399999999994	3.3149999999996	4.56099999999788	0	0
8.125	4.51800000000003	5.06899999999951	0	0
8.29399999999987	4.65599999999995	4.58399999999892	0	0
7.98799999999937	3.69999999999982	5.11000000000058	0	0
7.65500000000065	3.68499999999949	4.66400000000067	0	0
8.03700000000026	4.50799999999981	5.02000000000044	0	0
7	3.12199999999939	4.51800000000003	0	0
7.57200000000012	3.5619999999999	4.56400000000212	0	0
7.53099999999904	3.10199999999986	4.90300000000207	0	0
7.59900000000016	3.85199999999986	4.64099999999962	0	0
8.71700000000055	4.49299999999948	4.80999999999767	0	0
7.59900000000016	3.75799999999981	4.55999999999767	0	0
7.64799999999923	3.76599999999962	4.55500000000029	0	0
7.46700000000055	3.90599999999995	4.52999999999884	0	0
7.88900000000103	3.72999999999956	4.78200000000288	0	0
7.70999999999913	3.64400000000023	4.53200000000288	0	0
7.71399999999994	3.68299999999999	4.54599999999846	0	0
7.81099999999969	3.80799999999999	4.76399999999921	0	0
7.76199999999881	3.6909999999998	4.56099999999788	0	0
8.7559999999994	4.77400000000034	4.96200000000317	0	0
7.99799999999959	3.5659999999998	4.55099999999948	0	0
8.121000000001	3.68399999999929	4.81099999999788	0	0
7.83599999999933	3.67100000000028	4.55400000000009	0	0
8	3.67299999999977	4.83599999999933	0	0
7.71299999999974	3.67600000000039	4.54799999999886	0	0
8.90799999999945	4.84500000000025	4.84200000000055	0	0
8.04399999999987	3.57899999999972	4.83599999999933	0	0
8.12900000000081	3.7510000000002	4.59200000000055	0	0
8.02700000000004	3.67500000000018	4.88400000000183	0	0
7.77200000000084	3.60500000000047	4.54500000000189	0	0
7.65300000000025	3.89300000000003	4.53499999999985	0	0
7.97199999999975	3.61099999999988	4.79299999999785	0	0
7.61800000000039	3.93000000000029	4.56999999999971	0	0
7.80299999999988	3.73899999999958	4.55599999999686	0	0
8.08800000000156	3.55100000000039	4.8169999999991	0	0
7.75500000000102	3.62599999999929	4.54699999999866	0	0
8.00699999999961	3.60099999999966	4.79699999999866	0	0
7.90699999999924	3.65100000000075	4.55199999999968	0	0
7.6309999999994	3.7470000000003	4.55400000000009	0	0
7.83200000000033	3.77499999999964	4.81299999999828	0	0
7.70499999999993	3.71900000000005	4.60300000000279	0	0
8.14899999999943	3.78999999999996	4.90399999999863	0	0
8	3.59299999999985	4.83700000000317	0	0
7.88999999999942	3.70399999999972	4.56599999999889	0	0
7.9489999999987	3.66700000000037	4.87000000000262	0	0
7.59300000000076	3.875	4.55600000000049	0	0
7.66300000000047	3.80000000000018	4.53299999999945	0	0
7.97800000000097	3.61999999999989	4.80900000000111	0	0
7.79199999999946	3.58799999999974	4.54200000000128	0	0
7.65800000000127	3.72800000000007	4.52399999999761	0	0
8.08599999999933	3.7489999999998	4.83700000000317	0	0
7.85899999999856	3.72800000000007	4.84000000000015	0	0
7.54100000000108	3.88200000000052	4.57800000000134	0	0
7.90999999999985	3.75600000000031	4.8650000000016	0	0
7.62900000000081	3.6860000000006	4.53199999999924	0	0
8.11499999999978	3.50799999999981	4.80400000000009	0	0
7.85099999999875	3.52199999999993	4.64500000000044	0	0
8.02700000000004	3.64999999999964	4.90000000000146	0	0
7.84499999999935	3.80799999999999	4.55499999999665	0	0
8.00200000000041	3.75800000000072	4.89300000000003	0	0
7.72400000000016	3.85400000000027	4.55799999999726	0	0
7.82799999999952	3.66399999999976	4.55099999999948	0	0
8.12800000000061	3.72500000000036	4.80199999999968	0	0
7.79699999999866	3.59100000000035	4.53700000000026	0	0
7.82600000000093	3.77099999999973	4.87800000000061	0	0
7.65400000000045	3.67600000000039	4.53499999999985	0	0
7.73500000000058	3.83799999999974	4.53900000000067	0	0
7.99099999999999	3.57200000000012	4.8760000000002	0	0
7.65799999999945	3.80099999999948	4.55500000000029	0	0
7.28700000000026	3.52499999999964	4.84400000000096	0	0
7.8760000000002	3.54899999999998	4.55399999999645	0	0
7.70100000000093	3.71100000000024	4.54500000000189	0	0
6.72699999999895	3.13299999999981	5.0010000000002	0	0
7.13600000000042	3.22099999999955	4.78499999999985	0	0
8.51900000000023	4.41499999999996	5.06299999999828	0	0
7.77900000000045	3.84299999999985	4.50500000000102	0	0
7.89500000000044	3.64800000000014	4.69700000000012	0	0
8.1349999999984	3.63600000000042	4.82900000000154	0	0
7.6299999999992	3.75099999999929	4.51299999999901	0	0
7.68199999999888	3.79199999999946	4.46000000000276	0	0
8.10200000000077	3.65999999999985	4.82600000000093	0	0
7.72199999999975	3.68900000000031	4.5	0	0
9.08100000000013	4.8779999999997	4.79900000000271	0	0
7.42799999999988	3.78700000000026	4.5010000000002	0	0
7.84499999999935	3.37899999999991	4.84200000000055	0	0
7.72400000000016	3.8159999999998	4.51499999999942	0	0
8.07599999999911	3.73799999999937	4.79299999999785	0	0
8.15300000000025	3.68100000000049	4.8080000000009	0	0
7.53700000000026	3.82800000000043	4.53099999999904	0	0
7.85800000000017	3.76500000000033	4.88299999999799	0	0
7.67599999999948	3.71799999999985	4.50799999999799	0	0
7.87300000000141	3.83400000000074	4.78600000000006	0	0
7.81900000000132	3.8690000000006	4.79999999999927	0	0
7.74200000000019	3.64300000000003	4.56400000000212	0	0
7.87599999999838	3.77499999999964	4.53399999999965	0	0
8.03800000000047	3.48700000000008	4.91799999999785	0	0
7.6239999999998	3.78600000000006	4.58000000000175	0	0
7.58100000000013	3.61399999999958	4.48500000000058	0	0
7.93900000000031	3.67100000000028	4.75300000000061	0	0
7.95900000000074	3.83800000000065	4.51699999999983	0	0
8.11199999999917	3.86499999999978	4.76299999999901	0	0
7.73300000000017	3.76099999999951	4.50700000000143	0	0
7.64000000000124	3.76399999999921	4.5	0	0
8.11200000000099	3.72199999999975	4.95099999999729	0	0
7.66300000000047	3.71100000000024	4.51499999999942	0	0
8.21799999999894	3.72400000000016	4.9220000000023	0	0
7.91499999999905	3.66799999999967	4.84699999999793	0	0
7.71700000000055	3.8119999999999	4.51599999999962	0	0
8.06999999999971	3.85199999999986	4.8169999999991	0	0
7.05400000000009	3.21399999999994	4.56199999999808	0	0
7.84199999999873	3.78900000000067	4.62800000000061	0	0
8.28300000000127	4.16200000000026	4.90299999999843	0	0
7.67000000000007	3.48300000000017	4.59800000000178	0	0
7.625	3.60499999999956	4.63999999999942	0	0
8.09499999999935	3.76499999999942	5.01499999999942	0	0
7.66699999999946	3.7470000000003	4.5789999999979	0	0
7.878999999999	3.43599999999969	4.78899999999703	0	0
7.84799999999996	3.53999999999996	4.61599999999817	0	0
7.94599999999991	3.91199999999935	4.69000000000233	0	0
9.03900000000067	5.08399999999983	4.97899999999936	0	0
8.19100000000071	3.85800000000017	4.68799999999828	0	0
7.83899999999994	3.65700000000015	4.49299999999857	0	0
8.39499999999862	4.16499999999996	5.13100000000122	0	0
6.90300000000025	4.03600000000006	4.59599999999773	0	0
7.45199999999932	3.73899999999958	4.39900000000125	0	0
8.03899999999885	3.95699999999943	4.96700000000055	0	0
8.18399999999929	3.82999999999993	4.8660000000018	0	0
7.00799999999981	3.1880000000001	4.66900000000169	0	0
7.60099999999875	3.88600000000042	5.08699999999953	0	0
7.51800000000003	3.94499999999971	4.42400000000271	0	0
7.54900000000089	3.61200000000008	4.58500000000276	0	0
8.1299999999992	3.78999999999996	5.18000000000029	0	0
7.64300000000003	3.61300000000028	4.47799999999916	0	0
7.86800000000039	3.69600000000082	4.84600000000137	0	0
7.96600000000035	4.04600000000028	4.604000000003	0	0
7.18000000000029	3.18299999999999	4.5089999999982	0	0
7.70199999999932	3.82400000000052	4.86799999999857	0	0
7.60699999999997	3.64899999999943	4.52700000000186	0	0
8.00900000000001	3.61300000000028	4.82499999999709	0	0
7.84699999999975	3.78999999999996	4.50900000000183	0	0
7.74799999999959	3.52700000000004	4.46700000000055	0	0
8.01200000000063	3.61300000000028	4.7489999999998	0	0
7.67599999999948	3.72500000000036	4.51199999999881	0	0
8.03399999999965	3.63500000000022	4.8070000000007	0	0
7.89899999999943	3.90399999999954	4.60099999999875	0	0
7.60699999999997	3.73700000000008	4.50800000000163	0	0
8.03100000000086	3.6190000000006	4.83599999999933	0	0
7.64900000000125	3.80499999999938	4.52800000000207	0	0
7.64699999999903	3.66200000000026	4.51599999999962	0	0
8.06999999999971	3.93099999999959	4.88899999999921	0	0
7.90400000000045	3.54600000000028	4.52400000000125	0	0
7.60399999999936	3.7519999999995	4.4989999999998	0	0
7.89499999999862	3.64900000000034	4.79500000000189	0	0
7.78799999999865	3.85400000000027	4.53800000000047	0	0
7.66300000000047	3.78200000000015	4.53499999999985	0	0
8.00500000000102	3.66600000000017	4.84300000000076	0	0
7.70399999999972	3.71100000000024	4.52200000000084	0	0
7.64000000000124	3.71100000000024	4.51200000000244	0	0
8.03800000000047	3.61899999999969	4.78199999999924	0	0
7.9380000000001	3.80799999999999	4.52399999999761	0	0
7.76999999999862	3.63200000000052	4.55699999999706	0	0
8.44999999999891	3.72299999999996	5.07700000000114	0	0
7.67199999999866	3.78400000000056	4.53099999999904	0	0
7.67000000000007	3.72800000000007	4.52700000000186	0	0
8.19000000000051	3.53799999999956	4.81000000000131	0	0
7.89700000000084	3.9399999999996	4.54400000000169	0	0
7.73699999999917	3.63299999999981	4.52499999999782	0	0
8.128999999999	3.7470000000003	4.84500000000116	0	0
7.85600000000159	3.91600000000017	4.54499999999825	0	0
7.66599999999926	3.96599999999944	4.52600000000166	0	0
8.11299999999937	3.90100000000075	4.78600000000006	0	0
7.92900000000009	3.95200000000023	4.78099999999904	0	0
7.73599999999897	3.66399999999976	4.4900000000016	0	0
7.93399999999929	4.62899999999991	4.67000000000189	0	0
7.17799999999988	3.58400000000074	4.4900000000016	0	0
7.52299999999923	4.77099999999973	4.65200000000186	0	0
8.14400000000023	3.79899999999998	4.92299999999886	0	0
8.22599999999875	3.94700000000012	4.60099999999875	0	0
7.54799999999886	3.63299999999981	4.56100000000151	0	0
8.06500000000051	3.46900000000005	4.82500000000073	0	0
7.69800000000032	3.63899999999921	4.55099999999948	0	0
7.23600000000079	3.4970000000003	4.62900000000081	0	0
7.83999999999833	3.44000000000051	4.52200000000084	0	0
7.59100000000035	3.71699999999964	4.51499999999942	0	0
7.56000000000131	3.73599999999988	4.53299999999945	0	0
7.94900000000052	3.57399999999961	4.90400000000227	0	0
7.72199999999975	3.64899999999943	4.51499999999942	0	0
7.68499999999949	3.72299999999996	4.54100000000108	0	0
8.12299999999959	3.42399999999998	4.79100000000108	0	0
7.54299999999967	3.45499999999993	4.52400000000125	0	0
13.0830000000005	6.85199999999986	7.61899999999878	0	0
7.86700000000019	3.70399999999972	4.79100000000108	0	0
7.72700000000077	3.6260000000002	4.52300000000105	0	0
7.45600000000013	3.67000000000007	4.53900000000067	0	0
7.78100000000086	3.77700000000004	4.5099999999984	0	0
7.71699999999873	3.84600000000046	4.58099999999831	0	0
8.12199999999939	3.72400000000016	4.8640000000014	0	0
7.73099999999977	3.65999999999985	4.48300000000017	0	0
7.75200000000041	3.81099999999969	4.52100000000064	0	0
8.0669999999991	3.77400000000034	4.85100000000239	0	0
7.82099999999991	3.68299999999999	4.49499999999898	0	0
7.72199999999975	3.72000000000025	4.50800000000163	0	0
7.65899999999965	3.76200000000063	4.49300000000221	0	0
7.63799999999901	3.80699999999979	4.39899999999761	0	0
8.02300000000105	4.57699999999932	5.05299999999988	0	0
7.62200000000121	4.27199999999993	4.56600000000253	0	0
7.76500000000124	3.80299999999988	4.61800000000221	0	0
8.02499999999964	3.61299999999937	4.87700000000041	0	0
7.8179999999993	3.71900000000005	4.5669999999991	0	0
7.86700000000019	4.09299999999985	4.56999999999971	0	0
7.75700000000143	3.59599999999955	4.54000000000087	0	0
7.74800000000141	3.89300000000003	4.5570000000007	0	0
7.97800000000097	3.71299999999974	4.83300000000236	0	0
7.59100000000035	3.79799999999977	4.50400000000081	0	0
7.65600000000086	3.7489999999998	4.53299999999945	0	0
7.49699999999939	3.87299999999959	4.52600000000166	0	0
7.66899999999987	3.65900000000056	4.51200000000244	0	0
7.78700000000026	3.80799999999999	4.79399999999805	0	0
7.7549999999992	3.64400000000023	4.50200000000041	0	0
7.77099999999882	3.38700000000063	4.49699999999939	0	0
