10.376	4.726	13.222	0	0
13.126	13.048	12.94	0	0
11.771	7.912	11.73	0	0
9.15600000000001	4.6	9.401	0	0
8.215	2.63099999999999	9.011	0	0
9.691	4.563	8.916	0	0
11.803	7.129	9.797	0	0
10.709	7.917	11.272	0	0
10.47	6.631	10.402	0	0
11.284	7.40000000000001	10.559	0	0
9.49600000000001	4.84799999999998	10.048	0	0
11.386	7.76599999999999	12.346	0	0
11.443	6.578	12.491	0	0
8.339	2.52700000000002	9.82100000000003	0	0
8.71300000000002	5.05600000000001	11.764	0	0
7.863	3.57900000000001	7.79500000000002	0	0
9.46500000000003	3.649	10.496	0	0
16.042	16.046	11.469	0	0
18.352	12.197	17.416	0	0
10.954	8.40199999999999	11.7670000000001	0	0
10.123	7.13400000000001	11.343	0	0
10.636	6.18600000000004	10.902	0	0
9.86500000000001	4.77500000000003	9.53799999999995	0	0
10.416	7.06	10.256	0	0
9.80700000000002	4.34699999999998	10.418	0	0
10.0810000000001	5.173	10.4189999999999	0	0
10.0210000000001	4.226	10.499	0	0
16.207	15.493	10.994	0	0
22.621	15.466	18.1379999999999	0	0
9.38900000000001	5.726	9.70900000000006	0	0
12.559	11.423	10.683	0	0
9.44399999999996	3.45100000000002	11.1899999999999	0	0
8.62400000000002	3.75999999999999	8.97500000000002	0	0
11.952	8.46699999999998	10.6650000000001	0	0
10.242	5.94100000000003	9.87199999999996	0	0
11.7520000000001	9.00800000000004	9.78100000000006	0	0
10.7610000000001	7.702	9.68799999999999	0	0
12.083	8.279	10.447	0	0
8.67999999999995	2.94899999999996	8.98900000000003	0	0
9.24199999999996	4.59400000000005	7.77299999999991	0	0
10.593	5.43799999999999	10.461	0	0
9.45699999999999	2.91600000000005	10.6180000000001	0	0
12.202	8.12	11.6279999999999	0	0
15.991	14.811	10.4580000000001	0	0
13.047	11.071	9.81100000000004	0	0
10.803	7.85699999999997	9.375	0	0
13.7089999999999	9.92499999999995	11.806	0	0
9.14200000000005	2.73700000000008	8.98200000000008	0	0
13.702	11.449	10.337	0	0
12.9099999999999	12.5369999999999	12.034	0	0
9.07199999999989	6.49399999999991	8.65499999999997	0	0
8.44799999999987	2.92099999999994	8.22000000000014	0	0
9.79999999999995	5.745	11.127	0	0
12.086	7.86400000000003	9.18299999999999	0	0
11.521	5.42100000000005	10.777	0	0
10.0070000000001	4.10900000000004	9.4369999999999	0	0
10.8760000000002	5.95799999999997	9.82999999999993	0	0
10.653	7.35599999999999	10.1199999999999	0	0
9.30999999999995	3.55899999999997	9.54700000000003	0	0
9.346	5.32399999999996	10.741	0	0
13.0659999999998	9.69200000000001	10.422	0	0
11.7610000000002	6.96600000000001	9.66500000000019	0	0
11.0899999999999	7.27199999999993	10.6460000000002	0	0
9.82099999999991	6.97399999999993	10.6410000000001	0	0
8.83799999999997	3.423	11.413	0	0
9.51999999999998	3.4079999999999	10.127	0	0
10.144	5.60400000000004	10.3199999999999	0	0
9.71299999999997	4.27599999999995	10.3490000000002	0	0
20.7090000000001	10.818	19.5	0	0
9.9559999999999	4.61700000000008	10.492	0	0
9.03899999999999	3.95100000000002	10.49	0	0
9.15200000000004	4.39599999999996	9.875	0	0
9.923	5.71600000000001	11.3819999999998	0	0
11.529	7.46299999999997	10.3230000000001	0	0
9.31099999999992	4.76199999999994	9.00800000000004	0	0
10.1799999999998	7.39300000000014	9.80099999999993	0	0
9.74600000000009	6.31400000000008	8.61500000000001	0	0
11.501	8.79600000000005	10.325	0	0
15.7660000000001	16.1200000000001	11.4970000000001	0	0
9.51800000000003	4.21900000000005	9.89199999999983	0	0
8.87599999999998	2.72200000000021	11.8050000000001	0	0
9.03399999999988	2.80600000000004	10.4450000000002	0	0
9.4860000000001	2.73700000000008	10.432	0	0
14.5160000000001	12.019	10.2700000000002	0	0
11.5649999999998	7	11.4590000000001	0	0
9.03999999999996	3.96000000000004	8.74399999999991	0	0
12.971	11.722	10.0220000000002	0	0
15.0170000000001	12.6600000000001	10.5360000000001	0	0
11.6099999999999	7.71299999999997	9.04899999999998	0	0
9.81999999999994	5.30499999999984	10.751	0	0
10.097	7.70399999999995	9.05400000000009	0	0
9.00099999999998	5.09199999999987	9.14699999999993	0	0
10.6759999999999	7.56700000000001	9.94499999999994	0	0
13.886	12.693	11.2450000000001	0	0
9.25799999999981	3.91499999999996	10.8880000000001	0	0
8.98399999999992	3.28300000000013	8.13099999999986	0	0
10.6759999999999	5.23300000000017	10.5249999999999	0	0
9.80999999999995	3.82100000000014	8.50400000000013	0	0
9.70499999999993	5.0630000000001	12.4009999999998	0	0
11.8139999999999	8.64699999999993	9.13499999999999	0	0
15.7659999999996	15.4390000000001	10.778	0	0
15.3980000000001	14.877	11.443	0	0
11.7979999999998	11.623	9.76400000000012	0	0
9.8149999999996	3.58699999999999	9.68799999999987	0	0
11.0249999999996	7.44499999999994	10.454	0	0
10.299	7.29099999999994	8.31700000000001	0	0
10.384	6.40700000000015	9.64599999999973	0	0
11.1480000000001	6.95399999999995	9.71599999999989	0	0
8.69799999999987	3.16599999999994	10.0530000000003	0	0
9.03400000000011	5.27399999999989	9.3779999999997	0	0
17.3150000000001	16.9620000000002	12.3789999999999	0	0
11.4569999999999	7.10100000000011	9.02299999999968	0	0
9.5010000000002	3.7940000000001	8.07600000000002	0	0
13.5650000000001	15.797	10.5940000000001	0	0
8.97299999999996	2.96100000000001	10.3099999999999	0	0
10.4159999999997	7.38299999999981	8.43899999999985	0	0
9.66499999999996	5.13099999999986	9.63299999999981	0	0
9.52000000000044	3.49800000000005	9.94599999999991	0	0
8.94700000000012	4.63300000000004	9.25300000000016	0	0
12.6400000000003	10.9759999999999	10.0069999999996	0	0
9.12300000000005	3.86400000000003	9.72199999999975	0	0
11.3320000000003	9.91499999999996	10.3589999999999	0	0
12.4940000000001	8.85799999999995	10.7769999999996	0	0
8.73500000000013	2.26200000000017	9.91899999999987	0	0
9.14799999999968	3.11900000000014	10.5369999999998	0	0
9.28600000000006	3.97400000000016	9.45499999999993	0	0
13.0549999999998	9.69699999999989	11.2719999999999	0	0
10.5239999999999	4.64200000000005	10.375	0	0
9.42900000000009	3.79300000000012	9.90700000000015	0	0
11.4369999999999	6.23099999999999	10.8829999999998	0	0
10.3559999999998	4.81899999999996	10.2549999999997	0	0
11.5220000000004	8.87200000000007	11.288	0	0
8.904	3.22600000000011	9.03399999999965	0	0
10.8610000000003	6.16500000000019	10.0990000000002	0	0
11.6439999999998	8.67499999999995	9.80899999999974	0	0
9.10000000000036	3.63499999999999	10.2339999999999	0	0
7.95599999999968	3.16700000000014	8.4050000000002	0	0
12.0069999999996	7.11599999999999	12.6979999999999	0	0
12.3890000000001	9.69100000000003	12.636	0	0
10.2419999999997	7.81899999999996	9.77399999999989	0	0
10.2780000000002	6.43500000000017	8.66599999999971	0	0
12.3800000000001	12.836	9.94100000000026	0	0
11.681	10.6190000000001	10.8070000000002	0	0
9.39400000000023	4.87100000000009	10.4640000000004	0	0
8.94799999999987	3.82099999999991	8.86999999999989	0	0
10.587	7.2650000000001	10.5529999999999	0	0
8.77700000000004	2.55400000000009	9.25	0	0
9.26900000000023	5.36800000000017	8.54700000000003	0	0
9.00499999999965	3.70699999999988	9.80999999999995	0	0
10.326	6.60300000000007	9.43899999999985	0	0
8.63799999999992	4.5619999999999	9.88500000000022	0	0
10.2560000000003	6.69300000000021	10.3899999999999	0	0
8.58000000000038	3.18099999999959	10.2339999999999	0	0
12.337	8.24699999999984	11.4369999999999	0	0
12.877	11.5819999999999	11.4000000000001	0	0
9.69500000000016	4.61499999999978	9.60400000000027	0	0
10.683	6.25700000000006	10.2429999999999	0	0
11.7080000000001	11.049	10.598	0	0
10.8379999999997	8.76299999999992	9.32299999999987	0	0
9.57500000000027	3.84899999999971	10.2079999999996	0	0
11.0759999999996	7.45399999999972	9.92999999999984	0	0
10.3409999999999	5.64699999999993	10.2510000000002	0	0
10.1279999999997	4.85400000000027	11.0609999999997	0	0
10.2860000000001	6.26600000000008	10.2269999999999	0	0
10.5949999999998	7.2510000000002	8.59400000000005	0	0
10.9340000000002	7.19900000000007	9.52100000000019	0	0
11.0010000000002	7.61599999999999	9.65499999999975	0	0
12.5329999999999	9.30700000000024	11.3090000000002	0	0
19.4090000000001	8.42099999999982	19.373	0	0
11.779	6.90199999999959	11.7570000000001	0	0
14.8270000000002	14.9259999999999	11.8070000000002	0	0
9.94899999999961	4.17500000000018	10.7040000000002	0	0
8.55600000000004	2.43600000000015	9.09500000000025	0	0
11.6530000000002	6.22499999999991	12.4059999999999	0	0
9.49299999999994	4.19900000000007	10.3049999999998	0	0
8.81899999999996	3.79100000000017	10.0729999999999	0	0
12.502	12.203	12.7370000000001	0	0
7.58400000000029	1.82200000000012	9.17200000000003	0	0
12.3969999999999	9.22499999999991	11.3539999999998	0	0
11.3179999999998	7.42799999999988	11.864	0	0
12.127	8.02300000000014	11.2090000000003	0	0
10.6750000000002	7.61200000000008	10.2719999999999	0	0
10.4460000000004	5.20900000000029	10.616	0	0
10.2139999999999	6.39499999999998	9.11299999999983	0	0
11.3520000000003	6.82200000000012	10.3050000000003	0	0
11.4949999999999	8.26400000000012	10.998	0	0
10.1849999999999	5.98999999999978	9.73199999999997	0	0
10.915	6.27600000000029	9.66399999999976	0	0
10.1660000000002	5.52100000000019	9.54599999999982	0	0
13.8450000000003	11.7829999999999	12.4059999999999	0	0
9.11900000000014	5.11200000000008	9.17200000000003	0	0
9.49800000000005	3.19399999999996	9.86000000000013	0	0
10.723	6.20899999999983	9.64899999999989	0	0
14.1030000000001	13.9210000000003	10.9650000000001	0	0
9.20700000000033	4.29799999999977	10.4169999999999	0	0
9.46199999999953	2.91900000000032	9.92700000000013	0	0
9.15500000000065	4.10399999999981	10.3559999999998	0	0
9.61699999999928	4.41699999999992	9.05499999999984	0	0
12.0060000000003	7.49099999999999	9.21500000000015	0	0
9.11699999999928	5.84700000000021	8.7170000000001	0	0
9.95300000000043	4.80499999999984	9.70299999999997	0	0
11.9080000000004	9.0600000000004	11.23	0	0
12.2330000000002	10.9940000000001	10.1660000000002	0	0
10.4560000000001	4.70299999999997	9.98900000000003	0	0
19.4679999999998	21.4979999999996	13.3980000000001	0	0
9.55299999999988	5.87800000000016	9.81600000000026	0	0
11.8770000000004	10.652	11.2750000000001	0	0
9.48300000000017	3.25500000000011	11.2849999999999	0	0
14.4139999999998	11.9920000000002	10.8249999999998	0	0
11.3000000000002	6.89199999999983	9.33199999999988	0	0
12.5950000000003	9.45800000000008	9.08500000000004	0	0
9.22500000000036	2.95800000000008	10.0129999999999	0	0
10.8190000000004	5.50500000000011	9.21499999999924	0	0
11.2190000000001	7.16000000000031	11.1979999999994	0	0
11.6300000000001	6.88000000000011	10.732	0	0
13.0039999999999	7.81500000000005	10.4299999999994	0	0
13.0970000000007	10.2080000000001	10.2389999999996	0	0
12.2089999999998	10.9680000000003	11.4009999999998	0	0
9.88000000000011	4.28099999999995	9.63600000000042	0	0
9.08799999999974	5.95000000000027	9.15900000000056	0	0
9.63400000000001	2.72200000000021	9.89600000000064	0	0
9	3.02300000000014	8.90400000000045	0	0
13.8279999999995	10.7930000000001	10.6229999999996	0	0
8.93599999999969	2.17200000000003	9.82699999999932	0	0
10.027	4.70499999999993	8.88999999999942	0	0
11.7640000000001	6.7510000000002	10.1450000000004	0	0
12.3800000000001	8.19499999999971	8.26400000000012	0	0
9.08899999999994	5.50500000000011	9.31099999999969	0	0
11.2309999999998	6.20299999999997	10.0230000000001	0	0
10.3520000000008	4.26099999999997	11.5880000000006	0	0
8.78999999999996	4.87899999999991	8.80299999999988	0	0
9.07499999999982	3.61099999999988	9.57899999999972	0	0
7.45900000000074	2.51099999999997	8.93299999999999	0	0
11.4129999999996	5.44399999999996	11.009	0	0
8.82700000000023	2.13500000000022	8.46100000000024	0	0
8.32899999999972	2.69999999999982	9.91499999999996	0	0
10.4989999999998	5.92799999999988	9.22599999999966	0	0
9.11599999999999	2.82799999999997	10.174	0	0
11.4880000000003	7.4340000000002	9.59500000000025	0	0
16.3800000000001	14.9740000000002	11.5029999999997	0	0
10.2920000000004	4.83300000000008	10.085	0	0
10.7860000000001	6.59000000000015	11.3730000000005	0	0
13.8280000000004	12.018	10.0569999999998	0	0
11.6370000000006	7.49600000000009	10.7860000000001	0	0
9.49600000000009	5.66199999999981	8.80500000000029	0	0
10.5680000000002	6.17499999999973	10.5619999999999	0	0
8.70699999999943	3.5630000000001	10.8870000000006	0	0
10.5929999999998	5.71000000000004	12.0689999999995	0	0
8.97499999999945	4.33300000000008	9.72200000000066	0	0
11.4679999999998	7.02799999999979	10.4829999999993	0	0
12.692	11.2979999999998	11.3000000000002	0	0
8.95899999999983	2.65900000000011	8.5010000000002	0	0
10.2910000000002	5.58899999999994	9.14900000000034	0	0
9.14199999999983	2.51099999999997	9.60600000000068	0	0
11.5880000000006	7.08600000000024	9.83500000000004	0	0
11.2070000000003	6.15999999999985	9.70900000000074	0	0
12.8520000000008	8.98900000000003	9.42399999999998	0	0
8.89999999999964	4.279	8.40499999999975	0	0
8.6230000000005	2.23700000000008	8.99799999999959	0	0
9.61200000000008	4.08300000000008	9.66299999999956	0	0
11.6170000000002	7.58399999999983	10.8519999999999	0	0
19.3190000000004	19.6570000000002	10.835	0	0
9.63799999999992	4.95800000000008	9.39599999999973	0	0
13.1760000000004	10.98	10.1899999999996	0	0
13.9469999999992	11.5059999999999	10.3810000000003	0	0
11.009	5.904	9.98700000000008	0	0
11.3650000000007	8.21399999999994	11.5140000000001	0	0
11.152	7.01299999999992	10.6590000000006	0	0
10.2719999999999	7.47800000000007	9.64100000000053	0	0
12.1700000000001	10.7939999999999	11.1300000000001	0	0
8.8119999999999	3.68299999999999	9.77900000000045	0	0
14.8920000000007	14.277	12.3060000000005	0	0
10.0739999999996	6.42399999999998	10.4039999999995	0	0
10.1260000000002	6.45799999999963	10.9520000000002	0	0
11.0100000000002	7.38699999999972	10.75	0	0
12.7639999999992	9.20699999999988	11.8540000000003	0	0
8.65800000000036	2.79599999999982	7.70499999999993	0	0
9.14100000000053	2.91200000000026	10.8989999999994	0	0
8.8139999999994	3.58899999999994	9.6880000000001	0	0
8.9980000000005	3.13299999999981	9.85800000000017	0	0
11.1300000000001	6.87199999999984	8.75	0	0
11.7020000000002	6.47299999999996	11.2889999999998	0	0
10.8560000000007	5.52399999999989	10.2860000000001	0	0
12.1599999999999	8.59899999999971	9.19300000000021	0	0
13.518	14.0509999999999	11.3409999999994	0	0
12.0780000000004	8.92000000000007	8.98900000000049	0	0
10.3270000000002	5.81500000000005	9.9970000000003	0	0
9.81700000000001	4.19500000000016	10.7520000000004	0	0
11.451	8.29700000000003	11.7339999999995	0	0
11.3330000000005	7.99099999999999	9.62700000000041	0	0
11.7650000000003	9.96299999999974	10.0100000000002	0	0
10.8519999999999	5.49600000000009	8.59700000000066	0	0
12.9179999999997	7.92999999999984	10.7050000000008	0	0
10.1099999999997	6.30400000000009	8.17799999999988	0	0
9.92600000000039	4.57399999999961	9.00399999999991	0	0
16.0389999999998	14.6939999999995	10.2650000000003	0	0
8.70899999999983	2.42200000000048	8.72400000000016	0	0
10.1350000000002	4.71700000000055	9.70799999999963	0	0
10.3450000000003	6.60800000000017	9.00500000000011	0	0
9.77300000000014	3.64800000000014	10.3389999999999	0	0
10.9109999999991	6.99600000000009	9.76500000000033	0	0
10.9070000000002	6.8100000000004	11.2119999999995	0	0
12.1490000000003	9.35599999999977	9.8090000000002	0	0
14.0679999999993	14.085	10.6500000000005	0	0
12.7340000000004	10.7839999999997	11.0249999999996	0	0
9.88600000000042	4.40299999999934	12.8199999999997	0	0
9.88799999999992	6.62899999999991	9.22000000000025	0	0
9.53700000000026	4.22900000000027	10.1890000000003	0	0
11.1019999999999	7.24299999999948	9.38499999999931	0	0
9.72500000000036	5.73599999999988	9.61599999999999	0	0
9.55299999999988	7.96500000000015	9.10300000000007	0	0
10.3549999999996	7.38500000000022	9.34699999999975	0	0
11.1019999999999	7.96699999999964	9.52399999999943	0	0
11.1759999999995	4.96199999999953	12.5230000000001	0	0
11.4889999999996	8.68599999999969	10.8369999999995	0	0
11.4740000000002	6.44200000000001	11.2769999999991	0	0
13.9050000000007	11.5499999999993	9.29699999999957	0	0
12.75	10.393	10.6140000000005	0	0
10.3319999999994	7.50399999999991	9.88900000000012	0	0
10.1000000000004	4.02299999999923	9.60100000000057	0	0
8.65099999999984	3.05300000000079	10.3829999999998	0	0
11.2910000000002	7.27599999999984	10.3550000000005	0	0
10.2460000000001	6.32899999999972	10.0450000000001	0	0
10.7440000000006	7.51299999999992	9.64699999999993	0	0
8.45000000000073	3.66200000000026	9.14300000000003	0	0
9.69599999999991	4.82000000000062	8.54999999999927	0	0
10.9929999999995	7.99799999999959	9.86200000000008	0	0
13.5250000000005	9.77099999999973	11.6209999999992	0	0
9.48999999999978	5.41499999999996	9.99099999999999	0	0
10.5060000000003	7.39600000000064	10.6790000000001	0	0
9.51100000000042	3.13600000000042	9.67599999999948	0	0
13.8289999999997	12.3909999999996	11.3630000000003	0	0
11.8499999999995	10.0240000000003	9.28899999999976	0	0
11.5379999999996	9.91299999999956	10.4700000000003	0	0
10.902	6.41899999999987	9.41999999999916	0	0
9.49799999999959	4.27599999999984	10.9539999999997	0	0
19.8780000000006	20.1030000000001	11.0019999999995	0	0
11.0119999999997	7.41499999999996	8.82800000000043	0	0
11.1379999999999	7.29899999999998	9.88600000000042	0	0
9.65300000000025	4.30600000000049	9.49499999999989	0	0
9.32200000000012	3.37099999999919	11.6580000000004	0	0
9.95600000000013	6.84000000000015	9.92100000000028	0	0
8.15399999999954	3.85199999999986	8.86200000000008	0	0
13.2109999999993	12.5410000000002	11.2600000000002	0	0
11.5170000000007	10.6800000000003	9.62700000000041	0	0
10.8069999999998	4.64400000000023	9.75900000000001	0	0
8.13400000000001	3.67999999999938	8.84799999999996	0	0
10.2370000000001	4.92900000000009	11.2560000000003	0	0
8.19699999999921	2.3739999999998	9.71100000000024	0	0
9.11700000000019	4.86800000000039	10.5910000000003	0	0
9.60199999999986	5.88799999999992	9.95600000000013	0	0
8.96399999999994	2.8769999999995	9.53999999999996	0	0
8.52800000000025	2.9350000000004	8.86200000000008	0	0
10.5509999999995	6.70000000000073	9.90100000000075	0	0
9.18599999999969	3.47399999999925	9.47400000000016	0	0
9.28499999999985	4.57299999999941	9.80799999999999	0	0
13.768	12.0300000000007	9.88400000000001	0	0
11.317	7.06999999999971	9.1860000000006	0	0
8.48700000000008	3.41800000000057	8.74000000000069	0	0
9.85000000000036	5.89200000000073	10.3000000000002	0	0
10.4769999999999	7.28500000000076	8.6860000000006	0	0
9.13000000000011	4.72700000000077	9.35499999999956	0	0
10.5069999999996	6.1840000000002	9.39699999999993	0	0
10.3770000000004	7.99900000000071	10.3770000000004	0	0
9.36399999999958	5.17299999999977	9.5619999999999	0	0
8.29799999999977	2.70399999999972	9.01499999999942	0	0
8.56400000000031	2.7489999999998	9.15099999999984	0	0
10.1260000000002	6.04799999999977	10.4220000000005	0	0
9.26500000000033	5.16200000000026	9.71700000000055	0	0
10.1180000000004	4.65400000000045	9.13900000000012	0	0
8.64300000000003	4.90300000000025	8.81400000000031	0	0
12.7669999999998	9.63699999999972	10.8429999999998	0	0
10.2910000000002	5.94499999999971	10.7579999999998	0	0
10.3820000000005	5.68000000000029	10.3779999999997	0	0
13.6329999999998	12.2139999999999	9.875	0	0
11.692	8.22699999999986	9.66899999999987	0	0
10.2819999999992	6.68099999999959	9.19300000000021	0	0
9.98900000000049	5.32899999999972	10.3329999999996	0	0
9.57600000000002	4.88899999999921	9.16299999999956	0	0
9.55999999999949	4.96600000000035	10.3719999999994	0	0
8.8690000000006	3.39199999999983	9.55400000000009	0	0
16.6139999999996	15.3760000000002	11.8250000000007	0	0
12.3629999999994	9.46900000000005	10.3869999999997	0	0
11.4750000000004	6.64800000000014	10.7199999999993	0	0
15.7690000000002	15.0379999999996	10.5870000000004	0	0
8.7529999999997	3.00200000000041	9.36099999999988	0	0
12.7039999999997	10.8209999999999	11.6090000000004	0	0
11.9059999999999	7.83500000000004	10.7529999999997	0	0
10.0469999999996	4.33799999999974	10.375	0	0
9.27499999999964	3.63700000000063	9.74200000000019	0	0
11.9669999999996	7.40700000000015	10.6860000000006	0	0
11.3319999999994	8.57800000000043	10.2910000000002	0	0
14.5640000000003	10.7779999999993	11.4009999999998	0	0
9.72400000000016	4.10500000000047	10.4660000000003	0	0
9.003999999999	4.93299999999999	8.79200000000037	0	0
8.69499999999971	3.13400000000001	9.29200000000037	0	0
9.4489999999987	5.28899999999976	8.30299999999988	0	0
9.77199999999903	5.73300000000017	10.2969999999996	0	0
13.1569999999992	9.86100000000079	8.57699999999932	0	0
11.1090000000004	8.14199999999983	9.97800000000007	0	0
12.4380000000001	7.77700000000004	9.77399999999943	0	0
10.759	7.33500000000004	9.13600000000042	0	0
12.348	10.6379999999999	10.0499999999993	0	0
22.012999999999	26.1329999999998	12.8640000000005	0	0
9.36800000000039	5.11500000000069	9.83799999999974	0	0
10.4159999999993	5.04899999999998	10.75	0	0
9.57699999999932	4.72400000000016	10.0210000000006	0	0
10.5969999999998	4.89499999999953	11.7259999999997	0	0
17.9560000000001	18.0010000000002	10.6270000000004	0	0
10.3320000000003	5.33799999999974	9.92100000000028	0	0
10.0049999999992	4.69200000000001	10.607	0	0
10.6170000000002	5.04399999999987	11.491	0	0
9.86399999999958	3.14599999999973	11.4489999999996	0	0
11.0010000000002	7.25600000000031	10.3139999999994	0	0
11.3439999999991	6.58600000000024	11.25	0	0
18.7020000000011	10.973	19.875	0	0
8.81800000000112	4.82600000000002	9.07600000000002	0	0
9.128999999999	5.6909999999998	10.1049999999996	0	0
9.9380000000001	4.01299999999992	9.74399999999969	0	0
9.18100000000049	4.28200000000015	10.25	0	0
10.3590000000004	6.56899999999951	8.71700000000055	0	0
10.1350000000002	5.36700000000019	10.7390000000005	0	0
9.52400000000125	4.41399999999976	9.75799999999981	0	0
8.88999999999942	3.88200000000052	10.6030000000001	0	0
12.628999999999	10.0129999999999	10.3940000000002	0	0
11.1700000000001	7.53799999999956	11.6980000000003	0	0
13.491	10.1019999999999	10.9350000000004	0	0
10.8490000000002	8	9.93299999999999	0	0
9.51200000000063	3.3100000000004	8.70299999999952	0	0
11.7399999999998	6.52099999999973	8.89899999999943	0	0
11.7820000000011	7.10499999999956	10.9750000000004	0	0
11.3769999999986	7.44200000000001	9.73299999999836	0	0
13.0049999999992	11.6980000000003	11.3549999999996	0	0
12.1710000000003	8.54400000000078	8.88899999999921	0	0
10.0789999999997	6.1899999999996	10.0649999999987	0	0
9.42900000000009	4.34199999999964	8.64100000000144	0	0
9.21900000000096	3.44500000000062	10.2659999999996	0	0
9.05600000000049	3.24299999999948	10.2580000000016	0	0
10.2690000000002	4.88699999999972	9.38999999999942	0	0
10.978000000001	5.98099999999977	9.89300000000003	0	0
9.70499999999993	5.22699999999986	9.70900000000074	0	0
9.94800000000032	6.70200000000023	10.8430000000008	0	0
10.0720000000001	5.35800000000017	9.55299999999988	0	0
10.7330000000002	5.04899999999998	9.89800000000105	0	0
9.44599999999991	3.90800000000036	9.94399999999951	0	0
9.79800000000068	4.7529999999997	9.6820000000007	0	0
8.82200000000012	3.76800000000003	9.75299999999879	0	0
10.7160000000003	6.34799999999996	10.6959999999999	0	0
8.52999999999884	2.5590000000002	9.57999999999993	0	0
9.28299999999945	3.42800000000079	11.003999999999	0	0
8.78299999999945	3.11299999999937	9.97600000000057	0	0
11.0429999999997	6.72400000000016	11.1280000000006	0	0
18.7400000000016	19.4660000000003	10.4539999999997	0	0
17.6979999999985	16.7599999999993	11.5049999999992	0	0
12.375	11.2809999999999	10.9179999999997	0	0
10.7240000000002	4.94499999999971	10.3189999999995	0	0
9.72000000000116	4.54399999999987	9.26699999999983	0	0
10.2459999999992	3.11200000000008	9.77700000000004	0	0
9.94100000000071	5.13100000000031	10.4230000000007	0	0
10.482	5.05299999999988	12.098	0	0
10.6610000000001	6.76499999999942	9.13999999999942	0	0
10.6679999999997	4.52999999999975	10.8889999999992	0	0
10.7060000000001	7.27399999999943	9.82500000000073	0	0
9.89900000000125	4.1260000000002	9.05899999999929	0	0
11.2440000000006	9.21799999999985	10.273000000001	0	0
8.92199999999866	2.82000000000062	9.63999999999942	0	0
11.223	8.73599999999988	10.9989999999998	0	0
10.3500000000004	5.54100000000017	11.723	0	0
11.1629999999986	7.63299999999981	9.80500000000029	0	0
11.737000000001	6.70499999999993	11.9929999999986	0	0
8.77899999999863	4.66399999999976	8.96299999999974	0	0
9.70800000000054	3.68299999999999	12.2639999999992	0	0
8.17100000000028	4.69400000000041	9.24099999999999	0	0
9.45900000000074	6.21900000000005	10.6950000000015	0	0
8.19000000000051	4.79500000000007	8.24799999999959	0	0
8.34799999999996	3.4380000000001	8.88800000000083	0	0
10.8340000000007	10.1910000000007	9.49099999999999	0	0
9.90400000000045	6.05499999999938	10.1100000000006	0	0
10.4099999999999	7.02199999999993	8.95700000000033	0	0
9.96199999999953	6.18499999999949	10.0390000000007	0	0
9.72299999999996	4.94600000000082	10.3320000000003	0	0
10.7880000000005	7.07299999999941	11.0850000000009	0	0
9.29700000000048	3.7480000000005	9.22500000000036	0	0
10.2800000000007	4.72500000000036	10.3330000000005	0	0
9.42499999999927	4.71100000000024	10.268	0	0
12.3279999999995	8.52900000000045	9.12900000000081	0	0
10.9480000000003	6.33199999999943	8.92699999999968	0	0
11.8369999999995	9.02000000000044	11.8999999999996	0	0
11.8230000000003	8.18399999999929	10.2960000000003	0	0
10.5319999999992	5.82999999999993	9.93899999999849	0	0
9.24799999999959	4.66300000000047	11.125	0	0
10.8449999999993	6.8100000000004	9.82200000000012	0	0
10.887999999999	6.8159999999998	9.45799999999872	0	0
10.4560000000001	5.93199999999979	11.2540000000008	0	0
9.67599999999948	5.52999999999975	8.96000000000095	0	0
11.5990000000002	8.12299999999959	10.0819999999985	0	0
10.7199999999993	7.16400000000067	9.51000000000022	0	0
10.4590000000007	5.26000000000022	9.6359999999986	0	0
8.90099999999984	3.05799999999999	10.0720000000001	0	0
9.9890000000014	4.49200000000019	10.8269999999993	0	0
10.9099999999999	8.05300000000079	10.4199999999983	0	0
10.6530000000002	4.87800000000061	9.625	0	0
12.5460000000003	9.43199999999979	11.2669999999998	0	0
11.8599999999988	9.05000000000018	11.027	0	0
9.66699999999946	7.35900000000038	9.57600000000093	0	0
14.0900000000001	12.5680000000002	12.6700000000001	0	0
10.0650000000005	5.70499999999993	11.728000000001	0	0
9.35499999999956	4.28600000000006	11.1350000000002	0	0
9.08600000000115	3.13500000000022	10.3449999999993	0	0
12.4499999999989	10.7259999999997	10.9930000000004	0	0
9.71399999999994	6.07999999999993	10.3199999999997	0	0
9.89800000000105	3.76200000000063	11.4759999999987	0	0
11.3069999999989	7.44499999999971	10.2980000000007	0	0
8.54999999999927	3.55199999999968	10.7600000000002	0	0
8.98500000000058	4.32000000000062	10.905999999999	0	0
8.70600000000013	3.4970000000003	9.72799999999916	0	0
12.223	11.5559999999996	10.4449999999997	0	0
12.7960000000003	9.85599999999977	12.0479999999989	0	0
12.2600000000002	11.3609999999999	11.268	0	0
8.97499999999854	3.51999999999953	9.91899999999987	0	0
8.90200000000004	2.95000000000073	9.0570000000007	0	0
10.5820000000003	5.16000000000076	11.4719999999998	0	0
9.51499999999942	4.08200000000033	10.0109999999986	0	0
10.4359999999997	5.77199999999993	9.59599999999955	0	0
8.63000000000102	4.41799999999967	10.5550000000003	0	0
10.875	7.26000000000022	10.9359999999997	0	0
13.0510000000013	9.94999999999982	11.9129999999986	0	0
10.2729999999992	6.25800000000072	10.521999999999	0	0
11.3790000000008	8.9369999999999	10.237000000001	0	0
15.4850000000006	14.1689999999999	11.2479999999996	0	0
10.0300000000007	4.40200000000004	10.7259999999987	0	0
10.3919999999998	7.01599999999962	10.3580000000002	0	0
8.44900000000052	2.06099999999969	11.3770000000004	0	0
9.378999999999	3.20399999999972	10.3510000000006	0	0
11.1150000000016	6.77400000000034	10.280999999999	0	0
10.3260000000009	5.95799999999963	12.6910000000007	0	0
10.3090000000011	6.79399999999987	10.9220000000005	0	0
9.4320000000007	2.72599999999966	10.0750000000007	0	0
8.9330000000009	3.71899999999914	9.12300000000141	0	0
12.0630000000001	10.4839999999995	9.48199999999997	0	0
12.5469999999987	8.01000000000022	10.2919999999995	0	0
9.25900000000001	2.51199999999972	9.97599999999875	0	0
11.1310000000012	6.77299999999923	10.3790000000008	0	0
12.2479999999996	9.7470000000003	11.3359999999993	0	0
16.598	15.6800000000003	12.0969999999998	0	0
9.13700000000063	4.45800000000054	8.50600000000122	0	0
8.71000000000095	2.38299999999981	9.65200000000004	0	0
10.6869999999999	7.21599999999944	9.13600000000042	0	0
9.62700000000041	4.52199999999993	8.54000000000087	0	0
12.1170000000002	12.3580000000002	9.19300000000112	0	0
9.54600000000028	5.23000000000047	9.73700000000099	0	0
10.9130000000005	6.00399999999991	9.06400000000031	0	0
12.514000000001	7.03300000000036	10.9169999999995	0	0
8.28499999999985	4.30499999999938	7.90200000000004	0	0
12.3649999999998	9.83200000000033	10.8259999999991	0	0
9.25400000000081	4.37899999999991	10.0910000000003	0	0
11.3189999999995	8.60300000000007	10.2209999999995	0	0
8.88500000000022	5.32000000000062	9.98799999999937	0	0
10.7209999999995	5.37100000000009	9.2609999999986	0	0
10.7610000000004	6.74300000000039	10.3880000000008	0	0
10.1679999999997	4.9399999999996	12.4459999999999	0	0
8.39200000000164	5.06899999999951	7.8739999999998	0	0
8.80400000000009	3.13000000000011	8.49699999999939	0	0
9.56899999999951	4.81700000000001	9.28199999999924	0	0
10.3540000000012	4.78600000000006	10.9330000000009	0	0
15.3249999999989	13.7660000000005	11.6179999999986	0	0
8.91300000000047	3.53300000000036	9.71999999999935	0	0
8.88400000000001	3.7489999999998	9.71099999999933	0	0
12.7600000000002	10.009	10.6630000000005	0	0
10.7799999999988	6.55999999999949	10.0229999999992	0	0
9.3239999999987	4.09499999999935	10.1880000000001	0	0
8.34499999999935	4.30599999999959	8.93499999999949	0	0
9.39300000000003	4.09400000000005	11.0939999999991	0	0
8.85800000000017	4.15099999999984	8.34400000000096	0	0
8.77400000000125	2.23700000000008	9.47200000000157	0	0
10.4759999999987	5.36599999999999	9.08499999999913	0	0
9.74200000000019	5.92100000000028	9.45700000000033	0	0
8.48899999999958	3.48199999999997	10.4979999999996	0	0
9.20600000000013	3.98400000000038	10.6539999999986	0	0
11.3880000000008	8.20700000000033	10.2759999999998	0	0
10.134	6.60300000000007	10.5919999999987	0	0
8.03399999999965	2.28099999999995	9.29700000000048	0	0
11.8540000000012	7.09400000000005	11.5139999999992	0	0
10.973	6.94200000000001	11.6229999999996	0	0
8.84500000000116	4.47000000000025	9.96000000000095	0	0
8.49599999999919	3.35599999999977	9.23199999999997	0	0
9.53399999999965	3.28899999999976	10.0619999999999	0	0
11.8459999999995	9.14400000000023	10.1229999999996	0	0
10.5159999999996	5.27100000000064	9.94700000000012	0	0
10.139000000001	5.5659999999998	11.2300000000014	0	0
9.12299999999959	3.3179999999993	10.393	0	0
10.887999999999	5.24299999999948	9.73500000000058	0	0
12.030999999999	6.11599999999999	11.6769999999997	0	0
10.009	7.27400000000034	8.83400000000074	0	0
9.11999999999898	3.98100000000068	10.7929999999997	0	0
8.67100000000028	3.02899999999954	8.69900000000052	0	0
12.0709999999999	8.23800000000028	11.6740000000009	0	0
15.2639999999992	16.3100000000004	11.7819999999992	0	0
9.28800000000047	5.53800000000047	10.0149999999994	0	0
11.5239999999994	7.83299999999963	10.371000000001	0	0
10.6039999999994	6.63000000000011	9.62900000000081	0	0
11.6890000000003	7.99099999999999	11.1960000000017	0	0
13.7360000000008	10.3310000000001	11.1900000000005	0	0
8.89400000000023	2.51899999999932	9.08300000000054	0	0
13.2289999999994	8.22900000000027	10.982	0	0
8.52099999999882	2.15200000000004	9.91599999999926	0	0
11.0060000000012	8.42699999999968	9.84400000000096	0	0
11.8400000000001	7.52199999999993	9.46799999999894	0	0
10.3809999999994	4.42699999999968	11.6049999999996	0	0
9.15000000000146	5.20399999999972	10.4490000000005	0	0
9.21900000000096	2.76800000000003	10.4529999999995	0	0
8.61199999999917	2.10499999999956	9.39999999999964	0	0
9.32200000000012	4.28300000000127	11.755000000001	0	0
11.2139999999999	6.76000000000022	9.70299999999952	0	0
8.92599999999948	3.1869999999999	8.68999999999869	0	0
11.119999999999	5.8640000000014	8.68899999999849	0	0
8.79500000000007	2.8859999999986	8.60399999999936	0	0
11.1110000000008	6.79799999999886	9.24299999999857	0	0
8.996000000001	4.16300000000047	9.57799999999952	0	0
10.8510000000006	7.97499999999854	10.1540000000005	0	0
10.0749999999989	6.22400000000016	8.90400000000045	0	0
11.1330000000016	7.77000000000044	10.4229999999989	0	0
8.57799999999952	3.00299999999879	10.3690000000006	0	0
8.56599999999889	4.40099999999984	8.76499999999942	0	0
9.31899999999951	5.19500000000153	9.59699999999975	0	0
8.11299999999937	4.51300000000083	8.82799999999952	0	0
13.4120000000003	10.6790000000001	10.6619999999984	0	0
8.28200000000106	3.25300000000061	9.16700000000128	0	0
14.396999999999	13	10.2070000000003	0	0
8.73199999999997	4.125	10.273000000001	0	0
10.1800000000003	4.72700000000077	11.3279999999995	0	0
12.7749999999996	9.95299999999952	11.9110000000001	0	0
10.8239999999987	6.32099999999991	10.1779999999999	0	0
11.3639999999996	5.83500000000095	9.84000000000015	0	0
9.40599999999904	3.29600000000028	8.94100000000071	0	0
11.0070000000014	8.7599999999984	9.63500000000022	0	0
10.4609999999993	5.22200000000157	9.88500000000022	0	0
9.41600000000108	6.99200000000019	10.4490000000005	0	0
9.32499999999891	3.51100000000042	8.36200000000099	0	0
9.9380000000001	4.72299999999996	8.98799999999937	0	0
11.1930000000011	8.91200000000026	9.74699999999939	0	0
10.3450000000012	5.67900000000009	9.49399999999878	0	0
9.79999999999927	5.39700000000084	9.64499999999862	0	0
9.78199999999924	5.18999999999869	10.4560000000001	0	0
9.74699999999939	4.02399999999943	11.1040000000012	0	0
9.7549999999992	5.36299999999937	9.8809999999994	0	0
12.5670000000009	8.55500000000029	12.116	0	0
9.66399999999885	5.76399999999921	10.130000000001	0	0
11.5689999999995	9.25600000000122	11.4650000000001	0	0
10.898000000001	4.97099999999955	10.3690000000006	0	0
9.26800000000003	4.7599999999984	10.8389999999999	0	0
8.70600000000013	4.62900000000081	9.63000000000102	0	0
11.3919999999998	7.24699999999939	9.67699999999968	0	0
10.9790000000012	5.93500000000131	9.8799999999992	0	0
11.0799999999999	7.10400000000118	9.47800000000097	0	0
11.2799999999988	6.61599999999999	11.3019999999997	0	0
10.362000000001	7.40700000000106	12.0920000000006	0	0
13.0339999999997	9.6150000000016	10.7980000000007	0	0
10.6560000000009	7.16600000000108	10.402	0	0
9.07899999999972	3.96299999999974	10.1010000000006	0	0
9.85100000000057	8.1880000000001	9.83300000000054	0	0
10.7090000000007	6.75	10.4830000000002	0	0
9.23000000000138	5.94399999999951	10.3709999999992	0	0
15.4069999999992	12.4120000000003	10.0220000000008	0	0
13.25	10.241	9.67799999999988	0	0
10.869999999999	4.98599999999897	9.80999999999949	0	0
14.4719999999998	10.6270000000004	9.99699999999939	0	0
10.0780000000013	5.36199999999917	9.01499999999942	0	0
17.9139999999989	18.5939999999991	10.9760000000006	0	0
11.2619999999988	7.13900000000103	10.0780000000013	0	0
10.3149999999987	6.53600000000006	8.97199999999975	0	0
11.4410000000007	10.6590000000015	9.39900000000125	0	0
11.9789999999994	8.0739999999987	9.1830000000009	0	0
11.6389999999992	7.72899999999936	10.0329999999994	0	0
9.43199999999888	4.46099999999933	8.35399999999936	0	0
10.2549999999992	6.23500000000058	9.33400000000074	0	0
11.7189999999991	7.96599999999853	11.137999999999	0	0
10.3549999999996	7.08399999999892	10.4079999999994	0	0
11.116	7.03199999999924	11.228000000001	0	0
10.5849999999991	7.82599999999911	8.47999999999956	0	0
8.0669999999991	3.29200000000128	9.94100000000071	0	0
10.2799999999988	5.78099999999904	10.1900000000005	0	0
11.9500000000007	7.54199999999946	10.4290000000001	0	0
10.1739999999991	4.90300000000025	9.69399999999951	0	0
14.0829999999987	11.9360000000015	10.8760000000002	0	0
10.737000000001	5.68100000000049	10.2119999999995	0	0
10.3559999999998	5.46200000000135	9.85300000000097	0	0
13.2250000000004	11.357	9.95100000000093	0	0
12.5419999999995	8.72800000000097	10.4930000000004	0	0
10.3430000000008	6.08400000000074	9.18299999999908	0	0
8.82099999999991	3.14599999999882	9.56900000000132	0	0
10.6830000000009	6.8799999999992	9.9330000000009	0	0
12.6149999999998	14.1119999999992	9.54699999999866	0	0
11.848	7.5010000000002	9.57900000000154	0	0
10.4940000000006	6.13199999999961	10.5	0	0
10.1309999999994	4.5669999999991	10.7759999999998	0	0
11.7119999999995	6.83799999999974	10.6260000000002	0	0
9.3130000000001	3.83400000000074	10.2089999999989	0	0
14.2639999999992	12.4290000000001	10.5080000000016	0	0
11.7989999999991	9.0010000000002	11.0469999999987	0	0
11.4100000000017	7.61599999999999	8.47799999999916	0	0
11.996000000001	9.25099999999838	10.0579999999991	0	0
10.3189999999995	6.88700000000063	9.4270000000015	0	0
13.6140000000014	9.61299999999937	12.0249999999996	0	0
11.6369999999988	6.75200000000041	10.0990000000002	0	0
10.5239999999994	6.08099999999831	9.6309999999994	0	0
9.26800000000003	4.57200000000012	9.03700000000026	0	0
9.87800000000061	4.41499999999905	10.6170000000002	0	0
13.0519999999997	14.5079999999998	10.7150000000001	0	0
10.9989999999998	5.7440000000006	11.0859999999993	0	0
9.09499999999935	3.97599999999875	10.148000000001	0	0
16.9619999999995	17.9599999999991	12.8600000000006	0	0
9.35599999999977	3.45099999999911	9.54700000000048	0	0
9.18100000000049	2.94400000000132	8.78499999999985	0	0
10.0290000000005	6.40099999999984	9.52299999999923	0	0
16.1849999999995	13.8260000000009	11.4180000000015	0	0
9.84900000000016	5.86299999999937	9.77700000000004	0	0
10.6299999999992	9.19599999999991	10.4449999999997	0	0
9.28399999999965	4.09400000000096	9.85800000000017	0	0
10.7939999999999	5.77799999999843	11.780999999999	0	0
9.35100000000057	4.91900000000169	9.15799999999945	0	0
10.8160000000007	7.26599999999962	9.89999999999964	0	0
9.63900000000103	5.31499999999869	9.7549999999992	0	0
10.3610000000008	5.58400000000074	9.48999999999978	0	0
9.96500000000015	4.15300000000025	8.80099999999948	0	0
11.9120000000003	7.44399999999951	9.94599999999991	0	0
9.57999999999993	2.6979999999985	10.2049999999999	0	0
10.5360000000001	4.93499999999949	9.82000000000153	0	0
10.4629999999997	5.77799999999843	9.23699999999917	0	0
9.69399999999951	3.94399999999951	7.94499999999971	0	0
11.6080000000002	9.48500000000058	10.1689999999999	0	0
11.1089999999986	6.45299999999952	10.5879999999997	0	0
17.0730000000003	16.8310000000001	12.5949999999993	0	0
26.5770000000011	21.4100000000017	21.646999999999	0	0
11.616	8.45000000000073	9.20800000000054	0	0
10.4879999999994	3.90300000000025	10.759	0	0
8.92500000000109	2.61200000000099	8.59699999999975	0	0
12.3870000000006	8.43100000000049	10.4480000000003	0	0
10.1860000000015	4.73699999999917	9.47299999999996	0	0
11.7790000000005	6.70499999999993	10.0459999999985	0	0
11.1939999999995	7.61000000000058	11.5120000000006	0	0
11.119999999999	7.61699999999837	10.4599999999991	0	0
9.18400000000111	5.53400000000147	9.5520000000015	0	0
10.9650000000001	8.25300000000061	10.6350000000002	0	0
9.95899999999892	5.71100000000115	11.4510000000009	0	0
9.64999999999964	4.64800000000105	11.1590000000015	0	0
10.2630000000008	5.30599999999868	12.6180000000004	0	0
10.4549999999999	5.18599999999969	9.48600000000079	0	0
10.5569999999989	5.61800000000039	11.4140000000007	0	0
9.72900000000118	4.21700000000055	10.5920000000006	0	0
12.8040000000001	10.0699999999997	10.5609999999997	0	0
11.1239999999998	9.46900000000096	9.57999999999993	0	0
8.98300000000017	2.40999999999985	10.3780000000006	0	0
9.33600000000115	4.55599999999868	9.94800000000032	0	0
9.81599999999889	3.93400000000111	11.1000000000004	0	0
10.8439999999991	5.19700000000012	11.5730000000003	0	0
9.34399999999914	3.10499999999956	10.2819999999992	0	0
9.05899999999929	3.04700000000048	10.0480000000007	0	0
11.5069999999996	7.81999999999971	11.8180000000011	0	0
10.1620000000003	4.55400000000009	10.7169999999987	0	0
10.869999999999	6.87400000000162	10.2160000000003	0	0
8.97899999999936	3.22900000000118	10.3670000000002	0	0
12.268	10.2759999999998	8.54600000000028	0	0
9.41200000000026	2.70800000000054	9.59699999999975	0	0
12.4969999999994	7.94200000000092	10.9860000000008	0	0
10.7309999999998	5.61100000000079	11.1820000000007	0	0
13.4930000000004	12.1380000000008	12.2849999999999	0	0
15.2100000000009	12.3240000000005	10.3369999999995	0	0
8.51699999999983	4.25	9.88299999999981	0	0
11.5630000000001	9.19100000000071	11	0	0
10.7340000000004	8.45099999999911	10.021999999999	0	0
10.2039999999997	4.82099999999991	9.64199999999983	0	0
9.79600000000028	6.58599999999933	10.0600000000013	0	0
9.30899999999929	4.26300000000083	10.4320000000007	0	0
13.7389999999996	11.244999999999	11.3639999999996	0	0
10.3580000000002	7.69800000000032	9.38500000000022	0	0
8.26499999999942	3.09699999999975	8.96399999999994	0	0
11.7300000000014	8.84000000000015	11.223	0	0
16.0239999999994	15.2960000000003	11.3410000000003	0	0
10.0990000000002	7.9489999999987	9.42900000000009	0	0
10.5549999999985	6.11399999999958	10.7740000000013	0	0
10.973	8.19399999999951	10.9490000000005	0	0
8.59700000000157	3.9940000000006	9.25	0	0
9.65999999999985	5.11799999999857	9.91699999999946	0	0
12.1499999999996	8.53400000000147	13.3169999999991	0	0
9.31500000000051	4.29399999999987	9.88899999999921	0	0
11.1630000000005	7.57500000000073	9.42799999999988	0	0
12.4709999999995	11.8909999999996	11.7860000000001	0	0
9.99300000000039	6.37700000000041	9.54800000000068	0	0
10.6900000000005	6.10800000000017	10.3590000000004	0	0
9.74299999999857	3.86499999999978	10.366	0	0
9.97199999999975	5.53099999999904	11.3189999999995	0	0
10.9529999999995	5.35699999999997	10.8299999999999	0	0
12.6440000000002	12.1720000000005	10.8539999999994	0	0
11.5819999999985	5.92900000000009	11.0519999999997	0	0
10.619999999999	5.95200000000114	8.74200000000019	0	0
11.3619999999974	7.96900000000096	9.39899999999943	0	0
10.2089999999989	5.05899999999929	11.0680000000011	0	0
8.6919999999991	2.9989999999998	8.35499999999956	0	0
9.2970000000023	2.3119999999999	11.155999999999	0	0
9.51100000000224	2.6830000000009	9.64800000000105	0	0
10.1419999999998	5.62300000000141	9.38800000000083	0	0
9.68100000000049	5.55199999999968	9.29199999999946	0	0
11.1729999999989	5.60100000000057	10.726999999999	0	0
10.5500000000029	5.84000000000015	8.91699999999946	0	0
13.6299999999974	8.52700000000004	10.1530000000002	0	0
10.5869999999995	7.67500000000109	9.79800000000068	0	0
11.2929999999978	8.371000000001	9.32799999999952	0	0
12.8260000000009	11.6350000000002	11.6219999999994	0	0
11.2419999999984	4.95399999999972	10.1450000000004	0	0
11.655999999999	6.48400000000038	11.264000000001	0	0
11.4350000000013	9.89300000000003	11.3550000000014	0	0
12.880000000001	7.9380000000001	11.375	0	0
10.3060000000005	6.67599999999948	8.90499999999884	0	0
10.6529999999984	7.85900000000038	10.7939999999999	0	0
14.9570000000022	10.6629999999986	12.0470000000005	0	0
13.7049999999981	11.5680000000011	10.4470000000001	0	0
11.4290000000001	6.77499999999964	9.47599999999875	0	0
17.6319999999978	16.1000000000004	13.1890000000003	0	0
8.54499999999825	2.57800000000134	8.48099999999977	0	0
9.54699999999866	4.66799999999967	10.9210000000003	0	0
11.2959999999985	4.76399999999921	10.5560000000005	0	0
9.61100000000079	4.59299999999894	8.93599999999969	0	0
7.32900000000154	2.96000000000095	8.51699999999983	0	0
10.7659999999996	6.0049999999992	11.2430000000004	0	0
12.1680000000015	9.03200000000106	9.77899999999863	0	0
9.59000000000015	6.64500000000044	8.74399999999878	0	0
9.58299999999872	4.27800000000025	9.14300000000003	0	0
11.012999999999	6.68100000000049	9.89900000000125	0	0
11.5440000000017	9.4380000000001	10.2380000000012	0	0
11.1460000000006	6.11100000000079	11.2659999999996	0	0
9.57400000000052	6.23600000000079	9.39099999999962	0	0
12.4379999999983	11.5600000000013	11.0120000000006	0	0
8.27600000000166	3.61800000000039	10.0319999999992	0	0
14.1409999999996	11.6010000000006	11.1909999999989	0	0
14.1849999999977	10.4369999999999	10.5559999999987	0	0
11.0400000000009	6.49200000000019	8.86599999999999	0	0
12.8410000000003	12.0299999999988	11.5329999999994	0	0
11.9229999999989	8.49200000000019	9.39500000000044	0	0
8.84000000000015	2.8179999999993	10.6589999999997	0	0
12.9989999999998	10.2999999999993	11.5739999999987	0	0
10.7119999999995	6.36899999999878	11.2010000000009	0	0
10.9749999999985	8.03900000000067	9.35000000000036	0	0
10.742000000002	6.95000000000073	9.57500000000073	0	0
10.3230000000003	5.77299999999923	8.79399999999987	0	0
12.0200000000004	9.70900000000074	10.7570000000014	0	0
9.33399999999892	3.93100000000049	10.0939999999991	0	0
9.23600000000079	5.63500000000022	8.57200000000012	0	0
9.6239999999998	3.32700000000114	10.0529999999999	0	0
12.2439999999988	8.66200000000026	11.2209999999995	0	0
9.895999999997	4.02899999999863	10.4969999999994	0	0
10.0400000000009	6.48400000000038	10.2909999999993	0	0
9.11699999999837	2.63299999999981	10.6280000000006	0	0
10.5289999999986	5.0109999999986	9.91100000000006	0	0
11.3719999999994	7.14700000000084	9.53799999999865	0	0
10.244999999999	4.91100000000006	10.4470000000001	0	0
9.65699999999924	5.17900000000009	9.34200000000055	0	0
13.5349999999999	11.9239999999991	11.1920000000009	0	0
10.742000000002	4.83599999999933	11.3100000000013	0	0
10.502999999997	7.84699999999975	9.15600000000086	0	0
9.35099999999875	5.2559999999994	11.844000000001	0	0
9.2390000000014	5.38900000000103	8.75200000000041	0	0
11.3140000000021	8.0619999999999	10.1550000000025	0	0
9.22699999999895	3.05299999999988	9.63999999999942	0	0
8.47299999999814	2.04100000000108	8.75500000000102	0	0
18.8950000000004	18.6980000000003	11.6670000000013	0	0
12.2089999999989	7.22299999999996	9.93500000000131	0	0
10.1080000000002	6.11999999999898	9.6260000000002	0	0
10.9989999999998	7.45700000000033	10.7350000000006	0	0
8.90599999999904	4.31800000000112	10.3340000000026	0	0
10.8859999999986	6.6190000000006	9.78600000000006	0	0
10.9830000000002	6.67799999999988	11.7520000000004	0	0
9.88999999999942	6.33500000000095	10.9780000000028	0	0
9.3660000000018	4.85300000000097	10.1039999999994	0	0
12.7819999999992	12.0789999999997	10.875	0	0
16.2020000000011	13.6560000000009	10.0889999999999	0	0
15.6090000000004	13.5759999999991	10.7130000000034	0	0
12.3010000000031	9.10299999999916	9.2510000000002	0	0
12.5499999999993	8.52000000000044	9.60399999999936	0	0
13.0819999999985	8.13600000000042	10.3479999999981	0	0
9.39400000000023	2.74799999999959	10.143	0	0
10.2239999999983	7.01000000000022	10.0950000000012	0	0
9.76900000000023	4.97100000000137	9.82200000000012	0	0
8.21500000000015	4.39300000000003	8.50500000000102	0	0
7.4910000000018	3.49300000000039	8.67599999999948	0	0
8.09200000000055	2.53099999999904	10.4860000000008	0	0
9.65999999999985	6.65200000000004	9.35099999999875	0	0
11.5549999999967	7.17499999999927	10.0210000000006	0	0
9.78099999999904	4.42900000000009	10.482	0	0
14.7460000000028	11.2950000000001	10.4030000000021	0	0
11.6460000000006	6.49099999999999	10.1440000000002	0	0
11.2779999999984	5.74399999999878	10.976999999999	0	0
9.0099999999984	4.48999999999978	9.70699999999852	0	0
8.67599999999948	4.59900000000016	8.25499999999738	0	0
9.38799999999901	5.72700000000077	9.69499999999971	0	0
9.72799999999916	5.74699999999939	10.2409999999982	0	0
10.4029999999984	5.40400000000045	9.18800000000192	0	0
17.7360000000008	17.5840000000007	9.91200000000026	0	0
14.2489999999998	11.848	9.89999999999782	0	0
11.0709999999999	9.33200000000033	10.6709999999985	0	0
10.5070000000014	7.38200000000143	10.0459999999985	0	0
8.69599999999991	2.5059999999994	8.55500000000029	0	0
14.0960000000014	9.62299999999959	10.6800000000003	0	0
11.3430000000008	6.80299999999988	10.0780000000013	0	0
9.79400000000169	4.14399999999841	9.57200000000012	0	0
11.3679999999986	5.91599999999926	8.58200000000215	0	0
11.112000000001	7.64900000000125	10.2799999999988	0	0
10.1219999999994	6.65500000000065	8.3839999999982	0	0
12.5239999999976	9.21399999999994	10.7860000000001	0	0
24.280999999999	13.7630000000008	20.4289999999964	0	0
10.8809999999976	8.66500000000087	10.0519999999997	0	0
14.1520000000019	12.1170000000002	11.0300000000025	0	0
8.88200000000143	4.28100000000086	9.54799999999886	0	0
8.98300000000017	2.30600000000049	10.1039999999994	0	0
13.9029999999984	10.3350000000009	11.4959999999992	0	0
12.3050000000003	9.25699999999961	10.3269999999975	0	0
17.7649999999994	16.755000000001	12.4530000000013	0	0
11.4220000000023	6.03199999999924	10.0060000000012	0	0
9.71899999999732	5.24799999999959	9.16100000000006	0	0
10.7069999999985	8.16299999999865	9.53600000000006	0	0
11.6239999999998	9.22199999999975	12.2019999999975	0	0
10.3770000000004	7.34599999999955	10.0020000000004	0	0
10.0730000000003	6.71100000000115	11.2200000000012	0	0
16.0740000000005	13.8870000000006	11.7690000000002	0	0
10.4320000000007	6.52800000000025	11.6959999999999	0	0
12.0930000000008	8.10499999999956	12.6790000000001	0	0
11.8810000000012	8.09000000000015	11.2669999999998	0	0
11.2010000000009	6.86199999999917	9.94800000000032	0	0
10.4039999999986	5.08400000000074	9.62700000000041	0	0
10.3379999999997	5.76299999999901	11.387999999999	0	0
10.2219999999979	5.60699999999997	10.0399999999972	0	0
9.28700000000026	5.87099999999919	9.27900000000227	0	0
9.20999999999913	3.60699999999997	9.93400000000111	0	0
11.148000000001	4.85499999999956	10.2460000000028	0	0
8.64900000000125	4.27499999999964	9.15699999999924	0	0
8.27100000000064	2.54500000000007	8.91400000000067	0	0
10.1589999999997	6.47900000000118	9.77499999999782	0	0
10.2079999999987	4.54600000000028	11.6530000000021	0	0
9.81400000000212	5.44800000000032	11.1270000000004	0	0
7.75600000000122	2.57999999999993	8.95100000000093	0	0
11.0999999999985	8.47500000000036	11.719000000001	0	0
9.51599999999962	2.9369999999999	9.8760000000002	0	0
13.0529999999999	10.491	11.2930000000015	0	0
11.0849999999991	5.70499999999993	11.4670000000006	0	0
13.1510000000017	10.262999999999	11.7209999999977	0	0
12.4639999999999	10.7620000000006	10.9759999999987	0	0
11.8339999999989	7.54099999999926	11.260000000002	0	0
10.2160000000003	7.4940000000006	8.99699999999939	0	0
9.38000000000102	3.6929999999993	10.9069999999992	0	0
12.2279999999992	8.38400000000001	11.3359999999993	0	0
8.90200000000186	4.03999999999905	9.11100000000079	0	0
10.773000000001	6.53299999999945	12.869999999999	0	0
9.4330000000009	4.02499999999964	11.1989999999969	0	0
10.0910000000003	6.28700000000026	9.66899999999805	0	0
9.47200000000157	3.82099999999991	9.21900000000096	0	0
10.4150000000009	7.39000000000124	9.3739999999998	0	0
9.85199999999895	4.11100000000079	10.6180000000022	0	0
10.8420000000006	8.09199999999873	10.0980000000018	0	0
9.63099999999758	4.7489999999998	10.148000000001	0	0
9.56399999999849	3.60599999999977	10.7160000000003	0	0
10.8859999999986	8.91799999999967	10.5430000000015	0	0
13.6659999999974	10.2619999999988	11.1029999999992	0	0
11.5969999999979	7.97299999999996	9.04400000000169	0	0
12.25	8.62700000000041	11.1229999999996	0	0
13.0360000000001	9.67199999999866	10.9020000000019	0	0
10.1440000000002	5.40999999999985	9.98899999999776	0	0
11.1959999999999	8.68299999999908	8.93500000000131	0	0
8.23600000000079	3.33100000000013	8.9330000000009	0	0
7.73500000000058	2.0719999999983	9.85099999999875	0	0
11.1049999999996	6.25	11.8849999999984	0	0
9.95800000000236	4.48500000000058	12.112000000001	0	0
13.4650000000001	9.17300000000068	9.69500000000335	0	0
11.0830000000024	8.50900000000001	8.83099999999831	0	0
11.1990000000005	7.35699999999997	10.382999999998	0	0
13.994999999999	11.7019999999993	9.85099999999875	0	0
12.0040000000008	7.11599999999999	10.474000000002	0	0
10.1970000000001	5.32700000000114	8.73799999999756	0	0
8.76400000000285	5.95499999999993	8.47899999999936	0	0
11.288999999997	5.55600000000049	11.530999999999	0	0
13.8309999999983	13.3280000000013	9.83900000000358	0	0
9.25299999999697	3.84900000000016	12.0319999999992	0	0
11.2119999999995	6.8760000000002	13.0109999999986	0	0
8.17599999999948	2.25400000000081	8.81499999999869	0	0
7.76599999999962	2.88799999999901	8.76399999999921	0	0
10.7380000000012	4.80600000000049	9.89500000000044	0	0
12.0889999999999	7.57200000000012	10.224000000002	0	0
10.9929999999986	7.46500000000015	10.6610000000001	0	0
9.42499999999927	5.29999999999927	9.07099999999991	0	0
9.5679999999993	4.871000000001	9.15400000000227	0	0
12.6850000000013	8.98999999999978	10.7610000000022	0	0
11.0610000000015	8.18600000000151	10.6610000000001	0	0
9.42900000000009	4.5580000000009	9.53700000000026	0	0
9.38100000000122	4.92300000000068	10.0420000000013	0	0
9.61499999999796	4.75199999999859	9.44700000000012	0	0
8.43099999999686	3.86100000000079	10.3389999999999	0	0
9.68500000000131	5.04399999999987	9.07400000000052	0	0
9.23199999999997	4.64199999999983	7.33299999999872	0	0
9.7390000000014	5.33100000000013	7.97699999999895	0	0
7.44399999999951	2.02800000000025	7.65399999999863	0	0
9.44099999999889	3.32700000000114	8.19900000000052	0	0
