8.05	4.113	7.259	0	0
7.866	2.833	7.838	0	0
15.729	7.751	15.058	0	0
14.917	7.56	13.628	0	0
17.596	7.2	15.994	0	0
6.21000000000001	1.936	5.85000000000001	0	0
14.32	6.02800000000001	13.671	0	0
14.501	5.566	14.149	0	0
15.826	7.895	14.516	0	0
14.212	5.598	13.753	0	0
16.107	8.04300000000001	14.758	0	0
14.393	5.23500000000001	13.396	0	0
17.372	7.74600000000001	15.316	0	0
15.186	7.596	14.162	0	0
6.94500000000005	2.15899999999999	6.35300000000001	0	0
14.04	5.691	13.22	0	0
13.731	3.97999999999999	13.581	0	0
14.844	5.672	13.851	0	0
16.465	8.27100000000002	15.017	0	0
7.04400000000004	1.93100000000001	6.62899999999996	0	0
15.65	7.911	14.416	0	0
14.993	7.79100000000003	13.493	0	0
16.328	7.523	14.884	0	0
15.2919999999999	7.834	14.339	0	0
6.89099999999996	3.63400000000001	6.36800000000005	0	0
13.912	4.827	13.603	0	0
7.15200000000004	1.858	6.34299999999996	0	0
15.24	6.48599999999999	13.652	0	0
14.9160000000001	7.15100000000001	14.2869999999999	0	0
14.848	6.791	14.364	0	0
15.133	5.65300000000002	14.995	0	0
6.87600000000009	2.55700000000002	6.66800000000001	0	0
16.388	6.392	15.579	0	0
6.255	2.32300000000004	6.20799999999997	0	0
14.456	5.32400000000001	13.692	0	0
15.866	9.08300000000003	15.0410000000001	0	0
15.599	7.279	14.544	0	0
15.502	6.858	14.509	0	0
17.168	9.32900000000001	15.346	0	0
15.761	6.06	14.614	0	0
7.64400000000001	5.13100000000003	6.86300000000006	0	0
7.20299999999997	1.65200000000004	7.04399999999998	0	0
15.7610000000001	7.12599999999998	14.086	0	0
13.8439999999999	5.91500000000002	12.7339999999999	0	0
15.7470000000001	6.52000000000004	14.6170000000001	0	0
15.0840000000001	6.20999999999998	13.684	0	0
16.8119999999999	7.95400000000001	14.989	0	0
15.4779999999998	6.63100000000003	13.8359999999998	0	0
15.307	7.53700000000003	13.9930000000002	0	0
15.183	7.28499999999997	14.123	0	0
6.09999999999991	1.63200000000006	5.51300000000015	0	0
14.3800000000001	7.44899999999996	13.9209999999998	0	0
15.002	7.83600000000001	13.9649999999999	0	0
7.7059999999999	2.21699999999998	7.13100000000009	0	0
14.3579999999999	5.50099999999998	13.4559999999999	0	0
15.492	8.23700000000008	13.7859999999998	0	0
16.3980000000001	9.28200000000004	14.8720000000001	0	0
7.548	2.19900000000007	6.94100000000003	0	0
14.731	5.68400000000008	13.2950000000001	0	0
16.385	7.89400000000001	14.461	0	0
13.7629999999999	4.39499999999998	12.99	0	0
16.9069999999999	8.69900000000007	15.6499999999999	0	0
15.2750000000001	7.02700000000004	14.8530000000001	0	0
16.5740000000001	9.41100000000006	14.6589999999999	0	0
6.91699999999992	2.48000000000002	6.54299999999989	0	0
15.9089999999999	6.63999999999999	14.231	0	0
14.413	5.36699999999996	13.704	0	0
15.9079999999999	7.81100000000004	14.1970000000001	0	0
15.2839999999999	6.12599999999998	14.0029999999999	0	0
6.58399999999983	2.73800000000006	6.2199999999998	0	0
15.4209999999998	5.88600000000008	14.953	0	0
15.6480000000001	6.93999999999994	14.2239999999999	0	0
14.461	6.14100000000008	14.1039999999998	0	0
15.135	5.54099999999994	13.6079999999999	0	0
14.441	6.42700000000002	13.242	0	0
15.5360000000001	5.8610000000001	13.7710000000002	0	0
13.9849999999999	4.44099999999992	12.9650000000001	0	0
7.06799999999998	3.87900000000002	6.74499999999989	0	0
6.92799999999988	1.91300000000001	6.84899999999993	0	0
16.664	6.68899999999996	15.568	0	0
14.047	5.65899999999999	13.501	0	0
14.646	6.90800000000002	14.2549999999999	0	0
14.556	7.46899999999994	13.2380000000001	0	0
14.2149999999999	5.32299999999998	13.7920000000001	0	0
14.78	5.86500000000001	13.6890000000001	0	0
13.7720000000002	3.72199999999998	13.2279999999998	0	0
16.3090000000002	10.053	14.761	0	0
7.40900000000011	2.83199999999999	6.90100000000007	0	0
15.114	6.05999999999995	14.1990000000001	0	0
14.7449999999999	5.46299999999997	13.867	0	0
15.0719999999997	6.76499999999999	13.4279999999999	0	0
14.6610000000001	6.13600000000008	13.6949999999999	0	0
14.4059999999999	6.601	12.874	0	0
14.8180000000002	7.0619999999999	13.741	0	0
14.8470000000002	7.529	14.277	0	0
13.7269999999999	4.84699999999998	13.0099999999998	0	0
15.4450000000002	6.1070000000002	15.0529999999999	0	0
13.9569999999999	6.02499999999986	12.8359999999998	0	0
15.9720000000002	6.45799999999986	14.7049999999999	0	0
15.2110000000002	6.93299999999999	13.8339999999998	0	0
14.7360000000003	7.798	13.6730000000002	0	0
15.0070000000001	6.94600000000014	14.6100000000001	0	0
14.6849999999999	7.09000000000015	13.681	0	0
13.7759999999998	4.73299999999995	12.7910000000002	0	0
14.703	6.26299999999992	14.4199999999996	0	0
15.2779999999998	5.13000000000011	14.2729999999997	0	0
8.07499999999982	4.81100000000015	7.75800000000027	0	0
13.5839999999998	6.09799999999996	13.0810000000001	0	0
14.529	4.97499999999991	14.1679999999997	0	0
13.8809999999999	4.21399999999994	14.2239999999997	0	0
6.13900000000012	2.36099999999988	5.92299999999977	0	0
14.7860000000001	7.52300000000014	13.6580000000004	0	0
13.5830000000001	4.98899999999981	13.694	0	0
7.04199999999992	3.327	6.18399999999974	0	0
15.8969999999999	7.98400000000015	14.8910000000001	0	0
15.529	8.423	13.241	0	0
15.674	8.87199999999984	14.7489999999998	0	0
14.6320000000001	7.34999999999991	13.2000000000003	0	0
14.7930000000001	6.01600000000008	14.0409999999997	0	0
7.58600000000024	2.62200000000007	7.35100000000011	0	0
13.9259999999999	6.904	13.4989999999998	0	0
7.01399999999967	2.49399999999991	6.90700000000015	0	0
13.3469999999998	4.49000000000001	13.614	0	0
15.1730000000002	7.54600000000005	13.9369999999999	0	0
15.5250000000001	7.44800000000009	14.1299999999997	0	0
16.2449999999999	7.12699999999995	15.605	0	0
16.0820000000003	8.65600000000018	14.3620000000001	0	0
16.1879999999996	8.22199999999998	14.1790000000001	0	0
16.1260000000002	7.64799999999991	14.6790000000001	0	0
15.5119999999997	6.98000000000002	13.7290000000003	0	0
13.8850000000002	5.66399999999999	13.7220000000002	0	0
15.3969999999999	6.05400000000009	14.395	0	0
14.0929999999998	6.19399999999996	13.335	0	0
15.375	7.24800000000005	14.3499999999999	0	0
13.8720000000003	5.5300000000002	12.779	0	0
6.32099999999991	1.49900000000002	6.21299999999974	0	0
15.1500000000001	6.62300000000005	14.0680000000002	0	0
15.3360000000002	6.07299999999987	14.0519999999997	0	0
15.7950000000001	6.86300000000006	14.5299999999997	0	0
15.1910000000003	6.85799999999995	14.0610000000001	0	0
14.2640000000001	6.54899999999998	12.9549999999999	0	0
14.5099999999998	3.77600000000007	14.1270000000004	0	0
15.085	5.81200000000013	14.6889999999999	0	0
14.4449999999997	5.5	13.567	0	0
15.2490000000003	5.4559999999999	15.0830000000001	0	0
14.9690000000001	7.85200000000009	13.21	0	0
14.009	5.86699999999996	13.8320000000003	0	0
14.9540000000002	7.51499999999987	14.317	0	0
14.9400000000001	6.75499999999988	14.3499999999999	0	0
8.59400000000005	4.58600000000001	7.59099999999989	0	0
14.1680000000001	3.34300000000007	13.9720000000002	0	0
6.94600000000037	4.49700000000007	6.65100000000029	0	0
16.076	8.42499999999995	15.1469999999999	0	0
14.6150000000002	5.95000000000005	13.1529999999998	0	0
14.8090000000002	6.18500000000017	13.8909999999996	0	0
13.509	5.20800000000008	12.9879999999998	0	0
14.5190000000002	6.16699999999992	13.5	0	0
16.5330000000004	9.49200000000019	14.4059999999999	0	0
6.70499999999993	2.69100000000003	6.07200000000012	0	0
7.40300000000025	2.99399999999991	6.58100000000013	0	0
13.0239999999999	5.32400000000007	12.7620000000002	0	0
15.6559999999999	5.48299999999995	14.7599999999998	0	0
14.3760000000002	6.47799999999984	13.1350000000002	0	0
14.5230000000001	4.77399999999989	13.3689999999997	0	0
15.989	6.75099999999998	14.6260000000002	0	0
14.355	5.86599999999999	13.2669999999998	0	0
7.28400000000011	3.61199999999985	6.37100000000009	0	0
15.1859999999997	6.81600000000003	13.4370000000004	0	0
15.5959999999995	6.14800000000014	14.4679999999998	0	0
15.5869999999995	6.62400000000002	14.4389999999999	0	0
14.9970000000003	5.15300000000002	14.2060000000001	0	0
15.4310000000005	6.34500000000003	14.0319999999997	0	0
16.6930000000002	9.07399999999984	14.7090000000003	0	0
14.2399999999998	6.40600000000018	12.8869999999997	0	0
15.5330000000004	6.66599999999994	14.2249999999999	0	0
14.9409999999998	5.846	14.172	0	0
6.35800000000017	1.94399999999996	5.83500000000004	0	0
14.7659999999996	6.75200000000018	13.1819999999998	0	0
14.5169999999998	7.57499999999982	13.2000000000003	0	0
14.4829999999993	5.7360000000001	13.5740000000001	0	0
15.0480000000007	7.48700000000008	14.4000000000001	0	0
15.0720000000001	7.27700000000004	14.2950000000001	0	0
14.6590000000006	5.87000000000035	14.3900000000003	0	0
13.6800000000003	6.10100000000011	12.9259999999995	0	0
14.4719999999998	6.50199999999995	13.232	0	0
17.4079999999994	8.44600000000037	15.4099999999999	0	0
15.2510000000002	5.96199999999999	13.6030000000001	0	0
15.2430000000004	6.25200000000041	13.6099999999997	0	0
7.13900000000012	2.30700000000024	6.51400000000012	0	0
15.7950000000001	6.23600000000033	14.5520000000006	0	0
13.8909999999996	5.96799999999985	12.7159999999994	0	0
14.8370000000004	6.70699999999988	13.6950000000006	0	0
14.4259999999995	6.77300000000014	13.4570000000003	0	0
15.3100000000004	6.86900000000014	14.018	0	0
15.0239999999994	6.66699999999992	13.9440000000004	0	0
14.009	4.80700000000024	13.5540000000001	0	0
7.14899999999943	2.58699999999999	6.6220000000003	0	0
14.7150000000001	5.14300000000003	14.2939999999999	0	0
15.9870000000001	9.40300000000025	13.9630000000006	0	0
14.3160000000007	6.38099999999986	14.0709999999999	0	0
14.8249999999998	6.4060000000004	14.4899999999998	0	0
15.701	7.7800000000002	13.8090000000002	0	0
7.6899999999996	2.21100000000024	7.08899999999994	0	0
14.6459999999997	7.1220000000003	13.2330000000002	0	0
7.30400000000009	1.59000000000015	6.73999999999978	0	0
13.4679999999998	5.82200000000012	12.8639999999996	0	0
15.9679999999998	7.11099999999988	14.665	0	0
14.9119999999994	7.91899999999987	13.4120000000003	0	0
15.0120000000006	9.04399999999987	13.4650000000001	0	0
8.32899999999972	4.07000000000016	7.40699999999924	0	0
7.18900000000031	3.26600000000008	6.57399999999961	0	0
15.8280000000004	6.48900000000003	14.7449999999999	0	0
15.1800000000003	7.68100000000004	14.7689999999993	0	0
13.6259999999993	6.91699999999992	12.4090000000006	0	0
15.9560000000001	6.92299999999977	14.9120000000003	0	0
16.3190000000004	7.57499999999982	14.71	0	0
15.7530000000006	7.54500000000007	15.076	0	0
14.8780000000006	6.30299999999988	14.5319999999992	0	0
14.7640000000001	6.67799999999988	13.0640000000003	0	0
15.2870000000003	6.09900000000016	14.616	0	0
15.6459999999997	6.79500000000007	14.384	0	0
15.9080000000004	8.96799999999985	14.3369999999995	0	0
15.0650000000005	7.33500000000004	13.1619999999994	0	0
6.57900000000063	1.52700000000004	6.28899999999976	0	0
15.866	8.38000000000011	14.223	0	0
15.3869999999997	7.375	13.2190000000001	0	0
16.5560000000005	6.98799999999983	15.4189999999999	0	0
15.5570000000007	6.65599999999995	15.1070000000009	0	0
14.5659999999998	6.73600000000033	13.4470000000001	0	0
15.2820000000002	6.98300000000017	13.6190000000006	0	0
14.192	6.11700000000019	13.5840000000007	0	0
15.9520000000002	5.94600000000037	14.3230000000003	0	0
14.3530000000001	5.40900000000011	13.7420000000002	0	0
15.0470000000005	6.07400000000007	13.9829999999993	0	0
15.3050000000003	6.95499999999993	13.826	0	0
15.8459999999995	6.79799999999977	14.6610000000001	0	0
15.9379999999992	8.125	14.4440000000004	0	0
6.39900000000034	1.38400000000001	6.06899999999951	0	0
7.28999999999996	1.72800000000007	6.71200000000044	0	0
14.7529999999997	6.76099999999997	14.1930000000002	0	0
15.4409999999998	6.45699999999988	14.5559999999996	0	0
14.8849999999993	6.49000000000024	13.9679999999998	0	0
15.8470000000007	8.02700000000004	14.2910000000002	0	0
14.1379999999999	6.66799999999967	12.7309999999998	0	0
15.9300000000003	9.08800000000019	14.9850000000006	0	0
14.8029999999999	6.72499999999991	13.7979999999998	0	0
13.8040000000001	5.63599999999997	13.1030000000001	0	0
15.0899999999992	6.33599999999979	14.2079999999996	0	0
15.3500000000004	6.20400000000018	14.0429999999997	0	0
14.384	5.21799999999985	13.3220000000001	0	0
15.3410000000003	8.52200000000039	14.6239999999998	0	0
7.04199999999946	1.47499999999991	6.59500000000025	0	0
15.6899999999996	6.64499999999998	14.576	0	0
17.2650000000003	8.26000000000022	15.8009999999995	0	0
14.7060000000001	6.34299999999985	13.6059999999998	0	0
14.9219999999996	7.76199999999972	13.482	0	0
7.54699999999957	2.13500000000022	7.09400000000005	0	0
15.076	7.6220000000003	13.8330000000005	0	0
7.84600000000046	1.78899999999976	7.35400000000027	0	0
16.2539999999999	8.43499999999995	14.7029999999995	0	0
13.6540000000005	5.375	12.3270000000002	0	0
15.5900000000001	8.91699999999992	13.9440000000004	0	0
14.0040000000008	6.58500000000004	13.6409999999996	0	0
7.3130000000001	1.58599999999979	7.04899999999998	0	0
15.1289999999999	6.28300000000036	14.1959999999999	0	0
7.64100000000053	5.48600000000033	7.08899999999994	0	0
13.893	7.47500000000036	13.4920000000002	0	0
14.009	4.97800000000007	13.7019999999993	0	0
13.607	4.73999999999978	12.5380000000005	0	0
14.2110000000002	6.28999999999996	13.8849999999993	0	0
14.4369999999999	6.28800000000001	13.6109999999999	0	0
6.40700000000015	1.82600000000002	6.31600000000071	0	0
14.0269999999991	5.36000000000013	13.6270000000004	0	0
14.0219999999999	5.25599999999986	13.4389999999994	0	0
14.7350000000006	6.68299999999999	13.7560000000003	0	0
8.29799999999977	4.38099999999986	7.26299999999992	0	0
15.1730000000007	4.73299999999972	13.982	0	0
15.9840000000004	7.40899999999965	14.2190000000001	0	0
14.2730000000001	6.73700000000008	13.8009999999995	0	0
14.5050000000001	6.23999999999978	13.558	0	0
6.52899999999954	1.76899999999978	6.28999999999996	0	0
13.9259999999995	5.46199999999999	13.3189999999995	0	0
15.3849999999993	7.63599999999997	13.7579999999998	0	0
15.076	6.35699999999997	14.0589999999993	0	0
14.3589999999995	6.654	12.7640000000001	0	0
14.8670000000002	4.95200000000023	14.1099999999997	0	0
16.8440000000001	7.39300000000003	15.5100000000002	0	0
6.43299999999999	2.64899999999989	6.33299999999963	0	0
14.5029999999997	6.38200000000006	13.8559999999998	0	0
14.0140000000001	6.346	14.0699999999997	0	0
15.2030000000004	6.9699999999998	13.6890000000003	0	0
16.7060000000001	9.221	14.8690000000006	0	0
14.9160000000002	5.88299999999981	14.2030000000004	0	0
6.00699999999961	1.37199999999984	5.86400000000049	0	0
14.4960000000001	7.79199999999992	14.21	0	0
7.41499999999996	3.23999999999978	6.57600000000002	0	0
7.28800000000047	2.32300000000032	6.68599999999969	0	0
14.7249999999995	5.67799999999988	13.5919999999996	0	0
14.9629999999997	7.34099999999989	13.8719999999994	0	0
15.3629999999994	6.34799999999996	14.5429999999997	0	0
14.6549999999997	5.9050000000002	13.9929999999995	0	0
15.0439999999999	6.54999999999973	13.8339999999998	0	0
6.44499999999971	1.11700000000019	6.23700000000008	0	0
6.2480000000005	1.82699999999977	6.04600000000028	0	0
14.1439999999993	6.32099999999991	13.4899999999998	0	0
14.4059999999999	4.45699999999988	14.3729999999996	0	0
12.3829999999998	3.48000000000002	12.5930000000008	0	0
13.29	5.41600000000017	12.6080000000002	0	0
7.20400000000063	2.45400000000018	6.39699999999993	0	0
14.2609999999995	6.21599999999989	13.1480000000001	0	0
6.65900000000056	2.63799999999992	6.0619999999999	0	0
15.0710000000008	7.25399999999991	13.9850000000006	0	0
14.1610000000001	5.33200000000033	13.1010000000006	0	0
15.5720000000001	7.21399999999994	14.027	0	0
14.1819999999998	5.0300000000002	13.4030000000002	0	0
14.8699999999999	5.78400000000011	13.7259999999997	0	0
15.1369999999997	6.77100000000019	14.2309999999998	0	0
14.4319999999998	5.69599999999991	13.0570000000007	0	0
6.68099999999959	2.27300000000014	6.08899999999994	0	0
15.598	7.21399999999994	14.1190000000006	0	0
14.201	6.76899999999978	13.1899999999996	0	0
14.7539999999999	7.0920000000001	14.0889999999999	0	0
16.5019999999995	9.36200000000008	15	0	0
14.5769999999993	7.37400000000025	13.8879999999999	0	0
6.89699999999993	2.5010000000002	6.7559999999994	0	0
14.5730000000003	5.5630000000001	14.3019999999997	0	0
7.06700000000001	3.03499999999985	6.37899999999991	0	0
13.3280000000004	5.42099999999982	13.125	0	0
15.6549999999997	6.9050000000002	14.1970000000001	0	0
15.3119999999999	7.13599999999997	14.25	0	0
15.3739999999998	6.91499999999996	14.8050000000003	0	0
15.6560000000009	7.95899999999983	14.3360000000002	0	0
14.9720000000007	5.84799999999996	13.9490000000005	0	0
14.8940000000002	6.97200000000021	13.0550000000003	0	0
13.8360000000002	5.38799999999992	13.2609999999995	0	0
15.1329999999998	5.64100000000008	14.0330000000004	0	0
6.66299999999956	1.81299999999965	6.1220000000003	0	0
16.232	5.16699999999992	15.3590000000004	0	0
16.6659999999993	6.88200000000006	15.2079999999996	0	0
14.2600000000002	5.38200000000006	13.6300000000001	0	0
14.4959999999992	5.7470000000003	13.5029999999997	0	0
15.4699999999993	7.67200000000003	14.4359999999997	0	0
7.84799999999996	3.00999999999976	6.95200000000023	0	0
13.6060000000016	6.24600000000009	12.8819999999996	0	0
14.1419999999998	4.71900000000005	13.3220000000001	0	0
15.0640000000003	5.64800000000014	14.3830000000007	0	0
14.9709999999995	6.62100000000009	13.7839999999997	0	0
14.5919999999987	7.39400000000023	13.924	0	0
14.125	5.73900000000003	12.9659999999994	0	0
14.1660000000011	6.846	13.6910000000007	0	0
13.3639999999996	4.48200000000043	12.6700000000001	0	0
15.9740000000002	7.85399999999981	14.9289999999992	0	0
14.5589999999993	5.404	13.9070000000002	0	0
8.04299999999967	3.26100000000042	7.20600000000013	0	0
14.5110000000004	6.22499999999991	13.6220000000003	0	0
14.619999999999	6.41699999999992	13.8310000000001	0	0
13.7600000000002	4.30000000000018	12.951	0	0
14.5939999999991	7.12699999999995	13.7929999999997	0	0
6.30000000000109	2.61700000000019	6.01099999999951	0	0
14.3629999999994	5.09099999999989	14.5100000000002	0	0
15.5990000000002	7.26800000000003	14.6469999999999	0	0
15.4660000000003	6.6869999999999	14.8160000000007	0	0
15.3359999999993	7.17599999999993	14.3240000000005	0	0
15.4150000000009	7.12899999999991	14.1080000000002	0	0
14.728000000001	8.23199999999997	14.0940000000001	0	0
15.1329999999998	6.57000000000016	13.4619999999995	0	0
15.7860000000001	7.97699999999986	14.2639999999992	0	0
6.72400000000016	1.80600000000004	6.52999999999884	0	0
15.5959999999995	6.89300000000003	14.3729999999996	0	0
14.5540000000001	5.22500000000036	13.6129999999994	0	0
15.8089999999993	8.13600000000042	14.0139999999992	0	0
7.60699999999997	3.60000000000036	6.64000000000124	0	0
15.5359999999982	8.40599999999995	14.0820000000003	0	0
14.8289999999997	6.65999999999985	14.3579999999984	0	0
14.0540000000001	6.23899999999958	13.2279999999992	0	0
15.0079999999998	6.73300000000017	13.9339999999993	0	0
7.02200000000084	2.38299999999981	6.15500000000065	0	0
15.7810000000009	6.53399999999965	14.9770000000008	0	0
15.2549999999992	5.84799999999996	14.7019999999993	0	0
15.1910000000007	7.02399999999943	14.2569999999996	0	0
14.0619999999999	6.94399999999951	13.5540000000001	0	0
16.2350000000006	7.23300000000017	15.6729999999989	0	0
6.72400000000016	1.75699999999961	6.21700000000055	0	0
16.7630000000008	7.04300000000057	15.8420000000006	0	0
16.2109999999993	7.77499999999964	14.8880000000008	0	0
15.8180000000011	6.43900000000031	14.625	0	0
13.8849999999984	6.49600000000009	12.8719999999994	0	0
15.1669999999995	8.38999999999942	14.2829999999994	0	0
6.9419999999991	2.53700000000026	6.1869999999999	0	0
14.4799999999996	4.87100000000009	14.0910000000003	0	0
15.0259999999998	6.3159999999998	14.0900000000001	0	0
15.8070000000007	6.79199999999946	14.7849999999999	0	0
15.866	8.2529999999997	14.1029999999992	0	0
14.5380000000005	6.62100000000009	13.3170000000009	0	0
7.20399999999972	2.04899999999998	6.45900000000074	0	0
15.5030000000006	5.08799999999974	14.6739999999991	0	0
14.2639999999992	5.01100000000042	13.3719999999994	0	0
14.4719999999998	5.58599999999933	13.7360000000008	0	0
15.098	7.84000000000015	14.2900000000009	0	0
14.6219999999994	5.95600000000013	13.5619999999999	0	0
15.9629999999997	6.62100000000009	14.5740000000005	0	0
15.8050000000003	7.96799999999985	14.2279999999992	0	0
15.625	7.58500000000004	14.1230000000014	0	0
14.3909999999996	5.5630000000001	13.3290000000015	0	0
13.8510000000006	4.69699999999921	13.4130000000005	0	0
14.0789999999997	5.94400000000041	13.5059999999994	0	0
16.8430000000008	8.33799999999974	15.7070000000003	0	0
14.4339999999993	6.10800000000017	14.0030000000006	0	0
14.6029999999992	5.97299999999996	13.7430000000004	0	0
16.2920000000013	7.95200000000023	15.2070000000003	0	0
17.0990000000002	7.92099999999937	15.5900000000001	0	0
13.9500000000007	4.46100000000024	13.643	0	0
15.7950000000001	7.03699999999935	15.2060000000001	0	0
7.11899999999878	1.8119999999999	6.63000000000102	0	0
15.4700000000012	7.09100000000035	14.0429999999997	0	0
15.4629999999997	6.76000000000022	14.2430000000004	0	0
14.8680000000004	5.33399999999983	13.6089999999986	0	0
8.03999999999905	3.73499999999967	7.21299999999974	0	0
6.77499999999964	1.6850000000004	6.43199999999888	0	0
15.5470000000005	5.82800000000043	14.4290000000001	0	0
13.8629999999994	6.44999999999982	13.5339999999997	0	0
15.7479999999996	8.24300000000039	14.4950000000008	0	0
14.3389999999999	6.41399999999976	13.4699999999993	0	0
16.2959999999985	7.71599999999944	15.2889999999989	0	0
6.85300000000097	2.31400000000031	6.6239999999998	0	0
15.4439999999995	6.72999999999956	14.9650000000001	0	0
14.5460000000003	6.11899999999969	13.8240000000005	0	0
14.8310000000001	5.16499999999996	13.7870000000003	0	0
15.4080000000013	5.2470000000003	14.4589999999989	0	0
15.2479999999996	8.89499999999953	13.7569999999996	0	0
14.5339999999997	6.66700000000037	12.8729999999996	0	0
15.5479999999989	7.46500000000015	14.2129999999997	0	0
16.4390000000003	8.47299999999996	14.7790000000005	0	0
14.8389999999999	6.54299999999967	13.6360000000004	0	0
13.7579999999998	5.98300000000017	13.9679999999989	0	0
14.7890000000007	6.44000000000051	13.4560000000001	0	0
15.9279999999999	6.01800000000003	14.5329999999994	0	0
7.19000000000051	2.99499999999989	6.89700000000084	0	0
15.2339999999986	7.15800000000036	14.244999999999	0	0
15.7860000000001	7.1230000000005	14.5740000000005	0	0
14.7879999999986	6.45600000000013	13.505000000001	0	0
14.9849999999988	6.10800000000017	14.4290000000001	0	0
16.1080000000002	6.54700000000048	14.8419999999987	0	0
13.8990000000013	4.87100000000009	13.8269999999993	0	0
13.7599999999984	5.9320000000007	13.3339999999989	0	0
6.52700000000004	3.01099999999951	5.94900000000052	0	0
16.6309999999994	8.90999999999985	15.0409999999993	0	0
14.7839999999997	4.64900000000034	13.7270000000008	0	0
15.1190000000006	6.81700000000001	13.9740000000002	0	0
14.8170000000009	6.86999999999989	13.5969999999998	0	0
14.1869999999999	6.5590000000002	13.3949999999986	0	0
14.7660000000014	6.25300000000061	13.8429999999989	0	0
7.08399999999892	2.64899999999943	6.58299999999872	0	0
14.7909999999993	5.96200000000044	13.9680000000008	0	0
6.64199999999983	2.54799999999977	6.39199999999983	0	0
14.893	5.46299999999974	13.6029999999992	0	0
15.2379999999994	6.73300000000017	14.0499999999993	0	0
15.0670000000009	6.46299999999974	13.3089999999993	0	0
14.4429999999993	5.07399999999961	13.2849999999999	0	0
15.9510000000009	6.25200000000041	14.4679999999989	0	0
15.0790000000015	5.21500000000015	14.6800000000003	0	0
14.8410000000003	5.45100000000002	13.8700000000008	0	0
16.0020000000004	7.58700000000044	14.6569999999992	0	0
13.753999999999	5.46900000000005	13.5879999999997	0	0
6.53800000000047	2.86300000000028	6.4380000000001	0	0
6.70600000000013	2.42599999999948	6.65700000000106	0	0
14.8379999999997	6.88999999999942	14.0169999999998	0	0
16.0439999999999	7.04500000000007	13.7209999999995	0	0
14.853000000001	5.14000000000033	14.264000000001	0	0
14.893	6.76199999999972	13.1409999999996	0	0
14.7790000000005	6.9989999999998	14.5159999999996	0	0
14.7490000000016	6.88900000000012	13.978000000001	0	0
15.0370000000003	8.88300000000072	14.1790000000001	0	0
7.69099999999889	3.3119999999999	6.98199999999997	0	0
15.7399999999998	7.22000000000025	14.5420000000013	0	0
17.2720000000008	8.79399999999987	15.3729999999996	0	0
14.7479999999996	6.69200000000001	13.8029999999999	0	0
14.134	5.97200000000066	13.5010000000002	0	0
14.6569999999992	5.83599999999933	13.7480000000014	0	0
13.5650000000005	7.01200000000063	12.9830000000002	0	0
14.3299999999999	6.1899999999996	13.2710000000006	0	0
6.96899999999914	3.33699999999953	6.36399999999958	0	0
7.27100000000064	1.76699999999983	6.8169999999991	0	0
15.5709999999999	8.44700000000012	14.1759999999995	0	0
14.6599999999999	5.95799999999963	14.1929999999993	0	0
15.8960000000006	7.74600000000009	14.362000000001	0	0
14.3850000000002	5.41700000000037	14.094000000001	0	0
13.871000000001	4.09699999999975	13.1759999999995	0	0
14.0060000000012	7.05699999999979	13.0850000000009	0	0
15.5930000000008	6.31700000000001	14.726999999999	0	0
14.6270000000004	5.59799999999996	13.4120000000003	0	0
15.0579999999991	6.17700000000059	13.3870000000006	0	0
6.65699999999924	2.69800000000032	6.07500000000073	0	0
14.1949999999997	4.4409999999998	13.246000000001	0	0
6.40600000000086	2.55300000000079	5.96200000000135	0	0
15.3510000000006	6.20799999999963	14.6739999999991	0	0
14.4140000000007	6.0590000000002	14.2430000000004	0	0
14.7039999999997	4.75799999999981	14.628999999999	0	0
13.8700000000008	5.38100000000031	13.4539999999997	0	0
15.9519999999993	6.97199999999975	15.1749999999993	0	0
16.1900000000005	6.11800000000039	15.5220000000008	0	0
15.7569999999996	7.06999999999971	13.8770000000004	0	0
14.4789999999994	7.03300000000036	13.2299999999996	0	0
13.630000000001	4.32199999999921	13.5830000000005	0	0
15.719000000001	6.9380000000001	13.9860000000008	0	0
15.6329999999998	7.51899999999932	14.0100000000002	0	0
7.28800000000047	1.93499999999949	6.51299999999901	0	0
14.9099999999999	6.79200000000037	13.741	0	0
16.4549999999999	8.23800000000028	14.8310000000001	0	0
7.29100000000108	3.05000000000018	6.57699999999932	0	0
15.0619999999999	6.94700000000012	13.9719999999998	0	0
15.6389999999992	5.84300000000076	14.8400000000001	0	0
14.2029999999995	6.0600000000004	14.0330000000013	0	0
15.1640000000007	8.81899999999951	14.0460000000003	0	0
8.93599999999969	4.23400000000038	8.08499999999913	0	0
14.9260000000013	5.25500000000011	14.8119999999999	0	0
7.0619999999999	2.04799999999977	6.23199999999997	0	0
7.36599999999999	1.96900000000005	7.10200000000077	0	0
16.2380000000012	8.63900000000012	13.9069999999992	0	0
14.8370000000014	6.9429999999993	13.4549999999999	0	0
13.7119999999995	5.69000000000051	13.1999999999989	0	0
14.6139999999996	6.04399999999987	13.9390000000003	0	0
15.9410000000007	7.43099999999959	14.4330000000009	0	0
17.1530000000002	8.40700000000015	15.7129999999997	0	0
14.8209999999999	7.88600000000042	14.137999999999	0	0
14.9369999999999	6.16300000000047	13.8119999999999	0	0
16.8160000000007	7.89800000000014	15.2510000000002	0	0
15.0879999999997	7.7519999999995	14.014000000001	0	0
15.3899999999994	7.5600000000004	14.4470000000001	0	0
16.5599999999995	9.15099999999984	14.9470000000001	0	0
15.780999999999	7.8159999999998	13.8989999999994	0	0
15.2000000000007	6.14300000000003	14.0419999999995	0	0
15.1010000000006	7.70900000000074	14.1440000000002	0	0
13.8899999999994	5.90200000000004	14.0400000000009	0	0
6.79000000000087	1.8779999999997	6.44400000000132	0	0
7.95299999999952	4.50399999999991	6.95499999999993	0	0
14.4589999999989	4.78199999999924	14.2649999999994	0	0
14.9650000000001	5.83700000000044	13.7990000000009	0	0
15.5919999999987	6.91000000000076	13.9860000000008	0	0
14.848	5.84299999999985	13.5670000000009	0	0
7.21099999999933	1.40499999999975	7.10100000000057	0	0
14.8900000000012	6.30600000000049	13.6630000000005	0	0
14.6759999999995	6.7519999999995	13.8240000000005	0	0
14.4359999999997	6.04700000000048	13.8050000000003	0	0
14.1580000000013	6.44700000000012	13.9670000000006	0	0
16.1800000000003	7.44900000000052	14.9890000000014	0	0
15.0380000000005	7.35599999999977	13.5419999999995	0	0
13.8599999999988	5.60099999999966	12.8029999999999	0	0
16.4689999999991	7.90399999999954	15.1560000000009	0	0
16.1959999999999	6.97500000000036	14.7990000000009	0	0
14.3919999999998	5.8119999999999	13.3600000000006	0	0
6.72999999999956	1.65400000000045	6.61099999999897	0	0
15.3019999999997	5.91499999999996	14.3099999999995	0	0
15.5550000000003	6.26900000000023	14.2430000000004	0	0
7.22900000000118	1.81099999999969	6.64099999999962	0	0
6.66800000000148	2.51800000000003	6.51800000000003	0	0
14.6739999999991	4.15999999999985	13.5959999999995	0	0
15.5609999999997	5.14599999999973	14.5409999999993	0	0
15.1099999999988	5.70399999999972	14.5249999999996	0	0
15.1020000000008	6.8110000000006	14.5630000000001	0	0
16.027	6.10300000000007	15.2039999999997	0	0
14.8179999999993	5.36499999999978	14.2690000000002	0	0
6.52900000000045	1.45699999999943	6.1830000000009	0	0
15.9549999999999	8.63400000000001	15.0539999999983	0	0
14.3439999999991	5.71099999999933	13.621000000001	0	0
14.8529999999992	6.77199999999993	13.366	0	0
17.0769999999993	7.24599999999919	15.3099999999995	0	0
15.2240000000002	4.95800000000054	14.3809999999994	0	0
15.6229999999996	6.19300000000021	14.9670000000006	0	0
14.0280000000002	5.39599999999973	13.4110000000001	0	0
14.4290000000001	5.33100000000013	13.8229999999985	0	0
14.3160000000007	4.44600000000082	14.121000000001	0	0
14.3159999999989	6.31700000000001	13.0349999999999	0	0
15.9869999999992	7.88700000000063	14.902	0	0
16.0130000000008	6.94999999999982	14.1260000000002	0	0
15.6930000000011	6.10900000000038	14.0499999999993	0	0
14.5380000000005	4.00699999999961	13.1699999999983	0	0
15.3359999999993	6.56899999999951	14.5190000000002	0	0
16.9210000000003	5.99499999999989	16.2639999999992	0	0
15.3559999999998	6.97199999999975	14.4240000000009	0	0
15.1450000000004	6.43000000000029	13.6049999999996	0	0
6.79099999999926	1.48000000000047	6.2390000000014	0	0
15.3950000000004	7.22199999999975	14.1239999999998	0	0
14.8909999999996	8.01300000000083	13.8469999999998	0	0
14.2799999999988	6.16399999999976	13.5849999999991	0	0
16.1039999999994	7.82300000000032	15.2360000000008	0	0
7.36299999999937	2.10199999999986	6.73199999999997	0	0
7.03499999999985	2.31099999999969	6.83100000000013	0	0
15.2700000000004	8.05699999999979	13.9869999999992	0	0
15.6550000000007	6.36400000000049	14.6929999999993	0	0
14.0049999999992	4.29399999999987	13.2700000000004	0	0
7.4330000000009	2.53299999999945	6.71500000000015	0	0
14.5599999999995	4.89699999999993	13.3950000000004	0	0
16.1990000000005	6.46000000000004	15.0990000000002	0	0
14.1850000000013	4.22000000000025	13.3990000000013	0	0
15.1640000000007	6.49799999999959	14.3019999999997	0	0
16.2340000000004	6.9340000000002	15.4970000000012	0	0
14.353000000001	5.63000000000011	13.1119999999992	0	0
14.4470000000001	4.13599999999951	13.8490000000002	0	0
8.63799999999901	1.55400000000009	8.08400000000074	0	0
16.0400000000009	7.09699999999975	14.8310000000001	0	0
15.2909999999993	5.75	14.4989999999998	0	0
15.8119999999999	6.75600000000031	14.3040000000001	0	0
14.7090000000007	5.32899999999972	13.7169999999987	0	0
7.09699999999975	1.98400000000038	6.52700000000004	0	0
14.3220000000001	4.89199999999983	13.8760000000002	0	0
14.1880000000001	6.03499999999985	12.8310000000001	0	0
16.2309999999998	7.78900000000067	15.2070000000003	0	0
15.7110000000011	5.93000000000029	14.3989999999994	0	0
15.1970000000001	6.25799999999981	14.2790000000005	0	0
14.7849999999999	6.42799999999988	13.9869999999992	0	0
14.9399999999987	4.64599999999973	14.1219999999994	0	0
16.4130000000005	6.4989999999998	14.8099999999995	0	0
15.7970000000005	5.39300000000003	14.9600000000009	0	0
6.93399999999929	1.7470000000003	6.44599999999991	0	0
16.7479999999996	7.59299999999985	15.7759999999998	0	0
15.116	6.32600000000002	13.8369999999995	0	0
14.9399999999987	5.04299999999967	14.1929999999993	0	0
14.4979999999996	5.32200000000012	13.4390000000003	0	0
14.3160000000007	5.83399999999983	13.6010000000006	0	0
16.5740000000005	6.9940000000006	15.1630000000005	0	0
15.9959999999992	7.26099999999951	14.7109999999993	0	0
14.8070000000007	4.59299999999985	14.3990000000013	0	0
7.53199999999924	4.24399999999969	7.05699999999888	0	0
14.1440000000002	6.18099999999959	13.3370000000014	0	0
14.8500000000004	4.35199999999986	14.2669999999998	0	0
14.0619999999999	4.83600000000024	13.5580000000009	0	0
13.5799999999999	3.9340000000002	13.0919999999987	0	0
13.7970000000005	4.4950000000008	13.1290000000008	0	0
15.610999999999	6.76699999999983	14.3130000000001	0	0
14.4290000000001	6.41399999999976	13.4589999999989	0	0
14.0879999999997	4.84799999999996	13.8249999999989	0	0
6.79500000000007	2.57999999999993	6.39500000000044	0	0
14.3830000000016	5.24199999999928	13.4789999999994	0	0
16.0850000000009	5.02900000000045	15.2279999999992	0	0
15.3600000000006	5.58500000000004	14.0439999999999	0	0
14.3780000000006	5.88599999999951	13.4969999999994	0	0
13.5709999999999	4.79300000000057	12.8389999999999	0	0
7.33799999999974	2.41800000000057	6.98999999999978	0	0
13.3859999999986	4.99199999999928	13.1540000000005	0	0
7.17100000000028	2.23299999999927	6.89599999999882	0	0
15.1740000000009	6.16699999999946	14.3240000000005	0	0
6.54399999999987	0.98700000000008	6.32300000000032	0	0
15.0220000000008	5.39999999999964	13.6360000000004	0	0
15.8970000000008	6.17100000000028	14.5649999999987	0	0
14.7270000000008	5.32300000000032	13.1990000000005	0	0
14.4580000000005	5.64900000000034	13.9459999999999	0	0
14.1900000000005	5.03499999999985	13.3189999999995	0	0
14.4040000000005	5.39699999999993	14.3020000000015	0	0
7.73899999999958	2.68199999999979	7.07899999999972	0	0
15.6910000000007	7.6869999999999	14.625	0	0
16.9470000000001	4.95400000000063	16.1600000000017	0	0
15.5509999999995	5.14599999999973	14.8590000000004	0	0
13.9099999999999	6.02199999999993	12.9669999999987	0	0
15.0100000000002	4.58100000000013	14.3940000000002	0	0
15.3960000000006	6.8090000000002	14.5880000000016	0	0
14.5030000000006	5.5600000000004	13.6739999999991	0	0
15.0360000000001	7.06500000000051	14.3940000000002	0	0
14.4099999999999	5.26999999999953	14.5820000000003	0	0
14.4750000000004	5.47000000000025	13.7160000000003	0	0
14.0319999999992	5.01900000000023	13.5169999999998	0	0
15.3520000000008	7.38799999999992	14.8689999999988	0	0
13.3050000000003	5.11200000000008	12.7900000000009	0	0
14.6489999999994	6.77599999999984	13.759	0	0
14.259	5.64899999999943	13.1830000000009	0	0
15.2860000000001	5.70299999999952	14.4799999999996	0	0
15.4920000000002	7.48899999999958	14.2469999999994	0	0
14.1599999999999	6.41600000000017	13.3040000000001	0	0
16.5620000000017	6.5029999999997	15.607	0	0
14.8760000000002	6.02700000000004	13.9840000000004	0	0
16.4410000000025	7.19300000000021	15.0570000000007	0	0
15.0400000000009	5.76900000000023	13.777	0	0
15.3770000000004	4.84999999999945	14.5950000000012	0	0
15.0659999999989	4.76600000000053	14.5970000000016	0	0
14.6889999999985	5.84600000000046	13.7070000000003	0	0
14.8719999999994	7.7510000000002	14.4320000000007	0	0
7.37099999999919	2.29699999999957	6.86599999999999	0	0
15.6179999999986	5.66700000000037	14.2810000000009	0	0
14.2479999999996	7.0600000000004	13.3189999999995	0	0
13.5600000000013	5.01600000000053	13.652	0	0
6.97200000000157	3.18099999999959	6.56600000000071	0	0
16.2010000000009	8.3100000000004	14.9070000000011	0	0
16.2059999999983	7.98199999999997	14.5740000000005	0	0
15.5010000000002	6.1820000000007	14.0790000000015	0	0
15.6470000000008	6.6860000000006	14.4849999999988	0	0
14.7860000000001	4.61200000000008	14.5540000000001	0	0
14.4110000000001	6.25699999999961	13.3549999999996	0	0
14.4710000000014	5.20600000000013	13.7199999999993	0	0
14.7480000000032	6.67600000000039	13.7200000000012	0	0
14.4809999999998	7.21799999999985	13.3459999999995	0	0
15.4749999999985	8.45200000000023	14.780999999999	0	0
7.29100000000108	2.68599999999969	6.72899999999936	0	0
14.5099999999984	5.98700000000008	13.5169999999998	0	0
14.0580000000009	6.02199999999993	12.9979999999996	0	0
14.9249999999993	5.53799999999956	13.7119999999995	0	0
15.5599999999977	6.46399999999994	14.1849999999995	0	0
15.0339999999997	6.87100000000009	14.0460000000003	0	0
14.8600000000006	5.64300000000003	14.362000000001	0	0
14.9259999999995	5.11800000000039	13.8169999999991	0	0
6.4330000000009	1.83599999999933	6.09399999999914	0	0
13.7569999999978	5.46000000000004	13.0419999999995	0	0
6.84400000000096	2.65200000000004	6.22799999999916	0	0
14.5039999999972	6.10200000000077	13.9269999999997	0	0
6.64899999999761	1.40200000000004	6.42999999999847	0	0
16.8640000000014	6.83100000000013	15.9120000000003	0	0
16.0719999999965	8.5	14.2759999999998	0	0
14.2979999999989	5.70899999999983	13.9449999999997	0	0
13.7480000000032	6.08200000000033	13.3370000000014	0	0
16.2489999999998	7.11999999999989	15.0650000000005	0	0
13.9399999999987	6.27899999999954	13.6769999999997	0	0
15.5679999999993	7.11200000000008	14.1589999999997	0	0
6.70900000000256	1.36999999999989	6.53800000000047	0	0
15.1640000000007	5.38299999999981	14.237000000001	0	0
6.45100000000093	1.61499999999978	5.92799999999988	0	0
14.893	6.39800000000014	13.9980000000014	0	0
14.4069999999992	6.76900000000023	13.8050000000003	0	0
15.849000000002	6.51900000000023	15.005000000001	0	0
7.06400000000212	3.03800000000047	6.52900000000045	0	0
16.0900000000001	6.11599999999999	15.027	0	0
15.5519999999997	5.52700000000004	14.3860000000004	0	0
15.8950000000004	5.86200000000008	14.8760000000002	0	0
14.1210000000028	4.98700000000008	13.6510000000017	0	0
6.61000000000058	2.16099999999915	6.46600000000035	0	0
14.2070000000022	6.24600000000009	13.5699999999997	0	0
6.89500000000044	1.35499999999956	6.57599999999729	0	0
6.91399999999703	2.36099999999988	6.41800000000148	0	0
13.7109999999993	4.6929999999993	13.1239999999998	0	0
15.2099999999991	5.6239999999998	13.7510000000002	0	0
15.3299999999981	6.32600000000002	14.4759999999987	0	0
15.0740000000005	6.16699999999946	14.5109999999986	0	0
14.5740000000005	6.16499999999996	13.7259999999987	0	0
14.4760000000024	5.25799999999981	13.9160000000011	0	0
15.6939999999995	6.20100000000002	14.5320000000029	0	0
7.62700000000041	2.90499999999975	6.90299999999843	0	0
14.75	6.0019999999995	13.3760000000002	0	0
6.75499999999738	1.53899999999976	6.22999999999956	0	0
13.8389999999999	4.54899999999998	13.3379999999997	0	0
6.70900000000256	1.24600000000009	6.47500000000218	0	0
15.9650000000001	6.4380000000001	14.229000000003	0	0
14.9049999999988	5.40599999999995	13.632999999998	0	0
7.17399999999907	2.81900000000041	6.62700000000041	0	0
16.3799999999974	6.67500000000018	15.5	0	0
7.66200000000026	2.35000000000036	7.64199999999983	0	0
14.2220000000016	4.67900000000009	13.650999999998	0	0
16.4530000000013	6.51100000000042	15.4589999999989	0	0
13.7350000000006	4.50399999999991	12.9629999999997	0	0
14.3770000000004	5.46699999999964	13.3300000000017	0	0
15.7160000000003	5.05699999999979	14.8070000000007	0	0
14.395999999997	5.36099999999988	14.0120000000024	0	0
15.1849999999977	6.86700000000019	13.7020000000011	0	0
14.4310000000005	6.30299999999988	13.6830000000009	0	0
15.1539999999986	6.3179999999993	14.7970000000023	0	0
6.68000000000029	2.3010000000013	6.45700000000215	0	0
14.1640000000007	5.95399999999972	13.2340000000004	0	0
15.4040000000023	7.17900000000009	13.8479999999981	0	0
15.5430000000015	6.50799999999981	14.5849999999991	0	0
14.7880000000005	6.0570000000007	14.0400000000009	0	0
14.5049999999974	4.75900000000001	13.4729999999981	0	0
15.2960000000021	5.39700000000084	14.3889999999992	0	0
17.1369999999988	6.12900000000081	15.989999999998	0	0
15.2989999999991	6.04299999999967	14.3110000000015	0	0
14.2669999999998	5.33400000000074	13.5620000000017	0	0
16.4629999999997	6.17199999999866	15.5400000000009	0	0
14.2700000000004	8.08800000000156	13.3040000000001	0	0
16.4720000000016	6.22000000000116	14.9750000000022	0	0
15.4770000000026	7.09400000000096	14.487000000001	0	0
14.3410000000003	5.57099999999991	13.5859999999993	0	0
15.4099999999999	6.45900000000074	14.5930000000008	0	0
16.4729999999981	7.82099999999991	14.9910000000018	0	0
14.2089999999989	5.97199999999975	13.2040000000015	0	0
13.4979999999996	5.92100000000028	12.7000000000007	0	0
15.9010000000017	6.60699999999997	14.4399999999987	0	0
14.5859999999993	5.1929999999993	14.232	0	0
13.4880000000012	4.32400000000052	12.8430000000008	0	0
7.11499999999796	1.746000000001	6.64800000000105	0	0
14.6819999999971	6.61499999999978	13.4939999999988	0	0
15.4300000000003	6.20499999999993	14.2630000000026	0	0
15.2090000000026	7	13.6160000000018	0	0
6.70400000000154	2.35000000000036	6.10300000000279	0	0
7.01199999999881	1.80299999999988	6.83799999999974	0	0
16.1020000000026	6.40899999999965	14.5889999999999	0	0
14.6160000000018	6.45299999999952	13.8410000000003	0	0
15.2530000000006	7.33500000000095	13.7050000000017	0	0
15.505000000001	5.08200000000033	14.5760000000009	0	0
14.9020000000019	4.80299999999988	14.2750000000015	0	0
15.732	7.15800000000127	14.4989999999998	0	0
7.50499999999738	2.45900000000074	6.65400000000227	0	0
14.5780000000013	5.41199999999844	13.6659999999974	0	0
15.3119999999981	6.92099999999846	14.1650000000009	0	0
14.2459999999992	5.28100000000086	13.6340000000018	0	0
15.2530000000006	4.20000000000073	14.9849999999969	0	0
15.3919999999998	6.10499999999956	14.0119999999988	0	0
14.4200000000019	6.99399999999878	13.601999999999	0	0
16.7030000000013	7.26400000000103	15.7050000000017	0	0
6.90299999999843	1.47099999999955	6.70699999999852	0	0
14.5370000000003	4.82400000000052	13.9860000000008	0	0
16.2860000000001	6.08700000000135	15.280999999999	0	0
13.2789999999986	3.60499999999956	13.1990000000005	0	0
6.71800000000076	2.22199999999975	6.56499999999869	0	0
14.6899999999987	7.26900000000023	13.6889999999985	0	0
15.762999999999	7.01200000000063	14.4749999999985	0	0
16.1129999999976	7.14500000000044	14.7659999999996	0	0
13.9480000000003	4.91199999999844	13.1029999999992	0	0
15.7200000000012	7.10900000000038	14.0900000000001	0	0
15.7520000000004	5.93299999999908	15.4900000000016	0	0
15.6389999999992	5.65999999999985	14.4979999999996	0	0
14.385000000002	5.77000000000044	13.6110000000008	0	0
15.9359999999979	8.78800000000047	14.6790000000001	0	0
7.16700000000128	3.36300000000119	6.71900000000096	0	0
14.4160000000011	4.31899999999951	13.9210000000021	0	0
13.9789999999994	4.1880000000001	13.7400000000016	0	0
13.7649999999994	4.21300000000156	13.8689999999988	0	0
15.5960000000014	4.73699999999917	14.7919999999976	0	0
6.23300000000017	1.86300000000119	5.85699999999997	0	0
14.3230000000003	4.99300000000039	13.4399999999987	0	0
6.53999999999724	1.58200000000033	6.17999999999665	0	0
14.6709999999985	6.23700000000099	13.0529999999999	0	0
15.1689999999981	6.07300000000032	13.7279999999992	0	0
15.2569999999978	6.65599999999904	14.1270000000004	0	0
6.71500000000015	2.21199999999953	6.38799999999901	0	0
15.7489999999998	6.52300000000105	14.6610000000001	0	0
7.76599999999962	2.42299999999886	7.23700000000099	0	0
14.7669999999998	4.53000000000065	14.3379999999997	0	0
15.4799999999996	6.73400000000038	14.5070000000014	0	0
6.49199999999837	1.46600000000035	6.06899999999951	0	0
14.6660000000011	6.48799999999937	13.8739999999998	0	0
14.5809999999983	3.88299999999981	13.9959999999992	0	0
7.52599999999802	2.16400000000067	6.7039999999979	0	0
14.7860000000001	5.59200000000055	14.0169999999998	0	0
14.9589999999989	5.20499999999993	14.0930000000008	0	0
16.5859999999993	6.71299999999974	15.5809999999983	0	0
13.9880000000012	6.99099999999999	13.3309999999983	0	0
17.2519999999968	6.36000000000058	16.2790000000023	0	0
15.2839999999997	5.22699999999895	14.4979999999996	0	0
15.8489999999983	7.52499999999964	14.6560000000027	0	0
6.39199999999983	2.09499999999935	6.02300000000105	0	0
7.98500000000058	1.55799999999908	7.43399999999747	0	0
15.4200000000019	7.45399999999972	13.9099999999999	0	0
7.29199999999764	1.94800000000032	6.7980000000025	0	0
15.0599999999977	6.69399999999951	14.3940000000002	0	0
15.0229999999974	5.78499999999985	14.2939999999981	0	0
14.7999999999993	5.20700000000033	13.8419999999969	0	0
15.5200000000004	5.40000000000146	14.6569999999992	0	0
13.8479999999981	6.66499999999905	13.4079999999994	0	0
6.91999999999825	1.50799999999981	6.96900000000096	0	0
15.6189999999988	6.76200000000063	14.4430000000029	0	0
15.0010000000002	5.32200000000012	14.143	0	0
14.6610000000001	4.75300000000061	14.2049999999981	0	0
14.0869999999995	5.64100000000144	13.7849999999999	0	0
14.1309999999976	5.95299999999952	13.7890000000007	0	0
15.2279999999992	6.08100000000013	14.0159999999996	0	0
16.9480000000003	6.47700000000077	15.3719999999994	0	0
16.1569999999992	8.5630000000001	14.5190000000002	0	0
14.8299999999981	5.67599999999948	14.0799999999981	0	0
14.9840000000004	4.64800000000105	13.737000000001	0	0
14.5800000000017	6.75900000000001	13.3739999999998	0	0
7.02400000000125	2.37200000000121	6.47999999999956	0	0
16.0480000000025	5.56999999999971	15.6529999999984	0	0
7.41800000000148	2.96099999999933	7.16300000000047	0	0
6.29399999999805	1.50300000000061	5.95999999999913	0	0
15.7260000000024	4.52399999999943	14.8510000000024	0	0
8.49799999999959	4.44300000000112	7.63999999999942	0	0
16.0339999999997	7.17500000000109	14.7939999999981	0	0
15.4140000000007	6.38199999999961	14.9720000000016	0	0
14.7819999999992	5.46900000000096	13.6370000000024	0	0
15.6340000000018	5.60300000000097	14.3889999999992	0	0
6.67499999999927	1.82200000000012	6.17199999999866	0	0
14.9890000000014	6.09300000000076	13.9739999999983	0	0
14.7920000000013	7.15100000000166	13.8289999999979	0	0
15.3199999999997	6.57300000000032	14.2050000000017	0	0
16.1819999999971	7.44100000000071	14.969000000001	0	0
6.04599999999846	1.3119999999999	6.20400000000154	0	0
15.2799999999988	5.71500000000015	14.3709999999992	0	0
6.7400000000016	1.58200000000033	6.80299999999988	0	0
6.53299999999945	0.95299999999952	6.37100000000282	0	0
14.8760000000002	7.15600000000086	14.0210000000006	0	0
14.8029999999999	5.04200000000128	14.2419999999984	0	0
14.5570000000007	5.34299999999894	13.4350000000013	0	0
14.6660000000011	5.64000000000124	13.4470000000001	0	0
15.0829999999987	6.7489999999998	14.7969999999987	0	0
13.5480000000025	5.82000000000153	12.8449999999975	0	0
15.762999999999	5.90799999999945	14.6080000000002	0	0
14.4219999999987	6.28499999999985	13.2810000000027	0	0
14.9780000000028	4.40000000000146	14.1810000000005	0	0
16.8270000000011	6.99099999999999	14.7710000000006	0	0
15.7459999999992	6.09400000000096	14.5159999999996	0	0
14.8379999999997	5.23400000000038	13.5349999999999	0	0
14.5249999999978	3.5049999999992	14.0390000000007	0	0
14.5439999999981	6.05500000000029	14.0949999999975	0	0
14.5650000000023	5.1919999999991	13.5420000000013	0	0
6.27000000000044	1.45000000000073	5.96500000000015	0	0
7.4429999999993	2.40500000000065	6.97499999999854	0	0
15.3970000000008	5.60999999999876	14.0869999999995	0	0
15.5509999999995	4.89799999999923	14.7309999999998	0	0
6.395999999997	1.41100000000006	5.79499999999825	0	0
16.1080000000002	6.04399999999987	14.8339999999989	0	0
16.1620000000003	6.69700000000012	14.7849999999999	0	0
13.8220000000001	5.22900000000118	12.6460000000006	0	0
6.77500000000146	2.69399999999951	6.63700000000244	0	0
6.46199999999953	2.13600000000042	6.54099999999744	0	0
14.3489999999983	6.13000000000102	12.7870000000003	0	0
15.5740000000005	6.34000000000015	14.8310000000019	0	0
15	4.58300000000054	14.4939999999988	0	0
14.0770000000011	5.04199999999946	13.5289999999986	0	0
14.599000000002	4.48099999999977	13.9750000000022	0	0
16.0080000000016	6.07499999999891	14.7839999999997	0	0
14.2749999999978	4.93100000000049	13.9639999999999	0	0
14.0959999999977	5.50699999999961	13.773000000001	0	0
15.5329999999994	8.26500000000124	14.530999999999	0	0
14.4759999999987	4.8760000000002	14.0519999999997	0	0
15.6189999999988	6.3010000000013	13.9580000000024	0	0
13.7289999999994	5.22400000000016	13.1649999999972	0	0
15.6050000000032	6.66500000000087	14.5610000000015	0	0
14.7000000000007	7.2609999999986	13.9830000000002	0	0
15.1500000000015	5.14000000000124	14.0659999999989	0	0
7.29400000000169	2.07500000000073	6.94499999999971	0	0
7.36999999999898	1.59300000000076	6.90999999999985	0	0
7.85299999999916	1.51900000000023	7.32800000000134	0	0
15.3459999999977	4.81899999999951	14.2939999999981	0	0
15.4860000000008	4.62799999999879	14.7639999999992	0	0
15.7829999999994	6.71500000000015	14.6929999999993	0	0
14.4330000000009	5.42400000000089	13.8310000000019	0	0
16.0910000000003	4.52299999999923	15.094000000001	0	0
15.9739999999983	4.9330000000009	15.1860000000015	0	0
16.362000000001	8.8640000000014	14.8249999999971	0	0
16.2589999999982	6.09900000000016	14.8509999999987	0	0
13.0629999999983	3.49300000000039	12.7710000000006	0	0
15.6830000000009	7.36700000000019	14.7820000000029	0	0
7.39099999999962	3.65099999999984	6.84000000000015	0	0
15.9939999999988	5.56600000000071	15.0509999999995	0	0
15.5310000000027	5.4429999999993	15.0970000000016	0	0
15.2259999999987	5.51499999999942	14.1369999999988	0	0
14.1310000000012	4.96099999999933	13.3230000000003	0	0
16.9470000000001	7.6200000000008	15.4069999999992	0	0
17.7050000000017	6.00299999999879	16.5390000000007	0	0
16.5820000000022	8.59500000000116	15.5329999999994	0	0
13.2929999999978	5.29200000000128	12.3950000000004	0	0
14.3029999999999	5.57499999999891	13.8220000000001	0	0
15.4620000000032	5.78499999999985	14.875	0	0
16.5799999999981	6.39600000000064	15.1039999999994	0	0
14.6490000000013	4.64400000000023	14.0049999999974	0	0
7.08199999999852	2.69900000000052	6.53499999999985	0	0
15.6739999999991	6.91600000000108	14.5900000000001	0	0
16.3140000000021	7.22999999999956	15.1310000000012	0	0
16.8220000000001	6.20999999999913	15.6130000000012	0	0
15.4809999999998	5.32200000000012	14.6219999999994	0	0
13.349000000002	4.27700000000004	12.5410000000011	0	0
14.5820000000022	6.37700000000041	13.854000000003	0	0
13.6090000000004	5.64700000000084	12.7959999999985	0	0
15.7029999999977	5.27599999999984	14.3260000000009	0	0
13.7469999999994	4.76199999999881	12.9579999999987	0	0
16.377999999997	6.64700000000084	15.0750000000007	0	0
6.40999999999985	1.44900000000052	6.16899999999805	0	0
15.0550000000003	6.53000000000065	14.3559999999998	0	0
13.4830000000002	5.68599999999969	12.5989999999983	0	0
6.85699999999997	2.46399999999994	6.60199999999895	0	0
15.1660000000011	6.13999999999942	14.1130000000012	0	0
15.5380000000005	5.59699999999975	14.7010000000009	0	0
6.24199999999837	2.28000000000065	6.06500000000233	0	0
14.9039999999986	5.0109999999986	13.9659999999967	0	0
15.6790000000001	6.13200000000143	14.4869999999974	0	0
15.232	6.8179999999993	14.5889999999999	0	0
13.7639999999992	4.3130000000001	13.2089999999989	0	0
14.594000000001	4.13699999999881	13.7469999999994	0	0
13.2849999999999	6.48300000000017	12.9069999999992	0	0
15.9619999999995	6.3799999999992	14.9830000000002	0	0
14.3859999999986	5.2450000000008	13.4350000000013	0	0
15.0750000000007	6.3179999999993	14.135000000002	0	0
15.2270000000026	6.11100000000079	14.018	0	0
13.405999999999	4.86000000000058	12.9750000000022	0	0
14.2289999999994	6.28600000000006	13.8810000000012	0	0
14.3869999999988	5.66699999999946	13.6660000000011	0	0
15.4110000000001	6.19100000000071	14.4759999999987	0	0
15.364999999998	5.753999999999	14.4939999999988	0	0
14.7690000000002	7.60199999999895	13.7549999999974	0	0
15.1260000000002	6.53600000000006	14.1239999999998	0	0
15.9030000000021	6.30400000000009	14.9560000000019	0	0
15.1640000000007	7.28499999999985	13.7940000000017	0	0
15.9459999999999	7.23600000000079	14.9159999999974	0	0
15.1209999999992	5.60499999999956	14.1320000000014	0	0
14.1059999999998	5.87099999999919	13.2590000000018	0	0
12.8410000000003	5.55299999999988	12.5279999999984	0	0
17.0010000000002	6.625	16.150999999998	0	0
14.3209999999999	6.44000000000051	13.6549999999988	0	0
15.0799999999981	6.08500000000095	14.6180000000022	0	0
13.4089999999997	4.42400000000089	12.9439999999995	0	0
14.8169999999991	5.46800000000076	13.7769999999982	0	0
14.8869999999988	8.79700000000048	13.8050000000003	0	0
14.8450000000012	5.19400000000132	14.0020000000004	0	0
13.0620000000017	4.95999999999913	12.3539999999994	0	0
13.4290000000001	4.00699999999961	13.1589999999997	0	0
6.72200000000157	1.89800000000105	6.27699999999822	0	0
15.7139999999999	5.95399999999972	14.780999999999	0	0
14.8899999999994	6.50699999999961	13.9360000000015	0	0
15.8379999999997	5.27599999999984	14.7299999999996	0	0
14.5910000000003	5.2489999999998	13.6539999999986	0	0
15.9619999999995	6.58900000000176	15.0390000000007	0	0
14.3159999999989	5.27099999999882	13.6739999999991	0	0
18.0679999999993	6.86200000000099	16.9300000000003	0	0
15.2860000000001	5.26100000000042	14.6399999999994	0	0
