6.162	3.489	5.668	0	0
6.171	1.989	5.755	0	0
12.79	7.792	11.589	0	0
12.741	6.633	11.728	0	0
12.502	5.536	11.683	0	0
12.747	6.833	11.574	0	0
11.66	5.988	10.876	0	0
12.315	4.93000000000001	11.56	0	0
12.174	6.95999999999999	11.379	0	0
6.34100000000001	1.60900000000001	6.084	0	0
13.206	6.69	11.944	0	0
11.628	4.46099999999998	10.8560000000001	0	0
12.52	6.10799999999998	11.627	0	0
12.428	6.059	11.658	0	0
13.471	6.55599999999998	12.21	0	0
12.232	5.68699999999998	10.969	0	0
5.83100000000002	1.15800000000002	5.39300000000003	0	0
13.642	7.32400000000001	12.157	0	0
12.126	6.149	11.066	0	0
13.783	7.38300000000001	12.3360000000001	0	0
13.273	7.11599999999999	11.796	0	0
5.74400000000003	1.25699999999995	5.04999999999995	0	0
5.83000000000004	2.55900000000003	5.19200000000001	0	0
13.3199999999999	6.37199999999996	12.11	0	0
14.561	8.35599999999999	12.73	0	0
6.00599999999997	1.44900000000001	5.69000000000005	0	0
5.572	1.59500000000003	5.20399999999995	0	0
6.27800000000002	3.27700000000004	5.27299999999991	0	0
13.357	8.21100000000001	11.888	0	0
6.37900000000002	2.35299999999995	5.83399999999995	0	0
5.43000000000006	1.92099999999999	5.49000000000001	0	0
13.4749999999999	6.99899999999997	12.1139999999999	0	0
12.135	6.488	11.1419999999999	0	0
6.07400000000007	3.23899999999998	5.69200000000001	0	0
12.976	6.77600000000001	11.809	0	0
6.44899999999996	4.846	5.529	0	0
12.644	5.60600000000005	11.585	0	0
6.04700000000003	2.56700000000001	5.23099999999999	0	0
12.643	7.32799999999997	11.109	0	0
12.9169999999999	6.31200000000001	11.802	0	0
6.20000000000005	2.51600000000002	5.65200000000004	0	0
13.0710000000001	8.42000000000002	11.866	0	0
13.74	7.09899999999993	11.9369999999999	0	0
12.6310000000001	6.45699999999999	11.606	0	0
5.78099999999995	2.73099999999999	5.07000000000016	0	0
11.97	4.649	11.1659999999999	0	0
6.46900000000005	2.08100000000002	6.02500000000009	0	0
13.175	7.05599999999993	12.086	0	0
13.3969999999999	5.05800000000011	12.4739999999999	0	0
6.33799999999997	2.99099999999999	5.68899999999985	0	0
12.9939999999999	5.74300000000005	12.1409999999998	0	0
13.221	7.54200000000003	11.8299999999999	0	0
14.5029999999999	4.58699999999999	13.4640000000002	0	0
12.6079999999999	5.79700000000003	11.5830000000001	0	0
5.80400000000009	1.25599999999997	5.46100000000001	0	0
6.67399999999998	3.803	5.91099999999983	0	0
13.4579999999999	7.31499999999994	12.184	0	0
5.77800000000002	2.99800000000005	5.46499999999992	0	0
13.4499999999998	4.36899999999991	13.2079999999999	0	0
13.4159999999999	6.56900000000007	11.7650000000001	0	0
12.9769999999999	6.58000000000004	11.922	0	0
12.837	7.06200000000001	11.827	0	0
12.7959999999998	5.18599999999992	12.3130000000001	0	0
12.1599999999999	5.41500000000008	11.1619999999998	0	0
12.8660000000002	7.13400000000001	11.2769999999998	0	0
6.66399999999999	2.548	5.90100000000007	0	0
5.97200000000021	2.13499999999999	5.62899999999991	0	0
12.1280000000002	6.97199999999998	11.4770000000001	0	0
14.9559999999999	7.92200000000003	13.194	0	0
6.43399999999997	2.58999999999992	5.77199999999993	0	0
5.84999999999991	2.61999999999989	5.56400000000008	0	0
12.3890000000001	6.06500000000005	11.6959999999999	0	0
6.31500000000005	2.56700000000001	5.55600000000004	0	0
6.08300000000008	2.10399999999993	5.74099999999999	0	0
5.84999999999991	2.0630000000001	5.56799999999998	0	0
13.248	7.68999999999994	11.7079999999999	0	0
12.46	4.81899999999996	11.752	0	0
12.579	5.47399999999993	11.4970000000001	0	0
13.4860000000001	4.01699999999994	12.751	0	0
5.23099999999977	1.66300000000001	4.98800000000006	0	0
12.4500000000003	6.23500000000001	11.3110000000001	0	0
6.20399999999972	1.91000000000008	5.64300000000003	0	0
12.9339999999997	4.70100000000002	11.481	0	0
5.94900000000007	2.62700000000007	5.57299999999987	0	0
12.6239999999998	6.40700000000004	11.588	0	0
6.29100000000017	2.86099999999999	5.80500000000006	0	0
5.58199999999988	0.921000000000049	5.43100000000004	0	0
11.848	5.63199999999995	10.7630000000004	0	0
13.5039999999999	5.39300000000014	12.864	0	0
14.3070000000002	5.68600000000015	12.9889999999996	0	0
6.58799999999974	2.09999999999991	6.29899999999998	0	0
12.0949999999998	4.76800000000003	11.2910000000002	0	0
13.607	6.41300000000001	11.703	0	0
12.817	4.85200000000009	12.2760000000003	0	0
14.2419999999997	6.72800000000007	12.893	0	0
5.88299999999981	2.09999999999991	5.80699999999979	0	0
5.52500000000009	1.19900000000007	5.24299999999994	0	0
11.3210000000004	5.80999999999995	11.5190000000002	0	0
5.56399999999985	2.00199999999995	5.21699999999964	0	0
6.15099999999984	1.65499999999997	5.69500000000016	0	0
12.8319999999999	5.92100000000005	11.6890000000003	0	0
11.9459999999999	5.98000000000002	11.3539999999998	0	0
12.453	5.42699999999991	11.6320000000001	0	0
11.4059999999999	4.73699999999985	10.6260000000002	0	0
13.0799999999999	8.09399999999982	11.5950000000003	0	0
12.5550000000003	6.41000000000008	12.134	0	0
5.82000000000016	1.14900000000011	5.79799999999977	0	0
12.7440000000001	5.08499999999981	11.7149999999997	0	0
12.8320000000003	6.24499999999989	11.7429999999999	0	0
6.15999999999985	2.98000000000002	5.49800000000005	0	0
12.8449999999998	6.43399999999997	12.143	0	0
6.36400000000003	1.70800000000008	5.83299999999963	0	0
5.17700000000013	1.2360000000001	5.00900000000001	0	0
12.0540000000001	5.31600000000003	11.23	0	0
6.49600000000009	1.60200000000009	5.83199999999988	0	0
6.43299999999999	2.38800000000015	5.83899999999994	0	0
10.7270000000003	3.95499999999993	10.2370000000001	0	0
6.29300000000012	2.66899999999987	5.47700000000032	0	0
13.1030000000001	4.97700000000009	12.1770000000001	0	0
6.72200000000021	1.58500000000004	6.52799999999979	0	0
15.1219999999998	6.58799999999997	13.7869999999998	0	0
12.8330000000001	6.33999999999992	11.7539999999999	0	0
12.846	5.94000000000005	11.6479999999997	0	0
5.66300000000001	2.33500000000004	5.46099999999979	0	0
12.8540000000003	5.26699999999983	12.453	0	0
6.11200000000008	2.24400000000014	5.88099999999986	0	0
6.39800000000014	2.96399999999994	5.86999999999989	0	0
6.29300000000012	2.88200000000006	5.49499999999989	0	0
6.07900000000018	2.50800000000004	5.78400000000011	0	0
6.80999999999995	2.60400000000004	6.49499999999989	0	0
12.5219999999999	6.24900000000002	11.5189999999998	0	0
5.60799999999972	2.97499999999991	5.34400000000005	0	0
14.3890000000001	6.05700000000002	13.1660000000002	0	0
12.7920000000004	7.53199999999993	11.3889999999997	0	0
13.8980000000001	8.75	12.3789999999999	0	0
11.9690000000001	6.19200000000001	11.3119999999999	0	0
5.67799999999988	2.26900000000001	5.08599999999979	0	0
6.63599999999997	3.38999999999987	6.5	0	0
6.11300000000028	3.971	5.28500000000031	0	0
12.1820000000002	4.85699999999997	10.77	0	0
14.7330000000002	9.29000000000019	12.8090000000002	0	0
12.9290000000001	6.95100000000002	11.8239999999996	0	0
13.4580000000001	6.39499999999998	12.4299999999998	0	0
12.991	6.54899999999998	11.7849999999999	0	0
6.69399999999996	2.92200000000003	5.9109999999996	0	0
6.17799999999988	1.83000000000015	5.9670000000001	0	0
12.8119999999999	7.00600000000009	11.7379999999998	0	0
12.616	7.08199999999988	11.2340000000004	0	0
13.1350000000002	7.21600000000012	12.2779999999998	0	0
13.4009999999998	5.96599999999989	12.5429999999997	0	0
6.58299999999963	2.79899999999998	6.12899999999991	0	0
12.7730000000001	7.47299999999996	11.5509999999999	0	0
12.297	7.07200000000012	11.1689999999999	0	0
12.0940000000001	6.57400000000007	10.9929999999999	0	0
5.47200000000021	1.93900000000008	5.06400000000031	0	0
13.3150000000001	6.34500000000003	11.7719999999999	0	0
13.3320000000003	6.17599999999993	11.9960000000001	0	0
6.26199999999972	2.07099999999991	5.904	0	0
12.009	7.76300000000015	10.8539999999998	0	0
13.3240000000001	7.53500000000008	11.7649999999999	0	0
6.29899999999998	1.43100000000004	5.92800000000034	0	0
11.6109999999999	4.98800000000006	10.8530000000001	0	0
12.3419999999996	4.577	11.346	0	0
11.8559999999998	4.60599999999999	10.9570000000003	0	0
12.2110000000002	5.52799999999979	12.056	0	0
6.90599999999995	2.60100000000011	6.79300000000012	0	0
12.1710000000003	7.05200000000013	11.0710000000004	0	0
8.20100000000002	3.20000000000005	7.10199999999986	0	0
12.4129999999996	5.96500000000015	11.8609999999999	0	0
5.82800000000043	2.12300000000005	5.72199999999975	0	0
5.42100000000028	2.2829999999999	4.87599999999975	0	0
13.8029999999999	6.92699999999991	12.7890000000002	0	0
12.576	7.14300000000003	10.7070000000003	0	0
6.15699999999924	3.30500000000006	5.64100000000008	0	0
14.1779999999999	7.66800000000012	12.9090000000006	0	0
11.8059999999996	6.39300000000003	11.6050000000005	0	0
12.4660000000003	6.44500000000016	11.3559999999998	0	0
11.6999999999998	6.30099999999993	11.2730000000001	0	0
5.9350000000004	2.34500000000003	5.75500000000011	0	0
14.0929999999998	6.61400000000003	13.6579999999994	0	0
12.3009999999995	6.76499999999987	11.7039999999997	0	0
12.7260000000006	6.07299999999987	10.8630000000003	0	0
12.5770000000002	6.07600000000002	12.5220000000008	0	0
6.32799999999952	2.66699999999992	5.95299999999952	0	0
5.34799999999996	0.91800000000012	5.38000000000011	0	0
6.35800000000017	3.10699999999997	5.97400000000016	0	0
5.90499999999975	3.27400000000034	5.56900000000041	0	0
13.0689999999995	5.57000000000016	11.8829999999998	0	0
12.0939999999991	5.47199999999975	11.8339999999998	0	0
12.5	5.64999999999964	11.741	0	0
13.6369999999997	10.0460000000003	12.424	0	0
6.20799999999963	1.76099999999997	5.9950000000008	0	0
12.5259999999998	7.5029999999997	10.7200000000003	0	0
6.21500000000015	1.89300000000003	5.71699999999964	0	0
5.5029999999997	1.46000000000004	5.49099999999999	0	0
14.2520000000004	10.6660000000002	12.5060000000003	0	0
12.7830000000004	6.20199999999977	11.8050000000003	0	0
13.1859999999997	5.67700000000013	12.3279999999995	0	0
7.0010000000002	3.77800000000025	6.26100000000042	0	0
5.27799999999934	1.16499999999996	5.60999999999967	0	0
12.1450000000004	5.79199999999992	11.4130000000005	0	0
13.3780000000006	6.20199999999977	12.1100000000006	0	0
11.1300000000001	4.55699999999979	10.6729999999998	0	0
13.1149999999998	5.20399999999972	12.4440000000004	0	0
6.3720000000003	2.37999999999965	5.89500000000044	0	0
13.1419999999998	5.8130000000001	12.3899999999994	0	0
5.80999999999949	2.7510000000002	5.2559999999994	0	0
13.451	8.24699999999984	11.9120000000003	0	0
7.49900000000071	3.07000000000016	6.81600000000071	0	0
14.6010000000006	6.90000000000009	13.0809999999992	0	0
13.3160000000007	5.17799999999988	12.4229999999998	0	0
13.5519999999997	7.43600000000015	11.9880000000003	0	0
12.2259999999997	5.90100000000029	12.0479999999998	0	0
12.5590000000002	6.43499999999995	11.9930000000004	0	0
13.357	5.91400000000021	12.1729999999998	0	0
13.607	7.5300000000002	12.0889999999999	0	0
13.3679999999995	6.16000000000031	12.5339999999997	0	0
12.8389999999999	5.22499999999991	12.3609999999999	0	0
12.3619999999992	5.86499999999978	11.6149999999998	0	0
13.7240000000002	6.76900000000023	11.9800000000005	0	0
14.4309999999996	7.90000000000009	13.0709999999999	0	0
12.0889999999999	6.38500000000022	11.116	0	0
13.5559999999996	7.51099999999997	12.3510000000006	0	0
12.8270000000002	5.20600000000013	11.7520000000004	0	0
12.8969999999999	6.16899999999987	11.9589999999998	0	0
12.3859999999995	5.87300000000005	11.2340000000004	0	0
11.7050000000008	3.98399999999992	10.9049999999997	0	0
11.9970000000003	5.19999999999982	11.5950000000003	0	0
12.4709999999995	6.56899999999996	11.7939999999999	0	0
12.5209999999997	5.7199999999998	11.2030000000004	0	0
6.94400000000041	1.12100000000009	6.71999999999935	0	0
12.7059999999992	6.70800000000008	11.7290000000003	0	0
6.01999999999953	3.51299999999992	5.53099999999995	0	0
12.6730000000007	5.45700000000033	11.5529999999999	0	0
7.07300000000032	1.39100000000008	6.45100000000002	0	0
6.22699999999986	2.16199999999981	5.47699999999986	0	0
6.02999999999975	2.63899999999967	5.26900000000023	0	0
6.25799999999981	2.6220000000003	6.10800000000017	0	0
12.0370000000003	5.79100000000017	11.6999999999998	0	0
6.30400000000009	2.22499999999991	5.47600000000057	0	0
12.0320000000002	6.39799999999968	11.0860000000002	0	0
12.8640000000005	5.32499999999982	11.1660000000002	0	0
13.6210000000001	8.28700000000026	12.0379999999996	0	0
12.692	6.77700000000004	11.75	0	0
5.94100000000071	1.6579999999999	5.80899999999929	0	0
12.7399999999998	5.41600000000017	11.9880000000003	0	0
6.35999999999967	2.74099999999999	5.87100000000009	0	0
13.8890000000001	6.22399999999971	12.5609999999997	0	0
5.99300000000039	1.54500000000007	5.52199999999993	0	0
6.46700000000055	1.59999999999991	6.14500000000044	0	0
5.49399999999969	1.03900000000021	5.34500000000025	0	0
5.52100000000064	1.05400000000009	5.31099999999969	0	0
12.799	5.87300000000005	11.366	0	0
6.26500000000033	1.32299999999987	5.86700000000019	0	0
12.1539999999995	5.92799999999988	11.652	0	0
6.8769999999995	5.37100000000009	5.92000000000007	0	0
12.2689999999993	5.31099999999969	11.6909999999998	0	0
11.0839999999998	2.93399999999974	11.1329999999998	0	0
6.73000000000047	2.57400000000007	6.05199999999968	0	0
11.8240000000005	5.87300000000005	11.6140000000005	0	0
13.7610000000004	8.02800000000025	11.9879999999994	0	0
6.4380000000001	2.69000000000005	5.89999999999964	0	0
12.1419999999998	5.30600000000004	10.9269999999997	0	0
6.44599999999991	1.26399999999967	6.01700000000073	0	0
12.3480000000009	5.88600000000042	11.768	0	0
12.9300000000003	7.6279999999997	11.1179999999995	0	0
5.6200000000008	1.86799999999994	5.3159999999998	0	0
12.6490000000003	6.14800000000014	11.4300000000003	0	0
12.527	6.00499999999965	11.5730000000003	0	0
5.71699999999964	3.15999999999985	5.15700000000015	0	0
12.2419999999993	6.61000000000013	11.4719999999998	0	0
11.3580000000002	5.3159999999998	10.7839999999997	0	0
11.9089999999997	6.32899999999972	11.1270000000004	0	0
5.77899999999954	2.25800000000027	5.25399999999991	0	0
12.875	6.78700000000026	11.4130000000005	0	0
13.7640000000001	6.94900000000007	12.2849999999999	0	0
13.0500000000002	6.60100000000011	11.5820000000003	0	0
5.625	1.49399999999969	4.99099999999999	0	0
13.8760000000002	7.59299999999985	12.6680000000006	0	0
11.9710000000005	4.84099999999989	10.6589999999997	0	0
12.7539999999999	5.57299999999987	11.6540000000005	0	0
12.2869999999994	7.94500000000016	10.7449999999999	0	0
12.067	6.21699999999964	11.3810000000003	0	0
6.4989999999998	3.43700000000035	5.99600000000009	0	0
5.71999999999935	1.80299999999988	5.26400000000012	0	0
13.1230000000005	7.21199999999999	11.6899999999996	0	0
13.4220000000005	7.404	12.4559999999992	0	0
12.3760000000002	6.41499999999996	11.0900000000001	0	0
5.60900000000038	1.53500000000031	5.72699999999986	0	0
5.53899999999976	2.24699999999984	5.13699999999972	0	0
12.1790000000001	5.90200000000004	10.991	0	0
13.8680000000004	7.10199999999986	12.2889999999998	0	0
6.32399999999961	1.63799999999992	5.71500000000015	0	0
13.3029999999999	5.92399999999998	11.8279999999995	0	0
6.87700000000041	3.43200000000024	6.30799999999999	0	0
14.866	7.60500000000002	13.2739999999994	0	0
11.2799999999997	4.80799999999999	10.7480000000005	0	0
6.28299999999945	2.30799999999999	5.70799999999963	0	0
13.9070000000002	8.1899999999996	12.3829999999998	0	0
6.13900000000012	2.42900000000009	5.67900000000009	0	0
12.6819999999998	5.6609999999996	11.2029999999995	0	0
11.9479999999994	6.01800000000003	11.0709999999999	0	0
12.2950000000001	6.80400000000009	11.4170000000004	0	0
13.0839999999998	5.64900000000034	11.6059999999998	0	0
5.10999999999967	1.17300000000023	4.71699999999964	0	0
13.0059999999994	5.89100000000008	11.8499999999995	0	0
11.4850000000006	4.58300000000008	11.4099999999999	0	0
6.32499999999982	2.03999999999996	5.86200000000008	0	0
6.13299999999981	2.52599999999984	5.59199999999964	0	0
13.2370000000001	7.37999999999965	11.6509999999998	0	0
13.3580000000002	6.01200000000017	11.8560000000007	0	0
13.674	6.22799999999961	12.8450000000003	0	0
12.8969999999999	7.05400000000009	12.4280000000008	0	0
12.3159999999998	5.68900000000031	11.549	0	0
5.50200000000041	1.36200000000008	5.09299999999985	0	0
12.7130000000006	5.4670000000001	12.1639999999998	0	0
12.8069999999998	6.13200000000006	11.6489999999994	0	0
6.00600000000031	1.97800000000007	5.75	0	0
14.7640000000001	6.04100000000017	13.6559999999999	0	0
12.4849999999997	6.05200000000013	12.1020000000008	0	0
12.9440000000004	6.03300000000036	12.1219999999994	0	0
13.4050000000007	5.70100000000002	12.3879999999999	0	0
5.96299999999974	2.02199999999993	5.8690000000006	0	0
12.3540000000012	5.75300000000016	12.1660000000002	0	0
11.8700000000008	6.01899999999978	10.9669999999996	0	0
12.2839999999997	6.23099999999977	11.2579999999998	0	0
13.1509999999998	6.53200000000015	12.0699999999997	0	0
12.469000000001	4.94499999999971	11.5260000000007	0	0
12.4520000000011	5.4050000000002	11.4619999999995	0	0
5.78900000000067	1.77599999999984	5.72899999999936	0	0
12.5290000000005	6.77700000000004	11.5	0	0
14.237000000001	7.11299999999983	12.4220000000005	0	0
6.41799999999967	2.03899999999976	6.14699999999993	0	0
12.9679999999989	5.846	11.6840000000002	0	0
5.17200000000048	1.73800000000028	5.13199999999961	0	0
6.2489999999998	2.08399999999983	6.27600000000075	0	0
6.26199999999881	2.16100000000006	5.86999999999989	0	0
12.4580000000005	5.40099999999984	11.777	0	0
12.4310000000005	7.64400000000023	11.4709999999995	0	0
14.0549999999985	6.9050000000002	13.1929999999993	0	0
12.2910000000011	6.11099999999988	11.0309999999999	0	0
6.74200000000019	5.78400000000011	5.15000000000055	0	0
13.9830000000002	6.73999999999978	12.75	0	0
14.4850000000006	8.61500000000024	12.8699999999999	0	0
6.85800000000017	2.6550000000002	6.09000000000015	0	0
13.9790000000012	6.91199999999981	13.2660000000005	0	0
12.759	4.44999999999982	12.6179999999986	0	0
12.7249999999985	6.54099999999971	12.3709999999992	0	0
13.1360000000004	8.33299999999963	11.9400000000005	0	0
12.3960000000006	5.44899999999961	11.5450000000001	0	0
5.57200000000012	2.56800000000021	5.15800000000127	0	0
12.1669999999995	6.18899999999985	11.8359999999993	0	0
5.58799999999974	1.52199999999993	5.08899999999994	0	0
12.7569999999996	7.02199999999993	11.8320000000003	0	0
11.8160000000007	5.02399999999989	10.7349999999988	0	0
12.1900000000005	5.22800000000007	11.3150000000005	0	0
5.35400000000118	1.80699999999979	5.33500000000095	0	0
12.9879999999994	6.59099999999989	12.357	0	0
5.71800000000076	1.4369999999999	5.73300000000017	0	0
14.1110000000008	7.41200000000026	12.3729999999996	0	0
13.0410000000011	5.30299999999988	11.8919999999998	0	0
12.8070000000007	6.18099999999959	11.0709999999999	0	0
12.0360000000001	5.33699999999953	10.9160000000011	0	0
11.8420000000006	6.46299999999974	11.1659999999993	0	0
13.0310000000009	8.06099999999969	12.1149999999998	0	0
13.4860000000008	7.19000000000051	12.6750000000011	0	0
12.8340000000007	5.59300000000076	12.3729999999996	0	0
13.8469999999998	8.00699999999961	12.1209999999992	0	0
14.777	8.08500000000004	13.0869999999995	0	0
5.71999999999935	2.15899999999965	5.70700000000033	0	0
13.6319999999996	6.23900000000049	12.1689999999999	0	0
5.99700000000121	2.15700000000015	6.08200000000033	0	0
12.0659999999989	5.13999999999942	10.9989999999998	0	0
14.1949999999997	5.60899999999947	13.2019999999993	0	0
13.146999999999	6.8149999999996	11.4749999999985	0	0
12.4050000000007	4.89300000000003	10.643	0	0
12.4130000000005	5.48799999999937	11.2489999999998	0	0
11.7900000000009	4.80799999999999	11.0329999999994	0	0
13.2380000000012	7.03600000000006	11.7999999999993	0	0
12.8420000000006	6.00799999999981	11.9320000000007	0	0
5.56999999999971	2.40599999999995	5.25	0	0
6.33899999999994	2.33600000000024	5.9270000000015	0	0
14.3060000000005	6.56700000000001	12.9210000000003	0	0
11.6679999999997	5.49099999999999	10.7619999999988	0	0
12.2430000000004	7.88100000000031	11.4350000000013	0	0
5.8739999999998	1.49600000000009	5.23300000000017	0	0
14.1700000000001	5.47199999999975	13.1360000000004	0	0
11.0779999999995	4.97000000000025	11.0400000000009	0	0
11.6540000000005	5.10499999999956	11.2989999999991	0	0
12.746000000001	7.11999999999989	11.7150000000001	0	0
12.5059999999994	6.16800000000057	11.5100000000002	0	0
5.63299999999981	2.17500000000018	5.52100000000064	0	0
12.0730000000003	6.82199999999921	11.2120000000014	0	0
12.0299999999988	4.87599999999929	11.5410000000011	0	0
6.83999999999833	1.84699999999975	6.25600000000122	0	0
11.8169999999991	4.89199999999983	11.344000000001	0	0
12.0130000000008	6.64900000000034	11.1779999999999	0	0
5.87799999999879	1.79700000000048	5.60300000000097	0	0
13.003999999999	6.78099999999995	12.3709999999992	0	0
5.57300000000032	2.23199999999997	5.23600000000079	0	0
6.28999999999905	3.33699999999953	6.27000000000044	0	0
14.0429999999997	6.8779999999997	12.2839999999997	0	0
11.3619999999992	4.30499999999938	10.5220000000008	0	0
13.3360000000011	5.14899999999943	12.2709999999988	0	0
6.64600000000064	1.47499999999945	6.26299999999901	0	0
12.4269999999997	5.44899999999961	11.5719999999983	0	0
12.0839999999989	6.17799999999988	10.7620000000006	0	0
12.616	6.64000000000033	11.2910000000011	0	0
13.4840000000004	7.98400000000038	12.2510000000002	0	0
11.7479999999996	5.03700000000026	11.3169999999991	0	0
12.6090000000004	6.08699999999953	11.7420000000002	0	0
13.0690000000013	7.38599999999951	12.1769999999997	0	0
13.0959999999995	6.86800000000039	11.7440000000006	0	0
12.3220000000001	6.0570000000007	10.8400000000001	0	0
12.1259999999984	5.23799999999937	11.4810000000016	0	0
5.46000000000095	1.54299999999967	5.51699999999983	0	0
13.405999999999	6.2559999999994	12.3429999999989	0	0
14.1360000000004	7.51699999999983	12.5030000000006	0	0
13.5320000000011	6.14399999999932	12.7270000000008	0	0
5.94599999999991	1.48400000000038	5.35900000000038	0	0
11.3350000000009	4.08200000000033	10.5800000000017	0	0
6.51800000000003	3.56600000000071	5.84900000000016	0	0
12.25	6.96699999999964	11.5769999999993	0	0
12.4809999999998	8.91499999999996	11.7529999999988	0	0
12.1790000000001	5.15300000000025	11.0160000000014	0	0
12.8739999999998	7.01699999999983	11.976999999999	0	0
12.4380000000001	6.19599999999991	11.4369999999999	0	0
13.3399999999983	5.97499999999945	11.8559999999998	0	0
12.9790000000012	5.80400000000009	11.6859999999997	0	0
12.5810000000001	6.20799999999963	11.607	0	0
5.78399999999965	1.32699999999932	5.65899999999965	0	0
14.2530000000006	7.36700000000019	12.5349999999999	0	0
5.72099999999955	1.87099999999919	5.5	0	0
12.4259999999995	5.02899999999954	11.5600000000013	0	0
12.3580000000002	4.75699999999961	11.7250000000004	0	0
13.2080000000005	5.54600000000028	12.2630000000008	0	0
12.0999999999985	4.79600000000028	11.2650000000012	0	0
13.0840000000007	4.53599999999915	12.1939999999995	0	0
6.25	2.59799999999996	5.53000000000065	0	0
12.2420000000002	7.05199999999968	10.9179999999997	0	0
4.72099999999955	1.1840000000002	4.82999999999993	0	0
6.70700000000033	2.91100000000006	6.13000000000102	0	0
12.75	5.3130000000001	12.1769999999997	0	0
6.34700000000157	3.45900000000074	5.43000000000029	0	0
5.7440000000006	1.75	5.79399999999987	0	0
13.2109999999993	5.99599999999919	12.2900000000009	0	0
12.4120000000003	6.36599999999999	11.2399999999998	0	0
11.6769999999997	4.81400000000031	11.0670000000009	0	0
11.9200000000001	5.07000000000062	11.0529999999999	0	0
5.77299999999923	3.64699999999993	5.26399999999921	0	0
12.3520000000008	5.44900000000052	11.3860000000004	0	0
7.51700000000164	2.1220000000003	6.86700000000019	0	0
6.37800000000061	2.04600000000028	5.90599999999904	0	0
6.11000000000058	2.13700000000063	5.47199999999975	0	0
12.0419999999995	5.65700000000015	10.8119999999999	0	0
13.2029999999995	7.06099999999969	11.5820000000003	0	0
12.014000000001	6.18599999999969	11.2699999999986	0	0
13.3670000000002	6.89900000000034	12.4070000000011	0	0
5.73899999999958	2.26899999999932	5.43900000000031	0	0
12.1010000000006	5.5590000000002	11.5360000000001	0	0
12.2720000000008	5.52999999999975	11.4719999999998	0	0
12.2619999999988	5.35099999999966	11.7600000000002	0	0
12.7180000000008	3.89200000000073	11.6940000000013	0	0
6.71200000000135	2.57200000000012	6.13700000000063	0	0
13.375	7.46500000000015	11.6939999999995	0	0
12.6260000000002	4.46500000000015	11.8359999999993	0	0
12.2950000000001	5.79200000000037	11.5990000000002	0	0
5.15899999999965	1.81900000000041	4.83700000000135	0	0
13.7129999999997	5.22199999999975	12.2710000000006	0	0
12.4959999999992	5.68199999999979	11.5699999999997	0	0
12.5510000000013	6.36699999999928	11.6389999999992	0	0
12.0290000000005	4.17600000000039	11.5479999999989	0	0
12.0780000000013	6.01100000000042	11.0720000000001	0	0
12.4499999999989	5.28499999999985	11.3099999999995	0	0
6.35200000000077	2.85800000000017	5.79099999999926	0	0
13.7309999999998	6.95799999999963	12.2620000000006	0	0
6.41200000000026	2.4980000000005	5.70800000000054	0	0
12.9799999999996	3.55899999999929	12.598	0	0
12.1350000000002	4.91399999999976	11.3189999999995	0	0
12.9939999999988	6.25800000000072	11.8499999999985	0	0
13.2119999999995	6.41499999999996	11.898000000001	0	0
13.7180000000008	6.72800000000007	12.3949999999986	0	0
13.6959999999999	7.03600000000006	12.1790000000001	0	0
6.63199999999961	2.98099999999977	6.1929999999993	0	0
12.1100000000006	5.66499999999996	10.9669999999987	0	0
12.2299999999996	6.32399999999961	11.1720000000005	0	0
12.8500000000004	6.89499999999953	11.3729999999996	0	0
12.603000000001	6.40500000000065	11.8899999999994	0	0
12.0360000000001	5.70499999999993	11.4140000000007	0	0
5.29100000000108	0.934999999999491	5.24300000000039	0	0
13.3230000000003	6.5619999999999	12.1230000000014	0	0
6.17900000000009	3.3720000000003	5.89499999999862	0	0
12.982	6.07099999999991	11.5930000000008	0	0
13.6090000000004	6.88900000000012	12.0450000000001	0	0
6.29199999999946	1.55499999999938	6	0	0
6.38500000000022	1.60199999999986	5.65700000000106	0	0
13.1329999999998	6.58399999999983	12.253999999999	0	0
12.9570000000003	6.15400000000045	11.9080000000013	0	0
14.0119999999988	8.02199999999993	12.9239999999991	0	0
5.93799999999828	2.04699999999957	5.57099999999991	0	0
6.32899999999972	1.6880000000001	5.40400000000045	0	0
6.15699999999924	1.21299999999974	5.98599999999897	0	0
12.8050000000003	6.23900000000049	11.5930000000008	0	0
12.0679999999993	5.78499999999985	11.4310000000005	0	0
12.3829999999998	7.39800000000014	10.8000000000011	0	0
11.9400000000005	5.88700000000063	10.893	0	0
6.46700000000055	1.63400000000001	6.24099999999999	0	0
12.7839999999997	7.32499999999982	12.0730000000003	0	0
13.6140000000014	5.70099999999911	12.9120000000003	0	0
12.860999999999	7.3100000000004	11.6859999999997	0	0
11.5440000000017	4.21499999999924	11.6370000000006	0	0
10.6499999999996	3.20600000000013	10.7709999999988	0	0
12.3559999999998	6.01199999999972	12.0610000000015	0	0
6.20299999999952	1.96200000000044	5.66100000000006	0	0
12.5349999999999	6.17300000000068	11.8400000000001	0	0
12.1040000000012	4.42399999999998	11.3020000000015	0	0
12.2469999999994	4.54600000000028	11.5840000000007	0	0
6.71700000000055	3.60400000000027	5.95399999999972	0	0
12.4010000000017	4.89599999999973	11.9349999999995	0	0
12.1880000000001	6.19899999999961	10.8400000000001	0	0
6.18900000000031	2.80200000000059	5.51599999999962	0	0
12.1239999999998	5.21900000000005	10.8400000000001	0	0
5.28499999999985	1.0630000000001	5.31800000000112	0	0
13.8559999999998	6.5	12.5619999999999	0	0
12.7019999999993	5.78899999999976	11.6020000000008	0	0
6.0669999999991	2.81500000000051	5.23699999999917	0	0
6.12800000000061	2.10899999999947	5.27499999999964	0	0
13.1700000000001	6.68900000000031	11.0619999999999	0	0
13.0560000000005	6.51499999999942	12.0490000000009	0	0
13.2950000000001	6.67699999999968	11.2790000000005	0	0
12.0870000000014	7.25799999999981	10.2950000000001	0	0
12.7179999999989	6.24000000000069	10.898000000001	0	0
12.7210000000014	5.18900000000031	11.5070000000014	0	0
12.3389999999999	5.04899999999998	10.7090000000007	0	0
11.5079999999998	5.55299999999988	10.5799999999999	0	0
12.3259999999991	7.29900000000089	10.612000000001	0	0
12.8119999999999	6.98300000000017	11.2039999999997	0	0
6.46300000000156	2.38999999999942	5.45499999999993	0	0
5.63400000000001	2.02899999999954	4.8130000000001	0	0
13.259	5.65599999999995	11.5759999999991	0	0
12.5559999999987	6.42399999999998	11.1139999999996	0	0
5.5010000000002	2.14499999999953	5.17699999999968	0	0
7.08600000000115	3.57999999999993	5.93700000000172	0	0
12.3359999999993	6.72599999999966	10.7870000000003	0	0
5.71900000000096	1.79799999999977	5.29300000000148	0	0
4.87900000000081	1.36800000000039	4.83799999999974	0	0
11.6189999999988	5.01400000000012	10.3500000000004	0	0
5.65500000000065	2.08500000000004	5.54700000000048	0	0
5.63100000000122	2.67200000000048	4.98599999999897	0	0
12.3340000000007	7.49399999999969	10.6229999999996	0	0
11.655999999999	5.80299999999988	10.5059999999994	0	0
13.0149999999994	7.75900000000001	10.9709999999995	0	0
5.8010000000013	2.5	5.21299999999974	0	0
13.5030000000006	6.64599999999973	11.8220000000001	0	0
13.7420000000002	6.30499999999938	11.5249999999996	0	0
12.9979999999996	6.5630000000001	11.3760000000002	0	0
6.51400000000103	2.05799999999999	5.61399999999958	0	0
13.3679999999986	6.63000000000011	11.0689999999995	0	0
11.1509999999998	5.24799999999959	10.3740000000016	0	0
6.46700000000055	4.01400000000012	5.26299999999901	0	0
13.3419999999987	8.04399999999987	11.4710000000014	0	0
12.6970000000001	6.86099999999988	10.9800000000014	0	0
13.8150000000005	7.01299999999992	11.8950000000004	0	0
12.7489999999998	7.58999999999924	10.7630000000008	0	0
5.8080000000009	1.47900000000027	5.09200000000055	0	0
12.8389999999999	5.44200000000001	11.2569999999996	0	0
12.5540000000001	5.76299999999992	10.9430000000011	0	0
13.4009999999998	6.44799999999941	11.5709999999999	0	0
12.0999999999985	5.17000000000007	11.3359999999993	0	0
5.54300000000148	1.66299999999956	5.2510000000002	0	0
12.9290000000001	7.64999999999964	10.994999999999	0	0
12.7609999999986	6.0010000000002	10.4600000000009	0	0
5.34900000000016	1.64800000000014	4.86599999999999	0	0
7.14600000000064	3.82800000000043	5.86700000000019	0	0
12.5200000000004	7.19200000000001	10.652	0	0
12.9060000000009	8.78600000000006	10.9629999999997	0	0
11.1949999999997	7.07099999999991	10.2789999999986	0	0
11.9590000000007	6.25799999999981	10.5280000000002	0	0
6.65500000000065	2.35599999999977	5.875	0	0
12.2610000000004	4.99499999999989	10.8629999999994	0	0
5.64099999999962	1.22699999999986	5.18899999999849	0	0
12.2309999999998	6.67600000000039	10.3559999999998	0	0
7.10800000000017	4.47699999999986	6.17000000000007	0	0
13.3040000000001	8.67199999999957	11.360999999999	0	0
13.5469999999987	5.96600000000035	11.8220000000001	0	0
12.1710000000003	5.83199999999943	9.90999999999985	0	0
6.22499999999854	2.59000000000015	5.76299999999901	0	0
13.0579999999991	8.85500000000047	11.3329999999987	0	0
6.90400000000045	2.24600000000009	6.10300000000097	0	0
14.1560000000009	7.71300000000065	11.9920000000002	0	0
11.7610000000004	5.68000000000029	10.6409999999996	0	0
13.8880000000008	8.46900000000005	11.8339999999989	0	0
13.0750000000007	4.86599999999999	11.5680000000011	0	0
12.9770000000008	6.38200000000052	11.5190000000002	0	0
6.25900000000001	1.64199999999983	5.98799999999937	0	0
11.4789999999994	5.13000000000011	10.3540000000012	0	0
6.69499999999971	3.50300000000061	5.60399999999936	0	0
12.1270000000004	6.78199999999924	10.1689999999999	0	0
13.1209999999992	6.38199999999961	11.1840000000011	0	0
11.5900000000001	5.08100000000013	10.1649999999991	0	0
12.5950000000012	6.21699999999964	10.8780000000006	0	0
5.6880000000001	2.07600000000002	5.41100000000006	0	0
13.4570000000003	6.73899999999958	11.5100000000002	0	0
5.83699999999953	2.29300000000057	5.30600000000049	0	0
13.0379999999986	5.23700000000008	11.0879999999997	0	0
6.13699999999881	2.23700000000008	5.00600000000122	0	0
12.7650000000012	8.78099999999995	10.4189999999999	0	0
13.3150000000005	7.49499999999989	11.0779999999995	0	0
5.87199999999939	2.19999999999982	4.99699999999939	0	0
13.1890000000003	6.01000000000022	11.0660000000007	0	0
12.137999999999	4.45799999999963	10.9269999999997	0	0
11.4339999999993	5.99300000000039	10.0869999999995	0	0
12.8649999999998	5.46100000000024	11.393	0	0
12.2379999999994	6.25800000000072	10.371000000001	0	0
13.7089999999989	6.49300000000039	12.1599999999999	0	0
12.5389999999989	6.51900000000023	10.9790000000012	0	0
13.5830000000005	5.2480000000005	11.6980000000003	0	0
12.875	6.44999999999982	11.1420000000016	0	0
14.1020000000008	9.40300000000025	11.4760000000006	0	0
11.6110000000008	4.98400000000038	10.8050000000003	0	0
6.44499999999971	2.43100000000049	5.41599999999926	0	0
5.35400000000118	1.12899999999991	5.15800000000127	0	0
5.87199999999939	2.29799999999977	5.1200000000008	0	0
11.393	5.93599999999969	10.4950000000008	0	0
11.1959999999999	6.58899999999994	10.4179999999997	0	0
12.4650000000001	7.26400000000012	10.7970000000005	0	0
11.8770000000004	5.74000000000069	10.6540000000005	0	0
12.5010000000002	6.36299999999937	10.6890000000003	0	0
5.93499999999949	1.92799999999988	5.14700000000084	0	0
5.56899999999951	2.27300000000014	5.1239999999998	0	0
12.1630000000005	6.18099999999959	10.6229999999996	0	0
11.4720000000016	6.85800000000017	10.253999999999	0	0
12.5300000000007	7.12299999999959	10.9489999999987	0	0
5.48099999999977	1.48999999999978	4.92100000000028	0	0
12.9419999999991	5.73099999999977	11.6009999999987	0	0
13.2520000000004	7.34100000000035	10.9970000000012	0	0
12.898000000001	7.48700000000008	10.8199999999997	0	0
6.08800000000156	3.61400000000049	5.21099999999933	0	0
6.6710000000021	2.53300000000036	5.60599999999977	0	0
11.8429999999971	4.17199999999957	10.9650000000001	0	0
12.4959999999992	6.73199999999997	10.744999999999	0	0
5.99599999999919	1.80499999999938	5.26599999999962	0	0
11.9290000000001	6.94400000000041	9.9330000000009	0	0
12.3249999999971	8.40800000000036	10.6509999999998	0	0
12.2770000000019	5.95200000000023	10.530999999999	0	0
13.5289999999986	8.39600000000064	11.5920000000006	0	0
12.9480000000003	5.94000000000051	11.4539999999997	0	0
5.57500000000073	1.64999999999964	5.39700000000084	0	0
13.6820000000007	5.76400000000012	11.8109999999997	0	0
12.7479999999996	7.40000000000055	10.973	0	0
12.8650000000016	7.08300000000054	11.2059999999983	0	0
12.7210000000014	6.61899999999969	11.6810000000005	0	0
12.0280000000021	5.88599999999951	11.652	0	0
5.74699999999939	1.47599999999966	5.34599999999955	0	0
12.7570000000014	7.04600000000028	11.5750000000007	0	0
5.52799999999843	1.9399999999996	5.02100000000064	0	0
13.2230000000018	6.33899999999994	12.226999999999	0	0
12.9330000000009	4.22100000000046	12.1029999999992	0	0
12.7020000000011	7.11799999999948	11.7099999999991	0	0
13.5449999999983	7.32200000000012	12.6139999999996	0	0
13.5900000000001	6.39300000000003	12.223	0	0
7.09300000000076	1.11400000000049	6.63699999999881	0	0
13.5469999999987	9.02700000000004	11.8629999999994	0	0
6.0089999999982	1.97699999999986	5.31800000000112	0	0
12.744999999999	5.86799999999948	11.8230000000003	0	0
11.9669999999969	6.26700000000073	11.1020000000008	0	0
5.02200000000084	1.73599999999988	5.125	0	0
5.85299999999916	0.92200000000048	5.64300000000003	0	0
11.7530000000006	4.27199999999993	10.7220000000016	0	0
13.122000000003	7.46100000000024	11.5209999999988	0	0
12.3830000000016	5.07700000000023	11.6399999999994	0	0
11.6719999999987	6.27999999999975	11.0299999999988	0	0
12.8450000000012	5.59799999999996	11.505000000001	0	0
12.6460000000006	5.69799999999941	11.3889999999992	0	0
12.6419999999998	7.18099999999959	11.3600000000006	0	0
6.11899999999878	3.04100000000017	5.26599999999962	0	0
12.6599999999999	7.78899999999976	10.5560000000005	0	0
13.3630000000012	10.9059999999999	11.1080000000002	0	0
12.5770000000011	5.67199999999957	10.7479999999996	0	0
12.7170000000006	6.6260000000002	10.7639999999992	0	0
6.05500000000029	1.89500000000044	5.18399999999929	0	0
12.5720000000001	6.35599999999977	10.7909999999993	0	0
12.3180000000029	6.42299999999977	10.5399999999991	0	0
13.2160000000003	8.59099999999944	11.3490000000002	0	0
12.4120000000003	6.28399999999965	10.643	0	0
12.9969999999994	6.46299999999974	11.3310000000001	0	0
12.1510000000017	5.89300000000003	10.8029999999999	0	0
12.0699999999997	5.20700000000033	10.7870000000003	0	0
12.7580000000016	7.77300000000014	10.7459999999992	0	0
13.2520000000004	7.18900000000031	10.898000000001	0	0
4.39400000000023	1.11199999999917	4.36399999999958	0	0
12.9019999999982	6.40999999999985	10.6420000000016	0	0
5.59800000000178	1.29700000000048	5.30999999999949	0	0
12.1520000000019	6.7480000000005	10.4069999999992	0	0
5.08499999999913	1.52300000000014	4.5520000000015	0	0
5.60499999999956	2.74200000000019	5.09799999999996	0	0
6.40699999999924	3.08099999999922	5.40799999999945	0	0
13.3719999999994	6.08500000000004	11.3400000000001	0	0
13.9040000000023	7.61400000000049	11.5439999999981	0	0
6.63400000000183	2.44800000000032	5.51800000000003	0	0
5.63300000000163	2.99299999999948	4.9429999999993	0	0
13.0149999999994	8.27100000000064	11.1779999999999	0	0
11.8260000000009	5.14300000000003	10.2259999999987	0	0
12.8009999999995	6.7559999999994	10.6820000000007	0	0
13.9010000000017	6.6880000000001	11.8780000000006	0	0
12.9229999999989	7.51800000000003	11.0639999999985	0	0
14.4789999999994	8.48300000000017	12.3079999999973	0	0
13.7189999999973	9.3640000000014	11.5779999999977	0	0
5.64199999999983	2.23600000000079	5.13899999999921	0	0
13.4710000000014	6.68100000000049	11.3379999999997	0	0
6.04300000000148	1.11499999999978	5.63000000000102	0	0
11.9719999999979	6.70400000000154	10.5690000000031	0	0
13.3830000000016	6.90999999999985	11.3260000000009	0	0
12.7880000000005	4.92300000000068	11.25	0	0
12.9880000000012	5.20199999999932	11.5220000000008	0	0
14.0260000000017	7.61100000000079	12.1280000000006	0	0
5.51199999999881	1.65399999999863	4.83699999999953	0	0
13.7659999999996	8.00300000000061	11.8159999999989	0	0
5.34600000000137	1.09099999999853	5.28600000000006	0	0
6.31300000000192	3.13899999999921	5.95999999999913	0	0
5.40600000000268	1.71299999999974	5.27899999999863	0	0
11.9320000000007	6.3799999999992	10.6520000000019	0	0
12.0239999999976	6.3179999999993	10.2160000000003	0	0
5.58299999999872	1.69100000000071	4.8650000000016	0	0
12.3100000000013	4.84399999999914	11.0400000000009	0	0
6.08099999999831	2.39400000000023	5.5669999999991	0	0
12.7939999999981	9.19800000000032	11.0020000000004	0	0
5.70599999999831	3.02700000000004	4.87300000000323	0	0
10.9110000000001	5.878999999999	9.84400000000096	0	0
14.0889999999999	9.40300000000025	11.7139999999999	0	0
7.26300000000265	2.87299999999959	6.63799999999901	0	0
12.637999999999	5.97199999999975	11.1620000000003	0	0
5.39300000000003	1.03600000000006	4.99599999999919	0	0
5.10199999999895	1.85599999999977	4.90699999999924	0	0
13.5410000000011	7.89199999999983	11.1899999999987	0	0
12.3899999999994	4.87700000000041	10.989999999998	0	0
12.2650000000031	5.65699999999924	10.6590000000033	0	0
14.1959999999999	9.3119999999999	12.0950000000012	0	0
5.55900000000111	1.121000000001	4.8179999999993	0	0
13.1990000000005	6.79899999999907	11.7219999999979	0	0
6.74799999999959	3.53200000000106	6.0769999999975	0	0
13.3240000000005	7.57500000000073	11.0110000000022	0	0
13.8310000000019	6.1830000000009	11.9369999999981	0	0
12.862000000001	7.92200000000048	10.5850000000028	0	0
6.10900000000038	3.08100000000013	5.27299999999741	0	0
11.6840000000011	6.5619999999999	10.255000000001	0	0
12.0469999999987	5.77800000000025	11.2049999999981	0	0
13.1970000000001	7.00900000000001	11.3869999999988	0	0
11.5109999999986	6.15899999999965	10.6479999999974	0	0
5.59799999999814	2.10699999999997	5.04100000000108	0	0
12.5639999999985	6.18600000000151	11.232	0	0
6.16800000000148	3.02099999999882	5.54699999999866	0	0
12.3590000000004	6.20999999999913	10.6630000000005	0	0
13.0849999999991	7.19599999999991	11.8220000000001	0	0
6.44900000000052	1.95299999999952	5.37299999999959	0	0
12.2049999999981	6.07099999999991	10.5070000000014	0	0
12.2860000000001	6.52800000000025	10.5120000000024	0	0
12.3970000000008	6.41699999999946	10.5930000000008	0	0
5.20000000000073	1.81400000000031	4.84300000000076	0	0
12.4629999999997	4.2559999999994	11.7400000000016	0	0
5.41699999999764	1.84399999999914	4.58899999999994	0	0
12.2459999999992	5.69800000000032	11.1629999999968	0	0
6.24500000000262	2.08300000000054	5.53099999999904	0	0
12.8159999999989	7.44300000000112	10.8709999999992	0	0
12.0809999999983	6.18399999999929	10.4310000000005	0	0
10.9589999999989	4.27500000000146	10.5830000000024	0	0
5.47099999999773	2.06500000000051	4.91400000000067	0	0
11.5009999999966	4.14199999999983	10.7800000000025	0	0
6.31599999999889	2.95099999999911	5.50699999999779	0	0
14.2250000000022	6.05999999999949	12.0839999999989	0	0
12.4880000000012	6.24599999999919	11.0010000000002	0	0
13.4910000000018	6.58800000000156	11.5669999999991	0	0
5.67399999999907	1.84900000000016	5.66200000000026	0	0
12.6659999999974	5.625	11.7249999999985	0	0
12.9660000000003	6.28199999999924	11.0499999999993	0	0
14.0989999999983	6.96799999999894	11.8450000000012	0	0
13.1689999999981	5.66799999999967	11.3119999999981	0	0
13.8019999999997	7.61399999999958	11.6970000000001	0	0
12.7719999999972	6.46299999999974	11.4470000000001	0	0
12.0499999999993	3.75900000000001	11	0	0
6.09400000000096	2.19499999999971	5.65499999999884	0	0
11.1039999999994	4.85499999999956	9.74300000000221	0	0
12.9710000000014	5.85599999999977	11.3679999999986	0	0
11.8280000000013	6.83400000000074	10.2180000000008	0	0
11.7109999999993	5.33599999999933	10.2139999999999	0	0
11.0960000000014	5.34299999999894	9.9330000000009	0	0
11.268	6.14300000000003	10.4330000000009	0	0
11.8119999999981	6.16600000000108	10.2930000000015	0	0
11.836000000003	5.97800000000097	10.4639999999999	0	0
11.9910000000018	5.06500000000051	10.7710000000006	0	0
11.2200000000012	3.82200000000012	10.3539999999994	0	0
11.4639999999999	5.38600000000042	9.87999999999738	0	0
6.42500000000291	3.05400000000009	6.0570000000007	0	0
12.3070000000007	7.25	10.7200000000012	0	0
13.8400000000001	6.33600000000115	11.8630000000012	0	0
12.0989999999983	6.16799999999967	10.768	0	0
5.68100000000049	1.52599999999984	5.51600000000326	0	0
6.40000000000146	4.66499999999905	5.38999999999942	0	0
11.8890000000029	6.70800000000054	10.2959999999985	0	0
11.8060000000005	6.37699999999859	10.0750000000007	0	0
12.2690000000002	5.34300000000076	10.7839999999997	0	0
5.81299999999828	2.04900000000089	5.53499999999985	0	0
13.6380000000026	9.27700000000004	11.5240000000013	0	0
11.9099999999999	6.12300000000141	10.6460000000006	0	0
11.9789999999994	4.996000000001	10.7249999999985	0	0
12.4750000000022	6.003999999999	11.1980000000003	0	0
6.01299999999901	1.81500000000051	5.23700000000099	0	0
6.3739999999998	2.47299999999996	5.61999999999898	0	0
13.6130000000012	6.3010000000013	11.7980000000025	0	0
13.6419999999998	7.95000000000073	11.3349999999991	0	0
13.1189999999988	6.90899999999965	11.0979999999981	0	0
13.0469999999987	5.32899999999972	11.1710000000021	0	0
13.226999999999	10.5519999999997	10.8300000000017	0	0
5.37900000000081	1.55299999999988	4.69800000000032	0	0
12.6309999999976	6.43500000000131	10.5910000000003	0	0
5.69499999999971	1.89099999999962	5.12800000000061	0	0
13.0480000000025	6.3690000000006	11.8090000000011	0	0
13.1569999999992	6.73800000000119	11.1080000000002	0	0
5.81299999999828	1.50799999999981	5.59200000000055	0	0
12.5249999999978	6.27700000000004	10.5499999999993	0	0
12.9259999999995	6.23500000000058	10.7479999999996	0	0
11.3280000000013	6.16999999999825	10.3140000000021	0	0
11.732	4.93000000000029	10.4979999999996	0	0
11.7659999999996	6.71799999999894	10.5469999999987	0	0
12.5299999999988	7.78099999999904	11.5410000000011	0	0
12.9389999999985	7.31500000000051	11.0870000000032	0	0
6.11899999999878	2.27799999999843	5.4539999999979	0	0
12.8580000000002	7.57400000000052	10.9380000000019	0	0
13.7170000000006	6.44700000000012	11.518	0	0
12.5489999999991	5.27900000000045	11.0580000000009	0	0
5.8640000000014	2.06999999999971	4.97400000000198	0	0
12.9699999999975	6.49699999999939	11.9099999999999	0	0
15.8839999999982	10.1560000000009	13.2740000000013	0	0
12.742000000002	6.87299999999959	10.8339999999989	0	0
12.1709999999985	6.46900000000096	10.5889999999999	0	0
12.2119999999995	5.86999999999898	10.9540000000015	0	0
12.9379999999983	6.64599999999882	11.4879999999976	0	0
13.4449999999997	8.12800000000061	10.7959999999985	0	0
5.79000000000087	3.02499999999964	4.87999999999738	0	0
5.50399999999718	2.47100000000137	5.07500000000073	0	0
13.0649999999987	6.9380000000001	11.211000000003	0	0
13.1179999999986	8.5	10.7789999999986	0	0
6.30500000000029	2.3690000000006	5.47299999999814	0	0
11.8940000000002	4.51000000000022	10.6589999999997	0	0
5.75900000000183	2.13700000000063	5.40999999999985	0	0
5.88999999999942	2.06500000000051	5.01800000000003	0	0
13.0440000000017	7.72499999999854	11.0390000000007	0	0
13.232	7.64999999999964	11.1080000000002	0	0
5.8169999999991	2.58199999999852	5.18400000000111	0	0
7.73800000000119	7.13600000000042	6.32400000000052	0	0
12.8859999999986	6.6880000000001	11.2750000000015	0	0
12.474000000002	5.8739999999998	11.5789999999979	0	0
12.6150000000016	8.67699999999968	10.8780000000006	0	0
12.4580000000024	6.13400000000001	11.268	0	0
12.3240000000005	5.65999999999985	11.0279999999984	0	0
12.2900000000009	6.78999999999905	11.2359999999971	0	0
11.1580000000031	4.69399999999951	10.0059999999976	0	0
11.8489999999983	5.2390000000014	10.3780000000006	0	0
12.6980000000003	6.66699999999946	11.023000000001	0	0
12.5870000000032	7.10199999999895	10.4909999999982	0	0
12.0689999999995	5.89699999999903	10.5830000000024	0	0
11.0499999999993	4.22699999999895	10.4809999999998	0	0
6.08299999999872	2.20100000000093	5.53900000000067	0	0
12.9840000000004	6.82400000000052	10.9179999999978	0	0
12.1419999999998	6.90899999999965	10.4809999999998	0	0
13.232	6.08599999999933	11.0250000000015	0	0
11.7279999999992	6.84600000000137	10.354000000003	0	0
11.7880000000005	6.58899999999994	9.59600000000137	0	0
11.3479999999981	5.48600000000079	10.8919999999998	0	0
10.1119999999974	3.378999999999	9.80199999999968	0	0
11.9019999999982	6.22500000000036	10.0809999999983	0	0
13.2649999999994	7.49599999999919	11.1209999999992	0	0
13.0469999999987	6.0630000000001	11.1949999999997	0	0
12.9680000000008	7.31899999999951	10.8459999999977	0	0
12.0040000000008	5.57400000000052	10.8200000000033	0	0
14.0519999999997	8.37299999999959	11.8109999999979	0	0
6.51699999999983	2.44999999999891	5.64800000000105	0	0
12.107	5.61599999999999	10.9660000000003	0	0
6.26499999999942	1.56400000000031	5.67699999999968	0	0
13.9840000000004	6.41200000000026	12.3410000000003	0	0
13.0769999999975	5.72400000000016	11.4470000000001	0	0
11.6630000000005	5.60100000000057	10.3359999999993	0	0
6.77999999999884	2.1770000000015	5.85199999999895	0	0
5.75700000000143	2.125	5.03499999999985	0	0
5.5470000000023	1.71900000000096	5.43100000000049	0	0
6.17099999999846	3.15699999999924	5.48099999999977	0	0
12.2160000000003	5.0109999999986	10.4429999999993	0	0
5.5570000000007	1.85300000000097	5.14300000000003	0	0
12.5090000000018	6.90499999999884	10.6659999999974	0	0
5.66600000000108	1.5619999999999	5.07500000000073	0	0
6.11800000000221	2.23600000000079	5.15199999999822	0	0
12.354000000003	5.68900000000031	10.8050000000003	0	0
6.58799999999974	3.84799999999996	5.47500000000218	0	0
12.2429999999986	7.02499999999964	10.5599999999977	0	0
12.9189999999981	7.10599999999977	10.7870000000003	0	0
5.84500000000116	1.95900000000074	5.34100000000035	0	0
6.21600000000035	2.93899999999849	5.33899999999994	0	0
11.8300000000017	5.7549999999992	10.6579999999994	0	0
12.8460000000014	5.82799999999952	10.4599999999991	0	0
12.3289999999979	5.56400000000031	11.5110000000022	0	0
6.23199999999997	3.06499999999869	5.17799999999988	0	0
14.2359999999971	8.0520000000015	12.2980000000025	0	0
5.6359999999986	1.69800000000032	4.72700000000259	0	0
5.90899999999965	1.47300000000178	5.0570000000007	0	0
11.8079999999973	7.72600000000057	10.0760000000009	0	0
12.5190000000002	7.32700000000114	11.114999999998	0	0
12.3770000000004	6.58200000000033	10.5610000000015	0	0
7.22899999999936	6.45299999999952	5.68100000000049	0	0
6.81000000000131	1.94599999999991	5.98300000000017	0	0
12.7029999999977	5.40000000000146	10.997000000003	0	0
13.1059999999998	7.51300000000083	10.8220000000001	0	0
6.23400000000038	3.3739999999998	5.49799999999959	0	0
12.3019999999997	8.63600000000042	10.1260000000002	0	0
12.6469999999972	8.17499999999927	10.4980000000032	0	0
5.96899999999732	2.03099999999904	5.28600000000006	0	0
12.398000000001	6.10100000000057	10.4080000000031	0	0
13.005000000001	7.14799999999923	10.885000000002	0	0
12.5390000000007	6.0010000000002	10.9449999999997	0	0
12.3230000000003	5.69100000000071	10.8689999999988	0	0
5.8760000000002	1.3809999999994	5.39099999999962	0	0
4.63700000000244	0.941000000000713	4.68600000000151	0	0
13.0590000000011	6.20900000000074	11.2720000000008	0	0
13.3559999999998	5.61399999999958	11.4759999999987	0	0
13.1100000000006	7.02800000000025	11.0339999999997	0	0
13.5160000000033	7.22799999999916	11.2849999999999	0	0
12.2419999999984	5.76699999999983	11.0950000000012	0	0
13.0709999999999	5.79899999999907	10.9989999999998	0	0
12.2330000000002	5.37199999999939	11.3650000000016	0	0
11.9160000000011	4.19100000000071	11.0769999999975	0	0
12.5480000000025	7.38100000000122	10.4570000000022	0	0
11.3909999999996	4.8070000000007	10.2040000000015	0	0
13.0830000000024	7.34699999999975	11.469000000001	0	0
11.8630000000012	6.36100000000079	10.1550000000025	0	0
13.4859999999971	7.51299999999901	11.4310000000005	0	0
12.8090000000011	5.67799999999988	10.9370000000017	0	0
13.7519999999968	8.04800000000068	11.8259999999973	0	0
13.349000000002	7.05999999999949	11.387999999999	0	0
6.10300000000279	1.61999999999898	5.77899999999863	0	0
11.9049999999988	6.03699999999844	10.1830000000009	0	0
11.4120000000003	5.07099999999991	10.1810000000005	0	0
12.1039999999994	6.12099999999919	10.6299999999974	0	0
11.6099999999969	4.46500000000015	10.1290000000008	0	0
6.1260000000002	1.83600000000115	5.35299999999916	0	0
6.04000000000087	1.54800000000068	5.64300000000003	0	0
5.1260000000002	0.972999999999956	4.66300000000047	0	0
12.5910000000003	6.68099999999868	10.5630000000019	0	0
12.7259999999987	6.77900000000045	10.9550000000017	0	0
13.1569999999992	5.87700000000041	11.0410000000011	0	0
11.3869999999988	4.7440000000006	10.010000000002	0	0
5.94599999999991	2.1260000000002	5.23300000000017	0	0
5.73300000000017	2.07400000000052	5.22599999999875	0	0
5.23699999999735	1.40800000000127	4.63000000000102	0	0
5.19300000000294	1.78700000000026	4.78499999999985	0	0
5.61899999999878	2.121000000001	5.14099999999962	0	0
12.2440000000024	6.01900000000023	10.2829999999994	0	0
11.8630000000012	6.10200000000077	10.7839999999997	0	0
12.9700000000012	6.55099999999948	12.0210000000006	0	0
11.9700000000012	7.21399999999994	10.2750000000015	0	0
11.0960000000014	4.30199999999968	10.1380000000026	0	0
12.5819999999985	8.18900000000031	10.6369999999988	0	0
12.9339999999975	6.88199999999961	10.9239999999991	0	0
5.9890000000014	2.10299999999916	5.60900000000038	0	0
5.87100000000282	3.16500000000087	5.02900000000227	0	0
5.80999999999767	2.6760000000013	5.06599999999889	0	0
13.6320000000014	7.82099999999991	11.2870000000003	0	0
12.9700000000012	6.79500000000007	11.1310000000012	0	0
11.5680000000029	6.21700000000055	10.1369999999988	0	0
5.90300000000207	2.92200000000048	4.95499999999811	0	0
12.3310000000019	7.43599999999969	10.6090000000004	0	0
11.5590000000011	6.69399999999951	10.0089999999982	0	0
13.3349999999991	7.52599999999984	10.844000000001	0	0
13.9219999999987	6.59500000000116	11.8420000000006	0	0
6.10199999999895	2.17500000000109	5.40000000000146	0	0
12.5629999999983	7.27900000000045	10.9879999999976	0	0
12.4050000000025	5.37799999999879	11.2090000000026	0	0
12.719000000001	5.55199999999968	10.7170000000006	0	0
12.4600000000028	5.11299999999937	11.3729999999996	0	0
5.12199999999939	1.90700000000106	4.90000000000146	0	0
13.268	5.81299999999828	11.0139999999992	0	0
12.0850000000028	5.39899999999943	10.9470000000001	0	0
5.7489999999998	2.66899999999987	4.96700000000055	0	0
6.73300000000017	2.85200000000077	5.86499999999796	0	0
13.2409999999982	8.35899999999856	10.8690000000024	0	0
13.5200000000004	6.3809999999994	11.4629999999997	0	0
13.2330000000002	8.72899999999936	11.1190000000024	0	0
11.7930000000015	6.55500000000029	10.8070000000007	0	0
10.877999999997	5.33700000000135	9.36599999999817	0	0
12.0810000000019	6.40500000000065	9.89600000000064	0	0
11.4989999999998	5.32599999999911	10.4470000000001	0	0
11.3970000000008	6.17000000000007	9.57099999999991	0	0
10.7459999999992	3.70299999999952	9.56600000000253	0	0
4.80099999999948	1.41799999999967	4.44900000000052	0	0
11.4979999999996	4.49399999999878	10.2659999999996	0	0
5.04300000000148	1.90200000000004	4.5089999999982	0	0
11.9609999999993	6.3640000000014	9.53299999999945	0	0
5.44700000000012	1.38300000000163	4.64400000000023	0	0
11.2289999999994	4.90199999999822	9.41900000000169	0	0
10.7530000000006	5.16599999999926	9	0	0
11.8300000000017	5.63700000000063	9.82300000000032	0	0
10.8080000000009	5.15999999999985	9.14199999999983	0	0
