4.613	0.386	5.031	0	0
5.082	0.375999999999999	5.46	0	0
4.27	0.323	4.596	0	0
4.416	0.302	4.721	0	0
4.28999999999999	0.290999999999999	4.60900000000001	0	0
4.81099999999999	1	5.532	0	0
5.127	0.516	5.58800000000001	0	0
4.294	0.331999999999999	4.626	0	0
4.264	0.42	4.68400000000001	0	0
4.29000000000001	0.331	4.62200000000001	0	0
4.411	0.324999999999999	5.173	0	0
6.53899999999999	2.92	7.46899999999999	0	0
4.09699999999998	0.317	4.416	0	0
4.12	0.268000000000001	4.38800000000001	0	0
7.16499999999999	0.917999999999999	8.005	0	0
4.18000000000001	0.347000000000001	4.52600000000001	0	0
4.15199999999999	0.371000000000002	4.52199999999999	0	0
4.12	0.297999999999998	4.41799999999998	0	0
4.09899999999999	0.286000000000001	4.38600000000002	0	0
4.10199999999998	0.294	4.39700000000005	0	0
4.11900000000003	0.297999999999998	4.41800000000001	0	0
4.12299999999999	0.283999999999999	4.40800000000002	0	0
4.12399999999997	0.302	4.428	0	0
4.11999999999995	0.315000000000001	4.435	0	0
4.09200000000004	0.320999999999998	4.41399999999999	0	0
6.16999999999996	2.771	7.255	0	0
7.82299999999998	1.78	9.47500000000002	0	0
4.33799999999997	0.469999999999999	4.77500000000003	0	0
4.363	0.387	4.75	0	0
4.62799999999999	0.984999999999999	5.26900000000001	0	0
4.47500000000002	0.642000000000003	4.99799999999999	0	0
7.15500000000003	1.038	8.226	0	0
4.09699999999998	0.329000000000001	4.42900000000003	0	0
4.108	0.305	4.44299999999998	0	0
4.16399999999999	0.290000000000006	4.45599999999996	0	0
4.30799999999999	0.351000000000006	4.67700000000002	0	0
4.28899999999999	0.387	4.71499999999992	0	0
4.33199999999999	0.329999999999998	4.77700000000004	0	0
4.26400000000001	0.371000000000002	4.66600000000005	0	0
4.47300000000001	0.326999999999998	4.98400000000004	0	0
4.37299999999993	0.324000000000005	4.72900000000004	0	0
7.17999999999995	0.742999999999995	7.93499999999995	0	0
4.399	0.445	5.12400000000002	0	0
7.173	0.801000000000002	7.96100000000001	0	0
4.29700000000003	0.305999999999997	4.625	0	0
4.22299999999996	0.355000000000004	4.59500000000003	0	0
4.28899999999999	0.364000000000004	4.65300000000002	0	0
4.24400000000003	0.307999999999993	4.56299999999999	0	0
4.28700000000003	0.411999999999992	4.68099999999993	0	0
4.26599999999996	0.320999999999998	4.53499999999997	0	0
4.23699999999997	0.408000000000001	4.61699999999996	0	0
4.32000000000005	0.421000000000006	4.84900000000005	0	0
4.59500000000003	0.97699999999999	5.15600000000006	0	0
4.93399999999997	1.51100000000001	6.04500000000007	0	0
4.52700000000004	1.14200000000001	5.49400000000003	0	0
4.60500000000002	1.133	5.798	0	0
4.27100000000007	0.390000000000001	4.625	0	0
4.255	0.290000000000006	4.601	0	0
4.24599999999998	0.310999999999993	4.58799999999997	0	0
4.21500000000003	0.227000000000004	4.32900000000006	0	0
4.36200000000008	0.373000000000005	4.99000000000001	0	0
4.23000000000002	0.0889999999999986	4.56799999999998	0	0
4.279	0.316999999999993	4.601	0	0
4.34199999999998	0.408000000000001	4.77100000000007	0	0
7.10899999999992	0.778999999999996	7.97000000000003	0	0
4.20299999999997	0.307000000000002	4.51099999999997	0	0
4.26299999999992	0.432999999999993	4.67099999999994	0	0
4.33000000000004	0.314999999999998	4.64499999999998	0	0
4.38300000000004	0.498000000000005	4.82599999999991	0	0
4.43900000000008	0.486999999999995	5.01600000000008	0	0
4.28199999999993	0.393000000000001	4.52700000000004	0	0
4.98799999999994	0.314999999999998	5.30000000000007	0	0
4.38600000000008	0.564000000000007	4.87900000000002	0	0
4.27500000000009	0.331000000000003	4.60800000000006	0	0
4.36200000000008	0.365000000000009	4.72800000000007	0	0
4.25999999999999	0.363	4.625	0	0
4.24900000000002	0.307999999999993	4.65999999999985	0	0
4.255	0.367999999999995	4.62299999999982	0	0
4.27800000000002	0.350999999999999	4.63699999999994	0	0
4.22899999999993	0.328000000000003	4.61200000000008	0	0
4.23800000000006	0.475000000000009	4.68399999999997	0	0
4.24700000000007	0.234999999999999	4.32899999999995	0	0
4.24400000000003	0.266999999999996	4.51299999999992	0	0
4.23400000000004	0.328000000000003	4.5619999999999	0	0
4.96600000000012	0.290999999999997	5.25700000000006	0	0
4.22399999999993	0.331000000000003	4.56299999999987	0	0
4.24800000000005	0.329999999999998	4.577	0	0
4.30500000000006	0.450999999999993	4.72299999999996	0	0
4.22300000000018	0.416000000000011	4.4860000000001	0	0
4.2360000000001	0.403999999999996	4.64100000000008	0	0
4.24699999999984	0.331000000000003	4.57899999999995	0	0
4.779	1.298	5.70900000000006	0	0
4.20700000000011	0.338999999999999	4.548	0	0
4.34500000000003	0.290999999999997	4.79700000000003	0	0
4.39800000000014	0.314000000000007	4.64400000000001	0	0
5.0920000000001	0.658000000000001	5.71100000000001	0	0
4.24300000000017	0.321999999999989	4.8119999999999	0	0
4.24499999999989	0.281000000000006	4.76900000000001	0	0
4.19500000000016	0.334999999999994	4.46499999999992	0	0
4.26199999999994	0.335999999999999	4.59699999999998	0	0
4.12699999999995	0.302999999999997	4.43099999999981	0	0
4.23800000000006	0.286999999999978	4.52499999999986	0	0
4.2170000000001	0.26400000000001	4.48099999999999	0	0
4.13199999999983	0.319999999999993	4.45100000000002	0	0
7.84799999999996	0.685000000000002	8.75799999999981	0	0
7.23000000000002	0.864000000000004	8.58400000000006	0	0
4.5659999999998	1.27900000000002	5.56600000000003	0	0
4.37799999999993	0.713999999999999	4.94700000000012	0	0
4.34900000000016	0.788000000000011	4.87100000000009	0	0
4.79799999999977	0.990000000000009	5.70299999999997	0	0
4.5440000000001	0.462999999999994	4.97499999999991	0	0
7.46599999999989	0.794999999999987	8.27500000000009	0	0
4.41100000000006	0.311000000000007	4.72299999999996	0	0
4.50600000000009	0.299000000000007	4.80500000000006	0	0
4.34699999999998	0.352000000000004	4.69900000000007	0	0
4.45900000000006	0.302999999999997	4.7639999999999	0	0
5.20800000000008	0.326999999999998	5.53499999999985	0	0
4.94100000000003	1.20600000000002	5.79899999999998	0	0
4.94499999999994	1.29400000000001	6.12300000000005	0	0
4.43299999999999	0.402999999999992	4.88600000000019	0	0
4.32000000000016	0.368000000000023	4.68899999999985	0	0
4.45800000000008	0.283000000000015	4.75300000000016	0	0
5.17900000000009	0.356000000000023	5.75999999999999	0	0
4.46399999999994	0.35299999999998	4.76099999999997	0	0
4.44600000000014	0.303999999999974	4.75099999999998	0	0
4.37099999999987	0.336000000000013	4.7059999999999	0	0
4.44600000000014	0.682000000000016	5	0	0
4.86199999999985	0.879999999999995	5.55299999999988	0	0
4.41699999999992	0.332999999999998	4.74900000000002	0	0
4.3900000000001	0.314999999999998	4.7059999999999	0	0
4.32300000000009	0.35899999999998	4.65899999999988	0	0
4.32099999999991	0.350999999999999	4.72599999999989	0	0
4.3900000000001	0.361999999999995	4.779	0	0
4.39999999999986	0.393000000000001	4.85100000000011	0	0
4.42200000000003	0.282999999999987	4.70699999999988	0	0
4.40100000000007	0.375	4.85300000000007	0	0
4.40900000000011	0.296999999999997	5.18100000000004	0	0
4.41899999999987	0.338000000000022	4.83599999999979	0	0
4.548	0.430000000000007	4.95299999999997	0	0
4.3760000000002	0.375	4.92699999999991	0	0
4.35799999999995	0.355999999999995	4.71299999999997	0	0
7.31700000000001	0.574999999999989	8.1880000000001	0	0
4.45799999999986	0.604000000000013	5.20800000000008	0	0
5.154	0.425000000000011	5.73800000000006	0	0
4.34199999999987	0.51600000000002	4.92599999999993	0	0
4.02600000000007	0.323999999999984	4.35200000000009	0	0
4.42800000000011	0.302999999999997	4.75099999999998	0	0
4.37400000000002	0.356999999999999	4.76999999999998	0	0
4.37799999999993	0.323999999999984	4.70399999999995	0	0
4.37599999999998	0.334000000000003	4.73199999999997	0	0
4.33500000000004	0.320000000000022	4.68700000000013	0	0
4.51599999999985	0.953000000000003	5.57899999999995	0	0
4.37099999999987	0.337999999999994	4.80700000000024	0	0
5.13000000000011	0.300000000000011	5.44000000000005	0	0
4.3599999999999	0.336000000000013	4.69599999999991	0	0
4.35400000000004	0.296999999999997	4.76099999999997	0	0
4.34699999999998	0.438999999999993	4.79799999999977	0	0
4.27800000000002	0.331999999999994	4.62699999999995	0	0
4.29899999999998	0.283999999999992	4.86599999999999	0	0
4.58199999999988	0.780000000000001	5.15499999999975	0	0
4.42100000000005	0.335999999999984	4.75500000000011	0	0
4.54599999999982	0.679999999999978	5.03499999999985	0	0
4.38300000000004	0.347000000000008	4.73600000000033	0	0
4.25800000000004	0.359000000000009	4.62699999999995	0	0
7.38200000000006	1.666	9.13900000000012	0	0
4.346	0.676999999999992	4.90100000000029	0	0
4.3309999999999	0.679000000000002	5.16899999999987	0	0
4.45399999999995	0.955000000000013	5.37899999999991	0	0
4.13400000000001	0.393000000000001	4.60500000000002	0	0
4.1579999999999	0.299000000000007	4.48900000000003	0	0
4.14000000000033	0.328000000000003	4.47600000000011	0	0
4.15100000000029	0.304000000000002	4.471	0	0
4.20899999999983	0.292000000000002	4.5	0	0
4.17799999999988	0.283999999999992	4.46299999999974	0	0
4.27199999999993	0.311999999999983	4.58500000000004	0	0
4.10099999999966	0.327999999999975	4.43000000000029	0	0
4.20700000000033	0.301999999999992	4.50799999999981	0	0
5.4989999999998	1.703	6.27100000000019	0	0
4.30999999999995	0.191000000000003	4.51700000000028	0	0
4.4079999999999	0.336999999999989	5.05799999999999	0	0
4.08599999999979	0.287000000000006	4.375	0	0
4.53400000000011	0.36699999999999	5.11200000000008	0	0
4.45899999999983	0.412000000000006	4.98499999999967	0	0
4.40199999999959	0.338999999999999	4.75199999999995	0	0
4.49399999999969	0.332000000000022	4.85199999999986	0	0
4.39300000000003	0.355999999999995	4.81399999999985	0	0
4.48499999999967	0.528999999999996	5.03800000000001	0	0
4.38599999999997	0.447999999999979	5.01600000000008	0	0
4.51200000000017	0.260999999999996	4.77300000000014	0	0
4.62999999999965	0.600999999999999	5.07499999999982	0	0
4.42800000000034	0.316000000000003	4.74399999999969	0	0
4.4670000000001	0.543000000000006	5.02700000000004	0	0
4.39300000000003	0.269999999999982	4.83799999999974	0	0
4.40599999999995	0.316000000000003	4.78600000000006	0	0
4.34700000000021	0.325000000000017	4.77500000000009	0	0
4.53900000000021	0.575000000000017	5.09800000000041	0	0
4.39100000000008	0.371000000000009	4.72899999999981	0	0
4.36599999999999	0.448000000000008	4.77300000000014	0	0
4.48700000000008	0.603999999999985	5.17200000000003	0	0
4.55799999999999	0.590000000000003	5.0939999999996	0	0
4.41599999999971	0.26400000000001	4.91499999999996	0	0
4.33400000000029	0.355999999999995	4.69000000000005	0	0
4.40000000000009	0.37700000000001	4.88299999999981	0	0
4.51099999999997	0.438999999999993	4.86700000000019	0	0
4.82199999999966	1.06999999999999	5.57200000000012	0	0
4.55000000000018	0.519000000000005	5.06700000000001	0	0
4.36000000000013	0.430000000000007	5.06500000000005	0	0
4.77999999999975	1.19300000000001	5.85300000000007	0	0
4.83500000000004	1.36100000000002	5.92000000000007	0	0
4.86599999999999	1.035	6.03400000000011	0	0
4.54100000000017	0.738999999999976	5.19600000000037	0	0
4.52399999999989	0.549999999999955	4.96500000000015	0	0
4.40900000000011	0.406999999999982	5.13400000000001	0	0
4.36000000000013	0.597999999999956	5.0930000000003	0	0
5.21100000000024	1.70999999999998	6.14500000000044	0	0
4.20000000000027	0.341000000000008	4.63000000000011	0	0
4.43199999999979	0.406999999999982	4.8760000000002	0	0
4.3090000000002	0.370999999999981	4.73399999999992	0	0
4.35199999999986	0.338999999999999	5	0	0
4.25499999999965	0.331999999999994	4.59000000000015	0	0
4.28699999999981	0.411999999999978	4.625	0	0
4.22299999999996	0.356000000000051	4.74000000000024	0	0
4.29599999999982	0.324000000000012	4.61999999999989	0	0
4.29899999999998	0.403999999999996	4.70299999999997	0	0
4.30700000000024	0.291999999999973	4.59999999999991	0	0
4.19300000000021	0.355999999999995	4.55300000000034	0	0
4.30700000000024	0.493999999999971	4.73000000000002	0	0
4.18200000000024	0.29200000000003	4.55600000000004	0	0
4.24200000000019	0.299000000000035	4.62800000000016	0	0
4.38799999999992	0.663000000000011	5.12300000000005	0	0
4.34000000000015	0.287000000000035	4.84999999999991	0	0
4.29200000000037	0.350999999999999	4.64499999999998	0	0
4.39499999999998	0.351999999999975	5.0619999999999	0	0
4.33599999999979	0.29200000000003	4.63000000000011	0	0
4.30500000000029	0.370999999999981	4.86700000000019	0	0
4.30399999999963	0.360000000000014	4.66600000000017	0	0
4.40900000000011	0.319999999999993	4.75500000000011	0	0
4.41399999999976	0.34699999999998	4.78499999999985	0	0
4.52299999999968	0.825999999999965	5.25300000000016	0	0
4.32799999999997	0.338999999999999	4.66899999999987	0	0
4.36099999999988	0.367000000000019	4.73000000000002	0	0
4.39699999999993	0.352000000000032	4.75199999999995	0	0
4.52999999999975	1.14999999999998	5.39699999999993	0	0
4.55600000000004	0.958000000000027	5.17500000000018	0	0
4.64100000000008	1.03899999999999	5.39900000000034	0	0
4.35399999999981	0.343999999999994	4.69800000000032	0	0
4.66800000000012	0.552999999999997	5.05499999999984	0	0
4.41499999999996	0.303999999999974	4.72299999999996	0	0
4.41800000000012	0.451999999999998	4.95299999999997	0	0
4.39800000000014	0.351999999999975	4.75099999999975	0	0
4.24800000000005	0.329999999999984	4.61300000000028	0	0
4.26899999999978	0.329000000000008	4.62400000000025	0	0
4.34999999999991	0.473000000000013	4.49299999999994	0	0
4.40700000000015	0.317000000000007	4.83500000000004	0	0
4.32299999999987	0.327999999999975	4.69299999999976	0	0
5.09299999999985	0.278999999999996	5.51200000000017	0	0
4.30499999999984	0.322000000000003	4.66199999999981	0	0
5.24800000000005	0.606999999999971	5.78800000000001	0	0
4.27999999999975	0.312000000000012	4.78600000000006	0	0
5.02500000000009	0.283000000000015	5.45199999999977	0	0
4.26899999999978	0.33299999999997	4.63500000000022	0	0
4.35399999999981	0.307000000000016	4.66300000000001	0	0
4.3720000000003	0.314999999999998	4.69100000000026	0	0
4.4699999999998	0.591999999999985	4.95100000000002	0	0
4.33099999999968	0.246999999999957	4.67800000000034	0	0
4.34400000000005	0.540999999999997	4.91499999999996	0	0
4.38999999999987	0.371000000000038	4.76299999999992	0	0
4.34699999999975	0.355000000000018	4.76700000000028	0	0
4.31700000000001	0.32099999999997	4.63700000000017	0	0
4.29199999999992	0.339999999999975	4.64900000000034	0	0
4.36799999999994	0.331999999999994	4.69999999999982	0	0
4.37699999999995	0.319999999999993	4.69700000000012	0	0
4.36299999999983	0.319999999999993	4.69100000000026	0	0
4.3739999999998	0.324000000000012	4.69700000000012	0	0
4.35599999999977	0.408000000000015	4.76400000000012	0	0
4.39400000000023	0.303999999999974	4.69800000000032	0	0
4.35500000000002	0.324999999999989	4.67899999999963	0	0
4.37199999999984	0.353000000000009	4.72499999999991	0	0
4.346	0.352000000000032	4.69799999999987	0	0
4.404	0.314999999999998	4.74499999999989	0	0
4.23799999999983	0.355999999999995	4.5949999999998	0	0
4.279	0.30400000000003	4.58399999999983	0	0
4.29800000000023	0.319999999999993	4.61800000000039	0	0
4.2810000000004	0.321000000000026	4.77500000000009	0	0
4.32499999999982	0.310999999999979	4.82500000000027	0	0
4.44900000000007	0.254999999999995	4.90700000000015	0	0
4.27499999999964	0.37700000000001	4.88500000000022	0	0
4.25900000000001	0.362000000000023	4.8090000000002	0	0
4.36099999999988	0.307999999999993	4.71799999999985	0	0
4.37899999999991	0.353999999999985	4.7510000000002	0	0
4.28399999999965	0.331000000000017	4.66899999999987	0	0
4.32999999999993	0.30800000000005	4.63800000000037	0	0
4.30000000000018	0.339999999999975	4.63999999999987	0	0
4.36999999999989	0.384000000000015	4.75500000000011	0	0
4.32399999999961	0.468000000000018	4.9050000000002	0	0
4.26299999999992	0.345000000000027	4.71600000000035	0	0
4.32600000000002	0.295999999999992	4.62199999999984	0	0
4.15200000000004	0.285000000000025	4.58699999999999	0	0
4.07899999999972	0.31800000000004	4.471	0	0
4.11200000000008	0.388000000000034	4.56899999999996	0	0
4.08300000000008	0.312999999999988	4.54400000000032	0	0
4.27500000000009	0.274999999999977	4.56200000000035	0	0
4.21599999999989	0.343999999999994	4.57100000000037	0	0
4.26700000000028	0.420000000000016	4.67000000000007	0	0
4.22499999999991	0.326999999999998	4.59000000000015	0	0
4.31299999999965	0.371999999999957	4.65999999999985	0	0
4.22899999999981	0.32099999999997	4.57900000000018	0	0
4.29100000000017	0.312000000000012	4.58400000000029	0	0
4.24600000000009	0.376000000000033	4.61799999999994	0	0
4.27400000000034	0.404999999999973	4.8119999999999	0	0
4.21499999999969	0.303999999999974	4.54600000000028	0	0
4.22899999999981	0.375	4.62899999999991	0	0
4.19799999999987	0.331999999999994	4.61999999999989	0	0
4.29600000000028	0.360000000000014	4.64499999999998	0	0
4.27300000000014	0.507000000000005	4.79800000000023	0	0
5.16400000000021	0.59499999999997	5.69500000000016	0	0
4.84899999999971	1.15699999999998	5.60399999999981	0	0
4.32700000000023	0.531999999999982	5.40499999999975	0	0
4.19500000000016	0.299999999999955	4.2480000000005	0	0
4.43399999999974	0.819999999999993	5.13100000000031	0	0
4.3739999999998	0.877999999999986	5.15899999999965	0	0
4.31799999999976	0.665999999999997	4.77899999999954	0	0
4.21000000000004	0.291999999999973	4.50200000000041	0	0
4.19200000000001	0.275000000000034	4.48599999999988	0	0
4.98800000000028	0.365000000000009	5.35199999999986	0	0
4.221	0.288000000000011	4.50900000000001	0	0
5.01099999999997	0.355999999999995	5.39000000000033	0	0
4.16700000000037	0.331999999999994	4.4989999999998	0	0
4.26900000000023	0.307999999999993	4.57700000000023	0	0
4.20699999999988	0.303999999999974	4.51199999999972	0	0
4.29100000000017	0.311999999999955	4.60300000000007	0	0
4.22600000000011	0.288000000000011	4.51499999999942	0	0
4.35800000000017	0.290999999999997	4.64999999999964	0	0
4.58699999999999	0.925000000000011	5.44400000000041	0	0
4.26699999999983	0.427999999999997	4.67200000000048	0	0
4.37599999999975	0.567000000000007	4.72900000000027	0	0
4.11599999999999	0.312000000000012	4.42900000000009	0	0
4.19399999999996	0.384000000000015	4.57999999999993	0	0
4.15000000000009	0.349000000000046	4.47299999999996	0	0
4.14100000000008	0.331999999999994	4.47500000000036	0	0
4.16899999999987	0.367999999999995	4.69599999999991	0	0
4.94899999999961	0.30400000000003	5.2559999999994	0	0
4.14800000000014	0.288000000000011	4.4369999999999	0	0
4.15999999999985	0.319999999999993	4.48000000000047	0	0
4.13200000000006	0.295999999999992	4.42900000000009	0	0
4.22900000000027	0.379999999999995	4.61099999999988	0	0
4.11499999999978	0.411999999999978	4.52800000000025	0	0
4.13799999999992	0.367999999999995	4.50699999999961	0	0
4.08600000000024	0.343000000000018	4.43099999999959	0	0
4.08800000000019	0.352000000000032	4.4409999999998	0	0
4.07000000000016	0.312000000000012	4.38400000000001	0	0
7	0.718999999999994	7.72199999999975	0	0
4.10300000000007	0.351999999999975	4.45499999999993	0	0
4.83399999999983	0.307999999999993	5.14099999999962	0	0
6.89800000000014	0.716000000000008	7.61400000000049	0	0
4.09800000000087	0.312000000000012	4.40999999999985	0	0
4.14700000000084	0.312000000000012	4.46000000000004	0	0
4.12800000000061	0.348000000000013	4.47600000000057	0	0
4.16800000000057	0.29200000000003	4.46000000000004	0	0
4.20899999999983	0.283999999999992	4.49399999999969	0	0
4.12899999999991	0.293999999999983	4.46600000000035	0	0
4.10399999999936	0.388999999999953	4.49200000000019	0	0
4.17600000000039	0.294999999999959	4.76900000000023	0	0
4.20699999999943	0.274999999999977	4.68599999999969	0	0
4.24199999999928	0.326000000000022	4.625	0	0
4.15099999999984	0.312000000000012	4.59599999999955	0	0
4.27000000000044	0.34699999999998	4.62700000000041	0	0
4.16799999999967	0.303999999999974	4.47200000000066	0	0
4.25799999999981	0.303999999999974	4.5619999999999	0	0
4.1869999999999	0.383999999999958	4.57099999999991	0	0
4.29399999999987	0.340000000000032	4.63400000000001	0	0
4.17099999999937	0.295999999999992	4.46700000000055	0	0
4.23899999999958	0.312000000000012	4.55000000000018	0	0
4.14099999999962	0.319999999999993	4.46200000000044	0	0
4.19200000000001	0.315999999999974	4.50800000000072	0	0
7.29799999999977	0.774000000000001	8.28300000000036	0	0
4.50799999999981	0.281999999999982	5.13500000000022	0	0
4.41600000000017	0.398000000000025	4.78099999999995	0	0
4.36300000000028	0.319999999999993	4.68299999999999	0	0
4.3769999999995	0.328000000000031	4.76499999999942	0	0
4.34599999999955	0.351999999999975	4.70700000000033	0	0
4.43100000000049	0.340000000000032	5.08699999999953	0	0
4.38000000000011	0.396000000000015	4.83799999999974	0	0
4.39699999999993	0.343999999999994	4.74200000000019	0	0
4.72199999999975	1.15199999999999	5.63499999999931	0	0
4.29299999999967	0.342000000000041	5.12099999999919	0	0
4.41699999999946	0.343999999999994	4.76199999999972	0	0
4.4989999999998	0.564999999999998	4.90099999999984	0	0
4.45200000000023	0.312000000000012	4.77100000000064	0	0
4.40899999999965	0.293000000000006	4.90400000000045	0	0
4.4340000000002	0.331999999999994	4.76699999999983	0	0
4.35700000000088	0.30600000000004	4.69000000000051	0	0
4.47900000000027	0.331999999999994	4.8119999999999	0	0
4.40099999999984	0.323000000000036	4.78499999999985	0	0
4.43199999999979	0.359999999999957	4.79400000000078	0	0
5.02999999999975	1.39099999999996	6.3100000000004	0	0
4.59699999999975	0.963999999999999	5.27900000000045	0	0
4.61299999999937	0.638000000000034	4.97500000000036	0	0
4.31800000000021	0.239000000000033	4.63699999999972	0	0
5.44999999999982	0.5	5.90499999999975	0	0
4.68199999999979	0.939999999999998	5.45100000000002	0	0
4.98499999999967	1.55400000000003	6.42299999999977	0	0
4.57999999999993	1.12599999999998	5.38200000000052	0	0
4.11799999999948	0.343999999999994	4.46299999999974	0	0
4.11099999999988	0.359999999999957	4.47199999999975	0	0
4.07300000000032	0.300000000000011	4.375	0	0
4.1279999999997	0.36099999999999	4.46900000000005	0	0
4.08399999999983	0.290999999999997	4.3760000000002	0	0
4.09500000000025	0.279999999999973	4.3769999999995	0	0
4.10000000000036	0.271999999999991	4.37400000000071	0	0
4.08000000000084	0.312000000000012	4.39300000000003	0	0
4.69399999999951	1.07000000000005	5.42000000000007	0	0
5.17200000000048	1.21300000000002	6.12199999999939	0	0
4.05400000000009	0.316000000000031	4.37100000000009	0	0
4.04799999999977	0.30400000000003	4.35300000000007	0	0
4.10599999999977	0.279999999999973	4.38599999999951	0	0
4.43299999999999	0.352000000000032	4.79200000000037	0	0
6.10899999999947	2.363	7.13100000000031	0	0
4.47299999999996	0.375999999999976	4.84900000000016	0	0
4.38799999999992	0.348000000000013	4.73599999999988	0	0
4.49199999999928	0.336999999999989	4.77599999999984	0	0
4.3779999999997	0.379999999999995	4.75300000000061	0	0
4.38100000000031	0.380000000000052	4.73599999999988	0	0
4.40700000000015	0.319000000000017	4.92200000000048	0	0
4.39000000000033	0.326999999999998	4.80500000000029	0	0
4.38400000000001	0.305999999999983	4.7489999999998	0	0
4.35599999999977	0.379999999999995	4.79399999999987	0	0
4.35300000000007	0.367999999999995	4.80200000000059	0	0
4.72000000000025	1.04599999999999	5.67399999999998	0	0
4.29899999999998	0.331999999999994	4.63199999999961	0	0
4.34299999999985	0.291999999999973	4.63600000000042	0	0
4.32400000000052	0.345000000000027	4.67599999999948	0	0
4.30500000000029	0.341000000000008	4.64400000000023	0	0
4.33299999999963	0.427999999999997	4.76100000000042	0	0
4.34199999999964	0.395999999999958	4.73800000000028	0	0
4.37700000000041	0.307999999999993	4.69200000000001	0	0
4.32600000000002	0.348000000000013	4.67399999999998	0	0
5.16599999999926	0.324000000000012	5.48999999999978	0	0
4.4399999999996	0.403999999999996	5.0029999999997	0	0
4.30199999999968	0.442999999999984	4.64400000000023	0	0
4.69999999999982	0.959000000000003	5.54899999999998	0	0
4.3100000000004	0.341999999999985	4.79299999999967	0	0
4.25900000000001	0.291999999999973	4.55199999999968	0	0
4.16700000000037	0.319999999999993	4.48800000000028	0	0
5.26900000000023	1.69	6.23800000000028	0	0
4.73099999999977	1.14499999999998	5.69600000000082	0	0
4.28200000000015	0.494000000000028	4.77199999999993	0	0
4.78499999999985	0.872000000000071	5.42399999999998	0	0
4.83899999999994	1.11699999999996	5.63599999999951	0	0
5.01400000000012	1.41399999999999	5.96100000000024	0	0
4.39100000000053	0.313999999999965	4.58799999999974	0	0
4.35199999999986	0.298000000000002	4.91100000000006	0	0
4.26699999999983	0.302999999999997	4.56999999999971	0	0
4.27600000000075	0.383999999999901	4.66000000000076	0	0
4.30100000000039	0.326000000000022	4.67499999999927	0	0
4.42399999999998	0.367999999999938	4.79200000000037	0	0
4.88699999999972	0.308999999999969	5.35699999999997	0	0
4.22599999999966	0.356000000000108	4.58100000000013	0	0
4.48400000000038	0.795999999999935	5.01500000000033	0	0
4.39699999999993	0.572999999999979	4.97700000000077	0	0
4.23600000000079	0.340000000000032	4.57700000000023	0	0
4.27099999999973	0.286000000000058	4.56900000000041	0	0
4.36700000000019	0.470000000000027	4.79299999999967	0	0
4.38400000000001	0.327999999999975	4.75	0	0
4.28200000000015	0.26400000000001	4.44400000000041	0	0
4.78700000000026	1.06700000000001	5.59499999999935	0	0
4.24799999999959	0.314000000000078	4.5630000000001	0	0
4.30400000000009	0.347999999999956	4.78999999999996	0	0
4.29500000000007	0.330999999999904	4.72800000000007	0	0
4.38400000000001	0.331999999999994	4.71599999999944	0	0
4.4989999999998	0.574000000000069	4.96999999999935	0	0
4.36399999999958	0.331999999999994	4.69700000000012	0	0
4.39300000000003	0.317000000000007	4.76800000000003	0	0
4.33300000000054	0.364000000000033	4.69800000000032	0	0
4.44900000000052	0.365000000000009	4.86499999999978	0	0
5.04500000000007	0.38900000000001	5.4340000000002	0	0
4.36399999999958	0.366999999999962	4.79899999999998	0	0
4.25699999999961	0.344000000000051	4.60199999999986	0	0
4.46900000000005	0.466999999999985	4.89100000000053	0	0
4.29799999999977	0.322999999999979	4.6220000000003	0	0
4.48400000000038	0.918999999999983	5.29500000000007	0	0
4.3779999999997	0.288000000000011	4.66700000000037	0	0
5.03000000000065	0.331999999999994	5.36399999999958	0	0
4.3730000000005	0.41599999999994	4.78899999999976	0	0
4.27499999999964	0.355000000000018	4.6309999999994	0	0
4.3779999999997	0.360000000000014	4.73800000000028	0	0
4.3139999999994	0.312000000000012	4.6260000000002	0	0
4.40599999999995	0.339999999999918	4.74600000000009	0	0
4.32900000000063	0.395999999999958	4.72499999999945	0	0
5.03799999999956	0.308999999999969	5.39199999999983	0	0
4.32099999999991	0.312000000000012	4.63299999999981	0	0
4.29800000000068	0.347999999999956	4.65499999999975	0	0
4.36200000000008	0.331999999999994	4.69499999999971	0	0
4.39900000000034	0.436000000000035	4.84799999999996	0	0
4.29899999999998	0.375	4.67599999999948	0	0
4.98999999999978	0.358999999999924	5.35000000000036	0	0
4.3090000000002	0.288000000000011	4.59699999999975	0	0
4.23500000000058	0.323999999999955	4.5590000000002	0	0
4.32200000000012	0.351999999999975	4.67399999999998	0	0
4.30100000000039	0.322999999999979	4.6260000000002	0	0
4.31700000000001	0.340000000000032	4.65800000000036	0	0
4.53000000000065	0.84800000000007	5.46199999999953	0	0
4.37800000000061	0.363000000000056	4.75799999999981	0	0
4.41599999999926	0.307999999999993	4.76099999999951	0	0
7.47299999999996	0.63900000000001	8.25900000000001	0	0
4.46900000000005	0.378000000000043	4.98599999999988	0	0
4.46199999999953	0.375	4.86000000000058	0	0
4.43100000000049	0.364000000000033	4.79400000000078	0	0
4.36799999999948	0.307999999999993	4.67699999999968	0	0
5.17799999999988	0.323999999999955	5.51199999999972	0	0
4.24299999999948	0.384000000000015	4.72699999999986	0	0
4.12599999999929	0.307999999999993	4.43499999999949	0	0
4.19200000000001	0.327999999999975	4.51999999999953	0	0
4.16199999999935	0.29200000000003	4.51099999999951	0	0
4.21699999999964	0.368000000000052	4.59500000000025	0	0
4.38299999999981	0.634999999999991	4.9340000000002	0	0
5.27599999999984	1.09199999999998	6.1230000000005	0	0
4.22800000000007	0.248000000000047	4.47699999999986	0	0
4.23400000000038	0.279999999999973	4.51399999999921	0	0
4.16600000000017	0.298999999999978	4.46600000000035	0	0
4.16199999999935	0.283999999999992	4.44499999999971	0	0
4.27499999999964	0.366999999999962	4.7470000000003	0	0
4.43199999999979	0.316000000000031	4.82300000000032	0	0
4.32400000000052	0.33400000000006	4.71200000000044	0	0
4.48800000000028	0.355999999999995	4.84900000000016	0	0
5.08700000000044	0.384000000000015	5.47000000000025	0	0
4.38000000000011	0.320999999999913	4.95600000000013	0	0
4.33100000000013	0.131999999999948	4.41899999999987	0	0
4.39300000000003	0.289999999999964	4.8769999999995	0	0
4.36300000000028	0.424000000000092	4.78600000000006	0	0
7.34799999999996	0.771999999999935	8.16299999999956	0	0
4.52599999999984	0.52800000000002	4.9340000000002	0	0
7.35300000000007	0.836000000000013	8.15400000000045	0	0
4.42200000000048	0.370000000000005	4.82300000000032	0	0
4.36300000000028	0.263000000000034	4.71600000000035	0	0
4.38500000000022	0.350999999999999	4.89599999999973	0	0
4.28200000000015	0.423999999999978	4.76599999999962	0	0
4.28699999999935	0.324000000000069	4.61200000000008	0	0
5.25999999999931	0.283999999999992	5.54400000000078	0	0
4.27900000000045	0.34800000000007	4.65200000000004	0	0
4.28099999999995	0.328000000000088	4.83400000000074	0	0
4.33300000000054	0.307999999999993	4.74099999999999	0	0
4.27199999999993	0.347999999999956	4.72900000000027	0	0
4.33500000000004	0.303999999999974	4.64099999999962	0	0
4.29100000000017	0.3900000000001	4.77999999999975	0	0
4.98100000000068	0.277000000000044	5.42999999999938	0	0
4.23199999999997	0.392000000000053	4.625	0	0
4.29199999999946	0.319999999999936	4.61200000000008	0	0
4.28899999999976	0.335000000000036	4.76500000000033	0	0
4.24200000000019	0.269999999999982	4.67599999999948	0	0
4.21300000000065	0.322999999999979	4.55699999999979	0	0
4.3100000000004	0.315999999999917	4.62599999999929	0	0
4.32700000000023	0.288000000000011	4.61500000000069	0	0
5.10800000000017	0.312000000000012	5.42000000000007	0	0
4.26400000000012	0.324000000000069	4.58899999999994	0	0
4.39099999999962	0.355999999999995	4.73599999999988	0	0
4.33100000000013	0.257000000000062	4.6309999999994	0	0
4.30000000000018	0.328000000000088	4.62899999999991	0	0
4.31999999999971	0.34800000000007	4.66899999999987	0	0
4.28099999999995	0.351999999999975	4.63200000000052	0	0
4.32500000000073	0.336000000000013	4.66099999999915	0	0
4.35200000000077	0.324000000000069	4.67700000000059	0	0
5.13500000000022	0.38799999999992	5.34399999999914	0	0
4.38199999999961	0.306999999999903	4.6899999999996	0	0
4.33200000000033	0.328000000000088	4.65999999999985	0	0
4.35199999999986	0.328000000000088	4.68000000000029	0	0
4.31999999999971	0.247999999999934	4.5679999999993	0	0
5.0610000000006	0.359000000000037	5.46500000000015	0	0
5.13600000000042	1.36099999999999	6.03999999999996	0	0
4.39999999999964	0.320999999999913	4.72000000000025	0	0
4.35800000000017	0.371999999999957	4.73000000000047	0	0
4.36300000000028	0.328999999999951	4.69200000000001	0	0
4.38000000000011	0.307000000000016	4.69599999999991	0	0
4.34799999999996	0.347999999999956	4.69700000000012	0	0
4.36500000000069	0.327999999999975	4.69399999999951	0	0
4.30199999999968	0.311999999999898	4.61400000000049	0	0
5.08200000000033	0.371999999999957	5.45400000000063	0	0
4.45899999999983	0.296000000000049	4.75500000000011	0	0
4.35099999999966	0.344000000000051	4.72700000000077	0	0
5.13000000000011	0.323999999999955	5.46799999999985	0	0
4.22499999999945	0.30499999999995	4.6269999999995	0	0
4.21500000000015	0.303999999999974	4.63600000000042	0	0
4.92399999999998	0.316000000000031	5.24000000000069	0	0
4.14899999999943	0.343999999999937	4.49300000000039	0	0
4.22299999999996	0.316000000000031	4.53899999999976	0	0
4.20599999999922	0.32000000000005	4.52599999999984	0	0
4.17299999999977	0.319999999999936	4.49300000000039	0	0
4.15700000000015	0.29200000000003	4.44900000000052	0	0
4.20399999999972	0.331999999999994	4.53500000000076	0	0
4.14400000000023	0.307999999999993	4.46699999999964	0	0
4.9389999999994	0.399999999999977	5.36800000000039	0	0
4.1929999999993	0.312999999999988	4.50500000000011	0	0
4.26299999999992	0.275999999999954	4.52599999999984	0	0
4.23599999999988	0.355000000000018	4.57400000000052	0	0
4.36800000000039	0.416000000000054	4.78399999999965	0	0
4.50900000000001	0.51400000000001	4.92199999999957	0	0
5.04400000000078	0.336000000000013	5.45600000000013	0	0
4.25900000000001	0.358000000000061	4.64900000000034	0	0
4.32700000000023	0.324000000000069	4.65200000000004	0	0
4.40999999999985	0.29200000000003	4.70199999999932	0	0
4.38000000000011	0.375999999999976	4.76299999999992	0	0
4.36499999999978	0.396000000000072	4.76099999999951	0	0
4.44499999999971	0.321000000000026	4.76500000000033	0	0
4.34400000000005	0.30600000000004	4.73700000000008	0	0
4.25999999999931	0.325999999999908	4.60699999999997	0	0
4.40500000000065	0.384000000000015	4.78999999999996	0	0
4.39900000000034	0.29099999999994	4.82500000000073	0	0
4.30000000000018	0.341000000000008	4.64100000000053	0	0
5.08199999999943	0.307000000000016	5.39300000000003	0	0
7.32099999999991	0.872000000000071	8.20100000000002	0	0
4.3119999999999	0.423000000000002	4.79100000000017	0	0
5.20800000000054	0.602000000000089	5.93199999999979	0	0
7.17399999999998	0.758000000000038	8.02300000000014	0	0
4.32300000000032	0.322999999999979	4.85599999999977	0	0
4.27600000000075	0.336000000000013	4.61999999999989	0	0
4.31400000000031	0.272000000000048	4.58700000000044	0	0
4.22900000000027	0.424999999999955	4.78200000000015	0	0
4.29899999999998	0.482999999999947	4.80299999999988	0	0
4.23599999999988	0.351999999999975	4.63299999999981	0	0
4.27300000000014	0.317000000000007	4.59099999999944	0	0
4.28300000000036	0.375999999999976	4.65999999999985	0	0
4.27300000000014	0.328000000000088	4.59500000000025	0	0
4.27499999999964	0.340000000000032	4.61500000000069	0	0
4.26800000000003	0.368000000000052	4.67699999999968	0	0
4.20100000000002	0.358000000000061	4.64600000000064	0	0
4.28299999999945	0.375999999999976	4.65999999999985	0	0
4.36599999999999	0.305999999999926	4.98999999999978	0	0
4.41200000000026	0.669000000000096	4.99099999999999	0	0
4.27400000000034	0.351999999999975	4.6260000000002	0	0
4.30799999999999	0.296999999999912	4.60499999999956	0	0
4.31099999999969	0.375999999999976	4.86599999999999	0	0
4.34299999999985	0.379999999999995	4.8149999999996	0	0
4.68000000000029	1.28800000000001	5.73300000000017	0	0
5.57700000000023	1.11599999999999	6.4389999999994	0	0
4.76699999999983	1.22400000000005	5.68000000000029	0	0
4.52999999999975	0.756999999999948	5.12700000000041	0	0
4.36399999999958	0.384000000000015	4.7489999999998	0	0
7.37899999999991	0.759999999999991	8.13400000000092	0	0
4.31800000000021	0.331999999999994	4.64999999999964	0	0
4.31099999999969	0.359000000000037	4.67199999999866	0	0
4.3760000000002	0.34800000000007	4.72399999999834	0	0
4.4350000000004	0.323999999999955	4.6820000000007	0	0
4.4389999999994	0.342999999999961	4.92900000000009	0	0
4.35199999999986	0.353000000000065	4.94499999999971	0	0
4.2519999999995	0.326999999999998	4.82099999999991	0	0
4.39200000000073	0.371999999999957	5.03100000000086	0	0
4.46200000000044	0.729000000000042	5.19800000000032	0	0
5.08899999999994	0.351999999999975	5.5049999999992	0	0
4.36799999999948	0.286999999999921	4.80199999999968	0	0
4.33899999999994	0.395000000000095	4.80799999999908	0	0
4.32600000000002	0.324000000000069	4.64999999999964	0	0
4.36200000000008	0.298999999999978	4.76900000000023	0	0
4.30500000000029	0.298999999999978	4.62400000000162	0	0
5.08999999999924	0.329000000000065	5.58599999999933	0	0
7.34000000000015	0.716999999999985	8.1200000000008	0	0
4.36499999999978	0.38900000000001	4.78399999999965	0	0
4.32499999999982	0.314999999999941	4.85500000000138	0	0
4.3739999999998	0.431999999999903	4.82600000000093	0	0
4.50399999999991	0.68100000000004	4.93199999999888	0	0
4.23499999999967	0.339999999999918	4.58799999999974	0	0
4.32500000000073	0.319999999999936	4.63400000000001	0	0
4.28700000000026	0.327999999999975	4.61599999999999	0	0
4.96000000000004	0.336000000000013	5.29699999999866	0	0
4.29899999999998	0.388000000000034	4.6880000000001	0	0
4.23199999999997	0.343999999999937	4.57699999999932	0	0
4.29600000000028	0.307999999999993	4.60399999999936	0	0
4.36099999999988	0.486999999999966	5.01900000000023	0	0
4.30099999999948	0.346000000000004	4.67100000000028	0	0
5.00400000000081	0.328999999999951	5.43499999999949	0	0
4.63900000000012	0.62399999999991	4.78799999999865	0	0
4.22099999999955	0.400000000000091	4.62200000000121	0	0
4.26700000000073	0.38799999999992	4.65299999999843	0	0
4.18199999999979	0.331999999999994	4.51499999999942	0	0
4.22999999999956	0.275999999999954	4.51499999999942	0	0
4.1899999999996	0.324000000000069	4.51299999999901	0	0
4.21200000000044	0.298999999999978	4.51200000000063	0	0
4.92599999999948	0.300000000000068	5.22700000000077	0	0
4.95399999999972	0.335999999999899	5.31400000000031	0	0
4.23899999999958	0.371999999999957	4.61199999999917	0	0
4.17100000000028	0.34800000000007	4.52000000000044	0	0
4.66399999999976	0.765999999999963	5.48599999999897	0	0
4.4360000000006	0.34699999999998	4.8119999999999	0	0
5.41299999999956	0.488999999999919	5.94000000000051	0	0
4.47100000000046	0.348999999999933	4.89300000000003	0	0
4.34599999999955	0.363999999999919	4.71099999999933	0	0
5.27599999999984	0.338999999999942	5.63700000000063	0	0
4.41299999999956	0.323999999999955	4.73599999999897	0	0
4.46999999999935	0.351999999999975	4.82200000000012	0	0
4.33299999999963	0.315999999999917	4.64999999999964	0	0
4.28399999999965	0.351999999999975	4.63799999999901	0	0
4.39500000000044	0.392000000000053	4.78800000000047	0	0
5.0619999999999	0.324999999999932	5.41899999999987	0	0
4.46000000000004	0.611999999999966	5.19499999999971	0	0
5.19700000000012	0.524999999999977	5.65900000000147	0	0
4.33900000000085	0.323999999999955	4.66300000000047	0	0
4.36599999999999	0.341000000000008	4.70600000000013	0	0
5.1850000000004	0.893000000000029	6.0049999999992	0	0
4.42799999999988	0.408000000000015	4.83600000000115	0	0
4.43499999999949	0.347999999999956	4.79299999999967	0	0
4.29600000000028	0.408000000000015	4.70399999999972	0	0
4.29700000000048	0.413999999999987	4.73799999999937	0	0
4.39499999999862	0.355000000000018	4.79399999999987	0	0
5.0679999999993	0.295000000000073	5.39500000000044	0	0
5.22999999999956	0.8599999999999	5.98700000000099	0	0
4.46599999999853	0.450999999999908	4.84099999999853	0	0
4.26499999999942	0.34699999999998	4.62800000000061	0	0
4.371000000001	0.340000000000032	4.71299999999974	0	0
4.36399999999958	0.327999999999975	4.69399999999951	0	0
4.35100000000057	0.379999999999995	4.73199999999997	0	0
5.0510000000013	0.34699999999998	5.43100000000049	0	0
4.32600000000093	0.363999999999919	4.87300000000141	0	0
4.3799999999992	0.327999999999975	4.72500000000036	0	0
4.39400000000023	0.343999999999937	4.78700000000026	0	0
5.45100000000093	1.18099999999993	6.31600000000071	0	0
4.27100000000064	0.391999999999939	4.65900000000147	0	0
4.27999999999884	0.288000000000011	4.58300000000054	0	0
4.25	0.307000000000016	4.55899999999929	0	0
4.28900000000067	0.32000000000005	4.61000000000058	0	0
4.49099999999999	0.625	5.04500000000007	0	0
5.02499999999964	0.315000000000055	5.33400000000074	0	0
4.29800000000068	0.339999999999918	4.63899999999921	0	0
4.30600000000049	0.324000000000069	4.6309999999994	0	0
4.49700000000121	0.466000000000008	5.0719999999983	0	0
4.28799999999865	0.319999999999936	4.60900000000038	0	0
5.27099999999882	0.965000000000032	6.10399999999936	0	0
4.58599999999933	0.866999999999962	5.34200000000055	0	0
4.26699999999983	0.324000000000069	4.59100000000035	0	0
5.00200000000041	0.349000000000046	5.32999999999993	0	0
4.3130000000001	0.32000000000005	4.63299999999981	0	0
4.29900000000089	0.296000000000049	4.57400000000052	0	0
4.46099999999933	0.34699999999998	4.80999999999949	0	0
4.39899999999943	0.328999999999951	4.72700000000077	0	0
4.50799999999981	0.371999999999957	4.87900000000081	0	0
4.51599999999962	0.396000000000072	4.91200000000026	0	0
4.44000000000051	0.364000000000033	4.81600000000071	0	0
4.45100000000093	0.388000000000034	4.83899999999994	0	0
4.4900000000016	0.343999999999937	4.83400000000074	0	0
4.47900000000118	0.590000000000032	4.91899999999987	0	0
4.35800000000017	0.293000000000006	4.64999999999964	0	0
4.53800000000047	0.629999999999995	5.31100000000151	0	0
4.42300000000068	0.44500000000005	4.85800000000017	0	0
4.32200000000012	0.263000000000034	4.97099999999955	0	0
4.33599999999933	0.327999999999975	4.66500000000087	0	0
4.78700000000026	1.23799999999994	5.89300000000003	0	0
4.60600000000159	0.733000000000061	5.20600000000013	0	0
5.4989999999998	1.04599999999994	6.26000000000022	0	0
4.58799999999974	0.76299999999992	5.23700000000099	0	0
4.35300000000097	0.326000000000022	4.77000000000044	0	0
4.3239999999987	0.323999999999955	4.71599999999853	0	0
5.25699999999961	0.302000000000021	5.76800000000003	0	0
4.36799999999857	0.307000000000016	4.88000000000102	0	0
4.3799999999992	0.375	4.7510000000002	0	0
4.46199999999953	0.343000000000075	4.91400000000067	0	0
5.04300000000148	0.423999999999978	5.46999999999935	0	0
4.36599999999999	0.314000000000078	4.88900000000103	0	0
4.27299999999923	0.311000000000035	4.62099999999919	0	0
4.92000000000007	0.310999999999922	5.17299999999886	0	0
4.33699999999953	0.322999999999979	4.78299999999945	0	0
4.29900000000089	0.360000000000014	4.65999999999985	0	0
4.2390000000014	0.343000000000075	4.64100000000144	0	0
4.23099999999977	0.375999999999976	4.60699999999997	0	0
4.43399999999929	0.52800000000002	5.04099999999926	0	0
4.40699999999924	0.642999999999915	4.98700000000099	0	0
4.43900000000031	0.543999999999983	4.83700000000135	0	0
4.33600000000115	0.390999999999963	4.90700000000106	0	0
4.36799999999857	0.328999999999951	4.78200000000106	0	0
4.34300000000076	0.336000000000013	4.67900000000009	0	0
4.32099999999991	0.308999999999969	4.64099999999962	0	0
4.39699999999903	0.32000000000005	4.77099999999882	0	0
4.3179999999993	0.299000000000092	4.64500000000044	0	0
4.36799999999857	0.31899999999996	4.73700000000099	0	0
4.378999999999	0.32000000000005	4.70800000000054	0	0
4.35200000000077	0.327999999999975	4.72099999999955	0	0
4.29300000000148	0.371999999999957	4.66599999999926	0	0
4.36299999999937	0.384000000000015	4.7489999999998	0	0
4.27199999999903	0.339999999999918	4.6830000000009	0	0
4.35100000000057	0.301000000000045	4.69599999999991	0	0
4.26699999999983	0.324000000000069	4.60100000000057	0	0
4.3070000000007	0.336999999999989	4.67300000000068	0	0
4.34599999999955	0.296000000000049	4.64300000000003	0	0
4.38600000000042	0.336000000000013	4.77100000000064	0	0
4.48600000000079	0.307000000000016	4.79500000000007	0	0
4.29500000000007	0.336999999999989	4.79799999999886	0	0
4.3799999999992	0.355000000000018	4.78300000000127	0	0
4.43599999999969	0.319999999999936	4.84000000000015	0	0
4.39300000000003	0.298999999999978	4.70900000000074	0	0
4.40599999999904	0.424999999999955	4.97400000000016	0	0
4.35100000000057	0.273000000000025	4.65999999999985	0	0
4.38100000000122	0.296000000000049	4.69400000000132	0	0
4.34900000000016	0.360000000000014	4.71000000000095	0	0
4.41699999999946	0.340000000000032	4.76700000000164	0	0
4.40900000000147	0.360000000000014	4.76900000000023	0	0
4.33799999999974	0.327999999999975	4.68900000000031	0	0
4.35399999999936	0.264999999999986	4.94000000000051	0	0
4.27399999999943	0.331999999999994	4.66199999999844	0	0
4.40700000000106	0.355000000000018	4.92599999999948	0	0
4.46099999999933	0.972999999999956	5.54399999999987	0	0
4.52300000000105	0.755999999999972	5.96200000000135	0	0
5.17500000000109	0.291000000000054	6.05099999999948	0	0
4.59199999999873	0.748000000000047	5.55400000000009	0	0
4.5679999999993	1.09199999999998	5.53799999999865	0	0
4.58200000000033	1.13300000000004	5.29600000000028	0	0
4.65099999999984	1.029	5.53999999999905	0	0
5.24699999999939	2.00700000000006	6.65099999999984	0	0
5.00200000000041	1.27300000000002	5.73199999999997	0	0
4.79399999999987	1.55900000000008	5.90199999999822	0	0
4.29099999999926	0.322999999999979	4.72900000000118	0	0
4.29299999999967	0.304000000000087	4.59799999999996	0	0
4.30799999999908	0.352000000000089	4.66200000000026	0	0
4.09599999999955	0.288000000000011	4.45600000000013	0	0
4.09900000000016	0.298999999999978	4.55600000000049	0	0
7.66100000000006	0.605999999999995	8.5	0	0
4.17100000000028	0.367999999999938	4.61800000000039	0	0
4.21600000000035	0.279999999999973	4.79999999999927	0	0
4.24300000000039	0.369000000000028	4.79600000000028	0	0
4.30000000000109	0.254000000000019	4.76299999999901	0	0
4.23400000000038	0.379999999999995	4.64100000000144	0	0
4.39199999999983	0.871000000000095	5.27000000000044	0	0
4.26499999999942	0.307999999999993	4.57499999999891	0	0
4.19599999999991	0.303999999999974	4.52899999999863	0	0
4.13700000000063	0.336000000000013	4.51100000000042	0	0
4.33400000000074	0.344000000000051	4.69000000000051	0	0
4.1239999999998	0.307999999999993	4.43199999999888	0	0
4.20700000000033	0.307999999999993	4.54400000000169	0	0
4.21099999999933	0.296000000000049	4.51800000000003	0	0
4.21500000000015	0.351999999999975	4.58100000000013	0	0
4.25900000000001	0.29200000000003	4.57699999999932	0	0
4.1880000000001	0.344000000000051	4.54199999999946	0	0
4.22799999999916	0.494000000000028	4.78200000000106	0	0
4.28200000000106	0.299999999999955	4.59299999999894	0	0
4.33799999999974	0.283000000000015	4.42900000000009	0	0
4.27700000000004	0.33400000000006	4.8799999999992	0	0
4.25299999999879	0.33400000000006	4.66300000000047	0	0
4.2559999999994	0.440000000000055	4.82099999999991	0	0
4.98899999999958	1.71100000000001	6.0580000000009	0	0
7.55499999999847	1.59799999999996	8.95499999999993	0	0
4.76100000000042	1.37900000000002	6.02499999999964	0	0
4.63299999999981	0.762000000000057	5.17499999999927	0	0
4.78299999999945	1.25300000000004	5.76599999999962	0	0
4.38299999999981	0.324000000000069	4.70899999999892	0	0
5.38500000000022	0.993999999999915	6.05299999999988	0	0
4.32900000000154	0.299999999999955	4.62900000000081	0	0
4.28399999999965	0.326999999999998	4.625	0	0
4.26399999999921	0.355999999999995	4.61999999999898	0	0
4.27700000000004	0.355999999999995	4.63300000000163	0	0
4.37299999999959	0.327999999999975	4.70200000000114	0	0
4.32200000000012	0.331999999999994	4.65499999999884	0	0
4.33300000000054	0.386999999999944	5.01400000000103	0	0
7.14199999999983	0.871999999999957	8.17100000000028	0	0
4.34599999999955	0.300000000000068	4.83300000000054	0	0
4.26199999999881	0.317999999999984	4.74699999999939	0	0
4.40999999999985	0.405000000000086	4.85400000000118	0	0
5.05899999999929	0.412000000000035	5.47199999999975	0	0
4.31399999999849	0.321000000000026	4.6349999999984	0	0
4.22799999999916	0.284999999999968	4.51300000000083	0	0
4.26000000000022	0.303999999999974	4.56400000000031	0	0
4.27700000000004	0.244000000000028	4.39799999999923	0	0
5.05199999999968	0.451999999999998	5.4380000000001	0	0
4.29399999999987	0.302999999999997	4.59799999999996	0	0
4.25299999999879	0.340000000000032	4.59300000000076	0	0
4.8760000000002	0.296000000000049	5.17299999999886	0	0
4.16100000000006	0.307999999999993	4.47000000000116	0	0
4.20600000000013	0.291000000000054	4.49700000000121	0	0
4.25900000000001	0.312000000000012	4.57200000000012	0	0
4.19100000000071	0.283999999999992	4.47500000000036	0	0
4.1929999999993	0.315999999999917	4.50900000000001	0	0
4.121000000001	0.316000000000031	4.4369999999999	0	0
4.17399999999907	0.296000000000049	4.47000000000116	0	0
4.17400000000089	0.384000000000015	4.55899999999929	0	0
4.24099999999999	0.29200000000003	4.53299999999945	0	0
4.16699999999946	0.295999999999935	4.46399999999994	0	0
4.22599999999875	0.288000000000011	4.51400000000103	0	0
4.29700000000048	0.499000000000024	4.81600000000071	0	0
4.89300000000003	0.283999999999992	5.1770000000015	0	0
4.16700000000128	0.29200000000003	4.45999999999913	0	0
4.19499999999971	0.295999999999935	4.49200000000019	0	0
4.17499999999927	0.323999999999955	4.5010000000002	0	0
4.15899999999965	0.29200000000003	4.46000000000095	0	0
4.15799999999945	0.312000000000012	4.47099999999955	0	0
4.16899999999987	0.299999999999955	4.47099999999955	0	0
4.25300000000061	0.349999999999909	4.64300000000003	0	0
4.50699999999961	0.922000000000025	5.40599999999904	0	0
4.17599999999948	0.347999999999956	4.52399999999943	0	0
7.85599999999977	1.74599999999998	10.0100000000002	0	0
4.29500000000007	0.380999999999972	4.79399999999987	0	0
4.63400000000001	1.04300000000001	5.33400000000074	0	0
4.61000000000058	1.17899999999997	5.64699999999903	0	0
4.32099999999991	0.580000000000041	5	0	0
5.3799999999992	1.12099999999998	6.35800000000017	0	0
4.85200000000077	1.41300000000001	6.31600000000071	0	0
4.28900000000067	0.374000000000024	4.62199999999939	0	0
4.28399999999965	0.311999999999898	4.59699999999975	0	0
4.3080000000009	0.509000000000015	4.74200000000019	0	0
4.26800000000003	0.403999999999996	4.66300000000047	0	0
4.27300000000105	0.392000000000053	4.66599999999926	0	0
4.35200000000077	0.283000000000015	4.84399999999914	0	0
4.34300000000076	0.281999999999925	4.64600000000064	0	0
4.24900000000162	0.330999999999904	4.58100000000013	0	0
5.01299999999901	0.315999999999917	5.32999999999993	0	0
4.59599999999955	1.06099999999992	5.58699999999953	0	0
4.24799999999959	0.347999999999956	4.59599999999955	0	0
4.23899999999958	0.344000000000051	4.58400000000074	0	0
4.72899999999936	0.546000000000049	4.89799999999923	0	0
4.88000000000102	1.4079999999999	5.15700000000106	0	0
4.48400000000038	0.283999999999878	4.41299999999865	0	0
4.72299999999996	0.745999999999867	4.66799999999967	0	0
4.63400000000001	1.39900000000011	4.95900000000074	0	0
4.59699999999975	1.03200000000015	5.0010000000002	0	0
5.83899999999994	2.12999999999988	6.27900000000045	0	0
4.64699999999903	0.815000000000055	4.98700000000099	0	0
4.55600000000049	0.508000000000038	4.64799999999923	0	0
5.26599999999962	2.05799999999999	5.59399999999914	0	0
4.76800000000003	1.02699999999982	5.16500000000087	0	0
4.7400000000016	1.39400000000001	5.15700000000106	0	0
4.84799999999996	1.26700000000005	5.0510000000013	0	0
4.55299999999988	0.72400000000016	4.63800000000083	0	0
4.08200000000033	0.230999999999995	4.39899999999943	0	0
4.73599999999897	1.13300000000004	4.91699999999946	0	0
4.69100000000071	0.896999999999935	5.15200000000004	0	0
4.37200000000121	0.278999999999996	4.63999999999942	0	0
4.25400000000081	0.347999999999956	4.29199999999946	0	0
4.40299999999843	0.520000000000209	4.5739999999987	0	0
5.10000000000036	0.746999999999844	5.34600000000137	0	0
4.70100000000093	0.632999999999811	4.57200000000012	0	0
4.30199999999968	0.355999999999995	4.08899999999994	0	0
4.49300000000039	0.678000000000111	4.26000000000022	0	0
4.61599999999999	0.435999999999922	4.24599999999919	0	0
5.10599999999977	0.412999999999784	4.89199999999983	0	0
4.30299999999988	0.361000000000104	4.07099999999991	0	0
4.36800000000039	0.408000000000129	4.02399999999943	0	0
4.59000000000015	0.794000000000096	4.31700000000092	0	0
4.31099999999969	0.527999999999793	4.08400000000074	0	0
4.55999999999949	0.508000000000038	4.1760000000013	0	0
7.76699999999983	1.55600000000004	6.78400000000147	0	0
4.4369999999999	0.558999999999969	4.00900000000001	0	0
4.40100000000166	0.534999999999854	3.97999999999956	0	0
4.48199999999997	0.476000000000113	3.9989999999998	0	0
5.18099999999868	0.543999999999869	4.71199999999953	0	0
4.45199999999932	0.519000000000005	4.01200000000063	0	0
4.47899999999936	0.507000000000062	4.01699999999983	0	0
4.40099999999984	0.550999999999931	3.9890000000014	0	0
4.42100000000028	0.548000000000002	4.00200000000041	0	0
5.15300000000025	0.52800000000002	4.69000000000051	0	0
4.51999999999862	0.532999999999902	4.02600000000166	0	0
7.62700000000041	1.23099999999999	6.66400000000067	0	0
4.46600000000035	0.503000000000156	3.98999999999978	0	0
4.47199999999975	0.523999999999887	4.02800000000025	0	0
4.52399999999943	0.486999999999853	3.99299999999857	0	0
4.51000000000022	0.476000000000113	4.00699999999961	0	0
4.38400000000001	0.582999999999856	3.99499999999898	0	0
4.69000000000051	0.960000000000036	4.15400000000045	0	0
4.57700000000114	0.838999999999942	4.13900000000103	0	0
4.4419999999991	0.500999999999976	3.98600000000079	0	0
4.47599999999875	0.479000000000042	3.99800000000141	0	0
4.39999999999964	0.596000000000004	3.98500000000058	0	0
4.503999999999	0.512000000000171	4.02100000000064	0	0
4.48300000000017	0.51299999999992	3.99099999999999	0	0
4.41499999999905	0.572999999999865	3.99599999999919	0	0
4.4330000000009	0.547000000000025	3.98599999999897	0	0
4.45299999999952	0.538999999999987	3.99799999999959	0	0
4.58399999999892	0.432000000000016	4.02000000000044	0	0
4.61700000000019	0.797000000000025	4.11399999999958	0	0
4.47500000000036	0.524000000000115	4	0	0
5.27399999999943	0.736000000000104	4.68399999999929	0	0
4.47299999999996	0.56899999999996	3.9989999999998	0	0
4.5630000000001	0.439000000000078	4.01100000000042	0	0
4.45899999999892	0.623000000000047	4.01399999999921	0	0
4.47299999999996	0.527000000000044	4.01200000000063	0	0
4.43400000000111	0.515999999999849	3.98599999999897	0	0
4.46799999999894	0.55600000000004	4.01900000000023	0	0
4.496000000001	0.5150000000001	3.98999999999978	0	0
4.44800000000032	0.571999999999889	4	0	0
4.47899999999936	0.559999999999945	4.02500000000146	0	0
4.90599999999904	1.83799999999997	4.36999999999898	0	0
4.55600000000049	0.847999999999956	4.11399999999958	0	0
5.18599999999969	0.490999999999985	4.70199999999932	0	0
4.48300000000017	0.480999999999995	3.99200000000019	0	0
4.4940000000006	0.544000000000096	4.02000000000044	0	0
4.45399999999972	0.522999999999911	4.00099999999838	0	0
4.43399999999929	0.534999999999854	4.0010000000002	0	0
4.44399999999951	0.508000000000038	3.98099999999977	0	0
4.4369999999999	0.548000000000002	4.01300000000083	0	0
4.44099999999889	0.558999999999969	4.01800000000003	0	0
4.42499999999927	0.542999999999893	3.99200000000019	0	0
4.51299999999901	0.5	4.01000000000022	0	0
4.46500000000015	0.488000000000056	3.98299999999836	0	0
4.49200000000019	0.503999999999905	4.01200000000063	0	0
4.65399999999863	0.847999999999956	4.14400000000023	0	0
4.50799999999981	0.448999999999842	3.99799999999959	0	0
4.50900000000001	0.463999999999942	4.02200000000084	0	0
7.55699999999888	1.37099999999987	6.70900000000074	0	0
4.41799999999967	0.503000000000156	4	0	0
4.40699999999924	0.667999999999893	4.00300000000061	0	0
4.47000000000116	0.545000000000073	4.02199999999903	0	0
8.43500000000131	1.548	7.37800000000061	0	0
4.72799999999916	0.761000000000195	4.12199999999939	0	0
4.52400000000125	0.5	4.01400000000103	0	0
4.52200000000084	0.537000000000035	4.0109999999986	0	0
4.54899999999907	0.519000000000005	4.01399999999921	0	0
5.26900000000023	0.487999999999829	4.70699999999852	0	0
