12.445	5.295	12.05	0	0
15.064	10.251	18.151	0	0
14.069	5.25700000000001	18.556	0	0
13.457	3.914	19.203	0	0
17.285	15.838	12.102	0	0
18.182	14.188	17.504	0	0
14.431	8.34100000000001	14.259	0	0
18.018	15.502	16.259	0	0
18.35	22.758	15.61	0	0
25.108	22.669	17.383	0	0
25.974	24.248	20.275	0	0
47.5649999999999	48.659	38.1900000000001	0	0
19.807	17.492	16.927	0	0
12.765	3.79199999999997	14.76	0	0
26.855	15.613	28.6560000000001	0	0
18.366	12.607	14.624	0	0
14.905	7.77799999999996	15.0409999999999	0	0
49.2470000000001	52.054	37.759	0	0
24.424	25.441	18.948	0	0
13.766	8.29700000000003	12.015	0	0
14.14	4.47900000000004	17.495	0	0
15.457	6.04700000000003	16.8570000000001	0	0
13.098	5.39200000000005	14.0410000000001	0	0
14.2550000000001	7.98699999999997	12.8399999999999	0	0
15.845	9.33500000000004	15.6119999999999	0	0
32.6770000000001	19.396	34.6590000000001	0	0
15.1559999999999	5.39200000000005	17.46	0	0
14.056	6.16999999999996	15.9259999999999	0	0
13.7540000000001	6.98199999999997	10.8430000000001	0	0
23.8579999999999	21.553	17.2840000000001	0	0
42.4290000000001	45.0450000000001	30.1859999999999	0	0
53.5409999999999	38.8900000000001	48.463	0	0
15.829	8.46699999999987	16.539	0	0
19.8589999999999	14.376	16.963	0	0
22.6089999999999	13.645	20.1510000000001	0	0
18.7360000000001	15.338	16.365	0	0
17.893	11.2860000000001	16.8199999999999	0	0
11.6369999999999	3.24900000000002	13.144	0	0
13.5249999999999	6.20499999999993	16.2459999999999	0	0
18.422	15.5509999999999	16.8910000000001	0	0
24.0909999999999	9.65699999999993	29.116	0	0
26.029	24.7429999999999	19.162	0	0
11.472	4.89400000000001	14.3049999999998	0	0
28.4640000000002	18.1970000000001	26.653	0	0
45.1669999999999	45.8609999999999	29.1090000000002	0	0
15.8890000000001	9.47299999999996	13.7389999999996	0	0
15.2440000000001	8.71699999999987	20.5820000000003	0	0
25.741	27.9059999999999	18.5639999999999	0	0
15.5549999999998	7.81700000000001	15.3059999999996	0	0
12.9720000000002	4.86699999999996	15.0940000000001	0	0
19.5859999999998	16.2239999999999	17.4459999999999	0	0
20.7059999999997	18.4370000000001	16.5909999999999	0	0
29.5100000000002	18.0260000000001	28.7759999999998	0	0
17.3599999999997	10.4379999999999	17.4169999999999	0	0
15.529	9.19299999999998	17.4459999999999	0	0
14.6460000000002	8.46299999999997	11.9839999999999	0	0
16.5149999999999	14.164	14.1840000000002	0	0
16.5680000000002	9.39200000000005	17.6659999999997	0	0
17.4049999999997	10.2739999999999	18.6030000000001	0	0
18.415	13.2730000000001	17.0320000000002	0	0
16.422	12.0140000000001	16.2069999999999	0	0
16.529	11.05	17.9110000000001	0	0
14.098	3.66700000000014	18.6950000000002	0	0
27.73	18.1590000000001	25.8789999999999	0	0
15.3810000000003	9.02399999999989	14.2980000000002	0	0
39.3199999999997	34.1120000000001	32.6440000000002	0	0
15.1500000000001	5.97199999999998	18.7959999999998	0	0
15.569	8.22499999999991	16.4350000000004	0	0
14.0790000000002	7.49000000000024	17.2689999999998	0	0
21.473	19.8139999999999	19.8829999999998	0	0
21.875	19.4389999999999	19.0730000000003	0	0
17.0350000000003	12.3330000000001	15.1869999999999	0	0
22.5820000000003	21.123	20.6309999999999	0	0
17.6349999999998	9.42200000000003	19.4459999999999	0	0
61.6000000000004	54.4610000000002	52.047	0	0
29.433	19.8789999999999	27.7400000000002	0	0
32.739	26.6190000000001	28.7530000000002	0	0
18.1589999999997	13.0740000000001	16.3679999999999	0	0
12.8699999999999	3.07200000000012	15.7460000000001	0	0
15.0950000000003	6.81999999999971	14.8230000000003	0	0
19.0709999999999	17.4450000000002	16.2420000000002	0	0
16.6289999999999	7.59099999999989	17.5860000000002	0	0
37.3959999999997	35.4740000000002	29.2080000000001	0	0
20.6060000000002	20.3849999999998	16.4500000000003	0	0
21.0879999999997	21.502	16.2869999999998	0	0
16.8510000000001	13.1579999999999	16.3919999999998	0	0
12.8329999999996	3.68900000000031	17.404	0	0
42.8649999999998	39.9560000000001	35.0449999999996	0	0
15.6790000000001	9.70499999999993	16.5709999999999	0	0
15.451	8.13099999999986	19.297	0	0
16.2370000000001	8.05400000000009	16.0640000000003	0	0
19.9830000000002	17.4340000000002	13.2640000000001	0	0
21.0960000000005	18.5010000000002	13.3069999999998	0	0
36.9139999999998	16.0899999999997	36.8000000000002	0	0
14.9580000000005	7.97499999999991	15.2400000000002	0	0
29.0589999999993	17.8890000000001	31.1019999999999	0	0
13.5450000000001	5.7829999999999	17.0450000000001	0	0
42.5280000000002	42.2080000000001	30.3579999999993	0	0
31.2439999999997	23.8270000000002	25.5410000000002	0	0
35.6669999999995	24.6749999999997	31.4099999999999	0	0
12.0920000000006	5.38000000000011	11.0720000000001	0	0
11.6800000000003	6.64399999999978	11.7359999999999	0	0
12.7730000000001	5.11599999999999	13.0419999999995	0	0
15.2520000000004	6.73700000000008	18.1880000000001	0	0
17.5550000000003	10.9830000000002	17.1660000000002	0	0
15.2349999999997	8.53600000000006	16.0120000000006	0	0
52.7129999999997	55.2599999999998	39.3969999999999	0	0
14.5779999999995	5.94599999999991	16.9519999999993	0	0
22.5	19.5340000000001	21.0420000000004	0	0
13.6130000000003	5.48299999999972	15.6089999999995	0	0
13.9179999999997	4.16800000000012	16.8090000000002	0	0
14.8810000000003	6.35200000000032	17.0730000000003	0	0
15.3220000000001	8.45399999999972	17.1010000000006	0	0
25.4899999999998	18.422	23.058	0	0
20.8969999999999	16.855	17.8550000000005	0	0
24.5990000000002	23.9590000000003	16.9459999999999	0	0
31.7160000000003	24.3150000000001	28.0020000000004	0	0
17.3190000000004	12.0519999999997	17.3919999999998	0	0
17.4769999999999	12.3440000000001	14.3609999999999	0	0
18.8519999999999	14.0009999999997	16.5360000000001	0	0
19.3739999999998	16.4859999999999	15.2510000000002	0	0
18.7280000000001	14.0050000000001	15.9930000000004	0	0
19.8679999999995	17.0440000000003	16.7950000000001	0	0
15.4440000000004	8.75599999999986	15.0690000000004	0	0
13.4290000000001	3.20100000000002	18.6030000000001	0	0
16.4609999999993	11.4950000000003	12.8729999999996	0	0
17.3470000000007	15.27	14.5259999999998	0	0
17.451	11.5919999999996	20.0259999999998	0	0
17.4260000000004	12.076	17.402	0	0
14.9549999999999	5.90900000000011	16.1700000000001	0	0
14.6190000000006	9.18299999999999	12.4100000000008	0	0
17.7139999999999	14.5529999999999	13.1319999999996	0	0
24.2919999999995	14.0450000000001	20.0900000000001	0	0
48.4829999999993	67.212	20.5510000000004	0	0
15.6669999999995	9.55399999999963	12.8879999999999	0	0
13.6289999999999	10.2490000000003	11.491	0	0
27.3150000000005	30.1559999999999	12.9649999999992	0	0
30.75	26.348	21.3329999999996	0	0
41.0320000000002	28.4059999999999	36.3090000000002	0	0
26.8239999999996	19.5409999999993	20.049	0	0
30.2270000000008	22.8040000000001	30.6770000000006	0	0
16.9120000000003	9.85800000000017	16.7350000000006	0	0
33.0209999999997	27.9140000000007	29.3209999999999	0	0
30.5079999999998	21.2200000000003	27.4369999999999	0	0
12.4089999999997	4.70100000000002	12.0190000000002	0	0
28.0810000000001	18.6040000000003	30.0719999999992	0	0
18.1949999999997	13.5209999999997	13.7769999999991	0	0
15.3399999999992	9.24499999999989	12.4899999999998	0	0
13.4290000000001	4.67099999999937	13.5229999999992	0	0
32.8720000000003	25.7430000000004	29.0770000000002	0	0
15.3549999999996	8.6869999999999	17.6459999999997	0	0
15.1210000000001	7.71399999999994	16.0650000000005	0	0
25.643	27.6840000000002	16.1549999999997	0	0
34.8389999999999	40.1640000000007	21.7300000000005	0	0
25.2510000000002	12.8310000000001	30.3679999999995	0	0
27.1019999999999	30.7929999999997	15.4960000000001	0	0
14.9009999999998	11.0699999999997	14.8540000000003	0	0
40.549	34.9969999999994	31.2089999999998	0	0
19.442	15.2209999999995	12.5900000000001	0	0
16.0510000000004	13.5869999999995	12.5450000000001	0	0
51.1150000000007	33.643	52.442	0	0
28.1199999999999	17.1570000000002	25.6880000000001	0	0
18.3630000000003	15.2169999999996	15.8649999999998	0	0
34.027	26.0509999999995	31.6909999999998	0	0
13.4429999999993	4.37899999999991	16.5889999999999	0	0
17.8289999999997	13.1590000000006	16.2079999999996	0	0
16.4189999999999	9.95600000000013	15.3890000000001	0	0
19.0600000000004	13.7440000000006	19.2449999999999	0	0
27.1449999999995	18.527	22.2250000000004	0	0
14.2729999999992	7.3119999999999	12.1269999999995	0	0
18.2629999999999	13.8270000000002	14.0210000000006	0	0
21.5909999999994	18.375	16.7929999999997	0	0
26.7649999999994	15.4719999999998	26.7200000000003	0	0
12.1370000000006	4.39999999999964	11.6300000000001	0	0
12.4139999999998	5.09799999999996	11.8189999999995	0	0
14.0970000000007	9.15200000000004	12.366	0	0
14.5789999999997	9.46799999999985	12.5439999999999	0	0
16.5309999999999	15.6030000000001	12.2600000000002	0	0
13.5689999999995	10.1290000000008	12.9650000000001	0	0
15.7830000000004	10.3800000000001	13.0910000000003	0	0
14.4360000000006	7.77199999999993	13.902	0	0
22.1510000000007	9.68499999999949	24.4030000000002	0	0
18.822000000001	12.6099999999997	13.9549999999999	0	0
18.6499999999996	15.6659999999993	16.4749999999995	0	0
14.889000000001	8.78899999999976	14.5140000000001	0	0
14.7829999999994	10.6499999999996	11.192	0	0
14.3379999999997	9.90300000000025	14.3289999999997	0	0
18.0779999999995	11.4039999999995	13.8419999999996	0	0
15.6329999999998	10.3040000000001	11.8580000000002	0	0
21.5490000000009	19.8070000000007	13.817	0	0
16.9580000000005	15.3199999999997	16.8279999999995	0	0
11.7600000000002	3.39799999999923	10.8440000000001	0	0
15.1820000000007	9.60300000000007	12.5439999999999	0	0
18.5589999999993	15.0159999999996	11.4639999999999	0	0
22.9789999999994	14.6219999999994	21.3500000000004	0	0
13.4629999999997	2.99099999999999	16.1679999999997	0	0
23.9030000000002	24.0079999999998	19.0439999999999	0	0
23.3729999999996	11.143	20.6929999999993	0	0
14.0519999999997	7.16200000000026	11.7520000000004	0	0
13.2879999999986	6.38999999999942	13.9959999999992	0	0
15.5410000000011	11.558	13.3909999999996	0	0
29.7849999999999	20.4780000000001	33.5749999999989	0	0
21.1580000000013	16.5749999999998	16.7189999999991	0	0
19.8619999999992	15.518	16.1170000000002	0	0
23.1790000000001	24.9989999999998	14.2669999999998	0	0
15.0360000000001	9.34799999999996	11.2659999999996	0	0
14.6759999999995	6.69799999999941	18.3760000000002	0	0
39.1209999999992	33.8909999999996	29.0330000000013	0	0
19.8330000000005	14.701	18.0630000000001	0	0
15.5760000000009	7.92000000000007	16.6389999999992	0	0
34.8640000000014	29.085	29.6949999999997	0	0
31.3060000000005	36.3810000000003	20.6550000000007	0	0
18.8200000000015	16.6379999999999	18.5110000000004	0	0
15.1869999999999	7.48199999999997	19.2510000000002	0	0
15.1509999999998	6.52499999999964	15.5619999999999	0	0
15.0729999999985	8.06500000000051	13.5069999999996	0	0
13.0149999999994	7.47800000000007	12.3329999999987	0	0
21.0280000000002	19.4610000000002	13.8220000000001	0	0
22.5629999999983	22.2789999999995	11.9239999999991	0	0
23.7420000000002	20.8289999999997	14.762999999999	0	0
18.8209999999999	15.6080000000002	14.4079999999994	0	0
22.0240000000013	11.2480000000005	21.4530000000013	0	0
16.8270000000011	11.6419999999998	13.3179999999993	0	0
18.4099999999999	13.3509999999997	13.3400000000001	0	0
18.5290000000005	14.4849999999997	15.1710000000003	0	0
19.4040000000005	20.5739999999996	13.0059999999994	0	0
30.6360000000004	22.8970000000008	23.5149999999994	0	0
16.5499999999993	16.701	11.9050000000007	0	0
28.1709999999985	19.1840000000002	23.2379999999994	0	0
15.9480000000003	8.59400000000005	15.2819999999992	0	0
23.0960000000014	22.152	15.780999999999	0	0
21.4110000000001	18.1970000000001	14.3700000000008	0	0
15.4270000000015	13.049	13.8119999999999	0	0
30.4120000000003	24.1050000000005	20.512999999999	0	0
19.4419999999991	20.1599999999999	12.4130000000005	0	0
17.4400000000005	11.1689999999999	13.3950000000004	0	0
14.6450000000004	7.99499999999989	13.9699999999993	0	0
15.3170000000009	9.53999999999996	15.6040000000012	0	0
13.1860000000015	7.04999999999927	10.7700000000004	0	0
13.9369999999999	8.86999999999989	13.9539999999997	0	0
31.2169999999987	20.1400000000003	26.523000000001	0	0
19.9679999999989	16.5789999999997	13.8330000000005	0	0
26.8649999999998	19.4709999999995	25.5010000000002	0	0
19.3050000000003	11.6189999999997	18.893	0	0
17.9979999999996	11.3370000000004	16.6499999999996	0	0
19.3799999999992	17.0640000000003	15.1139999999996	0	0
13.357	4.68099999999959	15.1219999999994	0	0
42.0420000000013	34.6569999999992	39.7510000000002	0	0
21.1260000000002	16.527	21.4809999999998	0	0
20.3880000000008	17.9659999999994	14.7690000000002	0	0
17.5859999999993	10.7560000000003	17.476999999999	0	0
15.4350000000013	5.54799999999977	18.6919999999991	0	0
17.7150000000001	12.3649999999998	20.1220000000012	0	0
15.7090000000007	8.5630000000001	16.4429999999993	0	0
36.3060000000005	49.1610000000001	22.7759999999998	0	0
32.4809999999998	25.4630000000006	30.0249999999996	0	0
43.7519999999986	38.3040000000001	38.2669999999998	0	0
35.994999999999	30.1949999999997	29.2899999999991	0	0
35.3180000000011	30.1040000000003	31.1099999999988	0	0
17.5329999999994	14.1659999999993	17.4499999999989	0	0
14.7299999999996	7.33200000000033	18.2610000000004	0	0
26.9629999999997	6.07500000000073	32.7440000000006	0	0
16.0579999999991	7.14099999999962	15.9079999999994	0	0
17.5459999999985	10.9099999999999	16.5949999999993	0	0
40.3860000000004	38.5019999999986	30.7260000000006	0	0
30.9899999999998	33.0830000000005	21.241	0	0
15.9670000000006	10.1809999999987	17.4310000000005	0	0
15.3599999999988	5.73899999999958	15.1319999999996	0	0
22.1319999999996	20.0999999999985	16.8180000000011	0	0
33.5839999999989	27.0599999999995	29.2260000000006	0	0
13.8410000000003	6.23999999999978	17.3549999999996	0	0
16.6999999999989	7.50799999999981	18.0519999999997	0	0
18.8549999999996	12.7389999999996	18.3549999999996	0	0
13.0820000000003	3.94900000000052	15.7510000000002	0	0
15.8880000000008	9.15300000000025	18.7420000000002	0	0
20.1119999999992	17.0159999999996	19.7179999999989	0	0
19.393	15.9989999999998	16.5920000000006	0	0
13.7900000000009	3.91900000000169	17.6610000000001	0	0
23.7430000000004	8.74300000000039	27.9089999999997	0	0
18.6170000000002	16.1959999999999	16.3419999999987	0	0
48.5280000000002	44.9500000000007	42.3779999999988	0	0
23.1460000000006	23.232	18.9159999999993	0	0
14.4660000000003	7.67499999999927	16.1290000000008	0	0
23.232	21.2729999999992	19.3739999999998	0	0
16.0720000000001	8.22500000000036	17.2739999999994	0	0
16.7790000000005	9.95199999999932	15.1369999999988	0	0
20.6869999999999	16.9570000000003	17.9359999999997	0	0
18.7690000000002	15.0749999999989	17.8430000000008	0	0
14.0860000000011	6.30500000000029	17.3719999999994	0	0
17.4259999999995	10.4419999999991	18.4410000000007	0	0
22.8150000000005	10.4590000000007	24.6359999999986	0	0
13.7900000000009	5.32799999999952	18.0720000000001	0	0
43.4850000000006	20.021999999999	49.7459999999992	0	0
21.7729999999992	20.3490000000002	20.2240000000002	0	0
42.8310000000001	35.1700000000001	35.9770000000008	0	0
13.0370000000003	3.73400000000038	14.8339999999989	0	0
35.4399999999987	32.0149999999994	29.2659999999996	0	0
14.0820000000003	6.32700000000114	13.348	0	0
20.6549999999988	15.2990000000009	17.9789999999994	0	0
20.2250000000004	14.5480000000007	20.9230000000007	0	0
13.6369999999988	5.35299999999916	16.1859999999997	0	0
16.3430000000008	9.77999999999884	16.6189999999988	0	0
13.3989999999994	3.60999999999876	18.2049999999999	0	0
16.8269999999993	11.7019999999993	13.6419999999998	0	0
22.6920000000009	17.2939999999999	17.0689999999995	0	0
17.3410000000003	9.23799999999937	16.523000000001	0	0
29.973	21.6999999999989	28.2430000000004	0	0
37.3619999999992	33.0859999999993	36.607	0	0
40.2840000000015	42.1409999999996	29.2420000000002	0	0
44.8869999999988	26.6910000000007	45.9070000000011	0	0
14.9830000000002	8.88500000000022	15.9200000000001	0	0
19.0910000000003	12.3580000000002	22.1510000000017	0	0
15.3680000000004	5.20199999999932	16.6740000000009	0	0
36.848	31.7889999999989	33.0060000000012	0	0
20.5850000000009	15.0789999999997	17.0329999999994	0	0
21.3459999999995	16.5729999999985	17.2309999999998	0	0
18.6050000000014	13.9280000000017	17.9120000000003	0	0
25.7309999999998	10.0770000000011	29.8819999999996	0	0
18.0150000000012	11.6980000000003	18.7899999999991	0	0
15.5889999999999	7.58599999999933	16.2880000000005	0	0
19.4279999999999	13.3880000000008	16.5069999999996	0	0
15.869999999999	11.1020000000008	12.6929999999993	0	0
15.8859999999986	9.09100000000035	18.2000000000007	0	0
32.360999999999	26.3029999999999	29.2570000000014	0	0
13.780999999999	6.85099999999875	14.4120000000003	0	0
18.4569999999985	15.5630000000001	16.3090000000011	0	0
23.3189999999995	20.7099999999991	19.0789999999997	0	0
26.7759999999998	25.277	20.3089999999993	0	0
36.2999999999993	45.8110000000015	21.5730000000003	0	0
18.4259999999995	14.8499999999985	16.7939999999999	0	0
24.6320000000014	23.491	21.1610000000001	0	0
24.8410000000003	12.4950000000008	27.7559999999994	0	0
14.4260000000013	7.37900000000081	16.1450000000004	0	0
17.3469999999998	12.7090000000007	18.1919999999991	0	0
26.9290000000001	14.9700000000012	28.735999999999	0	0
14.7520000000004	5.37800000000061	17.8809999999994	0	0
15.8409999999985	7.20999999999913	16.1570000000011	0	0
31.2069999999985	19.7739999999994	35.0709999999999	0	0
18.6209999999992	12.7610000000004	18.4549999999999	0	0
16.0779999999995	8.45700000000033	16.0349999999999	0	0
22.0869999999995	20.902	18.9810000000016	0	0
51.5109999999986	51.9830000000002	36.5930000000008	0	0
34.8420000000006	19.4679999999989	33.1219999999994	0	0
27.3109999999997	26.5459999999985	19.143	0	0
18.4770000000008	11.3689999999988	17.3070000000007	0	0
13.6500000000015	5.19499999999971	17.4840000000004	0	0
18.6999999999989	13.634	17.0619999999999	0	0
36.2940000000017	23.3340000000007	38.389000000001	0	0
16.7799999999988	8.34000000000015	18.4500000000007	0	0
15.6849999999995	9.77399999999943	15.4069999999992	0	0
15.5630000000001	9.68100000000049	16.8069999999989	0	0
15.2849999999999	10.2470000000012	17.5060000000012	0	0
27.8870000000006	17.3849999999984	26.4339999999993	0	0
17.8580000000002	13.5830000000005	17.0049999999992	0	0
17.1149999999998	12.7440000000006	16.1460000000006	0	0
15.4699999999993	8.03800000000047	17.0460000000003	0	0
18.9420000000009	14.7820000000011	19.6619999999984	0	0
15.469000000001	8.42900000000009	19.005000000001	0	0
25.0199999999986	11.2270000000008	25.4349999999995	0	0
17.9799999999996	12.1020000000008	19.3669999999984	0	0
14.9189999999999	8.34499999999935	16.9500000000007	0	0
17.8320000000003	12.4830000000002	18.5919999999987	0	0
22.4019999999982	17.8960000000006	19.2899999999991	0	0
20.5519999999997	15.1980000000003	16.0529999999999	0	0
12.8950000000004	2.32999999999993	16.2289999999994	0	0
16.9229999999989	11.6029999999992	19.0889999999999	0	0
16.8100000000013	9.33599999999933	16.851999999999	0	0
12.3069999999971	2.75900000000001	14.5060000000012	0	0
14.9670000000006	6.49300000000039	13.6599999999999	0	0
16.5329999999994	10.9980000000014	16.9879999999994	0	0
13.2789999999986	3.51299999999901	18.7289999999994	0	0
29.1280000000006	20.259	30.1719999999987	0	0
17.7599999999984	12.6759999999995	18.1810000000005	0	0
15.5430000000015	7.76100000000042	17.1900000000005	0	0
15.6959999999999	10.8040000000001	14.1479999999992	0	0
13.3040000000001	2.96599999999853	15.5540000000001	0	0
15.7639999999992	9.85799999999836	16.6409999999996	0	0
12.7930000000015	4.36800000000039	14.2029999999995	0	0
14.0910000000003	8.39500000000044	13.8500000000004	0	0
17.8399999999965	13.241	17.9509999999991	0	0
15.7520000000004	10.9049999999988	16.0600000000013	0	0
17.7890000000007	11.348	16.241	0	0
28.7279999999992	16.8780000000006	27.7759999999998	0	0
10.5210000000006	5.54500000000007	11.0759999999991	0	0
22.3310000000019	22.3560000000016	14.5200000000004	0	0
16.229000000003	11.2429999999986	18.9110000000001	0	0
36.4660000000003	20.6409999999996	35.4429999999993	0	0
20.6409999999996	16.6620000000003	15.251000000002	0	0
21.632999999998	19.6869999999999	18.5299999999988	0	0
15.5049999999974	7.52000000000044	16.494999999999	0	0
13.9620000000032	6.76700000000164	13.25	0	0
39.1239999999998	26.8459999999995	35.1140000000014	0	0
31.2030000000013	26.2909999999993	24.4029999999984	0	0
31.737000000001	21.2800000000007	32.7019999999975	0	0
38.9200000000019	32.7179999999989	33.6219999999994	0	0
14.6640000000007	12.1800000000003	13.8220000000001	0	0
13.8230000000003	6.54000000000087	17.1229999999996	0	0
10.2649999999994	2.18399999999929	11.9310000000005	0	0
13.8889999999992	6.57599999999911	14.4079999999994	0	0
32.8509999999987	20.8549999999996	34.5210000000006	0	0
14.6939999999995	4.98999999999978	18.6689999999981	0	0
35.898000000001	31.5380000000005	32.6739999999991	0	0
22.1850000000013	17.2939999999999	20.1669999999976	0	0
37.0190000000002	32.9009999999998	27.9840000000004	0	0
30.9539999999979	24.7389999999996	29.7009999999973	0	0
28.9950000000026	15.1720000000005	29.005000000001	0	0
13.6460000000006	5.67299999999886	13.6159999999982	0	0
14.2720000000008	4.79199999999946	17.145999999997	0	0
13.0969999999979	5.1820000000007	14.976999999999	0	0
18.4439999999995	13.3050000000003	16.5620000000017	0	0
22.7720000000008	16.6350000000002	18.6100000000006	0	0
16.523000000001	9.46000000000095	16.9019999999982	0	0
28.4959999999992	20.6049999999996	28.0449999999983	0	0
15.8669999999984	11.3029999999999	14.8919999999998	0	0
23.1589999999997	23.6790000000001	19.8319999999985	0	0
15.9799999999996	6.28300000000127	19.0119999999988	0	0
15.3279999999977	7.77299999999923	16.387999999999	0	0
12.7170000000006	7.29999999999927	13.6440000000002	0	0
28.6310000000012	9.50500000000102	32.8250000000007	0	0
14.7760000000017	4.99800000000141	16.3760000000002	0	0
30.7179999999971	19.9400000000005	31.9199999999983	0	0
11.9359999999979	4.10000000000036	12.9529999999977	0	0
15.010000000002	9.71700000000055	12.974000000002	0	0
19.643	18.5299999999988	19.6090000000004	0	0
13.599000000002	5.42399999999907	15.5680000000029	0	0
18.5999999999985	14.4719999999998	18.7570000000014	0	0
19.1260000000002	17.6029999999992	18.4979999999996	0	0
16.6140000000014	11.518	16.1349999999984	0	0
29.8610000000008	18.762999999999	28.2530000000006	0	0
14.4709999999977	11.9740000000002	11.7999999999993	0	0
16.8349999999991	11.1799999999985	16.7299999999996	0	0
21.8260000000009	21.9310000000005	15.7089999999989	0	0
16.4490000000005	12.2919999999995	15.8199999999997	0	0
15.2360000000008	6.66599999999926	17.0120000000024	0	0
33.0120000000024	27.9770000000008	20.1009999999987	0	0
27.8810000000012	20.5599999999995	29.3439999999973	0	0
43.617000000002	32.3420000000006	37.3889999999992	0	0
17.4959999999992	14.273000000001	13.2719999999972	0	0
18.387999999999	15.1610000000001	20.1029999999992	0	0
23.0419999999976	19.0339999999997	18.1369999999988	0	0
35.625	43.1959999999999	22.2829999999994	0	0
25.5260000000017	9.48000000000138	29.4490000000005	0	0
17.8320000000022	14.0290000000005	17.5420000000013	0	0
20.5760000000009	16.7060000000001	19.2299999999996	0	0
15.0400000000009	7.46299999999974	15.851999999999	0	0
14.1990000000005	6.89500000000044	14.0249999999978	0	0
14.7479999999996	6.04799999999886	14.982	0	0
37.2619999999988	24.7929999999997	37.8040000000001	0	0
28.1830000000009	28.9459999999999	20.1380000000026	0	0
43.6670000000013	41.0769999999993	34.6920000000027	0	0
20.2309999999998	14.9660000000003	18.1229999999996	0	0
19.3240000000005	12.75	13.4850000000006	0	0
12.494999999999	4.46099999999933	13.9659999999967	0	0
17.1689999999981	9.95000000000073	17.3940000000002	0	0
26.8640000000014	13.8540000000012	27.0279999999984	0	0
19.9000000000015	16.1090000000004	17.7880000000005	0	0
14.7010000000009	9.15700000000106	11.3280000000013	0	0
15.7569999999978	10.8779999999988	13.4539999999979	0	0
28.7569999999978	20.3389999999999	28.7669999999998	0	0
14.7849999999999	8.73400000000038	14.7669999999998	0	0
16.4850000000006	9.57099999999991	19.530999999999	0	0
17.5770000000011	9.8760000000002	18.3719999999994	0	0
30.232	24.0810000000001	25.6270000000004	0	0
14.9370000000017	8.7549999999992	14.8169999999991	0	0
13.7170000000006	4.51399999999921	16.523000000001	0	0
18.2000000000007	10.2009999999991	16.3690000000024	0	0
18.9290000000001	12.4770000000008	17.9889999999978	0	0
17.4989999999998	13.4570000000003	15.3509999999987	0	0
14.3119999999981	4.6140000000014	16.9269999999997	0	0
47.7459999999992	50.6319999999996	32.3950000000004	0	0
31.494999999999	24.396999999999	29.2870000000003	0	0
15.8209999999999	10.0819999999985	16.0760000000009	0	0
17.7920000000013	13.6419999999998	16.4729999999981	0	0
16.2779999999984	12.6180000000004	16.025999999998	0	0
17.9850000000006	11.625	17.849000000002	0	0
27.5400000000009	16.1720000000005	26.7270000000026	0	0
14.5989999999983	4.77599999999984	19.599000000002	0	0
14.0360000000001	6.05999999999949	15.3389999999999	0	0
16.3840000000018	12.1569999999992	15.5959999999977	0	0
23.2849999999999	22.8180000000011	19.6759999999995	0	0
14.7930000000015	9.28399999999965	14.9470000000001	0	0
12.982	3.55400000000009	16.3790000000008	0	0
12.6389999999992	3.08100000000013	14.2699999999968	0	0
36.2349999999969	35.353000000001	26.7030000000013	0	0
18.0169999999998	13.2639999999992	16.1899999999987	0	0
17.038999999997	11.1790000000001	15.5589999999975	0	0
15.8590000000004	7.89700000000084	17.3090000000011	0	0
17.780999999999	11.2970000000005	19.7050000000017	0	0
13.3660000000018	5.09000000000015	14.0250000000015	0	0
16.8989999999976	11.7150000000001	17.9039999999986	0	0
14.5720000000001	6.57300000000032	16.3140000000021	0	0
18.1009999999987	11.9680000000008	15.9679999999971	0	0
17.4490000000005	11.3909999999996	18.4750000000022	0	0
28.3209999999999	28.853000000001	20.1830000000009	0	0
17.2010000000009	13.7600000000002	11.393	0	0
18.104000000003	9.02700000000004	19.0810000000019	0	0
39.877999999997	30.3809999999994	29.773000000001	0	0
18.5689999999995	17.6860000000015	20.4900000000016	0	0
15.9670000000006	10.4410000000007	13.7520000000004	0	0
15.6049999999996	8.88899999999921	17.2589999999982	0	0
18.7100000000028	17.3109999999997	16.7179999999971	0	0
16.9600000000028	12.6419999999998	16.719000000001	0	0
15.7870000000003	8.4950000000008	14.3729999999996	0	0
13.6800000000003	6.9989999999998	11.7119999999995	0	0
17.3009999999995	10.6409999999996	12.155999999999	0	0
11.8050000000003	3.0630000000001	13.7139999999999	0	0
18.1499999999978	11.8999999999996	17.5390000000007	0	0
24.3430000000008	18.1080000000002	21.9480000000003	0	0
36.6990000000005	36.1369999999988	33.8640000000014	0	0
31.1890000000021	30.6869999999999	21.3029999999999	0	0
32.0450000000019	21.2479999999996	30.2989999999991	0	0
20.6310000000012	17.5040000000008	18.367000000002	0	0
18.8070000000007	13.759	15.8499999999985	0	0
17.0529999999999	9.25200000000041	15.7390000000014	0	0
17.6729999999989	14.2489999999998	11.8860000000022	0	0
15.8700000000026	10.8130000000001	14.4069999999992	0	0
14.6440000000002	12.348	11.0119999999988	0	0
16.9310000000005	13.362000000001	14.9489999999969	0	0
14.9759999999987	7.60299999999916	16.6090000000004	0	0
35.9079999999994	27.8299999999999	31.5910000000003	0	0
38.3600000000006	35.0809999999983	22.9020000000019	0	0
13.5689999999995	5.0570000000007	14.4779999999992	0	0
17.7430000000022	9.62699999999859	19.0619999999981	0	0
23.3719999999994	10.7780000000002	29.6029999999992	0	0
24.8149999999987	12.6170000000002	23.760000000002	0	0
16.4449999999997	7.19200000000092	17.6920000000027	0	0
15.3789999999972	8.72999999999956	14.9290000000001	0	0
65.9759999999987	60.5429999999997	49.2390000000014	0	0
13.7210000000014	6.09700000000157	14.5049999999974	0	0
14.4910000000018	8.10000000000036	16.8120000000017	0	0
24.9040000000023	17.2919999999995	26.4759999999987	0	0
19.7909999999974	19.6650000000009	14.1520000000019	0	0
18.0450000000019	11.9160000000011	18.9609999999993	0	0
19.7829999999994	16.7910000000011	14.1520000000019	0	0
15.8810000000012	8.11499999999796	16.9799999999996	0	0
16.3590000000004	8.33199999999852	14.1110000000008	0	0
14.7919999999976	7.52300000000105	15.8099999999977	0	0
48.982	43.0059999999976	42.7429999999986	0	0
22.5	21.1009999999987	18.869999999999	0	0
34.364999999998	19.7069999999985	31.9549999999981	0	0
18.4979999999996	14.6589999999997	20.375	0	0
20.8889999999992	19.2159999999967	15.8849999999984	0	0
14.3450000000012	5.21700000000055	14.7380000000012	0	0
33.6059999999998	27.9880000000012	32.6640000000007	0	0
30.492000000002	22.1490000000013	25.992000000002	0	0
14.5600000000013	8.98700000000099	14.1830000000009	0	0
27.1330000000016	30.4330000000009	15.8590000000004	0	0
18.5620000000017	15.6870000000017	13.6949999999997	0	0
17.5450000000019	12.3070000000007	13.0699999999997	0	0
29.5790000000015	18.0819999999985	25.5299999999988	0	0
13.898000000001	7.1239999999998	12.3880000000026	0	0
15.8249999999971	10.8899999999994	13.2040000000015	0	0
10.8659999999982	5.02900000000227	11.1450000000004	0	0
37.9270000000033	24.1389999999992	35.8770000000004	0	0
35.9500000000007	24.7099999999991	33.3279999999977	0	0
16.5090000000018	10.7589999999982	17.3529999999992	0	0
14.9179999999978	6.99599999999919	14.1929999999993	0	0
15.8600000000006	7.83199999999852	17.2830000000031	0	0
16.25	11.4459999999999	15.9710000000014	0	0
19.9639999999999	20.512999999999	13.1330000000016	0	0
18.1549999999988	16.2200000000012	14.619999999999	0	0
17.5839999999989	17.0400000000009	13.8010000000031	0	0
16.5410000000011	8.99599999999919	18.0290000000023	0	0
41.7050000000017	38.9670000000006	27.9140000000007	0	0
21.155999999999	21.2119999999995	13.0649999999987	0	0
14.5989999999983	10.6620000000003	14.0279999999984	0	0
42.7829999999994	34.6869999999981	40.4389999999985	0	0
28.4749999999985	11.1239999999998	29.2589999999982	0	0
13.7340000000004	6.22100000000137	18.2690000000002	0	0
15.3849999999984	8.12099999999919	17.9729999999981	0	0
17.0410000000011	15.8919999999998	11.7179999999971	0	0
13.6190000000024	7.21200000000317	13.7070000000022	0	0
17.4459999999999	12.4799999999996	13.0420000000013	0	0
14.482	11.9369999999981	13.2109999999993	0	0
31.7979999999989	17.5809999999983	30.8250000000007	0	0
14.4750000000022	8.40500000000247	15.6699999999983	0	0
36.1349999999984	24.2639999999992	32.9270000000033	0	0
15.1319999999978	8.34200000000055	16.8510000000024	0	0
21.0739999999969	15.9090000000033	17.1970000000001	0	0
19.7479999999996	13.3640000000014	17.6579999999994	0	0
28.5859999999993	21.8919999999998	24.8539999999994	0	0
15.0460000000021	7.46800000000076	14.6750000000029	0	0
12.8529999999992	4.45500000000175	13.7740000000013	0	0
10.9330000000009	3.31899999999951	10.4259999999995	0	0
11.1620000000003	4.66100000000006	10.4959999999992	0	0
26.2089999999989	11.510000000002	23.0430000000015	0	0
15.5499999999993	9.69900000000052	18.5460000000021	0	0
19.1119999999974	16.4910000000018	17.6670000000013	0	0
22.7599999999984	13.4380000000019	20.0459999999985	0	0
13.1909999999989	8.98399999999674	11.4140000000007	0	0
20.8820000000014	23.9130000000005	14.5040000000008	0	0
25.4069999999992	16.7900000000009	21.0730000000003	0	0
18.9449999999997	17.857	14.2279999999992	0	0
18.5249999999978	18.273000000001	12.747000000003	0	0
14.5499999999993	11.4249999999993	12.8150000000023	0	0
20.7360000000008	22.1260000000002	12.992000000002	0	0
25.4439999999995	11.6749999999993	24.7890000000007	0	0
13.7900000000009	7.44100000000253	11.9500000000007	0	0
11.5750000000007	5.61800000000221	11.5159999999996	0	0
23.9590000000026	13.2829999999994	22.1690000000017	0	0
17.0040000000008	11.747000000003	17.1579999999994	0	0
20.2050000000017	20.3339999999989	12.7030000000013	0	0
14.4680000000008	6.46299999999974	15.1790000000001	0	0
29.75	16.987000000001	27.5449999999983	0	0
13.2790000000023	6.88099999999758	11.6419999999998	0	0
29.637999999999	27.2379999999976	24.4110000000001	0	0
16.9029999999984	11.8919999999998	13.1790000000001	0	0
19.4479999999967	17.3659999999982	15.6760000000031	0	0
14.4869999999974	8.60800000000017	13.1090000000004	0	0
21.768	15.375	20.0450000000019	0	0
11.9860000000008	3.15799999999945	12.5120000000024	0	0
18.114999999998	15.224000000002	17.9210000000021	0	0
14.7419999999984	7.92699999999968	16.4419999999991	0	0
18.9589999999989	14.1100000000006	15.9480000000003	0	0
17.1369999999988	12.4410000000025	13.9170000000013	0	0
15.6470000000008	7.99200000000201	14.0450000000019	0	0
17.6289999999972	10.8549999999996	17.7900000000009	0	0
18.0580000000009	10.4049999999988	17.4950000000026	0	0
25.6260000000002	28.6520000000019	16.6020000000026	0	0
23.4120000000003	13.137999999999	22.461000000003	0	0
19.7789999999986	14.2770000000019	18.7299999999996	0	0
12.0789999999979	6.35799999999654	11.5200000000004	0	0
14.8780000000006	7.89700000000084	16.594000000001	0	0
15.8090000000011	6.48799999999756	16.2170000000006	0	0
15.244999999999	7.25600000000122	17.0159999999996	0	0
18.2090000000026	14.0390000000007	18.7119999999995	0	0
13.268	2.30900000000111	16.3400000000001	0	0
18.7740000000013	10.1770000000033	18.6229999999996	0	0
27.6340000000018	14.5410000000011	28.0560000000005	0	0
25.7410000000018	29.8719999999994	16.0430000000015	0	0
18.2020000000011	18.898000000001	14.7080000000024	0	0
11.1369999999988	3.87999999999738	10.5900000000001	0	0
11.6499999999978	5.17299999999886	13.2669999999998	0	0
16.8840000000018	11.5429999999978	13.0799999999981	0	0
26.5800000000017	13.5010000000002	26.0560000000005	0	0
16.5069999999978	10.4269999999997	13.5849999999991	0	0
11.7250000000022	5.57500000000073	11.0010000000002	0	0
10.4540000000015	2.70899999999892	10.2780000000021	0	0
15.5300000000025	13.0739999999969	14.1320000000014	0	0
13.5010000000002	9.50799999999799	12.2570000000014	0	0
43.0119999999988	36.2089999999989	31.1570000000029	0	0
21.5020000000004	21.4979999999996	13.1189999999988	0	0
17.7289999999994	12.6530000000021	13.3300000000017	0	0
17.2959999999985	12.3709999999992	17.2790000000023	0	0
12.9520000000011	6.42299999999886	13.8449999999975	0	0
27.0200000000004	12.3099999999977	25.4619999999995	0	0
15.0839999999989	11.742000000002	12.7260000000024	0	0
12.4530000000013	7.32200000000012	12.9650000000001	0	0
18.2720000000008	13.6620000000003	13.7940000000017	0	0
40.9269999999997	33.0310000000027	37.6850000000013	0	0
16.9510000000009	10.5	15.010000000002	0	0
27.7070000000022	16.4779999999992	28.742000000002	0	0
16.4079999999994	9.18599999999788	16.5909999999967	0	0
30.655999999999	23.3279999999977	27.3600000000006	0	0
13.5210000000006	5.88099999999758	16.0960000000014	0	0
17.5610000000015	12.3769999999968	15.9380000000019	0	0
12.9809999999998	4.16600000000108	14.2749999999978	0	0
13.7559999999976	5.58599999999933	16.4789999999994	0	0
35.5550000000003	19.9020000000019	32.5550000000003	0	0
17.5479999999989	12.6309999999976	15.7770000000019	0	0
19.1310000000012	14.7510000000002	17.7479999999996	0	0
15.3359999999993	7.98300000000017	19.8770000000004	0	0
17.5430000000015	11.0379999999968	17.1150000000016	0	0
15.994999999999	8.5669999999991	15.375	0	0
14.5650000000023	4.55299999999988	15.9019999999982	0	0
17.607	12.9639999999999	17.5270000000019	0	0
44.0969999999979	42.9320000000007	34.6680000000015	0	0
17.5779999999977	9.64000000000306	15.1080000000002	0	0
19.0879999999997	12.7839999999997	18.4040000000023	0	0
14.7620000000024	5.18899999999849	17.7520000000004	0	0
30.1360000000022	18.1569999999992	29.3840000000018	0	0
20.4470000000001	14.9599999999991	20.6159999999982	0	0
42.005000000001	30.8650000000016	38.2260000000024	0	0
33.5879999999997	24.0119999999988	31.7880000000005	0	0
16.4959999999992	9.92400000000271	14.2390000000014	0	0
13.2710000000006	5.52300000000105	16.9279999999999	0	0
24.4429999999993	10.6959999999999	27.9759999999987	0	0
15.3389999999999	7.35900000000038	16.8989999999976	0	0
21.9809999999998	18.4670000000006	19.8329999999987	0	0
19.0449999999983	15.976999999999	20.1140000000014	0	0
15.2219999999979	8.16800000000148	15.0420000000013	0	0
32.3659999999982	26.494999999999	28.0339999999997	0	0
22.3080000000009	7.50200000000041	27.0669999999991	0	0
20.7029999999977	18.5730000000003	15.0479999999989	0	0
20.0020000000004	16.7469999999994	18.8209999999999	0	0
18.2849999999999	13.0540000000001	17.5489999999991	0	0
29.7000000000007	16.1759999999995	32.1759999999995	0	0
16.0030000000006	10.9709999999977	15.0620000000017	0	0
19.367000000002	15.1229999999996	17.4809999999998	0	0
26.1200000000026	14.3600000000006	31.2690000000002	0	0
14.6049999999996	7.41899999999805	16.2109999999993	0	0
17.3680000000022	10.8079999999973	19.8509999999987	0	0
22.3629999999976	18.2880000000005	20.5949999999975	0	0
21.0809999999983	20.3230000000003	19.6150000000016	0	0
15.3330000000024	8.70799999999872	17	0	0
32.6800000000003	24.648000000001	28.5269999999982	0	0
15.5200000000004	9.77899999999863	17.9079999999994	0	0
14.0900000000001	3.82200000000012	18.523000000001	0	0
15.1440000000002	8.73699999999735	16.4700000000012	0	0
12.5420000000013	3.60800000000017	16.2940000000017	0	0
16.9120000000003	9.2609999999986	16.7590000000018	0	0
38.007999999998	34.0709999999999	34.4330000000009	0	0
51.3640000000014	54.3460000000014	39.8009999999995	0	0
16.4439999999995	8.94800000000032	18.1739999999991	0	0
18.7700000000004	12.5939999999973	17.4749999999985	0	0
18.8460000000014	12.0270000000019	17.9549999999981	0	0
47.6209999999992	32.7400000000016	50.1180000000022	0	0
17.9340000000011	15.8960000000006	16.7520000000004	0	0
20.4359999999979	15.5159999999996	18.119999999999	0	0
24.1849999999977	23.9209999999985	17.5210000000006	0	0
17.4300000000003	12.9239999999991	16.3410000000003	0	0
14.5960000000014	8.59799999999814	16.8650000000016	0	0
13.0420000000013	6.71699999999691	16.7690000000002	0	0
25.655999999999	10.5060000000012	28.5330000000031	0	0
15.9030000000021	7.85900000000038	17.2659999999996	0	0
26.2180000000008	25.8220000000001	18.4010000000017	0	0
21.4789999999994	20.0790000000015	17.4470000000001	0	0
23.9439999999995	22.2409999999982	19.5070000000014	0	0
22.1360000000022	21.3009999999995	17.5760000000009	0	0
20.8969999999972	17.5349999999999	17.5420000000013	0	0
16.255000000001	7.18899999999849	17.6759999999995	0	0
12.8340000000026	3.43899999999849	16.1520000000019	0	0
36.2380000000012	33.9830000000002	32.0920000000006	0	0
28.8220000000001	19.2479999999996	28.2099999999991	0	0
15.5639999999985	7.96900000000096	16.3669999999984	0	0
18.9539999999979	14.9830000000002	15.5570000000007	0	0
18.510000000002	11.512999999999	15.8119999999981	0	0
13.1519999999982	5.09900000000198	13.7999999999993	0	0
38.6820000000007	30.742000000002	37.2860000000001	0	0
15.9680000000008	11.0810000000019	16.5950000000012	0	0
13.7749999999978	5.91799999999785	14.0599999999977	0	0
21.8100000000013	19.0239999999976	18.8889999999992	0	0
15.1190000000024	9.24300000000221	16.7459999999992	0	0
13.8580000000002	7.7609999999986	14.6610000000001	0	0
13.6790000000001	4.66300000000047	17.0640000000021	0	0
15.612000000001	7.82300000000032	17.3979999999974	0	0
18.2430000000022	11.0499999999993	17.262999999999	0	0
19.7280000000028	13.0060000000012	17.7720000000008	0	0
16.1820000000007	10.4300000000003	15.4419999999991	0	0
13.856000000007	6.02200000000084	14.4480000000003	0	0
15.5190000000002	6.85199999999895	15.762999999999	0	0
18.4130000000005	13.8130000000019	16.8290000000015	0	0
17.7190000000046	13.5930000000008	15.4099999999999	0	0
20.9530000000013	16.7000000000007	17.9720000000016	0	0
17.6650000000009	12.3329999999987	18.5799999999981	0	0
31.252999999997	32.8259999999973	19.0480000000025	0	0
19.073000000004	15.8100000000013	16.0540000000001	0	0
15.2309999999998	9.68899999999849	15.9449999999997	0	0
14.3070000000007	7.01300000000265	15.4050000000025	0	0
18.8150000000023	16.3970000000008	14.4029999999984	0	0
24.1410000000033	23.6330000000016	20.9629999999997	0	0
14.2359999999971	4.30600000000049	16.905999999999	0	0
16.1840000000011	9.50900000000183	15.4719999999979	0	0
16.5019999999931	9.8760000000002	14.1820000000007	0	0
40.9409999999989	34.1160000000018	34.8650000000016	0	0
15.502999999997	7.37800000000061	15.0060000000012	0	0
18.8259999999937	13.1520000000019	17.2980000000025	0	0
15.0789999999979	7.3650000000016	12.9809999999998	0	0
54.9379999999946	36.8189999999995	51.6029999999992	0	0
10.2790000000023	3.29999999999927	10.7819999999992	0	0
13.7319999999963	5.0570000000007	14.7690000000002	0	0
22.945000000007	23.6779999999999	20.6759999999995	0	0
35.8450000000012	25.3780000000006	32.739999999998	0	0
16.1659999999974	9.31100000000151	16.7000000000007	0	0
19.9510000000009	14.2829999999994	16.8610000000008	0	0
17.3729999999996	14.5010000000002	17.3400000000001	0	0
15.4159999999974	6.26199999999881	17.469000000001	0	0
13.6829999999973	8.02899999999863	12.0279999999984	0	0
15.6789999999964	7.63799999999901	16.7639999999992	0	0
15.1310000000012	8.89900000000125	17.2860000000001	0	0
13.8459999999977	2.97899999999936	17.0800000000017	0	0
13.5299999999988	4.14400000000023	16.655999999999	0	0
34.5080000000016	32.5819999999985	27.4350000000013	0	0
20.6670000000013	17.0570000000007	16.880000000001	0	0
15.8300000000017	10.4989999999998	16.4890000000014	0	0
13.6270000000004	5.46900000000096	14.3080000000009	0	0
12.7520000000004	3.14999999999782	15.4330000000009	0	0
14.2380000000048	5.74399999999878	16.523000000001	0	0
13.273000000001	4.24199999999837	15.0399999999972	0	0
26.5220000000045	18.1959999999999	21.7030000000013	0	0
26.3650000000052	13.4660000000003	29.6900000000023	0	0
17.6510000000053	8.70300000000134	18.523000000001	0	0
26.8919999999998	17.9959999999992	27.9799999999959	0	0
17.7649999999994	11.0420000000013	19.0540000000037	0	0
16.2079999999987	8.65600000000268	15.2300000000032	0	0
30.4190000000017	33.0140000000029	19.586000000003	0	0
41.1440000000002	39.8470000000016	28.8170000000027	0	0
18.765999999996	14.7380000000012	20.2609999999986	0	0
13.2130000000034	3.67599999999948	14.4239999999991	0	0
33.5740000000005	22.3099999999977	35.6419999999998	0	0
37.5429999999978	29.2309999999998	34.7419999999984	0	0
15.101999999999	10.9069999999992	13.2010000000009	0	0
35.5600000000049	22.8919999999998	35.5319999999992	0	0
16.028999999995	9.54499999999825	17.3179999999993	0	0
32.2249999999985	22.3760000000002	28.9599999999991	0	0
31.2069999999949	38.1190000000024	18.8790000000008	0	0
30.8629999999976	24.4490000000005	23.8969999999972	0	0
15.6030000000028	8.3070000000007	15.8510000000024	0	0
13.1020000000062	7.5580000000009	14.926999999996	0	0
15.1930000000066	7.84600000000137	14.8729999999996	0	0
37.9959999999992	28.5119999999988	38.3249999999971	0	0
19.9300000000003	15.2010000000009	17.2089999999953	0	0
27.5619999999981	31.5820000000022	17.512999999999	0	0
36.2869999999966	47.5550000000003	18.4279999999999	0	0
15.6069999999963	12.9300000000003	9.7870000000039	0	0
14.6739999999991	6.51299999999901	14.4730000000054	0	0
11.3940000000002	7.89100000000326	9.35599999999977	0	0
16.6840000000011	13.9930000000022	10.9519999999975	0	0
28.8550000000032	16.0930000000008	24.9040000000023	0	0
17.0979999999981	14.1270000000004	11.226999999999	0	0
12.4070000000065	7.14300000000003	8.69700000000012	0	0
12.8430000000008	6.40300000000207	14.6110000000044	0	0
31.4349999999977	24.4110000000001	22.9230000000025	0	0
17.278999999995	12.7209999999977	13.9859999999971	0	0
10.4069999999992	6.94900000000052	8.91100000000006	0	0
18.2360000000044	11.9759999999987	16.5009999999966	0	0
14.8770000000004	6.07299999999668	12.8309999999983	0	0
9.30200000000332	3.68899999999849	8.5	0	0
12.8290000000052	7.28800000000047	8.97400000000198	0	0
29.3470000000016	20.9979999999996	23.7230000000054	0	0
12.4049999999988	6.86199999999735	9.73999999999796	0	0
10.7289999999994	3.38199999999779	8.92899999999645	0	0
13.9599999999991	5.01699999999983	13.4459999999963	0	0
9.58699999999953	2.8859999999986	7.82799999999406	0	0
18.9180000000051	14.8149999999987	13.9639999999999	0	0
29.9859999999971	25.4150000000009	16.6899999999951	0	0
11.0469999999987	4.11699999999837	8.57099999999627	0	0
13.7259999999951	7.52400000000125	11.6540000000023	0	0
16.8660000000018	13.7619999999988	11.7199999999939	0	0
11.7160000000003	6.03700000000026	8.56599999999889	0	0
15.9279999999999	11.6840000000011	9.96300000000338	0	0
17.8380000000034	14.0630000000019	9.99200000000565	0	0
14.913999999997	5.28700000000026	16.5930000000008	0	0
23.8309999999983	11.7459999999992	22.8190000000031	0	0
12.7839999999997	8.00600000000122	10.5970000000016	0	0
41.0869999999995	23.4539999999979	32.1110000000044	0	0
11.8859999999986	5.32500000000073	8.85800000000017	0	0
13.523000000001	7.46800000000076	10.3450000000012	0	0
13.2330000000002	7.13300000000163	11.6749999999956	0	0
12.3509999999951	8.64800000000105	8.44000000000233	0	0
17.5740000000005	10.3559999999998	12.724000000002	0	0
12.2869999999966	7.02399999999761	8.50299999999697	0	0
9.32099999999627	2.78399999999965	8.21100000000297	0	0
14.3810000000012	8.35800000000017	12.0930000000008	0	0
39.7750000000015	28.6229999999996	30.625	0	0
16.4289999999964	11.6549999999988	12.9989999999962	0	0
18.0969999999943	12.1539999999986	13.622000000003	0	0
14.2739999999976	6.63899999999921	11.6369999999952	0	0
28.9440000000031	20.0690000000031	22.2640000000029	0	0
13.3479999999981	6.94800000000032	9.65500000000611	0	0
11.7779999999984	7.24399999999878	9.37999999999738	0	0
11.5180000000037	6.12099999999919	8.31399999999849	0	0
14.4399999999951	9.81399999999849	8.97999999999593	0	0
12.6859999999942	6.78299999999945	9.61999999999534	0	0
11.778999999995	5.5109999999986	8.02499999999418	0	0
13.7209999999977	8.23199999999997	9.27400000000489	0	0
11.8500000000058	5.34399999999732	8.84100000000035	0	0
12.6410000000033	6.72799999999916	8.71399999999994	0	0
9.3070000000007	2.83199999999852	7.89800000000105	0	0
10.8969999999972	4.03700000000026	8.84500000000116	0	0
11.1290000000008	5.50400000000081	9.84700000000157	0	0
27.4130000000005	13.7419999999984	19.3580000000002	0	0
12.0439999999944	7.32200000000012	9.04900000000634	0	0
12.0650000000023	8.04299999999785	8.95700000000215	0	0
17.385000000002	12.3439999999973	14.5380000000005	0	0
11.8220000000001	5.57099999999991	10.1309999999939	0	0
13.9789999999994	7.15700000000288	13.2190000000046	0	0
14.1129999999976	6.44700000000012	12.3369999999995	0	0
16.0620000000054	11.1739999999991	13.3140000000058	0	0
14.5439999999944	7.97099999999773	13.1089999999967	0	0
18.9389999999985	13.8940000000002	14.038999999997	0	0
26.8940000000002	18.0299999999988	19.6779999999999	0	0
16.8450000000012	11.3630000000012	13.6829999999973	0	0
15.288999999997	9.0769999999975	12.5460000000021	0	0
32.8419999999969	21.0289999999986	25.7419999999984	0	0
16.0590000000011	8.79499999999825	15.724000000002	0	0
18.3040000000037	10.625	15.1770000000033	0	0
15.0009999999966	6.16500000000087	13.1520000000019	0	0
12.875	5.97799999999916	10.6200000000026	0	0
14.8530000000028	10.5	11.8810000000012	0	0
12.5839999999953	4.70699999999852	12.7400000000052	0	0
15.0710000000036	7.50200000000041	11.4290000000037	0	0
28.1160000000018	22.1980000000003	22.9179999999978	0	0
12.2979999999952	3.97799999999916	12.1949999999997	0	0
24.6730000000025	14.4410000000025	20.0339999999997	0	0
11.4419999999955	5.16100000000006	9.95300000000134	0	0
14.010000000002	4.60800000000017	12.7619999999952	0	0
12.7339999999967	5.25700000000143	11.3410000000003	0	0
11.4490000000005	5.55600000000049	9.19099999999889	0	0
13.3359999999957	5.89800000000105	11.1720000000059	0	0
12.5949999999939	6.08099999999831	10.0930000000008	0	0
11.8770000000004	5.15899999999965	9.46399999999994	0	0
14.3409999999931	6.76100000000224	11.5590000000011	0	0
29.2169999999969	21.5829999999987	18.5400000000009	0	0
10.7050000000017	2.92699999999968	9.88300000000163	0	0
12.8389999999999	5.99399999999878	9.45500000000175	0	0
13.6320000000051	6.32599999999729	11.1189999999988	0	0
13.5740000000005	5.20400000000154	10.8989999999976	0	0
29.5789999999979	20.3760000000002	20.1809999999969	0	0
13.3899999999994	5.76699999999983	12.0399999999936	0	0
13.4700000000012	3.22599999999875	11.7309999999998	0	0
12.3039999999964	5.45200000000114	9.50900000000547	0	0
14.1630000000005	6.72999999999956	12.4499999999971	0	0
29.9000000000015	21.268	25.4389999999985	0	0
16.387999999999	12.0099999999984	14.7069999999949	0	0
18.7669999999998	15.8040000000001	14.6449999999968	0	0
29.025999999998	17.9230000000025	24.0190000000002	0	0
11.0709999999963	4.30599999999686	10.9179999999978	0	0
10.4160000000047	4.28199999999924	9.32100000000355	0	0
12.7769999999946	7.11900000000242	12.0180000000037	0	0
31.9040000000023	31.4579999999987	19.5599999999977	0	0
26.4669999999969	21.0440000000017	17.502999999997	0	0
12.25	5.36699999999837	10.0550000000003	0	0
14.6429999999964	10.7489999999998	11.9250000000029	0	0
10.4850000000006	5.64699999999721	8.04499999999825	0	0
16.6400000000067	13.1909999999989	11.635000000002	0	0
9.67899999999645	3.6720000000023	8.00499999999738	0	0
10.1990000000005	4.01299999999901	9.64800000000105	0	0
11.948000000004	5.8650000000016	9.87700000000041	0	0
21.0469999999987	13.9500000000007	16.5910000000003	0	0
9.78399999999965	5.03100000000268	9.66700000000128	0	0
12.2989999999991	7.97399999999834	10.2390000000014	0	0
26.9709999999977	23.0820000000022	19.5849999999991	0	0
13.8510000000024	7.26699999999983	10.3029999999999	0	0
15.7920000000013	13.6800000000003	9.51599999999598	0	0
10.474000000002	4.60300000000279	10	0	0
13.1280000000042	8.26399999999921	10.8329999999987	0	0
24.6890000000058	15.5780000000013	20.7719999999972	0	0
10.6049999999959	6.47000000000116	8.46300000000338	0	0
12.8099999999977	7.16800000000148	10.7200000000012	0	0
13.0889999999999	8.41300000000047	10.4340000000011	0	0
28.3479999999981	18.0169999999998	22.976999999999	0	0
16.5760000000009	15.612000000001	11.2169999999969	0	0
26.390999999996	17.0690000000031	19.349000000002	0	0
14.3440000000046	9.13999999999942	9.5679999999993	0	0
12.6640000000043	9.58000000000175	8.27399999999761	0	0
10.525999999998	4.17599999999948	9.00400000000081	0	0
33.359000000004	12.482	29.5810000000056	0	0
32.5300000000061	13.7200000000012	26.8249999999971	0	0
18.5699999999997	9.78499999999985	15.2139999999999	0	0
10.7200000000012	3.14900000000125	10.6050000000032	0	0
10.4800000000032	6.28299999999945	8.76499999999942	0	0
20.4490000000005	13.6080000000002	15.9629999999961	0	0
10.0310000000027	4.48400000000038	9.35599999999977	0	0
10.6549999999988	3.72699999999895	9.64299999999639	0	0
18.3369999999995	9.52399999999761	15.5380000000005	0	0
17.2339999999967	9.14600000000064	14.2699999999968	0	0
10.2259999999951	2.75500000000102	9.16100000000006	0	0
20.3729999999996	11.1589999999997	15.1259999999966	0	0
8.53399999999965	3.1929999999993	6.93099999999686	0	0
9.2609999999986	4.47999999999956	7.70599999999831	0	0
9.44799999999668	4.64900000000125	7.38700000000244	0	0
9.20100000000093	4.74199999999837	7.69800000000396	0	0
9.03799999999319	4.21800000000076	7.19400000000314	0	0
8.96300000000338	4.39700000000084	6.92699999999604	0	0
8.65799999999581	2.47699999999895	7.27799999999843	0	0
8.31499999999505	3.12099999999919	6.97600000000239	0	0
15.7880000000005	8.32099999999991	12.4879999999976	0	0
26.0050000000047	15.2239999999983	18.7669999999998	0	0
11.3799999999974	3.7970000000023	10.0989999999947	0	0
15.0919999999969	7.42900000000009	12.0360000000001	0	0
17.6880000000019	8.03200000000288	14.4279999999999	0	0
18.0849999999991	9.08499999999913	14.4499999999971	0	0
18.6659999999974	8.5	15.3470000000016	0	0
8.33600000000297	3.00300000000061	7.28199999999924	0	0
7.72700000000623	1.89699999999721	7.22599999999511	0	0
9.14299999999639	3.03499999999985	7.86200000000099	0	0
9.37900000000081	3.6349999999984	8.1710000000021	0	0
8.67699999999604	3.8739999999998	7.17599999999948	0	0
9.11899999999878	4.58799999999974	7.1449999999968	0	0
9.96700000000419	4.26900000000023	8.07399999999325	0	0
11.1270000000004	5.18699999999808	8.75100000000384	0	0
9.87399999999616	3.30900000000111	8.93000000000029	0	0
9.50500000000466	4.50600000000122	7.81599999999889	0	0
21.6730000000025	12.6130000000012	15.4040000000023	0	0
20.0529999999999	9.44900000000052	15.3610000000044	0	0
21.7819999999992	14.7309999999998	14.3419999999969	0	0
10.7220000000016	6.24299999999857	7.93000000000029	0	0
8.17500000000291	1.56099999999788	7.41000000000349	0	0
9.88100000000122	6.04200000000128	7.41000000000349	0	0
9.78899999999703	3.04100000000108	8.42199999999866	0	0
9.7609999999986	5.30900000000111	7.89600000000064	0	0
8.66300000000047	3.68500000000131	7.42699999999604	0	0
18.9320000000007	7.37700000000041	16.6260000000038	0	0
7.9429999999993	2.47099999999773	7.0679999999993	0	0
16.1160000000018	8.604000000003	13.0420000000013	0	0
9.59100000000035	5.45800000000236	7.89800000000105	0	0
10.6789999999964	6.82200000000012	7.37900000000081	0	0
8.66000000000349	2.89199999999983	6.27100000000064	0	0
17.614999999998	6.90999999999985	12.5609999999942	0	0
11.471000000005	7.52999999999884	7.35399999999936	0	0
14.385000000002	6.02799999999843	10.8880000000063	0	0
8.62900000000081	3.01900000000023	7.00800000000163	0	0
8.40000000000146	4.38299999999799	6.5989999999947	0	0
7.88900000000285	2.33299999999872	6.23300000000017	0	0
9.1339999999982	2.88200000000143	7.68100000000413	0	0
7.77200000000448	2.28700000000026	6.70300000000134	0	0
8.16999999999825	2.79300000000148	6.23700000000099	0	0
8.67699999999604	2.91699999999764	6.19700000000012	0	0
11.9700000000012	5.5	8.93299999999726	0	0
