37.307	27.69	37.96	0	0
14.109	7.232	14.196	0	0
23.394	13.303	23.263	0	0
33.942	28.613	32.189	0	0
27.639	20.696	25.704	0	0
28.709	23.29	29.124	0	0
25.842	18.489	26.574	0	0
15.085	7.09100000000001	15.39	0	0
28.976	12.417	29.08	0	0
53.9280000000001	39.809	53.7190000000001	0	0
34.707	35.463	33.572	0	0
36.548	25.304	37.254	0	0
32.578	19.519	32.434	0	0
40.018	21.242	40.636	0	0
47.154	30.997	46.072	0	0
39.2329999999999	31.9960000000001	36.343	0	0
24.345	11.579	25.942	0	0
47.6659999999999	51.36	44.2349999999999	0	0
29.068	18.313	28.4159999999999	0	0
33.9650000000001	23.1139999999999	32.7269999999999	0	0
30.423	17.5659999999999	28.9489999999998	0	0
34.0900000000001	24.144	34.278	0	0
39.329	35.904	35.671	0	0
37.0819999999999	27.2779999999998	34.5609999999999	0	0
37.3820000000001	14.7809999999999	37.8879999999999	0	0
36.5540000000001	21.396	35.9450000000002	0	0
44.633	45.347	41.2430000000002	0	0
52.173	38.973	52.028	0	0
34.3140000000001	34.0230000000001	31.8400000000001	0	0
26.5260000000001	11.797	25.9550000000002	0	0
32.2920000000001	25.3180000000002	29.5170000000001	0	0
25.6309999999999	16.875	26.3970000000002	0	0
28.665	15.8439999999998	30.9100000000001	0	0
37.0529999999999	33.318	34.9549999999999	0	0
27.1670000000004	18.2530000000002	27.7910000000002	0	0
65.8250000000003	48.395	63.0070000000001	0	0
28.2190000000001	17.115	28.8440000000001	0	0
33.261	21.2450000000001	34.4749999999999	0	0
27.2639999999997	16.6769999999999	25.8879999999999	0	0
32.5749999999998	30.421	29.6189999999997	0	0
30.9700000000003	19.3510000000001	31.221	0	0
39.2860000000001	42.2129999999997	35.5	0	0
34.4700000000003	26.5280000000002	32.4859999999999	0	0
58.3519999999999	22.7150000000001	59.8020000000001	0	0
33.3639999999996	35.819	27.9870000000001	0	0
28.8609999999999	23.8850000000002	28.2060000000001	0	0
36.3310000000001	22.5619999999999	34.8250000000003	0	0
35.5719999999997	37.7710000000002	32.877	0	0
34.0830000000001	37.1640000000002	31.5170000000003	0	0
33.7930000000001	28.3180000000002	33.518	0	0
43.8650000000002	21.241	42.8389999999999	0	0
40.27	42.1089999999999	39.6709999999998	0	0
24.9500000000003	12.0780000000004	25.8600000000001	0	0
16.386	13.1979999999999	15.8699999999999	0	0
44.7330000000002	21.5100000000002	44.5120000000002	0	0
42.0419999999999	38.7979999999998	39.4879999999998	0	0
15.308	9.83399999999983	15.357	0	0
14.873	8.3430000000003	15.7750000000001	0	0
24.9290000000001	12.4109999999996	25.402	0	0
30.7950000000001	20.8600000000001	29.8499999999999	0	0
39.5430000000001	12.9499999999998	39.46	0	0
36.2339999999999	32.915	34.4290000000001	0	0
14.6480000000001	5.77500000000009	14.8910000000001	0	0
27.3739999999998	12.8980000000001	27.2570000000001	0	0
47.627	29.8009999999999	47.71	0	0
14.0649999999996	6.46799999999985	15.163	0	0
45.9489999999996	25.2219999999998	48.02	0	0
45.0540000000001	17.326	45.7610000000004	0	0
14.5030000000006	9.65200000000004	15.1559999999999	0	0
26.4229999999998	22.0140000000001	27.5879999999997	0	0
30.6819999999998	17.761	31.7939999999999	0	0
13.9660000000003	5.20599999999968	14.0079999999998	0	0
44.6580000000004	48.0079999999998	39.4920000000002	0	0
30.0360000000001	18.1170000000002	29.0339999999997	0	0
38.6729999999998	21.4670000000001	40.6580000000004	0	0
29.1459999999997	14.886	28.9740000000002	0	0
40.6839999999993	34.1880000000001	40.7830000000004	0	0
45.2420000000002	42.9250000000002	42.0159999999996	0	0
28.9489999999996	24.1179999999999	28.1360000000004	0	0
30.0600000000004	18.3330000000001	31.1219999999994	0	0
16.7750000000005	15.4579999999996	16.4009999999998	0	0
31.2740000000003	17.9389999999999	32.2039999999997	0	0
28.598	19.931	28.2130000000006	0	0
59.0969999999998	41.0500000000002	58.6099999999997	0	0
26.7299999999996	15.4720000000002	26.7299999999996	0	0
36.4499999999998	28.5329999999999	35.8869999999997	0	0
14.4290000000001	7.36799999999994	14.8000000000002	0	0
44.0140000000001	24.9219999999996	43.2449999999999	0	0
37.2089999999998	36.049	34.6630000000005	0	0
26.8620000000001	20.3320000000003	25.7579999999998	0	0
53.0779999999995	33.7310000000007	52.9980000000005	0	0
15.7249999999995	10.3090000000002	16.7789999999995	0	0
16.6979999999994	12.4440000000004	16.8029999999999	0	0
25.5110000000004	13.8469999999998	25.5379999999996	0	0
34.6099999999997	25.1189999999997	34.1080000000002	0	0
37.5200000000004	14.0880000000006	38.0379999999996	0	0
16.3320000000003	10.2939999999999	15.5660000000007	0	0
27.3959999999997	37.0129999999999	20.4650000000001	0	0
24.2579999999998	10.4489999999996	24.3189999999995	0	0
41.5230000000001	25.8760000000002	41.5159999999996	0	0
40.1509999999998	38.2820000000002	36.5860000000002	0	0
51.6569999999992	23.2670000000007	51.4650000000001	0	0
27.5050000000001	22.5529999999999	27.2430000000004	0	0
28.5690000000004	20.1139999999996	28.5640000000003	0	0
33.9759999999997	24.8890000000001	33.6509999999998	0	0
41.585	42.0229999999992	38.6120000000001	0	0
27.1320000000005	17.3130000000001	27.2370000000001	0	0
25.7569999999996	11.2749999999996	25.3000000000002	0	0
37.1189999999997	31.0599999999995	34.8779999999997	0	0
35.0649999999996	16.7440000000006	35.0219999999999	0	0
35.2020000000002	21.8459999999995	34.1679999999997	0	0
45.9859999999999	46.1910000000007	40.3180000000002	0	0
47.7929999999997	24.2239999999993	46.4450000000006	0	0
25.4100000000008	17.683	24.3740000000007	0	0
41.5439999999999	30.4740000000002	41.7740000000003	0	0
15.0540000000001	7.16700000000037	14.335	0	0
35.7950000000001	25.2300000000005	35.1669999999995	0	0
35.7759999999998	32.3780000000006	35.1790000000001	0	0
35.4169999999995	20.2869999999994	34.4880000000003	0	0
32.9660000000003	24.5540000000001	31.3280000000004	0	0
31.6319999999996	18.6819999999998	30.7909999999993	0	0
28.0729999999994	11.3730000000005	28.4609999999993	0	0
31.4610000000002	30.6040000000003	30.5479999999998	0	0
26.9070000000002	21.4969999999994	26.402	0	0
14.4659999999994	8.77900000000045	14.8330000000005	0	0
16.2719999999999	11.4619999999995	15.4960000000001	0	0
35.5569999999998	16.2470000000003	35.2370000000001	0	0
16.201	15.1050000000005	15.7519999999995	0	0
13.4569999999994	4.63300000000072	14.6689999999999	0	0
40.4769999999999	20.2269999999999	39.9520000000002	0	0
38.6530000000002	45.2379999999994	35.4660000000003	0	0
32.4040000000005	18.8709999999992	32.6790000000001	0	0
33.0799999999999	22.8450000000003	33.4009999999998	0	0
29.335	20.1559999999999	29.5510000000004	0	0
30.9650000000001	15.7259999999997	32.8670000000002	0	0
51.5460000000003	28.4710000000005	53.5279999999993	0	0
30.2560000000012	26.1569999999992	29.7060000000001	0	0
28.1630000000005	22.915	26.5169999999998	0	0
26.2819999999992	13.2120000000004	25.598	0	0
41.0769999999993	33.0629999999992	40.6589999999997	0	0
34.8160000000007	38.3530000000001	33.0950000000012	0	0
16.9220000000005	14.5169999999998	16.1880000000001	0	0
31.5010000000002	22.201	28.6419999999998	0	0
35.2549999999992	20.902	34.3960000000006	0	0
30.6920000000009	26.6289999999999	28.6080000000002	0	0
27.4029999999984	22.3940000000002	26.9970000000012	0	0
42.402	29.8469999999998	42.2350000000006	0	0
23.2849999999999	26.5629999999992	20.741	0	0
28.9389999999985	24.7250000000004	27.9399999999987	0	0
15.396999999999	8.97999999999956	15.1599999999999	0	0
42.9259999999995	25.4379999999992	43.2959999999985	0	0
43.3940000000002	43.2950000000001	37.9610000000011	0	0
32.4620000000014	20.183	32.5920000000006	0	0
37.6370000000006	22.8130000000001	37.0269999999982	0	0
36.8459999999995	27.8299999999999	36.1409999999996	0	0
39.4279999999999	46.8919999999998	36.009	0	0
59.6190000000006	36.3919999999998	61.9799999999996	0	0
26.9050000000007	12.6900000000005	27.4399999999987	0	0
26.7690000000002	24.5479999999998	25.5200000000004	0	0
16.3590000000004	11.8149999999996	17.0329999999994	0	0
13.6659999999993	5.95300000000043	14.1239999999998	0	0
32.4390000000003	12.9359999999997	33.3680000000004	0	0
13.3269999999993	2.70199999999932	13.8600000000006	0	0
33.3990000000013	25.0079999999998	33.8230000000003	0	0
56.0410000000011	43.7029999999995	53.0590000000011	0	0
14.6839999999993	7.44200000000001	14.8889999999992	0	0
47.6470000000008	41.0780000000004	44.5160000000014	0	0
38.2969999999987	23.9960000000001	38.4539999999997	0	0
40.6880000000001	30.2380000000003	38.5599999999995	0	0
35.7440000000006	29.9260000000004	34.152	0	0
46.8860000000004	33.473	47.6129999999994	0	0
20.9369999999999	27.1269999999995	16.8630000000012	0	0
28.4950000000008	22.6570000000002	27.8259999999991	0	0
44.2420000000002	24.1379999999999	44.1440000000002	0	0
33.6680000000015	29.7860000000001	31.9279999999999	0	0
30.4009999999998	13.1610000000001	31.2620000000006	0	0
46.7199999999993	31.7890000000007	45.0519999999997	0	0
47.0820000000003	27.8699999999999	47.7860000000001	0	0
31.1080000000002	23.8949999999986	31.643	0	0
29.9079999999994	13.8289999999997	28.9009999999998	0	0
38.9029999999984	29.4219999999987	39.7389999999996	0	0
39.3590000000004	38.5889999999999	36.012999999999	0	0
45.893	31.8130000000001	43.9750000000004	0	0
25.4459999999999	15.3649999999998	25.3250000000007	0	0
34.6959999999999	28.4160000000011	35.741	0	0
30.7450000000008	21.7189999999991	30.3419999999987	0	0
31.1999999999989	14.2399999999998	32.2099999999991	0	0
31.4889999999996	19.2240000000002	31.6710000000003	0	0
18.1980000000003	21.1979999999985	16.0709999999999	0	0
40.6779999999999	19.3010000000013	40.8059999999987	0	0
31.9880000000012	20.1720000000005	30.4039999999986	0	0
27.1589999999997	22.1369999999988	26.384	0	0
31.9310000000005	27.2620000000006	30.6440000000002	0	0
45.5629999999983	25.0010000000002	44.8990000000013	0	0
18.473	15.6010000000006	17.280999999999	0	0
16.9319999999989	12.9310000000005	16.6880000000001	0	0
14.4669999999987	6.57599999999911	13.3369999999995	0	0
20.3790000000008	21.8149999999987	17.4239999999991	0	0
33.2139999999999	25.6449999999986	33.2990000000009	0	0
25.3670000000002	14.7080000000005	24.5900000000001	0	0
32.3330000000005	11.1959999999999	33.5450000000001	0	0
31.4719999999998	19.994999999999	32.130000000001	0	0
46.4459999999999	38.3000000000011	44.2489999999998	0	0
32.8859999999986	17.518	32.7700000000004	0	0
39.1190000000006	22.0799999999999	38.8719999999994	0	0
42.5429999999997	39.0539999999983	40.393	0	0
41.7729999999992	25.7080000000005	40.4030000000002	0	0
16.6239999999998	9.6770000000015	16.4400000000005	0	0
66.6800000000003	71.8669999999984	59.2880000000005	0	0
29.262999999999	19.8009999999995	29.2129999999997	0	0
24.8070000000007	14.8239999999987	25.6099999999988	0	0
16.5139999999992	11.982	15.4390000000003	0	0
33.7399999999998	18.1700000000001	33.732	0	0
28.0450000000001	21.7340000000004	27.6740000000009	0	0
14.0059999999994	7.67299999999886	14.4589999999989	0	0
28.1640000000007	24.4899999999998	28.2289999999994	0	0
24.4349999999995	16.1359999999986	25.0900000000001	0	0
43.1489999999994	43.3169999999991	39.2039999999997	0	0
23.7969999999987	16.098	23.976999999999	0	0
42.4760000000006	40.2970000000005	37.3130000000001	0	0
25.3610000000008	11.741	24.4539999999997	0	0
15.0080000000016	7.74700000000121	14.3889999999992	0	0
32.5910000000003	23.880000000001	33.3249999999989	0	0
29.9980000000014	20.482	31.2510000000002	0	0
26.8919999999998	13.0229999999992	27.848	0	0
39.125	19.3310000000001	40.387999999999	0	0
37.2240000000002	27.2759999999998	34.5649999999987	0	0
38.0739999999987	39.5010000000002	36.4220000000005	0	0
35.9539999999997	30.598	36.0650000000005	0	0
34.7219999999998	24.3270000000011	33.9160000000011	0	0
25.5259999999998	16.9369999999999	24.0619999999999	0	0
28.857	10.8140000000003	29.5630000000001	0	0
17.889000000001	19.259	18.1499999999996	0	0
38.7549999999992	41.2170000000006	34.9030000000002	0	0
30.6920000000009	18.0110000000004	31.1369999999988	0	0
29.5650000000005	19.9609999999993	30.9149999999991	0	0
25.7880000000005	14.9549999999999	26.348	0	0
29.3449999999993	13.8339999999989	28.7089999999989	0	0
36.0200000000004	31.5640000000003	35.9279999999999	0	0
16.2970000000005	2.63800000000083	16.0950000000012	0	0
28.2989999999991	11.8670000000002	28.655999999999	0	0
26.4470000000001	10.0749999999989	27.1099999999988	0	0
31.8089999999993	21.402	31.1440000000002	0	0
28.2510000000002	25.875	27.3189999999995	0	0
13.9670000000006	9.01900000000023	14.4349999999995	0	0
14.1100000000006	4.45299999999952	14.0559999999987	0	0
25.4680000000008	15.1589999999997	25.3770000000004	0	0
28.2000000000007	18.0580000000009	28.2860000000001	0	0
35.1530000000002	33.9189999999999	34.0010000000002	0	0
25.0249999999996	11.6049999999996	26.6910000000007	0	0
35.9079999999994	39.8140000000003	32.2759999999998	0	0
32.4410000000007	24.3449999999993	31.518	0	0
37.3779999999988	27.851999999999	36.2219999999998	0	0
34.5759999999991	15.8149999999987	33.3889999999992	0	0
26.9330000000009	7.83600000000115	26.7849999999999	0	0
31.6180000000004	17.8050000000003	31.8400000000001	0	0
64.8130000000001	61.2560000000012	62.762999999999	0	0
14.2490000000016	6.83500000000095	14.2309999999998	0	0
39.898000000001	30.6079999999984	38.0599999999995	0	0
14.1710000000003	7.85900000000038	14.6280000000006	0	0
28.8559999999998	11.8099999999995	29.0900000000001	0	0
34.2810000000009	39.7080000000005	28.4470000000001	0	0
28.3000000000011	18.0730000000003	27.6229999999996	0	0
40.5100000000002	32.8700000000008	40.4160000000011	0	0
53.2520000000004	38.2139999999999	51.2789999999986	0	0
37.8020000000015	22.1239999999998	37.853000000001	0	0
44.2430000000004	19.9039999999986	45.3490000000002	0	0
50.2150000000001	24.7340000000004	50.5239999999994	0	0
51.4159999999993	28.9390000000003	50.4380000000001	0	0
57.9050000000025	25.2750000000015	57.6540000000005	0	0
40.8240000000005	38.9490000000005	39.6710000000003	0	0
33.1780000000035	19.2489999999998	33.3019999999997	0	0
18.9710000000014	19.6169999999984	17.5409999999993	0	0
36.007999999998	22.9459999999999	36.9959999999992	0	0
46.8630000000012	29.7880000000005	45.610999999999	0	0
14.3770000000004	5.99799999999959	14.5680000000029	0	0
33.8990000000013	22.5710000000017	33.8580000000002	0	0
28.9520000000011	12.6350000000002	28.6860000000015	0	0
38.2530000000006	29.2530000000006	37.3040000000001	0	0
26.9210000000021	16.348	26.357	0	0
37.247000000003	21.1509999999998	37.0080000000016	0	0
17.2330000000002	15.1239999999998	16.75	0	0
25.5130000000026	16.9269999999997	25.9569999999985	0	0
33.9519999999975	22.3400000000001	33.4239999999991	0	0
36.1269999999968	30.625	35.5	0	0
45.0349999999999	39.7700000000004	41.8630000000012	0	0
47.2409999999982	36.1260000000002	48.487000000001	0	0
27.0280000000021	19.8959999999988	26.6970000000001	0	0
33.398000000001	30.134	31.4410000000025	0	0
37.643	29.384	35.2360000000008	0	0
36.8760000000002	24.7309999999998	35.9410000000025	0	0
13.9650000000001	5.21800000000076	14.7069999999985	0	0
34.5	29.4590000000007	32.601999999999	0	0
41.0760000000009	18.8430000000008	42.851999999999	0	0
37.3349999999991	21.2060000000001	37.3599999999969	0	0
40.1959999999999	37.9689999999991	37.385000000002	0	0
56.7010000000009	46.0959999999995	52.9579999999987	0	0
30.9809999999998	18.1000000000004	30.1369999999988	0	0
42.1939999999995	23.0100000000002	42.398000000001	0	0
26.1990000000005	17.6980000000003	26.7949999999983	0	0
13.4879999999976	6.67799999999988	15.0399999999972	0	0
43.7839999999997	23.0069999999996	46.4749999999985	0	0
39.8610000000008	37.8250000000007	36.336000000003	0	0
14.119999999999	8.02099999999882	14.2289999999994	0	0
34.1850000000013	24.8229999999985	34.0380000000005	0	0
25.625	18.6669999999995	26.1710000000021	0	0
46.4550000000017	35.7979999999989	43.7530000000006	0	0
36.099000000002	22.8989999999994	36.4519999999975	0	0
91.4439999999995	58.639000000001	88.0540000000001	0	0
28.8079999999973	18.0760000000009	27.8199999999997	0	0
45.3830000000016	48.6499999999996	42.7659999999996	0	0
38.2520000000004	33.3420000000006	34.9169999999976	0	0
13.1419999999998	4.93000000000029	12.7059999999983	0	0
32.4259999999995	29.0249999999996	30.6260000000002	0	0
27.8020000000033	21.9439999999995	26.007999999998	0	0
61.5200000000004	54.4300000000003	57.6810000000005	0	0
32.8429999999971	26.226999999999	32.1310000000012	0	0
28.8669999999984	24.8089999999993	27.0479999999989	0	0
22.0720000000001	10.3819999999996	23.1749999999993	0	0
30.505000000001	14.4470000000001	31.3470000000016	0	0
29.7330000000002	28.9349999999995	27.0620000000017	0	0
43.6500000000015	35.0450000000001	42.7310000000034	0	0
28.1209999999992	8.75900000000001	28.3559999999998	0	0
33.726999999999	37.1219999999994	30.4700000000012	0	0
15.0829999999987	10.2929999999997	15.520999999997	0	0
33.3510000000024	25.478000000001	33.8199999999997	0	0
13.4879999999976	3.09500000000116	14.2189999999973	0	0
30.6450000000004	18.7870000000003	31.3639999999978	0	0
17.3470000000016	15.9399999999987	14.9929999999986	0	0
40.0849999999991	38.7939999999999	37.9500000000007	0	0
48.7610000000022	31.4210000000003	49.1479999999974	0	0
47.2530000000006	42.5469999999987	45.268	0	0
34.9249999999993	27.5599999999995	35.0689999999995	0	0
37.0930000000008	18.0149999999994	36.755000000001	0	0
20.5220000000008	26.4309999999987	18.010000000002	0	0
34.0110000000022	22.3389999999999	33.8630000000012	0	0
35.849000000002	24.7600000000002	35.262999999999	0	0
53.3640000000014	41.7510000000002	51.362000000001	0	0
41.3060000000005	24.1830000000009	40.5199999999968	0	0
16.607	18.137999999999	15.9170000000013	0	0
42.6630000000005	36.1059999999998	39.0459999999985	0	0
35.8139999999985	22.7150000000001	37.8899999999994	0	0
53.2510000000002	51.3940000000002	47.8199999999997	0	0
16.1739999999991	6.53000000000065	15.3899999999994	0	0
47.7950000000019	26.1830000000009	47.7510000000002	0	0
37.2540000000008	33.9330000000009	36.5339999999997	0	0
27.4480000000003	22.7349999999988	26.7400000000016	0	0
31.7690000000002	27.6889999999985	30.1840000000011	0	0
27.880000000001	17.1409999999996	28.1090000000004	0	0
36.2489999999998	30.6190000000006	35.6029999999992	0	0
39.6889999999985	35.1919999999991	37.1870000000017	0	0
29.2200000000012	12.473	29.0040000000008	0	0
29.255000000001	8.07099999999991	29.232	0	0
52.8420000000006	44.6640000000007	50.4459999999999	0	0
31.5090000000018	28.7169999999987	29.3550000000032	0	0
16.7089999999989	13.6729999999989	16.9869999999974	0	0
40.2860000000001	27.8250000000007	39.369999999999	0	0
33.8780000000006	23.2960000000021	34.4429999999993	0	0
29.1280000000006	19.0169999999998	30.0630000000019	0	0
54.086000000003	43.969000000001	52.1490000000013	0	0
31.3639999999978	19.1450000000004	29.5509999999995	0	0
28.6119999999974	20.9490000000005	27.9439999999995	0	0
33.4079999999994	21.648000000001	32.5809999999983	0	0
44.3159999999989	37.5439999999981	43.0740000000005	0	0
38.482	29.7690000000002	36.1540000000023	0	0
40.1649999999972	32.5910000000003	40.7289999999994	0	0
25.8160000000025	14.9099999999999	24.6539999999986	0	0
33.3279999999977	23.237000000001	32.6889999999985	0	0
28.8559999999998	20.7900000000009	28.2400000000016	0	0
15.4799999999996	11.3810000000012	15.3220000000001	0	0
34.7959999999985	16.9029999999984	35.719000000001	0	0
40.6330000000016	35.9019999999982	40.0040000000008	0	0
35.1859999999979	23.3270000000011	34.8730000000032	0	0
54.0709999999999	33.5210000000006	52.8250000000007	0	0
40.351999999999	23.0629999999983	41.4259999999995	0	0
24.0360000000001	12.3199999999997	24.7599999999984	0	0
27.247000000003	13.5859999999993	28.344000000001	0	0
47.530999999999	40.6549999999988	45.8630000000012	0	0
30.5869999999995	29.5849999999991	28.1189999999988	0	0
35.7279999999992	27.9060000000027	33.2739999999976	0	0
40.2649999999994	32.5099999999984	38.4209999999985	0	0
47.3990000000013	42.7560000000012	45.4099999999999	0	0
29.8780000000006	15.0999999999985	30.6610000000001	0	0
35.0720000000001	30.719000000001	32.6670000000013	0	0
49.6800000000003	37.9320000000007	45.4939999999988	0	0
35.8409999999967	28.0210000000006	35.5210000000006	0	0
34.9560000000019	19.869999999999	35.3700000000026	0	0
13.1059999999998	3.69899999999689	12.9429999999993	0	0
43.2409999999982	34.0479999999989	43.2949999999983	0	0
17.3410000000003	14.255000000001	17.3479999999981	0	0
26.6110000000008	8.49199999999837	27.0610000000015	0	0
25.900999999998	12.2520000000004	25.619999999999	0	0
30.4379999999983	15.5679999999993	31.8410000000003	0	0
32.5949999999975	24.1229999999996	31.9500000000007	0	0
26.1500000000015	18.9650000000001	24.6229999999996	0	0
24.5680000000029	13.0969999999979	23.6879999999983	0	0
34.505000000001	24.4779999999992	34.6720000000023	0	0
26.1720000000023	16.3240000000005	25.7170000000006	0	0
19.0680000000029	21.5589999999975	16.885000000002	0	0
44.211000000003	45.387999999999	39.7350000000006	0	0
47.369999999999	43.2740000000013	44.0679999999993	0	0
37.8889999999992	28.6490000000013	36.7959999999985	0	0
26.4799999999996	14.242000000002	27.0980000000018	0	0
34.0390000000007	29.9919999999984	33.0420000000013	0	0
33.2010000000009	17.5739999999969	31.8430000000008	0	0
28.0620000000017	14.9449999999997	29.6970000000001	0	0
44.479000000003	27.4079999999994	44.5989999999983	0	0
31.5119999999988	27.7839999999997	29.5650000000023	0	0
40.976999999999	37.0610000000015	38.3179999999993	0	0
33.6890000000021	20.4039999999986	33.7639999999992	0	0
29.0329999999994	12.2770000000019	29.4099999999999	0	0
48.0519999999997	31.8189999999995	46.9719999999979	0	0
17.4650000000001	15.0699999999997	17.1689999999981	0	0
32.8439999999973	27.8050000000003	32.4650000000001	0	0
29.6460000000006	22.773000000001	28.8500000000022	0	0
29.5339999999997	24.1860000000015	27.8250000000007	0	0
24.5479999999989	15.1790000000001	25.137999999999	0	0
25.270999999997	13.974000000002	25.0589999999975	0	0
31.357	18.9370000000017	30.0480000000025	0	0
35.099000000002	35.9190000000017	31.7350000000006	0	0
25.5	14.4639999999999	25.3139999999985	0	0
38.8990000000013	30.2770000000019	36.3640000000014	0	0
38.369999999999	36.1239999999998	37.3179999999993	0	0
44.5660000000025	30.3330000000024	44.0130000000026	0	0
26.1859999999979	15.7830000000031	26.1679999999978	0	0
30.5329999999994	33.1690000000017	27.9340000000011	0	0
13.0839999999989	4.78099999999904	12.8410000000003	0	0
24.5080000000016	16.5950000000012	25.1530000000021	0	0
18.9130000000005	18.2439999999988	16.9449999999997	0	0
28.357	27.5300000000025	28.1990000000005	0	0
38.5299999999988	34.5200000000004	35.7970000000023	0	0
33.219000000001	21.6520000000019	33.9459999999999	0	0
32.8689999999988	20.2739999999976	31.5210000000006	0	0
27.619999999999	17.0869999999995	27.9509999999973	0	0
39.3349999999991	34.3359999999993	36.6090000000004	0	0
33.6490000000013	21.5349999999999	33.3790000000008	0	0
14.8080000000009	10.6939999999995	14.7219999999979	0	0
34.5829999999987	31.0040000000008	31.6440000000002	0	0
41.770999999997	22.1569999999992	41.3859999999986	0	0
41.5980000000018	37.3990000000013	37.4479999999967	0	0
41.2940000000017	23.8460000000014	40.612000000001	0	0
28.732	5.63300000000163	29.1759999999995	0	0
29.976999999999	20.8940000000002	28.6510000000017	0	0
23.8909999999996	10.4190000000017	24.7280000000028	0	0
37.2129999999997	38.8220000000001	34.4010000000017	0	0
26.6310000000012	16.4979999999996	25.9559999999983	0	0
15.219000000001	9.23199999999997	15.405999999999	0	0
28.4039999999986	21.8780000000006	28.6479999999974	0	0
22.7669999999998	8.09900000000198	21.9300000000003	0	0
16.2950000000019	14.3430000000008	16.5159999999996	0	0
33.5020000000004	17.9110000000001	33.982	0	0
36.5119999999988	20.2489999999998	37.1499999999978	0	0
42.7250000000022	25.530999999999	41.7419999999984	0	0
26.4770000000026	20.0339999999997	25.3280000000013	0	0
40.0499999999993	37.3830000000016	37.8230000000003	0	0
29.0210000000006	14.3549999999996	28.4120000000003	0	0
34.7879999999968	24.2389999999978	32.8840000000018	0	0
39.8319999999985	23.4629999999997	39.3950000000004	0	0
38.885000000002	36.3989999999976	34.3469999999979	0	0
35.1980000000003	22.9549999999981	35.5979999999981	0	0
17.5570000000007	14.7789999999986	15.8589999999967	0	0
33.601999999999	22.3019999999997	34.6980000000003	0	0
30.2999999999993	29.369999999999	28.5970000000016	0	0
23.768	10.5519999999997	22.5099999999984	0	0
19.6599999999999	22.6239999999998	16.8319999999985	0	0
49.5420000000013	60.8349999999991	45.5649999999987	0	0
29.9120000000003	14.482	31.5679999999993	0	0
35.6999999999971	36.5469999999987	30.8149999999987	0	0
16.1039999999994	18.482	15.0670000000027	0	0
43.1020000000026	58.2150000000001	37.6840000000011	0	0
47.7160000000003	56.760000000002	42.8889999999992	0	0
34.6460000000006	52.5540000000001	32.8950000000004	0	0
56.4150000000009	68.0650000000023	50.9290000000001	0	0
56.877999999997	66.5999999999985	52.8610000000008	0	0
38.7540000000008	51.3029999999999	33.4279999999999	0	0
36.3419999999969	25.8889999999992	35.6870000000017	0	0
33.510000000002	33.3679999999986	33.492000000002	0	0
51.1690000000017	77.8690000000024	41.2010000000009	0	0
66.882999999998	82.0770000000011	57.1790000000001	0	0
53.8459999999977	63.6399999999994	45.2610000000022	0	0
37.9169999999976	35.7999999999993	33.3499999999985	0	0
17.4879999999976	17.538999999997	13.9979999999996	0	0
30.6589999999997	19.9489999999969	28.5550000000003	0	0
33.3240000000005	37.7050000000017	31.3919999999998	0	0
41.1640000000007	48.1990000000005	37.8559999999998	0	0
26.9499999999971	21.1270000000004	26.0849999999991	0	0
30.9879999999976	21.255000000001	29.849000000002	0	0
13.6699999999983	9.68999999999869	14.6859999999979	0	0
29.3329999999987	29.7929999999978	27.3310000000019	0	0
32.5599999999977	46.5910000000003	28.1500000000015	0	0
28.2119999999995	32.351999999999	22.5979999999981	0	0
41.2950000000019	53.1100000000006	35.7870000000003	0	0
17.1409999999996	17.6389999999992	15.0240000000013	0	0
34.3990000000013	37.5630000000019	28.8019999999997	0	0
39.9199999999983	57.4320000000007	32.2820000000029	0	0
40.5010000000002	55.1759999999995	34.982	0	0
17.8060000000005	25.8499999999985	17.4239999999991	0	0
50.1110000000008	43.6900000000023	45.0299999999988	0	0
38.8099999999977	48.6880000000019	31.4980000000032	0	0
51.4710000000014	78.6110000000008	36.2969999999987	0	0
33.893	32.5629999999983	29.9510000000009	0	0
28.5020000000004	11.5599999999977	27.4759999999987	0	0
50.1640000000007	41.9929999999986	46.8899999999994	0	0
15.7669999999998	14.5900000000001	14.6369999999988	0	0
31.851999999999	41.8480000000018	28.3529999999992	0	0
32.3209999999999	38.3059999999969	29.2690000000002	0	0
31.3480000000018	33.1130000000012	28.3189999999995	0	0
65.1540000000023	88.2039999999979	54.1769999999997	0	0
33.4269999999997	31.4190000000017	30.4509999999973	0	0
25.8370000000032	23.3240000000005	23.9039999999986	0	0
11.0929999999971	5.14700000000084	10.875	0	0
36.0260000000017	46.4889999999978	31.8450000000012	0	0
59.1160000000018	53.8760000000002	56.7989999999991	0	0
39.7430000000022	48.4619999999995	34.1820000000007	0	0
29.1840000000011	30.6399999999994	27.8410000000003	0	0
47.2669999999998	58.1779999999999	42.0610000000015	0	0
34.4619999999995	36.1020000000026	28.8430000000008	0	0
43.2580000000016	50.398000000001	35.8189999999995	0	0
58.6860000000015	54.0440000000017	54.7749999999978	0	0
64.5370000000003	80.125	57.1749999999993	0	0
48.6440000000002	60.877999999997	42.0190000000002	0	0
25.9940000000024	17.2070000000022	23.2309999999998	0	0
38.3260000000009	31.5839999999989	36.0959999999977	0	0
42.6670000000013	49.9200000000019	35.5540000000001	0	0
35.6869999999981	53.8830000000016	30.5149999999994	0	0
32.7080000000024	44.9370000000017	29.3840000000018	0	0
37.9560000000056	35.7530000000006	34.5529999999999	0	0
36.5319999999992	25.9120000000003	32.982	0	0
59.0590000000011	88.3199999999997	42.9529999999977	0	0
23.0149999999994	35.7960000000021	18.4150000000009	0	0
16.9249999999956	23.9639999999999	14.7330000000002	0	0
48.760000000002	66.4680000000008	39.9939999999988	0	0
29.6419999999998	35.1179999999986	27.0009999999966	0	0
39.5080000000016	60.2150000000001	30.1239999999998	0	0
36.6059999999998	47.1310000000012	31.5479999999989	0	0
50.0879999999961	44.4140000000007	43.0319999999992	0	0
26.2750000000015	32.6859999999979	22.6719999999987	0	0
31.3199999999997	42.4720000000016	26.5520000000033	0	0
11.6650000000009	5.73199999999997	11.7360000000008	0	0
74.1880000000019	87.3169999999991	59.9019999999982	0	0
44.1710000000021	65.3790000000008	36.5360000000001	0	0
40.2760000000053	43.9470000000001	35.7069999999985	0	0
45.2599999999948	58.1990000000005	41.3760000000002	0	0
51.6979999999967	73.0250000000015	43.6919999999991	0	0
35.0109999999986	39.8909999999996	28.4259999999995	0	0
46.1580000000031	48.7799999999988	40.4389999999985	0	0
42.3369999999995	60.880000000001	34.122000000003	0	0
17.9459999999963	19.6530000000021	15.3439999999973	0	0
56.2129999999961	73.7590000000018	48.1849999999977	0	0
57.6010000000024	77.0529999999999	46.6579999999958	0	0
57.4510000000009	83.5679999999993	45.9049999999988	0	0
34.8059999999969	37.0689999999995	29.9279999999999	0	0
31.6169999999984	42.0289999999986	26.2379999999976	0	0
33.8759999999966	46.7599999999984	27.2969999999987	0	0
35.163999999997	52.5570000000007	27.5790000000052	0	0
31.7669999999998	35.994999999999	27.8159999999989	0	0
38.0279999999984	47.3949999999968	32.9040000000023	0	0
31.1650000000009	21.7659999999996	28.3349999999991	0	0
45.5999999999985	72.8469999999979	32.0280000000057	0	0
36.0020000000004	20.6980000000003	34.7350000000006	0	0
26.7870000000039	28.9280000000035	23.6330000000016	0	0
32.4449999999997	31.6280000000006	29.1619999999966	0	0
21.3830000000016	31.8050000000003	16.5610000000015	0	0
41.8459999999977	51.601999999999	37.1770000000033	0	0
41.7580000000016	62.7400000000016	34.275999999998	0	0
27.75	35.4979999999996	23.6270000000004	0	0
41.1640000000043	43.1579999999994	34.3059999999969	0	0
38.2980000000025	48.4439999999995	32.8400000000038	0	0
33.0720000000001	40.9370000000017	30.2960000000021	0	0
34.5469999999987	39.5319999999992	31.0939999999973	0	0
86.9439999999959	107.727999999999	71.6560000000027	0	0
48.9389999999985	55.5239999999976	40.8819999999978	0	0
33.8269999999975	36.7949999999983	28.487000000001	0	0
12.7989999999991	8.0109999999986	12.5880000000034	0	0
61.3289999999979	91.0840000000026	47.984000000004	0	0
35.3520000000062	45.8120000000017	30.125	0	0
41.8240000000005	43.7230000000018	33.7450000000026	0	0
65.5130000000063	99.1610000000001	51.7680000000037	0	0
44.239999999998	59.775999999998	36.4239999999991	0	0
41.6999999999971	32.8420000000006	35.4380000000019	0	0
31.0670000000027	31.1830000000009	27.0440000000017	0	0
37.4680000000008	31.4409999999989	31.9100000000035	0	0
41.9420000000027	67.4380000000019	32.1970000000001	0	0
20.2330000000002	26.2390000000014	17.3839999999982	0	0
30.3769999999931	23.5360000000001	25.3919999999998	0	0
31.900999999998	41.4020000000019	25.3799999999974	0	0
39.583000000006	61.9569999999985	30.2980000000025	0	0
24.0880000000034	26.0149999999994	22.1690000000017	0	0
34.8349999999991	47.0570000000007	28.278999999995	0	0
41.6140000000014	53.752999999997	34.9900000000052	0	0
28.612000000001	38.5420000000013	24.0250000000015	0	0
46.0910000000003	68.1119999999974	35.0849999999991	0	0
41.9289999999964	53.604000000003	33.8810000000012	0	0
28.8459999999977	28.9120000000039	25.9919999999984	0	0
34.9360000000015	34.6569999999992	30.0590000000011	0	0
36.3160000000062	46.9800000000032	27.9540000000052	0	0
39.5560000000041	44.1529999999984	32.2530000000042	0	0
34.4739999999947	37.9819999999963	31.4490000000005	0	0
43.8170000000027	64.4570000000022	35.1860000000015	0	0
45.2740000000049	70.3400000000038	34.0360000000001	0	0
27.0260000000053	24.0809999999983	24.3299999999945	0	0
50.0390000000043	62.2540000000008	45.8240000000005	0	0
13.4310000000041	7.77000000000407	11.7220000000016	0	0
36.4279999999999	56.5849999999991	30.4389999999985	0	0
35.5250000000015	49.176999999996	29.6449999999968	0	0
37.0360000000001	44.4140000000043	30.5789999999979	0	0
52.2289999999994	56.086000000003	42.3269999999975	0	0
49.5060000000012	70.5299999999988	40.2880000000005	0	0
29.4669999999969	34.6429999999964	23.9749999999985	0	0
44.0930000000008	39.6960000000036	38.8990000000049	0	0
28.9760000000024	36.150999999998	22.8110000000015	0	0
31.0130000000063	39.6309999999939	26.0600000000049	0	0
42.0670000000027	56.9449999999997	33.3170000000027	0	0
41.8080000000045	66.2239999999947	31.7450000000026	0	0
27.0849999999991	32.4060000000027	23.385000000002	0	0
40.989999999998	47.4439999999959	34.900999999998	0	0
25.2390000000014	22.5119999999952	23.1469999999972	0	0
38.3430000000008	51.885000000002	31.7940000000017	0	0
46.5920000000042	55.1520000000019	39.8000000000029	0	0
30.2230000000054	32.3260000000009	26.7060000000056	0	0
12.3839999999982	8.30600000000413	12.4570000000022	0	0
34.1580000000031	41.497000000003	29.2379999999976	0	0
42.9029999999984	57.3249999999971	35.5469999999987	0	0
41.2940000000017	53.7139999999999	33.1080000000002	0	0
19.8660000000018	25.1820000000007	15.1529999999984	0	0
47.0849999999991	67.0469999999987	37.2860000000001	0	0
30.4559999999983	44.5529999999999	27.6800000000003	0	0
48.726999999999	77.7260000000024	35.3690000000061	0	0
65.140999999996	93.2019999999975	52.0480000000025	0	0
48.885000000002	73.6800000000003	36.627999999997	0	0
31.8459999999977	34.1900000000023	28.4150000000009	0	0
29.7750000000015	33.364999999998	26.7739999999976	0	0
38.4249999999956	54.364999999998	29.586000000003	0	0
43.6869999999981	52.648000000001	34.9590000000026	0	0
26.3430000000008	25.2960000000021	24.1139999999941	0	0
30.3320000000022	30.3839999999982	25.3510000000024	0	0
32.6580000000031	37.1820000000007	29.913999999997	0	0
60.4349999999977	64.6779999999999	53.372000000003	0	0
47.5619999999981	66.7560000000012	36.762999999999	0	0
50.7030000000013	63.8660000000018	44.7760000000053	0	0
16.0040000000008	17.0050000000047	13.3020000000033	0	0
43.5919999999969	69.5509999999995	32.4590000000026	0	0
44.8379999999961	58.2989999999991	37.4709999999977	0	0
54.0679999999993	66.288999999997	43.0570000000007	0	0
42.0489999999991	55.8039999999964	35.5769999999975	0	0
49.5760000000009	62.4599999999991	43.5529999999999	0	0
73.8370000000068	105.044999999998	57.2589999999982	0	0
49.0069999999978	63.6010000000024	43.0080000000016	0	0
36.0250000000015	40.8700000000026	30.4860000000044	0	0
12.8120000000054	7.26799999999639	11.476999999999	0	0
55.5119999999952	72.872000000003	45.5659999999989	0	0
29.4160000000047	37.7189999999973	26.6909999999989	0	0
59.9760000000024	78.4400000000023	48.6630000000005	0	0
11.6920000000027	5.1710000000021	10.2280000000028	0	0
13.2839999999997	10.9230000000025	12.7750000000015	0	0
12.9040000000023	6.39799999999377	12.0679999999993	0	0
39.9250000000029	60.2050000000017	34.1899999999951	0	0
15.663999999997	13.8669999999984	14.6759999999995	0	0
34.9780000000028	45.8910000000033	30.0699999999997	0	0
40.5829999999987	64.9800000000032	30.4559999999983	0	0
45	56.351999999999	35.7170000000042	0	0
21.6469999999972	32.7690000000002	17.3759999999966	0	0
47.0430000000051	45.3690000000061	42.3329999999987	0	0
43.7189999999973	68.1399999999994	36.0849999999991	0	0
31.8470000000016	37.512999999999	29.5820000000022	0	0
52.6929999999993	69.2270000000062	40.4729999999981	0	0
64.0590000000011	80.4879999999976	53.0920000000042	0	0
32.4470000000001	27.6370000000024	28.2490000000034	0	0
32.5970000000016	41.0290000000023	26.6489999999976	0	0
50.648000000001	77.1929999999993	37.7890000000043	0	0
11.3119999999981	3.65699999999924	10.3050000000003	0	0
50.7379999999976	72.663999999997	39.0799999999945	0	0
29.122000000003	32.4449999999997	25.125	0	0
31.2170000000042	52.7900000000009	23.7520000000004	0	0
68.2580000000016	91.5200000000041	55.4259999999995	0	0
45.609000000004	61.9760000000024	34.2510000000038	0	0
28.6159999999945	41.898000000001	22.8699999999953	0	0
38.5659999999989	46.9789999999994	29.7449999999953	0	0
63.9919999999984	89.9309999999969	51.3799999999974	0	0
37.900999999998	46.346000000005	30.9530000000013	0	0
40.4639999999999	45.3629999999976	33.2139999999999	0	0
26.5970000000016	31.3190000000031	23.1330000000016	0	0
35.2649999999994	46.5	28.1489999999976	0	0
34.1820000000007	45.2830000000031	25.5210000000006	0	0
50.0750000000044	76.788999999997	37.8249999999971	0	0
39.9759999999951	58.385000000002	30.7710000000006	0	0
29.0900000000038	39.3510000000024	22.0560000000041	0	0
41.8890000000029	68.2479999999996	32.1540000000023	0	0
55.5930000000008	89.1959999999963	41.6479999999938	0	0
23.7309999999998	45.023000000001	19.1730000000025	0	0
39.1559999999954	61.375	31.0659999999989	0	0
55.8009999999995	86.1579999999958	43.6630000000005	0	0
22.9900000000052	41.1229999999996	16.8070000000007	0	0
14.8150000000023	14.5919999999969	12.4479999999967	0	0
47.3610000000044	65.5339999999997	37.3569999999963	0	0
28.0449999999983	36.9100000000035	22.5299999999988	0	0
39.0099999999948	55.0180000000037	30.7980000000025	0	0
37.125	43.3510000000024	31.1389999999956	0	0
53.9860000000044	89.7570000000051	39.2360000000044	0	0
15.1719999999987	18.7530000000042	13.7059999999983	0	0
14.1779999999999	20.8109999999942	12.5210000000006	0	0
16.489999999998	19.4359999999942	13.7860000000001	0	0
22.1239999999962	21.8669999999984	19.6849999999977	0	0
39.2969999999987	55.0959999999977	29.2409999999945	0	0
44.0599999999977	61.5760000000009	34.8259999999937	0	0
48.7690000000002	95.0449999999983	34.6300000000047	0	0
51.573000000004	73.6270000000004	43.898000000001	0	0
27.7209999999977	37.6889999999985	22.8280000000013	0	0
32.0900000000038	50.7359999999971	26.6699999999983	0	0
12.7339999999967	3.84600000000501	11.0149999999994	0	0
41.7449999999953	60.5439999999944	32.5360000000001	0	0
43.0150000000067	72.6949999999997	32.9179999999978	0	0
30.6489999999976	45.4060000000027	25.9649999999965	0	0
28.0180000000037	33.4789999999994	25.4369999999981	0	0
44.7349999999933	72.0599999999977	33.4800000000032	0	0
33.4130000000005	44.3389999999999	28.0459999999948	0	0
31.6730000000025	54.8819999999978	25.698000000004	0	0
39.1939999999959	58.7039999999979	31.2059999999983	0	0
21.1569999999992	37.7469999999958	15.7490000000034	0	0
52.4979999999996	91.648000000001	38.5790000000052	0	0
30.471000000005	45.4599999999991	25.0300000000061	0	0
44.4419999999955	59.7860000000001	35.5239999999976	0	0
36.637999999999	57.9660000000003	27.2129999999961	0	0
25.4559999999983	31.6599999999962	22.0160000000033	0	0
30.9309999999969	30.1619999999966	25.3020000000033	0	0
21.1209999999992	40.122000000003	15.4339999999938	0	0
33.7160000000003	53.1529999999984	26.5479999999952	0	0
25.6189999999988	24.2839999999997	22.3359999999957	0	0
42.5540000000037	47.3530000000028	35.6140000000014	0	0
41.6759999999995	70.5720000000001	31.1829999999973	0	0
22.4490000000005	20.9189999999944	20.0540000000037	0	0
32.0910000000003	43.9699999999939	24.114999999998	0	0
32.0820000000022	36.9780000000028	27.476999999999	0	0
12.5770000000048	8.83000000000175	11.0489999999991	0	0
32.5219999999972	48.8800000000047	24.0460000000021	0	0
35.760000000002	55.8559999999998	28.7589999999982	0	0
43.6720000000059	75.9449999999997	33.1930000000066	0	0
23.9550000000017	20.3899999999994	22.7440000000061	0	0
37.5459999999948	50.2540000000008	31.4490000000005	0	0
14.4729999999981	18.0480000000025	12.1410000000033	0	0
38.0740000000005	58.1169999999984	29.291999999994	0	0
58.8119999999981	84.3410000000003	49.958000000006	0	0
41.9309999999969	51.8449999999939	34.6779999999999	0	0
31.7799999999988	46.4000000000015	26.6679999999978	0	0
31.2669999999998	39.5550000000003	27.1869999999981	0	0
49.9170000000013	80.6939999999959	39.0299999999988	0	0
37.8899999999994	51.2330000000002	31.3790000000008	0	0
53.7880000000005	82.5089999999982	42.7180000000008	0	0
35.273000000001	44.8059999999969	29.8790000000008	0	0
26.961000000003	36.8110000000015	24.4279999999999	0	0
10.9049999999988	3.54599999999482	10.5579999999973	0	0
46.5370000000039	80.9479999999967	34.2350000000006	0	0
30.7509999999966	50.1070000000036	23.7540000000008	0	0
40.7860000000001	79.3269999999975	29.7560000000012	0	0
38.1240000000034	42.0120000000024	31.9439999999959	0	0
52.6830000000045	89.7129999999961	40.8559999999998	0	0
45.0639999999985	70.6959999999963	35.4150000000009	0	0
38.5440000000017	68.1389999999956	28.599000000002	0	0
36.538999999997	48.3759999999966	28.5800000000017	0	0
41.6470000000045	60.6410000000033	34.4539999999979	0	0
35.6619999999966	57.0819999999949	28.7209999999977	0	0
26.6529999999984	33.8349999999991	20.8419999999969	0	0
46.4049999999988	67.4150000000009	35.1429999999964	0	0
54.3229999999967	82.5500000000029	42.6239999999962	0	0
59.2939999999944	91.4049999999988	46.1490000000049	0	0
13.2999999999956	14.362000000001	12.3300000000017	0	0
31.5720000000001	40.570000000007	26.0579999999973	0	0
24.7320000000036	27.0360000000001	21.8240000000005	0	0
17.4789999999994	23.6860000000015	14.2339999999967	0	0
31.489999999998	48.3679999999949	24.7390000000014	0	0
31.7459999999992	46.9890000000014	23.474000000002	0	0
48.4750000000058	60.6679999999978	37.0829999999987	0	0
28.0610000000015	34.4639999999999	23.2760000000053	0	0
32.0399999999936	41.4940000000061	24.606000000007	0	0
55.2829999999958	68.5109999999986	43.8280000000013	0	0
50.0969999999943	63.0350000000035	39.9250000000029	0	0
31.8950000000041	47.8119999999981	23.2320000000036	0	0
12.0889999999999	4.4910000000018	10.5269999999946	0	0
31.3919999999998	41.9459999999963	26.8300000000017	0	0
31.8070000000007	43.0219999999972	26.4350000000049	0	0
45.4099999999962	57.4660000000003	40.8890000000029	0	0
56.7969999999987	95.5559999999969	41.9490000000005	0	0
37.7229999999981	57.0199999999968	28.1419999999998	0	0
42.2870000000039	63.1399999999994	31.6560000000027	0	0
17.8310000000056	26.4399999999951	12.8249999999971	0	0
25.5090000000055	21.150999999998	21.6559999999954	0	0
24.1310000000012	17.9780000000028	21.3499999999985	0	0
17.2309999999998	26.0300000000061	14.0999999999985	0	0
55.4049999999988	102.336000000003	43.851999999999	0	0
27.0920000000042	35.7439999999988	21.2149999999965	0	0
29.1500000000015	43.0720000000001	23.0650000000023	0	0
29.6470000000045	38.4690000000046	22.3110000000015	0	0
54.0109999999986	76.8949999999968	44.9680000000008	0	0
40.8450000000012	58.5489999999991	31.3809999999939	0	0
31.8499999999985	44.9649999999965	25.6460000000006	0	0
37.7929999999978	50.8559999999998	32.0880000000034	0	0
27.573000000004	27.5550000000003	22.747000000003	0	0
18.2020000000048	24.5090000000055	12.9159999999974	0	0
61.2000000000044	80.5900000000038	49.898000000001	0	0
34.2839999999997	44.1129999999976	30.0529999999999	0	0
32.0699999999997	48.7200000000012	24.2479999999996	0	0
48.7969999999987	63.8709999999992	39.8610000000044	0	0
16.4499999999971	19.5250000000015	14.6560000000027	0	0
42.7579999999944	53.0469999999987	34.6470000000045	0	0
44.474000000002	58.1180000000022	38.4320000000007	0	0
24.4660000000003	30.773000000001	22.3419999999969	0	0
27.2330000000002	40.1319999999978	22.8039999999964	0	0
42.3090000000011	65.025999999998	33.4050000000061	0	0
36.8919999999998	47.1359999999986	28.2480000000069	0	0
35.0919999999969	56.6559999999954	24.8050000000003	0	0
46.5460000000021	75.8080000000045	37.6909999999989	0	0
26.2299999999959	36.351999999999	23.0109999999986	0	0
17.8139999999985	28.6180000000022	13.0010000000038	0	0
22.5550000000003	24.25	19.239999999998	0	0
35.7589999999982	50.9069999999992	27.5070000000051	0	0
65.5319999999992	90.5	51.2239999999947	0	0
44.7900000000009	70.0449999999983	32.9680000000008	0	0
18.3790000000008	29.6329999999944	14.3430000000008	0	0
35.8830000000016	54.2510000000038	30.5339999999997	0	0
35.2980000000025	53.3429999999935	28.6880000000019	0	0
41.9230000000025	60.7059999999983	33.0610000000015	0	0
24.739999999998	27.666999999994	22.0049999999974	0	0
40.9539999999979	64.3309999999983	32.3979999999938	0	0
64.8400000000038	99.1860000000015	49.9100000000035	0	0
22.3380000000034	36.9110000000001	16.2590000000055	0	0
16.6399999999994	25.5999999999985	14.0880000000034	0	0
20.6739999999991	37.5149999999994	14.2430000000022	0	0
14.6649999999936	15.637999999999	12.8189999999959	0	0
36.775999999998	44.3539999999994	28.7020000000048	0	0
34.8059999999969	52.4909999999945	26.0770000000048	0	0
28.1889999999985	38.9510000000009	21.8369999999995	0	0
22.148000000001	20.6640000000043	18.9880000000048	0	0
39.3309999999983	67.586000000003	29.5089999999982	0	0
38.1959999999963	68.1640000000043	28.7019999999975	0	0
45.9069999999992	82.4380000000019	33.7839999999997	0	0
29.5579999999973	34.4879999999976	23.0400000000009	0	0
26.5809999999983	40.7220000000016	20.4850000000006	0	0
12.3359999999957	8.95999999999913	10.4040000000023	0	0
55.9470000000001	89.3919999999998	40.3570000000036	0	0
42.8139999999985	61.2169999999969	32.518999999993	0	0
37.1030000000028	55.1299999999974	26.5190000000002	0	0
55.1560000000027	82.9680000000008	42.1919999999955	0	0
31.9720000000016	33.6650000000009	24.2960000000021	0	0
31.5079999999944	37.3659999999945	24.6189999999988	0	0
31.5060000000012	46.9380000000019	24.5299999999988	0	0
41.7359999999971	75.8430000000008	30.3000000000029	0	0
31.6759999999995	37.1589999999997	24.0749999999971	0	0
17.0789999999979	25.6869999999981	13.5149999999994	0	0
11.0080000000016	6.2960000000021	9.13199999999779	0	0
36.6100000000006	38.5930000000008	28.2239999999947	0	0
34.775999999998	53.3529999999955	25.3780000000042	0	0
30.2180000000008	43.051999999996	24.7459999999992	0	0
27.760000000002	23.4890000000014	22.0090000000055	0	0
33.8090000000011	53.8079999999973	26.2019999999975	0	0
35.4579999999987	48.2960000000021	26.1189999999988	0	0
36.5999999999985	61.1880000000019	27.2900000000009	0	0
41.1959999999963	67.1589999999997	30.4859999999971	0	0
25.862000000001	19.112000000001	22.3589999999967	0	0
13.0040000000008	14.2569999999978	10.6759999999995	0	0
28.3150000000023	37.2410000000018	22.398000000001	0	0
27.7530000000042	40.2880000000005	20.6119999999937	0	0
27.8469999999943	36.4879999999976	22.0869999999995	0	0
33.9820000000036	46.7190000000046	26.6410000000033	0	0
40.8499999999985	61.0769999999975	30.7589999999982	0	0
30.3000000000029	48.323000000004	23.2580000000016	0	0
49.6849999999977	66.721000000005	38.4199999999983	0	0
12.5839999999953	10.1920000000027	10.5449999999983	0	0
27.2690000000002	41.6010000000024	20.9680000000008	0	0
26.073000000004	30.3009999999995	20.7249999999985	0	0
23.364999999998	26.9969999999958	18.5610000000015	0	0
42.3830000000016	62.695000000007	33.6319999999978	0	0
17.573000000004	27.7609999999986	13.0639999999985	0	0
22.6679999999978	26.7839999999997	17.721000000005	0	0
23.4759999999951	27.3079999999973	18.5239999999976	0	0
42.4720000000016	69.3840000000055	31.2099999999991	0	0
18.7090000000026	32.635000000002	14.0349999999962	0	0
34.4429999999993	45.6899999999951	26.4329999999973	0	0
33.6529999999984	39.9830000000002	27.0430000000051	0	0
53.6059999999998	82.6620000000039	41.0989999999947	0	0
40.7459999999992	55.7330000000002	29.8539999999994	0	0
26.474000000002	36.4720000000016	21.1549999999988	0	0
84.0229999999938	140.771000000001	63.4470000000001	0	0
54.8580000000002	94.2649999999994	40.9479999999967	0	0
18.5650000000023	28.7779999999984	12.8340000000026	0	0
32.9150000000009	43.4550000000017	25.7939999999944	0	0
47.5460000000021	72.1099999999933	35.5429999999978	0	0
32.7509999999966	44.9359999999942	26.4350000000049	0	0
48.971000000005	73.7350000000006	37.5179999999964	0	0
23.6069999999963	32.3539999999994	20.1900000000023	0	0
27.6089999999967	40.9559999999983	21.6219999999958	0	0
24.2750000000015	27.2419999999984	18.8159999999989	0	0
35.1089999999967	53.0889999999999	25.6520000000019	0	0
36.7359999999971	56.7059999999983	26.9630000000034	0	0
27.5120000000024	48.362000000001	21.2590000000055	0	0
29.6100000000006	43.3729999999996	24.9850000000006	0	0
28.5770000000048	38.4470000000001	22.3700000000026	0	0
39.3910000000033	58.9720000000016	28.7429999999949	0	0
47.8059999999969	82.4700000000012	34.0589999999938	0	0
24.7550000000047	29.8990000000049	20.1849999999977	0	0
29.1569999999992	37.9700000000012	22.7480000000069	0	0
44.4349999999977	52.3799999999974	35.9630000000034	0	0
12.1779999999999	6.81300000000192	10.4089999999997	0	0
59.4459999999963	92.0069999999978	44.6310000000012	0	0
22.6159999999945	34.5869999999995	18.849000000002	0	0
46.6630000000005	43.9619999999995	38.3870000000024	0	0
44.9639999999999	67.8790000000008	35.0239999999976	0	0
27.9979999999996	35.6419999999998	20.9200000000055	0	0
15.6029999999955	24.4359999999942	13.4729999999981	0	0
50.7069999999949	68.5769999999975	38.4479999999967	0	0
33.0930000000008	45.8919999999998	26.3410000000003	0	0
28.3340000000026	39.8500000000058	20.6340000000055	0	0
33.2949999999983	42.2920000000013	25.8420000000042	0	0
34.6949999999997	60.7539999999935	25.7440000000061	0	0
52.4340000000011	79.1330000000016	38.2819999999992	0	0
10.9700000000012	4.32600000000093	9.2019999999975	0	0
31.2219999999943	42.3869999999952	23.4470000000001	0	0
46.0069999999978	75.8070000000007	32.9150000000009	0	0
16.4579999999987	25.6209999999992	13.2560000000012	0	0
59.1679999999978	98.038999999997	44.5809999999983	0	0
27.6869999999981	44.4340000000011	20.6080000000002	0	0
32.5489999999991	44.75	25.7429999999949	0	0
32.3220000000001	38.676999999996	26.0940000000046	0	0
16.2740000000049	28.6679999999978	12.9049999999988	0	0
34.0500000000029	51.0210000000006	26.3040000000037	0	0
35.1540000000023	37.1929999999993	28.5789999999979	0	0
27.6990000000005	34.2909999999974	21.4920000000056	0	0
30.8009999999995	35.8050000000003	24.4339999999938	0	0
29.1990000000005	38.5910000000003	23.3199999999997	0	0
72.2710000000006	98.5550000000003	55.7900000000009	0	0
31.8209999999963	43.5240000000049	24.8669999999984	0	0
12.4110000000001	13.0789999999979	10.2830000000031	0	0
26.4150000000009	23.291000000012	21.5699999999997	0	0
35.403999999995	44.849000000002	27.8130000000019	0	0
36.0070000000051	40.7920000000013	28.5959999999977	0	0
34.1319999999978	52.2519999999931	25.5780000000013	0	0
67.583000000006	95.1739999999991	50.9690000000046	0	0
37.4660000000003	54.7949999999983	28.8919999999998	0	0
33.0910000000003	50.2189999999973	24.8050000000003	0	0
10.5590000000011	5.41099999999278	9.54399999999441	0	0
34.3859999999986	23.7039999999979	30.489999999998	0	0
12.1619999999966	4.69099999999162	10.6319999999978	0	0
20.002999999997	35.6760000000068	15.1829999999973	0	0
23.127999999997	23.0559999999969	18.0080000000016	0	0
36.5889999999999	61.0999999999913	25.3550000000032	0	0
27.1549999999988	31.247000000003	21.7300000000032	0	0
44.2390000000014	77.9410000000062	31.7319999999963	0	0
49.4110000000001	84.8029999999999	37.1419999999998	0	0
35.2649999999994	40.7700000000041	27.7300000000032	0	0
48.9680000000008	66.7960000000021	36.9939999999988	0	0
40.6180000000022	46.2609999999986	33.5449999999983	0	0
37.7570000000051	39.5139999999956	31.6909999999989	0	0
19.5810000000056	32.468000000008	14.9279999999999	0	0
50.8660000000018	76.6070000000036	37.2000000000044	0	0
26.9760000000024	37.1760000000068	21.1089999999967	0	0
13.8800000000047	14.8999999999942	12.0570000000007	0	0
39.1110000000044	48.0329999999958	30.823000000004	0	0
12.4660000000003	8.35899999999674	10.6560000000027	0	0
39.7540000000008	64.9850000000006	29.1860000000015	0	0
27.5109999999986	41.3580000000075	21.4500000000044	0	0
28.8410000000003	40.1239999999962	21.5869999999995	0	0
28.6690000000017	44.7639999999956	21.8009999999995	0	0
41.2079999999987	71.0760000000009	30.2170000000042	0	0
43.1619999999966	49.375	33.7050000000017	0	0
28.1499999999942	39.7309999999998	21.5880000000034	0	0
41.7010000000009	39.5339999999997	34.226999999999	0	0
31.7560000000012	42.301999999996	25.2010000000009	0	0
41.6779999999999	51.0399999999936	33.3070000000007	0	0
47.9599999999991	66.0590000000084	35.086000000003	0	0
25.4340000000011	33.051999999996	19.9379999999946	0	0
11.4850000000006	9.80999999999767	10.8520000000062	0	0
17.6560000000027	25.3270000000048	13.9310000000041	0	0
38.3770000000004	54.1089999999967	27.9579999999987	0	0
26.3100000000049	34.9899999999907	20.7249999999985	0	0
45.0300000000061	48.6429999999964	36.4910000000018	0	0
58.2020000000048	97.9619999999995	41.1750000000029	0	0
32.9209999999948	44.8629999999976	26.6180000000022	0	0
28.1679999999978	31.8730000000069	22.5339999999997	0	0
33.4949999999953	60.8070000000007	24.5049999999974	0	0
29.5740000000005	51.6130000000121	22.7200000000012	0	0
29.6180000000022	47.9839999999967	22.9820000000036	0	0
14.4130000000005	21.4120000000112	12.3930000000037	0	0
45.0780000000013	74.205999999991	33.9150000000009	0	0
26.788999999997	40.1520000000019	21.9830000000002	0	0
34.3179999999993	53.2290000000066	25.9760000000024	0	0
29.301999999996	41.9660000000003	21.6889999999985	0	0
53.0409999999974	65.0299999999988	41.0040000000008	0	0
56.4000000000015	74.8919999999925	43.426999999996	0	0
35.7180000000008	52.2859999999928	27.5769999999975	0	0
28.0079999999944	41.695000000007	21.3430000000008	0	0
32.2619999999952	39.3890000000101	25.1949999999997	0	0
25.8210000000036	39.1630000000005	19.9460000000036	0	0
45.7700000000041	69.0360000000073	34.2849999999962	0	0
46.4020000000019	60.304999999993	36.5560000000041	0	0
32.0060000000012	33.8319999999949	25.1129999999976	0	0
39.2040000000052	56.7680000000109	30.1360000000059	0	0
25.900999999998	36.830999999991	20.0550000000003	0	0
39.8270000000048	55.3870000000024	31.0749999999971	0	0
31.6080000000002	39.9829999999929	23.9599999999991	0	0
37.2669999999998	64.4579999999987	26.3309999999983	0	0
26.9300000000003	38.6399999999994	19.9189999999944	0	0
