5.485	1.314	12.413	0	0
4.615	1.347	13.057	0	0
4.777	1.436	12.177	0	0
4.708	1.606	13.277	0	0
4.896	1.785	13.245	0	0
4.955	1.957	12.349	0	0
4.967	1.895	11.417	0	0
4.91300000000001	1.886	13.349	0	0
4.83399999999999	2.174	8.036	0	0
5.14400000000001	2.437	8.30699999999999	0	0
5.369	2.709	8.48899999999998	0	0
5.50800000000001	2.256	9.00200000000001	0	0
5.38799999999999	2.668	7.49000000000001	0	0
5.46199999999999	2.27200000000001	8.07299999999998	0	0
5.18300000000002	2.23	7.65600000000001	0	0
5.69000000000003	1.956	9.11400000000003	0	0
5.715	2.54199999999999	8.43800000000005	0	0
5.285	2.583	7.12700000000001	0	0
5.09	2.057	8.5	0	0
5.36100000000002	2.026	9.50299999999999	0	0
4.80200000000002	1.878	8.13800000000003	0	0
4.90600000000001	2.09099999999999	7.37900000000002	0	0
5.09599999999998	1.824	8.12	0	0
5.828	2.88000000000001	8.47199999999998	0	0
4.94	1.675	7.50299999999999	0	0
4.87200000000001	1.767	7.59299999999996	0	0
5.14400000000001	2.12400000000001	8.09999999999997	0	0
4.995	2.095	8.76900000000001	0	0
4.78999999999996	1.82299999999999	7.81400000000008	0	0
4.90700000000004	2.018	7.21900000000005	0	0
4.86500000000001	1.70700000000001	8.27100000000007	0	0
5.06799999999998	2.185	8.23599999999999	0	0
5.584	2.208	8.55999999999995	0	0
5.26499999999999	2.55699999999999	9.28099999999995	0	0
5.60499999999996	2.54400000000001	8.81400000000008	0	0
5.37	2.29899999999998	7.87900000000002	0	0
5.00700000000001	2.214	8.755	0	0
5.101	1.98499999999999	8.22400000000005	0	0
5.29000000000002	2.33000000000001	7.9190000000001	0	0
5.54599999999999	2.49900000000002	7.83699999999999	0	0
5.49599999999998	2.55000000000001	8.51800000000003	0	0
5.28399999999999	2.22300000000001	8.60500000000002	0	0
5.05700000000002	1.846	8.55700000000002	0	0
5.536	2.49299999999999	8.50700000000006	0	0
5.08199999999999	1.751	9.04500000000007	0	0
5.68299999999999	1.935	9.13400000000001	0	0
5.68199999999996	3.142	8.74599999999998	0	0
5.08300000000003	1.88500000000002	8.29600000000005	0	0
5.39400000000001	2.28999999999999	8.64700000000005	0	0
5.44499999999999	2.381	9.77199999999993	0	0
5.26300000000003	2.447	8.73099999999999	0	0
5.42199999999997	2.57399999999998	7.96000000000004	0	0
5.46300000000002	2.51599999999999	8.77999999999997	0	0
5.476	2.148	10.297	0	0
4.90500000000009	1.87800000000001	10.7140000000001	0	0
4.94399999999996	1.74600000000001	10.736	0	0
4.71399999999994	1.93700000000001	11.061	0	0
4.78600000000006	1.62200000000001	11.463	0	0
4.63499999999999	1.64600000000002	10.9110000000001	0	0
4.63599999999997	1.59100000000001	10.2	0	0
4.63999999999999	1.78999999999999	10.7180000000001	0	0
4.78800000000001	1.92699999999999	10.212	0	0
4.59500000000003	1.96100000000001	11.4690000000001	0	0
5.05600000000004	2.01300000000001	9.97499999999991	0	0
4.63299999999992	1.74199999999999	9.41300000000001	0	0
4.74599999999998	1.91499999999996	11.1279999999999	0	0
4.61400000000003	1.488	11.2839999999999	0	0
4.80100000000004	2.08699999999999	9.66500000000019	0	0
4.77800000000002	1.69999999999999	11.104	0	0
4.59300000000007	1.71100000000001	11.328	0	0
4.60799999999995	1.48500000000001	9.67799999999988	0	0
5.08799999999997	1.44799999999998	11.5039999999999	0	0
4.69899999999996	1.73899999999998	8.971	0	0
4.6389999999999	1.49900000000002	10.009	0	0
4.49200000000008	1.30200000000002	10.0339999999999	0	0
5.08400000000006	1.54699999999997	12.691	0	0
4.654	1.65100000000001	10.48	0	0
4.81399999999996	1.69600000000003	11.405	0	0
4.67600000000004	1.50300000000004	9.60199999999986	0	0
4.44100000000003	1.59399999999999	8.95600000000013	0	0
4.76499999999999	1.995	8.11999999999989	0	0
4.68000000000006	2.036	7.69000000000005	0	0
4.66800000000001	1.83299999999997	6.47800000000007	0	0
4.93899999999996	1.77199999999999	9.99399999999991	0	0
5.36400000000003	2.37700000000001	11.0899999999999	0	0
4.60500000000002	1.41800000000001	10.9929999999999	0	0
4.65800000000002	1.42699999999996	9.48299999999995	0	0
4.66100000000006	1.69	11.2559999999999	0	0
4.72800000000007	1.56399999999996	11.221	0	0
4.8950000000001	2.041	10.2420000000002	0	0
4.48000000000002	1.30800000000005	9.28199999999993	0	0
4.798	1.91199999999998	10.4950000000001	0	0
4.81700000000001	1.25799999999998	11.3419999999999	0	0
5.09800000000007	1.69099999999997	10.239	0	0
4.40100000000007	1.72299999999996	9.51600000000008	0	0
4.53899999999999	1.27500000000003	11.5800000000002	0	0
4.65199999999993	1.488	11.0539999999999	0	0
4.64499999999998	1.60699999999997	10.6310000000001	0	0
5.12800000000004	1.81900000000002	11.2710000000002	0	0
4.71800000000007	1.65199999999999	10.6299999999999	0	0
4.50999999999999	1.589	11.625	0	0
4.62199999999996	1.214	11.2670000000001	0	0
5.202	1.63600000000002	11.912	0	0
4.66800000000001	1.80799999999999	9.34199999999987	0	0
4.76400000000001	1.49199999999996	8.31100000000015	0	0
4.53499999999997	1.642	11.8380000000002	0	0
5.04999999999995	1.72500000000002	12.444	0	0
4.55600000000004	1.77699999999999	8.84799999999996	0	0
4.726	1.72300000000001	11.26	0	0
4.59699999999998	1.45699999999999	11.26	0	0
4.93499999999995	1.25999999999999	10.693	0	0
4.57799999999997	1.71199999999999	9.05600000000004	0	0
4.96500000000015	2.44999999999999	8.12000000000012	0	0
4.76599999999985	1.39600000000002	10.0499999999997	0	0
4.63599999999997	1.38900000000001	11.4570000000003	0	0
5.077	1.74199999999996	12.6089999999999	0	0
4.59500000000003	1.69100000000003	10.1559999999999	0	0
4.57899999999995	1.56200000000001	10.232	0	0
4.61199999999985	1.26100000000002	10.5819999999999	0	0
4.54999999999995	1.43700000000001	11.1909999999998	0	0
5.11400000000003	1.50700000000001	12.0730000000003	0	0
4.47400000000016	1.678	10.4080000000004	0	0
4.62800000000016	1.73500000000001	10.9259999999999	0	0
4.69200000000001	1.55799999999999	9.79899999999998	0	0
5.14799999999991	1.74200000000002	10.1150000000002	0	0
4.54700000000003	1.35500000000002	11.0430000000001	0	0
4.69600000000014	1.64699999999999	10.9090000000001	0	0
4.79700000000003	1.65899999999999	11.212	0	0
5.02199999999993	1.62899999999996	12.3469999999998	0	0
4.67700000000013	1.541	10.2289999999998	0	0
4.61300000000006	1.68600000000004	11.4639999999999	0	0
4.60399999999981	1.505	11.4340000000002	0	0
5.05600000000004	1.82100000000003	11.366	0	0
4.68200000000002	1.71300000000002	10.634	0	0
4.79899999999998	1.548	11.183	0	0
4.51999999999998	1.73900000000003	11.2169999999996	0	0
5.05199999999991	1.57099999999997	10.7180000000003	0	0
4.54700000000003	1.68699999999995	11.2840000000001	0	0
4.84999999999991	1.22000000000003	10.9259999999999	0	0
4.64499999999998	1.60699999999997	11.239	0	0
4.83400000000006	1.745	11.6039999999998	0	0
5.01900000000001	1.678	10.4169999999999	0	0
4.79900000000021	1.32400000000001	10.971	0	0
4.51800000000003	1.37	9.09700000000021	0	0
4.54700000000003	1.55700000000002	9.32400000000007	0	0
4.93500000000017	1.59899999999999	11.6860000000001	0	0
4.50999999999999	1.98000000000002	6.76999999999998	0	0
4.81799999999998	1.714	11.3679999999999	0	0
4.79499999999985	1.69599999999991	10.8429999999998	0	0
5.24699999999984	1.60699999999997	12.942	0	0
4.62999999999988	1.51999999999998	9.72600000000011	0	0
4.58600000000001	1.94100000000003	10.3759999999997	0	0
4.89400000000001	1.923	10.6280000000002	0	0
4.89300000000003	1.78800000000001	11.7539999999999	0	0
4.39499999999998	1.54999999999995	9.23800000000028	0	0
4.63699999999994	1.45600000000002	10.9160000000002	0	0
4.74400000000014	2	9.67900000000009	0	0
5	1.38900000000001	12.0430000000001	0	0
4.65200000000004	1.63900000000001	9.92000000000007	0	0
4.58600000000001	1.76800000000003	11.114	0	0
5.02199999999993	1.96600000000001	7.88400000000001	0	0
6.47500000000014	3.11500000000001	10.2570000000001	0	0
5.19499999999994	2.125	9.16699999999992	0	0
4.66700000000014	1.57899999999995	8.73799999999983	0	0
4.77800000000002	1.46799999999996	11.087	0	0
5.06600000000003	1.87700000000007	12.7039999999997	0	0
4.83600000000001	2.173	9.54700000000003	0	0
4.48500000000013	1.601	10.0430000000001	0	0
4.52599999999984	1.61000000000001	9.15700000000015	0	0
4.92499999999995	1.75300000000004	11.2799999999997	0	0
4.64100000000008	1.45799999999997	11.2419999999997	0	0
4.50799999999981	1.66800000000001	10.2170000000001	0	0
4.66300000000001	1.67600000000004	9.74299999999994	0	0
5.02400000000011	1.53600000000006	12.0160000000001	0	0
4.51800000000003	1.471	9.46300000000019	0	0
4.62100000000009	1.83600000000001	9.97199999999975	0	0
4.69000000000005	1.73400000000004	11.3710000000001	0	0
4.92400000000021	1.43299999999999	12.2439999999997	0	0
5.51800000000003	2.75400000000002	11.2400000000002	0	0
4.84199999999987	1.96199999999999	10.7869999999998	0	0
4.59999999999991	1.93300000000011	9.904	0	0
5.01999999999998	1.97699999999998	9.88200000000006	0	0
4.6099999999999	1.68899999999996	10.538	0	0
4.88400000000001	1.80799999999999	9.39099999999962	0	0
4.4079999999999	1.75099999999998	10.279	0	0
5.20100000000002	1.87199999999996	12.4299999999998	0	0
4.62999999999988	1.654	11.1770000000001	0	0
4.73500000000013	1.68099999999993	10.9719999999998	0	0
4.66599999999994	1.65099999999995	11.1439999999998	0	0
5.34999999999991	1.61900000000003	12.3469999999998	0	0
4.56999999999994	1.61900000000003	11.0839999999998	0	0
4.77500000000009	1.83299999999997	10.4209999999998	0	0
4.60100000000011	1.577	10.038	0	0
4.86000000000013	2.26699999999994	9.16200000000026	0	0
4.94900000000007	1.99000000000001	8.10100000000011	0	0
4.82999999999993	2.10500000000002	7.97200000000021	0	0
4.88200000000006	2.08399999999995	7.74400000000014	0	0
4.93000000000006	1.77700000000004	10.2060000000001	0	0
5.25800000000004	1.70900000000006	11.0390000000002	0	0
4.77800000000002	1.68399999999997	10.3140000000003	0	0
4.85400000000004	1.88800000000003	10.9720000000002	0	0
4.81899999999996	1.87300000000005	10.0129999999999	0	0
5.09999999999991	1.85799999999995	10.2619999999997	0	0
4.69200000000001	1.86300000000006	11.0859999999998	0	0
4.69000000000005	1.77499999999998	8.67499999999973	0	0
4.58500000000004	1.76099999999997	11.02	0	0
5.02299999999991	1.54399999999998	11.0740000000001	0	0
4.64499999999998	1.75900000000001	10.1170000000002	0	0
4.5139999999999	1.40300000000002	11.009	0	0
4.6869999999999	1.71299999999997	11.9160000000002	0	0
5.01800000000003	1.86899999999991	10.9749999999999	0	0
4.40200000000004	1.505	10.4630000000002	0	0
4.55299999999988	1.86299999999994	10.826	0	0
4.80899999999997	1.89499999999998	9.95400000000018	0	0
5.06700000000001	1.61000000000001	12.107	0	0
4.57599999999979	1.49699999999996	9.6239999999998	0	0
4.90699999999993	2.10900000000004	9.77099999999973	0	0
4.70299999999997	1.77100000000007	9.11700000000019	0	0
4.97799999999984	1.33799999999997	12.3960000000002	0	0
4.74599999999987	1.74699999999996	11.0640000000003	0	0
4.61500000000001	1.74599999999998	11.4399999999996	0	0
4.79600000000005	1.90700000000004	10.6589999999997	0	0
5.29700000000003	1.96400000000006	10.2309999999998	0	0
4.9849999999999	2.03200000000004	11.3159999999998	0	0
4.58500000000004	1.73400000000004	10.3209999999999	0	0
4.92500000000018	1.43700000000001	10.0869999999995	0	0
5.17000000000007	1.73500000000001	12.2849999999999	0	0
4.73599999999988	1.75700000000006	10.2370000000001	0	0
4.86899999999969	1.625	10.8800000000001	0	0
4.64699999999993	1.44500000000005	10.5860000000002	0	0
5.67799999999988	2.68500000000006	13.0719999999992	0	0
4.64899999999989	1.70899999999995	11.0389999999998	0	0
4.80699999999979	1.70600000000002	11.134	0	0
4.88200000000006	1.97699999999998	9.72400000000016	0	0
5.04700000000003	1.59000000000003	10.3229999999994	0	0
4.60700000000043	1.76600000000008	9.72800000000007	0	0
4.77699999999959	1.947	9.14099999999962	0	0
4.65900000000011	2.07900000000006	9.45799999999963	0	0
5.05200000000013	1.86200000000008	12.1139999999996	0	0
4.48700000000008	1.71100000000001	9.45200000000023	0	0
4.61700000000019	1.68099999999993	10.8119999999999	0	0
4.70000000000027	1.30500000000006	11.067	0	0
4.82899999999972	1.25200000000007	11.6660000000002	0	0
4.57200000000012	1.72800000000007	10.6870000000008	0	0
4.74499999999989	1.46300000000008	11.3249999999998	0	0
4.83899999999994	1.649	9.35199999999986	0	0
4.96599999999989	1.95000000000005	8.58100000000013	0	0
4.77800000000025	1.9849999999999	10.8760000000002	0	0
4.51699999999983	1.58699999999999	7.89800000000014	0	0
4.80000000000018	1.81999999999994	9.64899999999943	0	0
5.11599999999999	1.63400000000001	10.6019999999999	0	0
4.67499999999973	1.649	10.8410000000003	0	0
4.48600000000033	1.64999999999998	9.70100000000002	0	0
4.69999999999982	1.71299999999997	10.7929999999997	0	0
5.20699999999988	1.63300000000004	12.5740000000005	0	0
4.7170000000001	1.43499999999995	11.2169999999996	0	0
4.78600000000006	1.89200000000005	10.7479999999996	0	0
4.70700000000033	1.71699999999998	11.3100000000004	0	0
4.99600000000009	1.53899999999999	11.4520000000002	0	0
4.90599999999995	2.10599999999999	10.5059999999994	0	0
4.79100000000017	1.88400000000001	11.2439999999997	0	0
4.62899999999991	1.98200000000008	11.3789999999999	0	0
5.24600000000009	2.19600000000003	9.03999999999996	0	0
4.85100000000011	1.851	7.45899999999983	0	0
4.97499999999991	2.13499999999999	8.33600000000024	0	0
4.82400000000007	1.56500000000005	11.1369999999997	0	0
4.85099999999966	1.34399999999994	15.3850000000002	0	0
4.77999999999975	1.53700000000003	9.8730000000005	0	0
4.64699999999993	1.59500000000003	9.89599999999973	0	0
4.73900000000003	1.67399999999998	13.0469999999996	0	0
4.93000000000029	1.60000000000002	14.2190000000001	0	0
4.80300000000034	1.79300000000001	11.518	0	0
4.83400000000029	1.67899999999997	10.9560000000001	0	0
4.86799999999994	1.76400000000001	13.6849999999995	0	0
5.09199999999964	1.73099999999999	13.8440000000001	0	0
4.86599999999999	1.69499999999994	12.1359999999995	0	0
4.8430000000003	1.71299999999997	13.0140000000001	0	0
4.91699999999992	1.85399999999993	12.1710000000003	0	0
5.27700000000004	1.91999999999996	15.732	0	0
4.63899999999967	1.577	12.2219999999998	0	0
4.65599999999995	1.20999999999992	14.5459999999994	0	0
4.81800000000021	1.64800000000002	14.0390000000007	0	0
5.16300000000001	1.73099999999999	13.3130000000001	0	0
4.68299999999999	1.697	12.3789999999999	0	0
4.59799999999996	1.54200000000003	12.4579999999996	0	0
4.71500000000015	1.83100000000002	12.616	0	0
5.40000000000009	2.66600000000005	11.2300000000005	0	0
4.98900000000003	1.79100000000005	11.8040000000001	0	0
4.75	1.505	12.7489999999998	0	0
5.13000000000011	1.53100000000006	10.8559999999998	0	0
5.02500000000009	2.09799999999996	6.82300000000032	0	0
5.11299999999983	2.101	7.72199999999975	0	0
5.69299999999976	2.53700000000003	9.03899999999976	0	0
5.78400000000011	2.45099999999991	9.63299999999981	0	0
5.17900000000009	1.85199999999998	9.30000000000018	0	0
5.40200000000004	2.41999999999996	9.48799999999937	0	0
5.31800000000021	2.34799999999996	10.5029999999997	0	0
5.21699999999964	1.76699999999994	10.7719999999999	0	0
4.69300000000021	1.52300000000002	12.9410000000007	0	0
4.82400000000007	1.73700000000008	11.7040000000006	0	0
4.76800000000003	1.4559999999999	12.6349999999993	0	0
5.02099999999973	1.72299999999996	13.3760000000002	0	0
4.66800000000012	1.59800000000007	13.317	0	0
4.7810000000004	1.79199999999992	12.6860000000006	0	0
4.79299999999967	1.65599999999995	12.1000000000004	0	0
4.88599999999997	1.63900000000012	13.7510000000002	0	0
4.53400000000011	1.27200000000016	11.808	0	0
4.68600000000015	1.44700000000012	11.3710000000001	0	0
4.52999999999975	1.28800000000001	12.1080000000002	0	0
4.54599999999982	1.29600000000005	11.4609999999993	0	0
4.5619999999999	1.39100000000008	11.9300000000003	0	0
4.62300000000005	1.48000000000002	12.4770000000008	0	0
5.02099999999973	1.3889999999999	15.5170000000007	0	0
4.43100000000004	1.47799999999984	13.2250000000004	0	0
4.87100000000009	1.64300000000003	12.1420000000007	0	0
4.74800000000005	1.4559999999999	11.1989999999996	0	0
5.50900000000001	1.66999999999985	13.0789999999997	0	0
4.42099999999982	1.28399999999988	12.9250000000002	0	0
4.64599999999973	1.57600000000002	12.8190000000004	0	0
4.62699999999995	1.51499999999987	10.0249999999996	0	0
4.4670000000001	1.46299999999997	12.0910000000003	0	0
4.47200000000021	1.38499999999999	11.6289999999999	0	0
4.38900000000012	1.25600000000009	12.6390000000001	0	0
4.48000000000002	1.30199999999991	8.6840000000002	0	0
4.89200000000028	1.4409999999998	13.8230000000003	0	0
4.24499999999989	1.33500000000004	12.6290000000008	0	0
4.4989999999998	1.29399999999987	11.7569999999996	0	0
4.61699999999973	1.17499999999995	13.692	0	0
5.04299999999967	1.13799999999992	13.1379999999999	0	0
4.63700000000017	1.61900000000014	7.90999999999985	0	0
4.63999999999987	1.63800000000015	7.37899999999991	0	0
4.88799999999992	1.56299999999987	8.36100000000079	0	0
4.95599999999968	1.827	8.0659999999998	0	0
4.65300000000025	1.7170000000001	9.42799999999988	0	0
4.39300000000003	1.37400000000002	9.80699999999979	0	0
4.61000000000013	1.76700000000005	11.2640000000001	0	0
5.00300000000016	1.62699999999995	10.9229999999998	0	0
4.68100000000004	1.49400000000014	9.57200000000012	0	0
4.55600000000004	1.50599999999986	11.067	0	0
4.56200000000035	1.56799999999998	9.39900000000034	0	0
5.12300000000005	1.8420000000001	11.7190000000001	0	0
4.721	1.75200000000018	9.32399999999961	0	0
4.779	1.48500000000013	9.78800000000047	0	0
4.66599999999971	1.55799999999999	11.2820000000002	0	0
5.07600000000002	1.35899999999992	12.2539999999999	0	0
4.51900000000023	1.59800000000018	9.85099999999966	0	0
4.846	1.78199999999993	9.05400000000009	0	0
4.89199999999983	1.71499999999992	10.6869999999999	0	0
4.95299999999997	1.57300000000009	12.6469999999999	0	0
4.42000000000007	1.39899999999989	9.25399999999991	0	0
4.61099999999988	1.59300000000007	10.4079999999994	0	0
4.5890000000004	1.44799999999987	10.232	0	0
5.01700000000028	1.41599999999994	12.75	0	0
4.42500000000018	1.13100000000009	10.067	0	0
4.61000000000013	1.56099999999992	9.59799999999996	0	0
4.63599999999997	1.52199999999993	10.9489999999996	0	0
4.94100000000026	1.44599999999991	11.7559999999994	0	0
4.45399999999972	1.55899999999997	9.88699999999972	0	0
4.57399999999961	1.44100000000003	10.3650000000007	0	0
4.49299999999994	1.21199999999999	10.9949999999999	0	0
5.06700000000001	1.52500000000009	10.0519999999997	0	0
4.94799999999987	2.03699999999981	9.14900000000034	0	0
4.55000000000018	1.47299999999996	10.0720000000001	0	0
4.73799999999983	1.54999999999995	11.9750000000004	0	0
4.846	1.46399999999994	12.8299999999999	0	0
4.4680000000003	1.32999999999993	9.42500000000018	0	0
4.44700000000012	1.2800000000002	9.35699999999997	0	0
4.82099999999991	1.31400000000008	10.4800000000005	0	0
4.5939999999996	1.63499999999999	9.08700000000044	0	0
4.70400000000018	1.66100000000006	8.61300000000028	0	0
4.88899999999967	1.72700000000009	10.027	0	0
5.25399999999991	2.20499999999993	8.8760000000002	0	0
4.41100000000006	1.41599999999994	10.9210000000003	0	0
4.49600000000009	1.25500000000011	10.277	0	0
4.64199999999983	1.65999999999985	10.7299999999996	0	0
4.8449999999998	1.46599999999989	12.3990000000003	0	0
4.74300000000039	1.62899999999991	11.3230000000003	0	0
4.58300000000008	1.55700000000002	10.7529999999997	0	0
4.91100000000006	1.40700000000015	12.2889999999998	0	0
4.54600000000028	1.45800000000008	8.3760000000002	0	0
4.50399999999991	1.35899999999992	10.1610000000001	0	0
4.69000000000005	1.83799999999997	8.80600000000049	0	0
5.07600000000002	1.93000000000006	7.74099999999999	0	0
4.72599999999966	1.56000000000017	8.71199999999953	0	0
4.93499999999995	1.721	8.90099999999984	0	0
5.10100000000011	1.54899999999998	10.0169999999998	0	0
4.51099999999997	1.29199999999992	8.66799999999967	0	0
4.66900000000032	1.48300000000017	10.9030000000002	0	0
4.60100000000011	1.57799999999997	9.49600000000009	0	0
4.96699999999964	1.84199999999987	10.6440000000002	0	0
4.65099999999984	1.59400000000005	10.3180000000002	0	0
4.55099999999993	1.47799999999984	11.4319999999998	0	0
4.65100000000029	1.42999999999984	11.165	0	0
5.33000000000038	2.28499999999985	10.7939999999999	0	0
4.57999999999993	1.34500000000003	11.1320000000005	0	0
4.43199999999979	1.18200000000002	11.2260000000006	0	0
4.625	1.61900000000014	10.8649999999998	0	0
4.60800000000017	1.60100000000011	10.3189999999995	0	0
4.59899999999971	1.44100000000003	10.5799999999999	0	0
4.57799999999997	1.47499999999991	11.0430000000006	0	0
4.76700000000028	1.71399999999994	11.8530000000001	0	0
4.6840000000002	1.55200000000013	11.1060000000007	0	0
4.30199999999968	1.45699999999988	11.0010000000002	0	0
4.6880000000001	1.56700000000001	9.97000000000025	0	0
4.68100000000004	1.72000000000003	11.0260000000007	0	0
4.529	1.55300000000011	10.5330000000004	0	0
4.88500000000022	1.78700000000003	10.8149999999996	0	0
4.9380000000001	1.64100000000008	11.5119999999997	0	0
4.57899999999972	1.62099999999987	9.88799999999992	0	0
4.39100000000008	1.38900000000012	10.6750000000002	0	0
4.68299999999999	1.43899999999985	10.3389999999999	0	0
4.81899999999996	1.46199999999999	11.0299999999997	0	0
4.59099999999989	1.65700000000015	11.1459999999997	0	0
4.9069999999997	1.673	9.67500000000018	0	0
4.69200000000001	1.57500000000005	9.54199999999946	0	0
4.55600000000004	1.51600000000008	11.0819999999994	0	0
4.65900000000011	1.94200000000001	11.2470000000003	0	0
4.58999999999969	1.47600000000011	11.1190000000006	0	0
5.07699999999977	1.62699999999995	12.1620000000003	0	0
4.45699999999988	1.279	11.1259999999993	0	0
4.73800000000028	1.65599999999995	10.9859999999999	0	0
4.77799999999979	1.39700000000016	11.25	0	0
5.09899999999971	1.60500000000002	10.9759999999997	0	0
4.70699999999988	1.55999999999995	11.4200000000001	0	0
4.66799999999967	1.79199999999992	8.79500000000007	0	0
4.8149999999996	1.78800000000001	10.7939999999999	0	0
5.11599999999999	1.72900000000004	11.6409999999996	0	0
4.63999999999987	1.39499999999998	11.4830000000002	0	0
4.62100000000009	1.63600000000019	10.8160000000007	0	0
4.50799999999981	1.27499999999986	9.87700000000041	0	0
4.67000000000007	1.69499999999994	9.28000000000065	0	0
4.96599999999989	1.86099999999988	11.4340000000011	0	0
4.61300000000028	1.50900000000001	10.9539999999997	0	0
5.17000000000007	2.13999999999987	11.3459999999995	0	0
4.654	1.53099999999995	11.2510000000002	0	0
4.73500000000013	1.59199999999987	11.0580000000009	0	0
4.78999999999996	1.28099999999995	11.280999999999	0	0
4.66499999999996	1.85799999999995	9.94700000000012	0	0
4.8760000000002	1.57200000000012	10.7969999999987	0	0
4.61700000000019	1.31700000000001	11.1029999999992	0	0
5.21900000000005	1.86999999999989	12.1320000000014	0	0
4.62800000000016	1.96500000000015	10.6219999999994	0	0
4.66699999999992	1.54500000000007	10.6880000000001	0	0
4.61799999999994	1.71100000000001	10.9539999999997	0	0
5.0920000000001	1.49800000000005	12.1380000000008	0	0
4.81799999999976	2.05199999999991	10.0020000000004	0	0
4.87699999999995	1.68100000000004	10.2939999999999	0	0
5.14699999999993	1.68900000000008	10.759	0	0
4.90099999999984	1.846	9.89999999999964	0	0
4.69999999999982	1.51800000000003	11.1579999999994	0	0
4.73299999999972	1.58100000000013	10.5600000000013	0	0
5.08899999999994	1.43399999999997	10.5390000000007	0	0
4.73900000000003	1.63200000000006	10.4320000000007	0	0
4.82699999999977	1.37199999999984	11.4879999999994	0	0
5.10299999999961	1.36999999999989	12.7309999999998	0	0
4.57700000000023	1.57400000000007	9.49200000000019	0	0
4.79599999999982	1.78399999999988	10.1440000000002	0	0
4.92799999999988	1.75	10.1230000000014	0	0
5.17099999999937	1.78300000000013	8.86000000000058	0	0
4.67199999999957	1.72900000000004	10.0609999999997	0	0
5.55400000000009	3.08799999999997	4.65399999999863	0	0
5.46599999999944	2.66600000000017	6.3760000000002	0	0
5.60800000000017	3.30500000000006	7.8859999999986	0	0
5.71900000000005	3.27500000000009	6.96800000000076	0	0
8.95800000000054	7.11199999999985	12.9570000000003	0	0
7.17200000000048	5.47400000000016	8.25799999999981	0	0
7.69200000000001	6.10300000000007	11.6790000000001	0	0
9.53600000000006	8.68799999999987	10.8429999999989	0	0
10.2280000000001	9.0329999999999	13.5499999999993	0	0
7.61999999999989	6.03199999999993	11.6080000000002	0	0
10.6280000000006	9.91300000000001	11.2109999999993	0	0
9.08800000000065	7.97000000000003	11.7420000000002	0	0
11.7089999999998	12.2559999999999	11.5639999999985	0	0
8.57299999999941	7.12300000000005	10.1649999999991	0	0
8.07099999999991	6.32799999999997	12.344000000001	0	0
10.402	9.64400000000001	12.0509999999995	0	0
8.14300000000003	7.24399999999991	10.9529999999995	0	0
10.5550000000003	10.5940000000001	13.2109999999993	0	0
12.0500000000002	11.201	13.9930000000004	0	0
12.4410000000007	12.9440000000002	12.6809999999987	0	0
14.3699999999999	14.991	12.5210000000006	0	0
9.54499999999916	8.76800000000003	12.884	0	0
10.6820000000007	10.1290000000001	12.0889999999999	0	0
16.1619999999994	16.46	12.4279999999999	0	0
16.7489999999998	19.2159999999999	13.0249999999996	0	0
12.607	11.9560000000001	14.0580000000009	0	0
9.85499999999956	9.03300000000013	13.6660000000011	0	0
17.0239999999994	17.8900000000001	14.5460000000003	0	0
13.259	12.6579999999999	12.2469999999994	0	0
13.9130000000005	14.3579999999999	12.277	0	0
13.4620000000004	13.4899999999998	12.7369999999992	0	0
12.7889999999998	12.9000000000001	12.7000000000007	0	0
14.7070000000003	15.951	11.7950000000001	0	0
15.1580000000004	15.5070000000001	10.9670000000006	0	0
14.8040000000001	14.3379999999997	12.1670000000013	0	0
13.4540000000006	13.3269999999998	13.6190000000006	0	0
12.1270000000004	12.3029999999999	12.5740000000005	0	0
8.3179999999993	7.33800000000019	13.3130000000001	0	0
10.098	9.34799999999996	13.648000000001	0	0
11.6000000000004	11.7740000000003	12.027	0	0
14.9620000000004	16.6369999999997	12.5920000000006	0	0
12.7730000000001	13.163	13.5519999999997	0	0
15.1530000000002	15.9610000000002	14.4159999999993	0	0
14.2039999999997	14.605	12.0679999999993	0	0
11.2740000000003	12.0020000000004	10.8099999999995	0	0
8.30799999999999	7.02700000000004	12.3410000000003	0	0
10.1329999999998	11.154	7.18399999999929	0	0
10.366	10.0729999999999	12.0250000000015	0	0
10.3179999999993	10.8099999999999	13.0650000000005	0	0
7.14800000000014	6.25	11.2150000000001	0	0
16.0219999999999	19.018	12.3950000000004	0	0
9.16299999999956	9.89300000000003	9.86299999999937	0	0
11.527	12.77	9.5619999999999	0	0
9.47299999999996	10.3049999999998	9.31899999999951	0	0
11.223	12.768	11.4740000000002	0	0
6.04600000000028	4.93100000000004	7.77699999999822	0	0
8.69899999999961	8.25600000000031	8.45299999999952	0	0
8.01299999999992	7.77499999999964	7.65200000000004	0	0
9.44700000000012	9.76199999999972	7.86399999999958	0	0
10.6620000000003	11.4850000000001	8.79700000000048	0	0
6.9940000000006	5.19300000000021	10.2899999999991	0	0
5.75399999999991	4.49299999999994	5.89199999999983	0	0
7.76299999999992	7.0590000000002	8.75099999999838	0	0
8.40300000000025	8.19200000000001	10.7279999999992	0	0
5.73999999999978	3.81800000000021	7.34499999999935	0	0
8.92000000000007	8.96799999999985	7.03600000000006	0	0
7.35499999999956	6.88200000000006	6.125	0	0
6.16800000000057	4.27999999999975	5.86000000000058	0	0
6.10099999999966	4.76000000000022	9.51699999999983	0	0
9.70100000000002	10.7599999999998	6.10199999999895	0	0
6.28700000000026	3.90200000000004	7.47299999999996	0	0
7.16899999999987	6.48599999999988	6.76599999999962	0	0
7.43199999999979	6.48999999999978	7.69400000000132	0	0
7.6899999999996	6.06700000000001	9.33199999999852	0	0
8.02700000000004	7.06700000000001	8.03699999999844	0	0
7.22299999999996	7.04799999999977	5.93399999999929	0	0
5.38400000000001	2.94799999999987	10.9379999999983	0	0
5.3700000000008	2.77200000000039	10.5349999999999	0	0
5.25399999999991	2.16600000000017	10.0209999999988	0	0
4.98499999999967	2.5029999999997	10.746000000001	0	0
5.39100000000053	2.03500000000031	11.2819999999992	0	0
5.26100000000042	3.03800000000001	10.6869999999999	0	0
5.38700000000063	2.76999999999998	9.99200000000019	0	0
5.67500000000018	2.29700000000003	11.5709999999999	0	0
5.49600000000009	2.52200000000039	11.3799999999992	0	0
5.38499999999931	2.70699999999988	11.1779999999999	0	0
5.51999999999953	3.60500000000002	10.232	0	0
5.33399999999983	2.80100000000039	9.47899999999936	0	0
5.6239999999998	3.3130000000001	11.2090000000007	0	0
4.86499999999978	2.37300000000005	11.0490000000009	0	0
6.15200000000004	3.59000000000015	12.152	0	0
7.28500000000076	6.44600000000037	12.375	0	0
6.39800000000014	5.05099999999993	10.6749999999993	0	0
6.16600000000017	4.1569999999997	10.7060000000001	0	0
6.46299999999974	4.71399999999994	10.9280000000017	0	0
5.85099999999966	3.40900000000011	12.0540000000001	0	0
7.01199999999972	5.50599999999986	12.1740000000009	0	0
6.16299999999956	4.96199999999999	11.4030000000002	0	0
6.5639999999994	5.35600000000022	11.1010000000006	0	0
6.14599999999973	4.99499999999989	12.348	0	0
7.42100000000028	6.82199999999966	11.4889999999996	0	0
6.25900000000001	4.74400000000014	12.4269999999997	0	0
6.68199999999979	4.54200000000037	11.9089999999997	0	0
6.05500000000029	3.346	13.0220000000008	0	0
6.48099999999977	4.72299999999996	10.1890000000003	0	0
7.38700000000063	6.20899999999983	11.2309999999998	0	0
7.15700000000015	5.20100000000002	11.277	0	0
5.87100000000009	3.98000000000002	9.69499999999971	0	0
4.82899999999972	2.03400000000011	9.19200000000092	0	0
6.65300000000025	4.10799999999972	11.737000000001	0	0
5.51199999999972	3.69700000000012	10.1939999999995	0	0
5.8769999999995	3.41499999999996	9.91599999999926	0	0
6.47700000000077	3.71599999999989	11.3809999999994	0	0
5.16199999999935	2.32499999999982	9.35900000000038	0	0
5.59100000000035	3.13799999999992	9.52099999999882	0	0
6.90199999999913	4.67999999999984	9.91300000000047	0	0
5.78899999999976	3.23500000000013	11.0460000000003	0	0
5.88599999999951	3.75199999999995	10.3209999999999	0	0
5.86099999999988	3.07000000000016	11.9300000000003	0	0
6.12700000000041	4.17900000000009	9.23400000000038	0	0
6.16300000000047	4.51199999999972	11.8149999999987	0	0
5.92699999999968	2.75800000000027	11.5619999999999	0	0
5.58899999999994	3.48399999999992	9.67699999999968	0	0
5.80399999999918	3.83100000000013	10.4650000000001	0	0
6.51900000000023	4.6260000000002	10.4369999999999	0	0
6.31400000000031	4.42900000000009	10.741	0	0
6.80400000000009	4.79700000000003	12.2569999999996	0	0
7.14999999999964	6.15200000000004	10.3180000000011	0	0
7.71399999999994	7.2489999999998	10.9430000000011	0	0
6.89300000000003	5.71099999999979	10.0810000000001	0	0
6.80100000000039	5.54800000000023	10.5599999999995	0	0
6.78599999999915	5.154	10.6279999999988	0	0
6.27000000000044	4.2489999999998	9.95300000000134	0	0
6.74399999999969	4.73000000000002	11.9839999999986	0	0
7.53999999999996	5.49800000000005	11.6320000000014	0	0
6.8070000000007	5.31700000000001	9.60199999999895	0	0
5.81700000000001	4.11999999999989	10.6100000000006	0	0
6.6850000000004	4.51399999999967	12.3439999999991	0	0
6.00200000000041	3.88800000000037	11.4739999999983	0	0
6.45200000000023	4.68600000000015	10.5570000000007	0	0
6.26300000000083	4.61200000000008	10.5920000000006	0	0
6.10499999999956	3.45299999999997	10.8169999999991	0	0
5.22400000000016	2.25900000000001	9.8080000000009	0	0
6.94799999999941	5.67700000000013	10.7170000000006	0	0
6.86999999999989	4.38200000000006	11.6620000000003	0	0
6.07200000000012	4.18900000000031	10.619999999999	0	0
6.44500000000062	4.5329999999999	11.2049999999999	0	0
7.09199999999964	5.01399999999967	12.5630000000001	0	0
6.05200000000059	3.73700000000008	10.9459999999999	0	0
5.76100000000042	3.52999999999975	11.4869999999992	0	0
6.02800000000025	3.09999999999991	11.2700000000004	0	0
5.88900000000012	2.78099999999995	9.92699999999968	0	0
5.26199999999972	2.3739999999998	10.5120000000006	0	0
6.13000000000011	3.68600000000015	10.4719999999998	0	0
5.75999999999931	3.0659999999998	10.9189999999999	0	0
5.52000000000044	2.65299999999979	11.1209999999992	0	0
8.12299999999959	7.3449999999998	10.7149999999983	0	0
6.50200000000041	3.51800000000003	11.8979999999992	0	0
5.72500000000036	4.15599999999995	10.2129999999997	0	0
6.06899999999951	3.77799999999979	10.3240000000005	0	0
6.6269999999995	4.24200000000019	11.8379999999997	0	0
5.15699999999924	2.82300000000032	9.91400000000067	0	0
5.76100000000042	3.47599999999966	10.9290000000001	0	0
6.56099999999969	4.48500000000013	11.5920000000006	0	0
6.77500000000055	4.16699999999992	13.5790000000015	0	0
6.33900000000085	3.83300000000008	11.0669999999991	0	0
7.55400000000009	6.29299999999967	12.9239999999991	0	0
6.30100000000039	3.78999999999996	12.7160000000003	0	0
5.33899999999994	2.69799999999987	11.6810000000005	0	0
5.30600000000049	3.43399999999974	11.7469999999994	0	0
5.76200000000063	3.55500000000029	11.3179999999993	0	0
7.19999999999982	5.50599999999986	13.7610000000004	0	0
5.72599999999966	3.45699999999988	10.2620000000006	0	0
6.99900000000071	5.89699999999993	10.482	0	0
7.21000000000004	5.30799999999999	11.1640000000007	0	0
5.76499999999942	3.38200000000006	10.6629999999986	0	0
6.67900000000009	4.28099999999995	11.5110000000004	0	0
7.27899999999954	4.78399999999965	11.0489999999991	0	0
6.59600000000046	5.47699999999986	7.0580000000009	0	0
5.92500000000018	3.50300000000016	9.16100000000006	0	0
5.71199999999953	2.92099999999982	10.7420000000002	0	0
4.97599999999966	2.76099999999997	7.128999999999	0	0
5.5010000000002	3.17399999999998	9.06000000000131	0	0
5.32899999999972	2.85699999999997	11.884	0	0
5.83399999999983	3.5920000000001	10.8250000000007	0	0
5.66700000000037	3.41599999999971	9.92900000000009	0	0
6.30000000000018	3.64600000000019	11.7920000000013	0	0
5.77800000000025	4.33500000000004	9.98300000000017	0	0
4.89599999999973	1.75700000000006	9.16599999999926	0	0
6.52199999999993	3.80400000000009	12.1669999999995	0	0
5.90499999999975	4.06100000000015	12.478000000001	0	0
5.71800000000076	3.52300000000014	12.3739999999998	0	0
7.03499999999985	5.22200000000021	13.9279999999999	0	0
7.19700000000012	5.75	11.5720000000001	0	0
7.73199999999997	6.83100000000013	11.621000000001	0	0
7.58899999999994	5.74099999999999	12.8310000000001	0	0
7.98000000000047	7.72699999999986	12.6000000000004	0	0
6.4409999999998	4.06800000000021	11.2530000000006	0	0
7.97999999999956	6.93299999999999	12.7260000000006	0	0
6.5010000000002	5.07600000000002	10.5849999999991	0	0
6.82500000000073	6.10700000000043	12.0040000000008	0	0
7.30899999999929	4.87299999999959	13.1369999999988	0	0
6.02799999999934	4.86100000000033	12.112000000001	0	0
6.59700000000066	5.13200000000006	12.3610000000008	0	0
7.76099999999951	6.41800000000012	14.3100000000013	0	0
7.18900000000031	6.29500000000007	10.8950000000004	0	0
6.78299999999945	4.98599999999988	11.0379999999986	0	0
7.01699999999983	5.14300000000003	12.4189999999999	0	0
5.45899999999983	2.67099999999982	11.4969999999994	0	0
6.08199999999943	3.79899999999998	10.6800000000003	0	0
5.96699999999964	3.39000000000033	12.0919999999987	0	0
5.16400000000067	2.15300000000025	10.6609999999982	0	0
6.16699999999946	4.32099999999991	10.8639999999996	0	0
5.88100000000031	2.96099999999933	10.4600000000009	0	0
6.32600000000002	4.90999999999985	11.2250000000004	0	0
5.67900000000009	3.54100000000017	11.1719999999987	0	0
5.82900000000063	4.19900000000052	11.2060000000001	0	0
5.32099999999991	2.14800000000014	10.5900000000001	0	0
5.45200000000023	2.73300000000017	11.6170000000002	0	0
5.52899999999954	3.03699999999935	10.1400000000012	0	0
6.90599999999995	4.95399999999972	13.3500000000004	0	0
5.82999999999993	3.62899999999991	10.134	0	0
6.10000000000036	4.18099999999959	9.63799999999901	0	0
5.89000000000033	2.98000000000047	11.1080000000002	0	0
4.96699999999964	2.35500000000047	9.90900000000147	0	0
4.94799999999941	2.02800000000025	9.17499999999927	0	0
6.07999999999993	2.77499999999964	9.52000000000044	0	0
5.73700000000008	3.05099999999948	9.25800000000163	0	0
5.65900000000056	3.07800000000043	9.0619999999999	0	0
5.83800000000065	2.63599999999951	10.1659999999993	0	0
5.74399999999969	3.07200000000012	9.34100000000035	0	0
5.54100000000017	2.57699999999932	9.81400000000031	0	0
5.6850000000004	2.54299999999967	9.96600000000035	0	0
5.78099999999995	3.49600000000009	9.95399999999972	0	0
5.33199999999943	2.11799999999948	9.1299999999992	0	0
5.53099999999995	1.8720000000003	9.8020000000015	0	0
5.30699999999979	2.38600000000042	8.57300000000032	0	0
5.09999999999945	2.60699999999997	7.98999999999978	0	0
5.84199999999964	3.01999999999953	8.61199999999917	0	0
5.24300000000039	2.38900000000012	10.0499999999993	0	0
5.39599999999973	2.97900000000027	9.49300000000039	0	0
5.36399999999958	1.88400000000001	10.0360000000001	0	0
5.13400000000001	2.41599999999926	9.07599999999911	0	0
5.19700000000012	2.54100000000017	7.50400000000081	0	0
5.41700000000037	2.10900000000038	8.36799999999857	0	0
5.2489999999998	2.07600000000002	7.69900000000052	0	0
5.43100000000049	2.39300000000003	8.20000000000073	0	0
5.73300000000017	2.36200000000008	8.67599999999948	0	0
5.47800000000007	2.71399999999994	8.45099999999911	0	0
4.89599999999973	1.6220000000003	11.2399999999998	0	0
5.13799999999992	1.9320000000007	10.8099999999995	0	0
4.51800000000003	1.69999999999982	9.39899999999943	0	0
4.82600000000002	1.73699999999917	11.1970000000001	0	0
4.94800000000032	1.72600000000057	12.6400000000012	0	0
4.71100000000024	1.28399999999965	10.7489999999998	0	0
4.64000000000033	1.63100000000031	9.14599999999882	0	0
5.09700000000066	1.79799999999977	9.60900000000038	0	0
4.96200000000044	1.73000000000047	8.75200000000041	0	0
4.69100000000071	1.6309999999994	10.2579999999998	0	0
5.3090000000002	1.68399999999929	11.8299999999999	0	0
4.83500000000004	1.48599999999988	10.1050000000014	0	0
4.71299999999974	1.50799999999981	10.1630000000005	0	0
5.12199999999939	1.70400000000063	12.1990000000005	0	0
4.77199999999993	1.46399999999994	9.60000000000036	0	0
4.77800000000025	1.52199999999993	9.47099999999955	0	0
4.90799999999945	1.67999999999938	10.9770000000008	0	0
4.73599999999988	1.47900000000027	11.0879999999997	0	0
4.67699999999968	1.76099999999951	10.866	0	0
5.17200000000048	1.54500000000007	12.1810000000005	0	0
4.75500000000011	1.48700000000008	10.1970000000001	0	0
4.49200000000019	1.7480000000005	9.93000000000029	0	0
5.22499999999945	1.77199999999993	11.0789999999997	0	0
4.35800000000017	1.63900000000012	10.6279999999988	0	0
4.61200000000008	1.67100000000028	10.2210000000014	0	0
5.04500000000007	1.70300000000043	12.4560000000001	0	0
4.74299999999948	1.44999999999982	11.2140000000018	0	0
4.92399999999998	1.65000000000055	11.1219999999994	0	0
5.24399999999969	1.17199999999957	11.3790000000008	0	0
4.82999999999993	1.37100000000009	11.2189999999991	0	0
4.5590000000002	1.13699999999972	10.1689999999999	0	0
4.94700000000012	1.28900000000067	11.9929999999986	0	0
4.79500000000007	1.78600000000006	10.8949999999986	0	0
4.8760000000002	1.69300000000021	10.6040000000012	0	0
5.22599999999966	1.9940000000006	12.7049999999999	0	0
4.91100000000006	1.42399999999998	10.6370000000006	0	0
4.85500000000047	1.64400000000023	11.2989999999991	0	0
5.23800000000028	1.83899999999994	12.1709999999985	0	0
4.63300000000072	1.68299999999999	9.30299999999988	0	0
4.42199999999957	1.76599999999962	6.4940000000006	0	0
5.13299999999981	1.59200000000055	10.0709999999999	0	0
4.3779999999997	1.60800000000017	9.2510000000002	0	0
4.64199999999983	1.49199999999928	8.0580000000009	0	0
5.10299999999916	1.66899999999987	9.06800000000112	0	0
4.57999999999993	2.09100000000035	8.11700000000019	0	0
4.82900000000063	1.71900000000005	8.03100000000086	0	0
4.98999999999978	1.94899999999961	8.61299999999937	0	0
4.55499999999938	1.92500000000018	8.80299999999988	0	0
4.67100000000028	2.22999999999956	4.80400000000009	0	0
5.37899999999991	2.38900000000012	8.71900000000096	0	0
4.89899999999943	2.00399999999991	7.76100000000042	0	0
4.88200000000052	2.19499999999971	8.21899999999914	0	0
5.28199999999924	1.90000000000055	8.55899999999929	0	0
4.58899999999994	1.63600000000042	5.6190000000006	0	0
5.02300000000014	2.3100000000004	7.90600000000086	0	0
5.0010000000002	1.52599999999984	8.90699999999924	0	0
5.02399999999943	1.9389999999994	8.10499999999956	0	0
4.55799999999999	1.68299999999999	8.22600000000057	0	0
5.22199999999975	2.25900000000001	8.67799999999988	0	0
5.14599999999973	2.00799999999981	7.7609999999986	0	0
4.72599999999966	2.03999999999996	8.94000000000051	0	0
5.13700000000063	1.56600000000071	8.91100000000006	0	0
4.8159999999998	2.09200000000055	5.88899999999921	0	0
5.16500000000087	2.75799999999981	6.94100000000071	0	0
5.37700000000041	1.85400000000027	8.5570000000007	0	0
4.52499999999964	1.78899999999976	5.61200000000099	0	0
5.11700000000019	2.4409999999998	8.41699999999946	0	0
5.40099999999984	2.39099999999962	8.64699999999903	0	0
4.84799999999996	1.76500000000033	7.78800000000047	0	0
4.9489999999987	2.11800000000039	8.3739999999998	0	0
5.52399999999943	2.00699999999961	8.95000000000073	0	0
5.03499999999985	2.01000000000022	7.63199999999961	0	0
4.95700000000033	1.82499999999982	8.8130000000001	0	0
5.39199999999983	2.26300000000083	9.45600000000013	0	0
5.20799999999872	2.19799999999941	9.22299999999996	0	0
4.80900000000111	2.21300000000065	8.65599999999904	0	0
5.60699999999997	2.49699999999939	8.58400000000074	0	0
4.97600000000057	2.01100000000042	8.17599999999948	0	0
5.04700000000048	2.53600000000006	5.92100000000028	0	0
5.36700000000019	2.125	9.16799999999967	0	0
5.04999999999927	1.83699999999953	7.90200000000004	0	0
4.83399999999892	1.93299999999999	9.08299999999872	0	0
5.51399999999921	1.86899999999969	9.93100000000049	0	0
5.01599999999962	2.27499999999964	7.58500000000095	0	0
4.9429999999993	2.24300000000039	6.41100000000006	0	0
5.27499999999964	2.21000000000004	8.47600000000057	0	0
5.18600000000151	2.05000000000018	9.03200000000106	0	0
4.72299999999996	2	8.18199999999888	0	0
5.43900000000031	2.36499999999978	8.375	0	0
4.58500000000095	1.18900000000031	7.65300000000025	0	0
4.5630000000001	1.6840000000002	7.33800000000156	0	0
5.09200000000055	1.76200000000063	9.375	0	0
4.5010000000002	1.56999999999971	8.02300000000105	0	0
4.42400000000089	1.67799999999988	8.76000000000022	0	0
5.10800000000017	1.67299999999977	8.65400000000045	0	0
4.73600000000079	1.58100000000013	7.69999999999891	0	0
4.43000000000029	1.6230000000005	8.35800000000017	0	0
5.04900000000089	1.69599999999991	8.77399999999943	0	0
4.50699999999961	1.69700000000012	6.36000000000058	0	0
4.70700000000033	1.9970000000003	8.42699999999968	0	0
5.21299999999974	1.67800000000079	8.57300000000032	0	0
4.67699999999968	1.89599999999973	7.75600000000122	0	0
4.58799999999974	1.5600000000004	8.4369999999999	0	0
5.26900000000023	1.88900000000012	8.64900000000125	0	0
4.9950000000008	2.5019999999995	3.89700000000084	0	0
5.29600000000028	2.72299999999996	3.85699999999997	0	0
5.95800000000054	3.66899999999987	4.31600000000071	0	0
5.54599999999846	2.76500000000033	4.38500000000022	0	0
5.9489999999987	3.76699999999983	5.34299999999894	0	0
5.28899999999885	2.3799999999992	4.63199999999961	0	0
5.68299999999908	2.94399999999951	4.87800000000061	0	0
5.60199999999895	3.66800000000057	4.35399999999936	0	0
6.128999999999	3.21299999999974	5.04600000000028	0	0
4.71899999999914	2.47800000000007	4.59799999999996	0	0
5.60900000000038	2.63100000000031	4.48000000000138	0	0
6.753999999999	4.48000000000047	5.76900000000023	0	0
5.48300000000017	2.77400000000034	4.22699999999895	0	0
5.67000000000007	2.78099999999995	4.35699999999997	0	0
5.97099999999955	3.4989999999998	4.73600000000079	0	0
5.7549999999992	2.80600000000049	5.05299999999988	0	0
5.38699999999881	2.52499999999964	4.49300000000039	0	0
6.69599999999991	4.01900000000023	4.82799999999952	0	0
5.38700000000063	2.59199999999964	4.09099999999853	0	0
5.58300000000054	2.95499999999993	4.27900000000045	0	0
6.37800000000061	3.35900000000038	4.58400000000074	0	0
5.64100000000144	2.82700000000023	4.75699999999961	0	0
5.99200000000019	3.51800000000003	4.61700000000019	0	0
5.59499999999935	3.1899999999996	4.45999999999913	0	0
5.32799999999952	2.47299999999996	4.36299999999937	0	0
5.71499999999833	2.71600000000035	4.45800000000054	0	0
5.26100000000042	2.42900000000009	4.66599999999926	0	0
4.93199999999888	2.10900000000038	4.66200000000026	0	0
6.3080000000009	2.69000000000051	5.22999999999956	0	0
6.36099999999897	4.24600000000009	4.46700000000055	0	0
6.52700000000004	4.41600000000017	4.77599999999984	0	0
5.97400000000016	3.00999999999931	5.5	0	0
7.4260000000013	5.68000000000029	4.63899999999921	0	0
5.48400000000038	2.43000000000029	4.66399999999885	0	0
5.60499999999956	2.55999999999949	4.9989999999998	0	0
6.16800000000148	3.32399999999961	4.67300000000068	0	0
6.89800000000105	4.35400000000027	4.40499999999884	0	0
6.66699999999946	3.87899999999991	5.46000000000095	0	0
6.378999999999	4.07300000000032	4.80299999999988	0	0
7.09100000000035	4.90399999999954	4.72699999999895	0	0
8.40999999999985	6.30100000000039	5.52700000000004	0	0
5.43000000000029	2.61400000000049	4.6760000000013	0	0
6.03100000000086	3.71399999999994	4.70000000000073	0	0
6.47400000000016	3.35800000000017	5.75699999999961	0	0
6.11499999999978	3.58700000000044	4.94200000000092	0	0
6.0630000000001	3.94800000000032	4.67499999999927	0	0
5.50799999999981	2.54300000000057	4.7440000000006	0	0
5.26200000000063	2.38699999999972	4.86599999999999	0	0
4.92599999999948	2.10000000000036	4.60200000000077	0	0
6.23999999999978	3.49200000000019	4.92900000000009	0	0
6.03499999999985	3.1239999999998	4.36299999999937	0	0
5.76500000000124	2.73800000000028	4.47699999999895	0	0
7.25799999999981	4.57799999999952	6.06599999999889	0	0
6.63200000000143	4.75799999999981	4.64099999999962	0	0
5.32300000000032	2.8730000000005	4.19100000000071	0	0
6.20400000000154	3.12100000000009	5.58499999999913	0	0
5.91899999999987	3.02100000000064	5.01400000000103	0	0
7.35500000000138	5.68000000000029	4.8119999999999	0	0
6.64400000000023	4.02799999999934	5.17399999999907	0	0
5.80400000000009	3.47600000000057	4.70600000000013	0	0
5.85899999999856	3.75700000000052	4.92699999999968	0	0
6.32500000000073	3.53999999999996	5.12800000000061	0	0
5.49200000000019	3.1860000000006	4.82099999999991	0	0
6.15400000000045	3.98700000000008	4.45499999999993	0	0
6.11499999999978	3.86400000000049	5.54899999999907	0	0
5.09900000000016	2.66799999999967	4.34100000000035	0	0
6.19300000000112	3.72999999999956	5.371000000001	0	0
6.82799999999952	4.54799999999977	5.19599999999991	0	0
6.82800000000134	4.85000000000036	4.81400000000031	0	0
5.53099999999904	2.7510000000002	4.28600000000006	0	0
5.66400000000067	2.56700000000001	5.11700000000019	0	0
8.14300000000003	7.44400000000041	5.46800000000076	0	0
6.48400000000038	4.71500000000015	4.57400000000052	0	0
6.19900000000052	3.6889999999994	5.0510000000013	0	0
6.07799999999952	3.94900000000052	4.98999999999978	0	0
5.58600000000115	3.02800000000025	5.18399999999929	0	0
6.84199999999873	4.37100000000009	6.09000000000015	0	0
6.06500000000051	4.0610000000006	4.78599999999824	0	0
5.29999999999927	2.66299999999956	4.60900000000038	0	0
5.81500000000051	2.6869999999999	4.58100000000013	0	0
5.27299999999923	2.36799999999948	4.64199999999983	0	0
5.60100000000057	3.11200000000008	5.28399999999965	0	0
5.18799999999828	2.03600000000006	5.1929999999993	0	0
5.88400000000001	3.4350000000004	4.76600000000144	0	0
5.47199999999975	2.61999999999989	4.10100000000057	0	0
6.43299999999908	4.14100000000053	4.8739999999998	0	0
5.44800000000032	3.07999999999993	4.47100000000137	0	0
5.8809999999994	3.33500000000004	5.09200000000055	0	0
6.65099999999984	4.02199999999993	7.41799999999967	0	0
4.73800000000119	2.30000000000018	8.05099999999948	0	0
4.9320000000007	1.8809999999994	10.9809999999998	0	0
4.53700000000026	1.71600000000035	11.0419999999995	0	0
4.83100000000013	3.1880000000001	4.43100000000049	0	0
4.88299999999981	2.67299999999977	4.89300000000003	0	0
5.3130000000001	2.88999999999942	5.73500000000058	0	0
4.98699999999917	2.89699999999993	5.01000000000022	0	0
4.9950000000008	2.60800000000017	7.53200000000288	0	0
4.55099999999948	1.70800000000054	10.6290000000008	0	0
4.56899999999951	1.4380000000001	10.4049999999988	0	0
4.60900000000038	1.92599999999948	9.31000000000131	0	0
4.95100000000093	1.60799999999927	11.1579999999994	0	0
4.89099999999962	1.88900000000012	10.6299999999974	0	0
5.29500000000007	1.66600000000017	12.6090000000004	0	0
4.85599999999977	1.91300000000047	10.0879999999997	0	0
4.61399999999958	1.48399999999947	10.1319999999978	0	0
5.03199999999924	1.53999999999996	12.3010000000031	0	0
4.76599999999962	1.46900000000005	10.0040000000008	0	0
5.21099999999933	1.62100000000009	10.9700000000012	0	0
4.53699999999844	1.82100000000082	9.1449999999968	0	0
4.75400000000081	1.59099999999944	10.8059999999969	0	0
4.89099999999962	1.72000000000025	11.9040000000023	0	0
4.62900000000081	1.42900000000009	10.6679999999978	0	0
4.375	1.38499999999931	9.18100000000049	0	0
5.16399999999885	1.52300000000014	11.3899999999994	0	0
4.62199999999939	1.34199999999964	11.0109999999986	0	0
4.5010000000002	1.77099999999973	11.2390000000014	0	0
5.03600000000006	1.27899999999954	12.2209999999977	0	0
4.7489999999998	1.82000000000062	8.90599999999904	0	0
4.61300000000119	1.45699999999943	10.4020000000019	0	0
4.99499999999898	1.70700000000033	11.219000000001	0	0
4.8760000000002	1.09400000000005	11.5489999999991	0	0
4.53299999999945	1.25399999999991	10.5470000000023	0	0
5.03099999999904	1.32899999999972	11.4390000000021	0	0
4.6979999999985	1.3720000000003	11.0560000000005	0	0
4.87599999999838	1.62899999999991	10.6859999999979	0	0
4.78299999999945	1.62299999999959	11.3859999999986	0	0
4.82499999999891	1.31700000000001	10.7950000000019	0	0
5.17699999999968	1.38000000000011	12.020999999997	0	0
4.67000000000007	1.4350000000004	9.92499999999927	0	0
4.78000000000065	1.40100000000075	10.0469999999987	0	0
5.08200000000033	1.45000000000073	10.5950000000012	0	0
4.8130000000001	1.41600000000017	10.9320000000007	0	0
4.88700000000063	1.6880000000001	10.4480000000003	0	0
5.17300000000068	1.53799999999956	12.8459999999977	0	0
4.71099999999933	1.41000000000076	11.239999999998	0	0
4.55999999999949	1.60699999999997	10.505000000001	0	0
4.57300000000032	1.36199999999917	10.4230000000025	0	0
4.60900000000038	1.68900000000031	10.6179999999986	0	0
5.30099999999948	2.14400000000023	10.8889999999992	0	0
4.77499999999964	1.46999999999935	10.369999999999	0	0
4.51299999999901	1.77099999999973	9.83799999999974	0	0
5.01400000000103	1.45400000000063	12.150999999998	0	0
4.70099999999911	1.53300000000036	10.4830000000002	0	0
4.80099999999948	1.27800000000025	10.9049999999988	0	0
4.58799999999974	1.50099999999929	10.5829999999987	0	0
4.79099999999926	1.44800000000032	10.5430000000015	0	0
5.09100000000035	1.88700000000063	12.601999999999	0	0
4.70499999999993	1.50500000000011	10.9399999999987	0	0
4.77200000000084	1.26399999999921	11.1630000000005	0	0
5.12800000000061	1.34599999999955	12.2230000000018	0	0
4.88899999999921	1.46299999999974	10.5459999999985	0	0
4.63400000000001	1.82500000000073	11.2800000000025	0	0
5.05099999999948	1.63600000000042	11.0819999999985	0	0
4.71099999999933	1.97699999999986	11.1389999999992	0	0
5.11499999999978	1.85799999999927	10.1779999999999	0	0
4.66100000000006	1.85499999999956	9.65199999999822	0	0
4.75699999999961	1.67900000000009	9.06099999999788	0	0
4.96900000000096	1.53700000000026	10.4919999999984	0	0
4.70600000000013	1.65099999999984	10.4269999999997	0	0
4.82200000000012	1.53799999999956	11.2649999999994	0	0
5.06400000000031	1.63400000000001	11.4849999999969	0	0
4.77800000000025	1.52899999999954	10.6610000000001	0	0
4.64500000000044	1.49699999999939	10.1870000000017	0	0
5.22199999999975	1.56700000000001	12.4069999999992	0	0
5.05199999999968	1.50500000000011	11.4700000000012	0	0
5.66399999999885	2.51700000000073	10.5599999999977	0	0
4.75200000000041	1.57700000000023	10.5479999999989	0	0
4.65800000000127	1.67699999999968	9.77200000000084	0	0
5.05900000000111	1.75200000000041	11.0730000000003	0	0
4.75400000000081	1.58399999999983	10.5489999999991	0	0
4.50500000000102	1.89999999999964	11.2540000000008	0	0
5.19700000000012	1.86599999999999	10.393	0	0
4.89500000000044	1.61499999999978	10.163999999997	0	0
4.75699999999961	1.52999999999975	10.4710000000014	0	0
4.66800000000148	1.46700000000055	10.8640000000014	0	0
4.80199999999968	1.77700000000004	9.38400000000183	0	0
4.89999999999964	1.36700000000019	11.4749999999985	0	0
5.3119999999999	1.53400000000056	12.25	0	0
4.8179999999993	1.82300000000032	10.1490000000013	0	0
4.57699999999932	1.48700000000008	11.1740000000027	0	0
5.13299999999981	1.85000000000036	12.375	0	0
4.90499999999884	1.47400000000016	11.2530000000006	0	0
4.75300000000061	1.68900000000031	11.5609999999979	0	0
4.78299999999945	1.69899999999961	12.3849999999984	0	0
4.92000000000007	1.81500000000051	11.3640000000014	0	0
4.57799999999952	1.5649999999996	11.262999999999	0	0
4.82500000000073	1.67500000000018	10.1399999999994	0	0
