17.13	9.777	16.604	0	0
17.622	5.004	16.974	0	0
18.236	7.15	17.41	0	0
17.641	6.287	17.767	0	0
13.913	4.248	12.674	0	0
18.298	5.31099999999999	18.294	0	0
16.615	2.753	16.868	0	0
16.522	2.122	16.855	0	0
16.39	4.09299999999999	16.651	0	0
16.349	3.742	17.058	0	0
17.155	2.911	17.406	0	0
16.792	2.517	16.759	0	0
17.812	5.426	17.245	0	0
16.444	2.62899999999999	16.836	0	0
19.3580000000001	10.704	18.768	0	0
16.8720000000001	3.154	17.558	0	0
16.515	2.67099999999999	17.145	0	0
17.124	3.72400000000002	17.345	0	0
17.048	3.26599999999999	17.202	0	0
16.89	3.48400000000001	17.149	0	0
17.4989999999999	5.33800000000002	17.269	0	0
14.8439999999999	4.85599999999999	14.058	0	0
18.537	5.595	18.051	0	0
16.626	2.79900000000001	16.8960000000001	0	0
17.462	3.35900000000001	17.921	0	0
15.86	7.94899999999998	14.961	0	0
14.3240000000001	3.947	13.742	0	0
14.518	5.404	13.598	0	0
14.152	4.93200000000002	12.7190000000001	0	0
14.02	2.02600000000001	13.2909999999999	0	0
14.1099999999999	4.94200000000001	13.884	0	0
13.8299999999999	3.56599999999997	12.7049999999999	0	0
14.5930000000001	2.20699999999999	13.95	0	0
16.98	2.053	16.8389999999999	0	0
16.3470000000002	1.96899999999999	16.663	0	0
14.0329999999999	3.483	13.8790000000001	0	0
14.568	6.01900000000001	13.5329999999999	0	0
17.2239999999999	3.27100000000002	17.02	0	0
16.694	2.73000000000002	17.1190000000001	0	0
16.203	2.48599999999999	16.6379999999999	0	0
16.2529999999999	4.35899999999998	16.384	0	0
16.6320000000001	3.67699999999996	15.9759999999999	0	0
18.2819999999999	5.78399999999999	17.6030000000001	0	0
17.748	4.52100000000002	17.597	0	0
18.2249999999999	3.28100000000001	18.2650000000001	0	0
17.7139999999999	4.51499999999999	17.9159999999999	0	0
14.8050000000001	3.06400000000002	13.8200000000002	0	0
14.9639999999999	5.01999999999998	14.049	0	0
15.3210000000001	3.12700000000001	14.415	0	0
17.3390000000002	2.74399999999997	17.0939999999998	0	0
16.9190000000001	3.101	16.5999999999999	0	0
16.624	2.89100000000002	17.4060000000002	0	0
16.5539999999999	3.02600000000001	17.076	0	0
17.7750000000001	4.08299999999997	17.578	0	0
16.7170000000001	3.49000000000001	16.751	0	0
18.8389999999999	8.05099999999999	18.6689999999999	0	0
16.9940000000001	3.84100000000001	17.0889999999999	0	0
16.8920000000003	3.80900000000003	17.0809999999999	0	0
15.2919999999999	5.16300000000001	14.5170000000003	0	0
17.8999999999996	5.21600000000001	18.2089999999998	0	0
16.433	1.75699999999995	16.4459999999999	0	0
17.9249999999997	5.40099999999995	17.152	0	0
13.866	3.78800000000001	13.6309999999999	0	0
16.6949999999997	4.25299999999993	16.027	0	0
17.7740000000003	3.61899999999991	17.6550000000002	0	0
16.4430000000002	1.87400000000002	16.8359999999998	0	0
16.75	2.45600000000002	17.5549999999998	0	0
16.4389999999999	2.27499999999998	17.1840000000002	0	0
15.8159999999998	3.58799999999997	16.098	0	0
14.9229999999998	3.279	14.5100000000002	0	0
16.4250000000002	7.58500000000004	14.6900000000001	0	0
16.5860000000002	2.98700000000008	16.9949999999999	0	0
17.2270000000003	2.81500000000005	16.7739999999999	0	0
17	1.67100000000005	17.4379999999996	0	0
13.518	2.572	14.0969999999998	0	0
17.422	4.90800000000002	17.7439999999997	0	0
17.5899999999997	4.70399999999995	17.7469999999998	0	0
16.6060000000002	2.95699999999999	16.8710000000001	0	0
15.5320000000002	2.98400000000004	15.6079999999997	0	0
15.1509999999998	2.68399999999997	14.77	0	0
16.1860000000001	3.17100000000005	14.9140000000002	0	0
16.5909999999999	3.221	16.625	0	0
18.335	4.14799999999991	18.7620000000002	0	0
14.0520000000001	2.995	14.442	0	0
15.2130000000002	6.91399999999999	14.373	0	0
14.1500000000001	4.40899999999999	13.7620000000002	0	0
14.2640000000001	4.08000000000004	13.6510000000003	0	0
15.7470000000003	3.40100000000007	14.9059999999999	0	0
15.7960000000003	2.11000000000001	15.0749999999998	0	0
17.2930000000001	3.33600000000001	17.6639999999998	0	0
16.7539999999999	3.774	16.9009999999998	0	0
16.701	1.99300000000005	16.8310000000001	0	0
14.0220000000004	3.02999999999997	13.5430000000001	0	0
18.8680000000004	6.78800000000001	18.8619999999996	0	0
17.1389999999997	3.23900000000003	17.1989999999996	0	0
17.3130000000001	3.26400000000001	17.4699999999998	0	0
17.6329999999998	2.31399999999996	17.4650000000001	0	0
19.2440000000001	4.27199999999993	19.0659999999998	0	0
17.6709999999998	3.41500000000008	17.779	0	0
16.451	1.38800000000003	16.643	0	0
16.8440000000001	2.39200000000005	16.953	0	0
17.453	3.18700000000001	17.4490000000001	0	0
17.0800000000004	2.53899999999999	17.1210000000001	0	0
17.6949999999997	2.57400000000007	18.1260000000002	0	0
14.259	2.71900000000005	14.241	0	0
15.0599999999999	3.75300000000004	14.2950000000001	0	0
14.645	4.82100000000003	13.7000000000003	0	0
16.8710000000001	3.91500000000008	16.6179999999999	0	0
17.643	3.702	18.1510000000003	0	0
18.1310000000003	4.21000000000004	17.6779999999999	0	0
19.5369999999998	1.18899999999996	19.2660000000001	0	0
17.1689999999999	3.75800000000004	16.721	0	0
18.002	3.53700000000003	17.759	0	0
14.0700000000002	1.60599999999999	13.6469999999999	0	0
17.9050000000002	4.82799999999997	16.777	0	0
20.6039999999998	2.83100000000002	20.8420000000001	0	0
16.6949999999997	2.67200000000003	17.268	0	0
15.7690000000002	3.65099999999995	15.8490000000002	0	0
17.1150000000007	3.83699999999999	17.9140000000007	0	0
16.7489999999998	2.60299999999995	16.6879999999992	0	0
17.4759999999997	2.80999999999995	17.6019999999999	0	0
13.7259999999997	2.77700000000004	12.8940000000002	0	0
13.357	2.58400000000006	12.5219999999999	0	0
16.268	6.0329999999999	14.7510000000002	0	0
17.152	4.33899999999994	16.5929999999998	0	0
16.8200000000006	2.8900000000001	16.8969999999999	0	0
18.0219999999999	1.68499999999995	17.7510000000002	0	0
13.5129999999999	2.80700000000002	12.942	0	0
15.1300000000001	6.4369999999999	13.9549999999999	0	0
14.8730000000005	3.74500000000012	14.7349999999997	0	0
16.7730000000001	2.75900000000001	17.1599999999999	0	0
19.0259999999998	3.32199999999989	19.1620000000003	0	0
14.2359999999999	2.49299999999994	14.5029999999997	0	0
14.6989999999996	2.72000000000003	13.6120000000001	0	0
13.7539999999999	2.39999999999986	13.5470000000005	0	0
14.7049999999999	5.28800000000001	13.5810000000001	0	0
14.7849999999999	5.09099999999989	14.0029999999997	0	0
14.1440000000002	5.7940000000001	12.8960000000006	0	0
13.5189999999993	4.06500000000005	13.2850000000008	0	0
15.357	7.41599999999994	14.0029999999997	0	0
14.0779999999995	3.2940000000001	13.1979999999994	0	0
13.6570000000002	3.05600000000004	12.5559999999996	0	0
15.0960000000005	4.12899999999991	14.509	0	0
15.1049999999996	4.42499999999995	14.3389999999999	0	0
14.0349999999999	3.11599999999999	12.9760000000006	0	0
14.2860000000001	3.21000000000004	13.4089999999997	0	0
16.4669999999996	1.64599999999996	16.3220000000001	0	0
16.3219999999992	1.95800000000008	16.4789999999994	0	0
17.8220000000001	5.00800000000004	17.8230000000003	0	0
16.0619999999999	4.50900000000001	15.6820000000007	0	0
15.116	4.4079999999999	14.2910000000002	0	0
14.4990000000007	4.31400000000008	13.6689999999999	0	0
17.1490000000003	3.13799999999992	17.3699999999999	0	0
16.7439999999997	2.84900000000016	16.5830000000005	0	0
17.8299999999999	3.221	18.0410000000002	0	0
14.1480000000001	2.28800000000001	13.7780000000002	0	0
13.5240000000003	2.35599999999999	13.5479999999998	0	0
14.8100000000004	4.58899999999994	13.5049999999992	0	0
15.3220000000001	5.00399999999991	14.7080000000005	0	0
16.4750000000004	2.75500000000011	15.7509999999993	0	0
16.8119999999999	3.9190000000001	17.2620000000006	0	0
16.6729999999998	2.10899999999992	16.9110000000001	0	0
14.9829999999993	6.03800000000001	13.5140000000001	0	0
14.2149999999992	4.36300000000006	13.4390000000003	0	0
15.5360000000001	7.24600000000009	13.9629999999997	0	0
13.875	3.36500000000001	13.067	0	0
13.9349999999995	4.48900000000003	13.8589999999995	0	0
15.1479999999992	5.82200000000012	14.2210000000005	0	0
14.2180000000008	3.904	13.9210000000003	0	0
16.4679999999998	3.21000000000004	15.5499999999993	0	0
16.6820000000007	2.15100000000007	16.3630000000003	0	0
18.1970000000001	6.50299999999993	17.9740000000002	0	0
17.0640000000003	2.81899999999996	16.9430000000002	0	0
16.473	7.36400000000003	15.0140000000001	0	0
14.6030000000001	5.0920000000001	13.2289999999994	0	0
16.732	2.00299999999993	16.5449999999992	0	0
17.1439999999993	3.12200000000007	17.4880000000003	0	0
17.0630000000001	3.39699999999993	16.3559999999998	0	0
18.4780000000001	5.04299999999989	18.0520000000006	0	0
17.9810000000007	5.30000000000018	18.1459999999997	0	0
17.7110000000002	4.596	17.6140000000005	0	0
15.0330000000004	3.05300000000011	14.2910000000002	0	0
14.8339999999998	2.56899999999996	13.4560000000001	0	0
15.8090000000002	6.99800000000005	14.826	0	0
15.0750000000007	4.71600000000012	14.0510000000004	0	0
14.027	4.81299999999987	13.4549999999999	0	0
17.6899999999996	4.52299999999991	17.7640000000001	0	0
18.4470000000001	2.96899999999982	18.1480000000001	0	0
16.3319999999994	2.87200000000007	16.3439999999991	0	0
17.5749999999998	4.11500000000001	17.7939999999999	0	0
17.5479999999998	3.53800000000001	17.3800000000001	0	0
18.2460000000001	4.346	17.7030000000004	0	0
17.4769999999999	4.63000000000011	17.652	0	0
18.5920000000006	4.12999999999988	18.7519999999995	0	0
17.5439999999999	4.3610000000001	17.2780000000002	0	0
17.0610000000006	3.2360000000001	16.7069999999994	0	0
17.8339999999998	4.00299999999993	17.7809999999999	0	0
17.1679999999997	2.346	17.2109999999993	0	0
17.1970000000001	2.86500000000001	17.6610000000001	0	0
18.1149999999998	4.27099999999996	18.165	0	0
16.9610000000002	1.77199999999993	17.1130000000003	0	0
17.1239999999998	2.16699999999992	17.4120000000003	0	0
18.0439999999999	3.21199999999999	18.259	0	0
16.9940000000006	3.03199999999993	17.0050000000001	0	0
17.8500000000004	2.35100000000011	17.6799999999994	0	0
18.692	7.09799999999996	18.0880000000006	0	0
17.7699999999995	4.8599999999999	17.7330000000002	0	0
17.4650000000001	2.96900000000005	17.6050000000005	0	0
16.9069999999992	3.34500000000003	17.5169999999998	0	0
17.5020000000004	5.452	17.6570000000002	0	0
17.7559999999994	5.846	17.2220000000007	0	0
17.8819999999996	4.00399999999991	18.1610000000001	0	0
19.0510000000004	4.80500000000006	18.9369999999999	0	0
17.7830000000004	5.94100000000003	17.6530000000002	0	0
17.9269999999997	3.79300000000012	18.3339999999998	0	0
17.4280000000008	2.96299999999997	17.652	0	0
17.1670000000004	3.41799999999989	17.0410000000002	0	0
16.9949999999999	2.78900000000021	17.1139999999996	0	0
17.607	4.49399999999991	17.768	0	0
17.9970000000003	2.2360000000001	18.415	0	0
16.8370000000004	2.86400000000003	16.6409999999996	0	0
18.875	5.38400000000001	18.576	0	0
18.6729999999998	7.34800000000018	18.518	0	0
20.4929999999995	3.62000000000012	20.6390000000001	0	0
18.5219999999999	5.654	18.6410000000005	0	0
16.9320000000007	3.24300000000017	16.9759999999997	0	0
17.6319999999996	2.15899999999988	17.2530000000006	0	0
16.527	2.41200000000003	16.8789999999999	0	0
18.5869999999995	5.28600000000006	18.857	0	0
17.3589999999995	4.13000000000011	17.625	0	0
17.0880000000006	2.55799999999999	17.7259999999997	0	0
16.799	3.18399999999997	17.0660000000007	0	0
17.4940000000006	3.6880000000001	17.2520000000004	0	0
17.6129999999994	4.95299999999997	17.0790000000006	0	0
17.9349999999995	3.82399999999984	17.9319999999998	0	0
19.0679999999993	4.30499999999984	18.7920000000013	0	0
17.6319999999996	4.62900000000013	16.848	0	0
19.1929999999993	8.50800000000004	18.4500000000007	0	0
17.2019999999993	3.69799999999987	17.5	0	0
16.6809999999987	2.654	16.8549999999996	0	0
17.9099999999999	3.34500000000003	18.2960000000003	0	0
18.3090000000011	4.04000000000019	18.4639999999999	0	0
17.1139999999996	3.79099999999994	17.3829999999998	0	0
16.7780000000002	3.39200000000028	17.1720000000005	0	0
16.4869999999992	3.98399999999992	16.9629999999997	0	0
16.8110000000015	3.42399999999998	17.3330000000005	0	0
19.6260000000002	2.86500000000024	19.5819999999985	0	0
17.7150000000001	3.86599999999999	17.9030000000002	0	0
19.3639999999996	7.72299999999996	19.0900000000001	0	0
19.1759999999995	7.92599999999993	19.1910000000007	0	0
16.4419999999991	1.78800000000001	16.6209999999992	0	0
17.4499999999989	2.67299999999977	17.9279999999999	0	0
17.4500000000007	2.94700000000012	17.3760000000002	0	0
19.2909999999993	3.67799999999988	19.2819999999992	0	0
18.8509999999987	1.63700000000017	18.9799999999996	0	0
17.1309999999994	4.02599999999984	17.241	0	0
17.1440000000002	2.35599999999977	17.0529999999999	0	0
16.9860000000008	4.52099999999973	17.3919999999998	0	0
16.0519999999997	2.74600000000009	16.3080000000009	0	0
17.2750000000015	2.92599999999993	17.9030000000002	0	0
17.7000000000007	1.86299999999983	17.884	0	0
17.4390000000003	4.7829999999999	18.5060000000012	0	0
17.4700000000012	4.05799999999999	18.3810000000012	0	0
17.0720000000001	2.44200000000001	17.4809999999998	0	0
17.1470000000008	2.36200000000008	17.1329999999998	0	0
16.5700000000015	2.11000000000013	16.9499999999989	0	0
19.7259999999987	6.26099999999997	19.3250000000007	0	0
17.005000000001	2.61300000000028	17.3520000000008	0	0
17.5499999999993	4.80500000000029	17.8680000000004	0	0
17.0639999999985	2.67500000000018	17.1579999999994	0	0
17.5300000000007	2.67500000000018	17.3160000000007	0	0
19.1189999999988	5.23799999999983	19.2849999999999	0	0
17.1679999999997	3.39000000000033	17.3430000000008	0	0
17.1680000000015	4.68199999999979	17.3610000000008	0	0
16.7420000000002	2.39599999999973	16.7549999999992	0	0
17.1809999999987	2.97499999999991	17.8320000000003	0	0
19.3379999999997	1.60399999999981	19.2790000000005	0	0
17.2510000000002	3.16599999999971	17.8419999999987	0	0
19.6589999999997	4.1579999999999	19.0660000000007	0	0
17.2600000000002	2.55600000000004	17.6840000000011	0	0
21.3520000000008	3.3420000000001	21.5869999999995	0	0
17.1790000000001	3.47299999999996	17.3209999999999	0	0
18.0730000000003	6.10599999999977	17.9369999999999	0	0
17.1700000000001	2.45100000000002	16.9410000000007	0	0
17.3869999999988	3.41800000000012	16.969000000001	0	0
17.2160000000003	3.44700000000012	17.8289999999997	0	0
17.4210000000003	2.52799999999979	17.4969999999994	0	0
17.3009999999995	2.64300000000003	17.094000000001	0	0
17.3169999999991	4.23700000000008	16.9040000000005	0	0
17.6150000000016	4.28699999999981	17.2039999999997	0	0
19.6569999999992	5.40599999999995	19.7909999999993	0	0
18.4889999999996	4.75199999999995	18.1560000000009	0	0
17.0200000000004	3.01899999999978	17.0930000000008	0	0
16.9179999999997	2.24600000000009	17.2729999999992	0	0
16.862000000001	1.92200000000003	17.1700000000001	0	0
16.8770000000004	2.67599999999993	17.0899999999983	0	0
17.5310000000009	2.60100000000011	17.3420000000006	0	0
17.2209999999995	3.24099999999999	17.1840000000011	0	0
18.6049999999996	5.68200000000024	18.2839999999997	0	0
16.5529999999999	2.09100000000035	16.5100000000002	0	0
17.5349999999999	3.47600000000011	17.6239999999998	0	0
17.3460000000014	4.64599999999973	17.1549999999988	0	0
19.4529999999995	6.3739999999998	19.1749999999993	0	0
16.9719999999998	3.60899999999992	17.1739999999991	0	0
16.6180000000004	2.58699999999999	16.880000000001	0	0
18.5020000000004	6.3130000000001	17.9530000000013	0	0
16.9359999999997	1.58600000000024	16.9080000000013	0	0
16.9200000000001	2.88699999999972	17.3510000000006	0	0
16.8220000000001	2.20899999999983	16.5589999999993	0	0
19.027	2.78400000000011	18.889000000001	0	0
17.9380000000001	3.03800000000001	18.1489999999994	0	0
17.6830000000009	5.4060000000004	17.6180000000004	0	0
16.9070000000011	3.05899999999974	17.0059999999994	0	0
17.3110000000015	3.38900000000012	17.4060000000009	0	0
17.878999999999	2.83199999999988	18.2380000000012	0	0
13.5709999999999	3.93299999999999	13.4450000000015	0	0
17.3529999999992	3.39400000000023	17.9339999999993	0	0
17.9510000000009	6.30099999999993	16.5759999999991	0	0
15.3179999999993	5.99900000000025	15.3719999999994	0	0
18.1099999999988	4.19000000000005	18.2060000000001	0	0
15.6949999999997	2.67000000000007	16.3449999999993	0	0
16.8689999999988	3.00500000000011	17.4939999999988	0	0
17.2520000000004	1.98599999999988	17.6010000000006	0	0
16.7430000000004	2.33100000000013	17.0259999999998	0	0
17.4310000000005	3.08199999999988	17.3199999999997	0	0
16.9189999999999	3.1279999999997	17.1080000000002	0	0
16.9740000000002	4.11799999999994	17.5159999999996	0	0
16.5049999999992	1.65300000000025	16.6100000000006	0	0
16.8559999999998	2.10099999999966	16.853000000001	0	0
17.6700000000001	3.76299999999992	16.848	0	0
18.5330000000013	7.05499999999984	17.6059999999998	0	0
16.8500000000004	2.74299999999994	17.2100000000009	0	0
16.9869999999992	3.9069999999997	15.8900000000012	0	0
16.6419999999998	2.78700000000026	17.280999999999	0	0
17.4000000000015	3.21300000000019	17.9509999999991	0	0
17.8979999999992	2.73000000000002	17.5599999999995	0	0
16.8080000000009	3.23300000000017	17.5589999999993	0	0
16.9629999999997	3.46099999999979	17.6730000000007	0	0
16.6939999999995	4.36599999999999	15.7559999999994	0	0
15.8050000000003	4.64499999999998	15.8150000000005	0	0
16.8469999999998	2.17500000000018	17.5920000000006	0	0
16.848	3.55000000000018	16.9170000000013	0	0
17.4220000000005	3.75200000000041	17.6119999999992	0	0
16.7360000000008	3.00199999999995	17.0969999999998	0	0
17.7109999999993	1.94699999999966	17.9409999999989	0	0
18.3559999999998	4.98999999999978	18.5689999999995	0	0
16.8719999999994	2.97400000000016	16.9140000000007	0	0
17.2250000000004	3.81800000000021	17.6899999999987	0	0
15.6239999999998	6.76400000000012	13.9940000000006	0	0
17.3580000000002	3.90999999999985	17.8430000000008	0	0
15.7929999999997	4.17000000000007	15.0959999999995	0	0
16.9300000000003	2.61699999999973	17.2080000000005	0	0
17.512999999999	4.0659999999998	17.9659999999985	0	0
16.6389999999992	2.02800000000025	16.7049999999999	0	0
16.9970000000012	3.37899999999991	17.1880000000001	0	0
15.7920000000013	6.17399999999998	15.8850000000002	0	0
17.9130000000005	5.05599999999959	18.1749999999993	0	0
17.1449999999986	3.4050000000002	17.4099999999999	0	0
16.6060000000016	1.32700000000023	16.6049999999996	0	0
16.0169999999998	1.93299999999999	15.7099999999991	0	0
17.628999999999	2.21300000000019	17.3220000000001	0	0
17.4420000000009	3.25	17.1279999999988	0	0
18.9770000000008	3.44000000000005	18.8809999999994	0	0
17.0460000000003	3.00399999999991	17.4539999999997	0	0
16.8580000000002	3.01800000000003	17.0439999999999	0	0
16.9809999999998	2.56799999999976	17.2729999999992	0	0
18.8809999999994	5.904	18.728000000001	0	0
17.0290000000005	2.32299999999987	16.6970000000001	0	0
16.759	2.89000000000033	16.8379999999997	0	0
18.2389999999996	4.11499999999978	18.101999999999	0	0
18.7080000000005	1.98699999999963	18.7240000000002	0	0
17.4179999999997	4.75500000000011	17.1980000000003	0	0
21.4180000000015	3.42399999999998	21.6829999999991	0	0
15.0849999999991	1.39699999999993	15.1189999999988	0	0
18.3809999999994	3.78099999999995	18.601999999999	0	0
18.3389999999999	4.36599999999999	18.112000000001	0	0
17.6700000000001	2.70299999999997	17.482	0	0
17.3920000000016	2.77099999999973	17.6130000000012	0	0
17.2989999999991	2.91400000000021	18.0589999999993	0	0
18.2710000000006	5.23599999999988	18.7909999999993	0	0
17.0619999999999	2.17299999999977	17.0499999999993	0	0
13.8899999999994	3.21199999999999	13.7039999999997	0	0
18.2049999999999	5.85199999999986	17.4299999999985	0	0
17.2849999999999	4.17399999999998	17.4939999999988	0	0
17.6849999999995	4.23299999999972	17.7869999999984	0	0
17.857	3.99600000000009	17.7279999999992	0	0
17.4539999999997	6.40099999999984	17.1219999999994	0	0
18.2179999999989	5.45800000000008	18.0839999999989	0	0
16.8729999999996	4.71399999999994	17.2399999999998	0	0
16.762999999999	2.04499999999962	16.9880000000012	0	0
18.4979999999996	3.40299999999979	18.4679999999989	0	0
17.5029999999988	4.85999999999967	17.4380000000001	0	0
16.3380000000016	1.94599999999991	16.223	0	0
17.2140000000018	2.69799999999987	17.4260000000013	0	0
17.5930000000008	3.85699999999997	17.4920000000002	0	0
16.6800000000003	2.67299999999977	16.5329999999994	0	0
16.5519999999997	2.76699999999983	16.9290000000001	0	0
17.1869999999999	3.22899999999981	17.6800000000003	0	0
17.9259999999995	3.07900000000018	18.0280000000002	0	0
17.3649999999998	2.0329999999999	17.7420000000002	0	0
15.8720000000012	1.74600000000009	16.0360000000001	0	0
17.3600000000006	3.25599999999986	17.393	0	0
17.9230000000007	4.84799999999996	17.1329999999998	0	0
18.0399999999991	4.13400000000001	17.8539999999994	0	0
16.5990000000002	3.26299999999992	16.7929999999997	0	0
17.8870000000006	4.47800000000007	17.4149999999991	0	0
16.612000000001	1.60899999999992	16.7059999999983	0	0
17.3070000000007	4.19300000000021	17.4319999999989	0	0
13.9589999999989	3.22499999999991	13.5560000000005	0	0
17.3990000000013	3.9079999999999	16.978000000001	0	0
16.4889999999996	2.55400000000009	15.7279999999992	0	0
17.3289999999997	3.65900000000011	17.0390000000007	0	0
17.7669999999998	4.27199999999993	17.2950000000001	0	0
16.9470000000001	2.97500000000036	17.1010000000006	0	0
17.7249999999985	3.92700000000013	17.9089999999997	0	0
14.0959999999995	3.85599999999977	14.2070000000003	0	0
14.5340000000015	5.58100000000013	13.9110000000001	0	0
16.4349999999995	3.10899999999992	17.0950000000012	0	0
17.1479999999992	3.03600000000006	16.8320000000003	0	0
16.4750000000004	3.08300000000008	16.5629999999983	0	0
14.5400000000009	5.66999999999962	13.259	0	0
15.652	6.33799999999974	14.2700000000004	0	0
18.639000000001	2.55299999999988	18.8229999999985	0	0
17.143	3.09299999999985	17.2169999999987	0	0
18.3000000000011	5.19599999999991	18.3330000000005	0	0
17.384	3.47400000000016	17.6699999999983	0	0
18.5409999999993	3.89499999999998	18.1349999999984	0	0
15.3780000000006	3.31999999999971	14.1230000000014	0	0
16.976999999999	4.08399999999983	16.8619999999992	0	0
17.405999999999	3.38200000000006	17.3470000000016	0	0
17.3119999999999	3.91300000000001	17.518	0	0
16.5239999999994	1.18600000000015	16.5049999999992	0	0
14.3729999999996	2.20100000000002	14.75	0	0
17.9669999999987	6.14100000000008	18.2330000000002	0	0
17.4740000000002	3.36900000000014	17.9089999999997	0	0
17.9040000000005	3.63400000000001	17.7610000000004	0	0
17.2239999999983	2.94500000000016	16.8760000000002	0	0
17.4120000000003	5.16499999999996	15.9479999999985	0	0
15.0609999999997	4.43299999999999	15.3130000000001	0	0
14.0499999999993	3.596	13.9430000000011	0	0
17.1389999999992	5.98599999999988	17.3330000000005	0	0
16.741	3.78900000000021	17.3369999999995	0	0
17.0819999999985	2.08000000000038	17.598	0	0
16.4009999999998	1.98100000000022	16.5450000000001	0	0
17.6350000000002	3.13200000000006	17.598	0	0
16.9789999999994	2.05699999999979	17.0519999999997	0	0
18.2179999999989	5.64499999999998	17.7830000000013	0	0
14.3429999999989	2.87199999999984	13.2430000000004	0	0
17.9660000000003	2.80999999999995	18.1260000000002	0	0
17.2560000000012	3.19000000000005	17.5589999999993	0	0
15.9959999999992	3.24099999999999	15.7099999999991	0	0
17.616	4.30899999999974	18.1090000000004	0	0
17.8019999999997	5.62199999999984	17.5339999999997	0	0
17.6769999999997	3.99500000000035	17.259	0	0
17.3819999999996	1.70100000000002	17.0019999999986	0	0
18.0779999999977	5.08999999999969	18.1730000000007	0	0
16.9779999999992	3.36999999999989	16.9969999999994	0	0
15.7930000000015	5.67799999999988	14.1639999999989	0	0
17.2150000000001	3.00499999999965	17.5959999999977	0	0
14.0570000000007	5.28900000000021	13.3499999999985	0	0
14.7029999999977	4.37899999999991	13.3539999999994	0	0
13.9729999999981	2.88499999999976	13.1929999999993	0	0
16.0570000000007	6.63400000000001	14.6399999999994	0	0
18.7589999999982	5.12899999999991	18.1840000000011	0	0
14.255000000001	2.32200000000012	13.5770000000011	0	0
17.1599999999999	3.57300000000032	17.4650000000001	0	0
15.9200000000019	6.88900000000012	14.3299999999981	0	0
17.5699999999997	4.87699999999995	17.7199999999975	0	0
15.0270000000019	5.33100000000013	14.0979999999981	0	0
17.2340000000004	2.20800000000008	17.1889999999985	0	0
17.7160000000003	4.03899999999976	17.9249999999993	0	0
17.9559999999983	4.39300000000003	17.7549999999974	0	0
16.4940000000024	4.21900000000005	16.0539999999964	0	0
16.9529999999977	5.279	17.2350000000006	0	0
13.4149999999972	3.27100000000019	13.1130000000012	0	0
16.9669999999969	4.66800000000012	17.3549999999996	0	0
14.6319999999978	3.10899999999992	13.5839999999989	0	0
18.1530000000021	4.40599999999995	17.7919999999976	0	0
19.6080000000002	9.31999999999971	18.9099999999999	0	0
17.3780000000006	3.68199999999979	17.8970000000008	0	0
16.3189999999995	3.12700000000041	16.530999999999	0	0
16.7820000000029	2.72399999999971	17.3110000000015	0	0
17.9259999999995	3.50599999999986	18.2040000000015	0	0
16.5039999999972	7.30400000000009	14.7900000000009	0	0
14.3650000000016	2.92200000000003	13.5930000000008	0	0
14.3869999999988	4.1260000000002	13.4950000000026	0	0
15.6339999999982	3.70300000000043	14.6450000000004	0	0
15.1890000000021	4.34000000000015	14.2029999999977	0	0
17.3499999999985	3.81999999999971	17.875	0	0
15.8679999999986	5.70100000000002	14.6409999999996	0	0
15.7170000000006	6.76900000000023	14.5269999999982	0	0
16.8100000000013	2.92399999999998	16.8890000000029	0	0
15.0390000000007	5.14200000000028	13.4760000000024	0	0
14.0900000000001	4.76400000000012	12.8109999999979	0	0
17.655999999999	2.6869999999999	17.5349999999999	0	0
17.0800000000017	4.77399999999989	16.3689999999988	0	0
15.7720000000008	1.7819999999997	15.5810000000019	0	0
16.982	2.24499999999989	17.125	0	0
20.0849999999991	7.52499999999964	19.1610000000001	0	0
18.4520000000011	5.23900000000049	18.3310000000019	0	0
16.643	2.20100000000002	16.7999999999993	0	0
15.6129999999976	3.88200000000052	15.4330000000009	0	0
14.6990000000005	3.90800000000036	13.8539999999994	0	0
14.2959999999985	3.6239999999998	13.617000000002	0	0
19.2390000000014	5.23300000000017	18.2070000000022	0	0
14.7349999999969	3.39000000000033	13.7059999999983	0	0
18.8239999999969	2.71799999999985	18.6760000000031	0	0
14.7930000000015	6.03799999999956	13.6640000000007	0	0
16.4679999999971	3.42299999999977	16.385000000002	0	0
14.8109999999979	2.74000000000069	15.1380000000026	0	0
23.8659999999982	3.12800000000061	24.0360000000001	0	0
15.9779999999992	2.55200000000059	16.0460000000021	0	0
15.7439999999988	1.38799999999992	15.8719999999994	0	0
16.2989999999991	2.95599999999922	16.3539999999994	0	0
18.3729999999996	2.90099999999984	18.3640000000014	0	0
15.8009999999995	5.31099999999969	14.9229999999989	0	0
14.8969999999972	4.01400000000012	14.0949999999975	0	0
14.9710000000014	1.8090000000002	14.0659999999989	0	0
15.2139999999999	2.77700000000004	14.6110000000008	0	0
14.9390000000021	2.97999999999956	14.5929999999971	0	0
15.4629999999997	3.86500000000069	14.987000000001	0	0
15.4749999999985	3.5019999999995	15.4490000000005	0	0
14.7229999999981	3.26700000000073	14.1219999999994	0	0
16.1949999999997	5.36700000000019	15.1100000000006	0	0
15.6129999999976	4.77099999999973	14.9259999999995	0	0
15.8109999999979	2.7489999999998	14.8819999999978	0	0
15.239999999998	2.61700000000019	14.7489999999998	0	0
15.9010000000017	4.69900000000052	14.9069999999992	0	0
15.367000000002	5.78899999999976	14.5610000000015	0	0
15.0550000000003	3.33100000000013	14.8330000000024	0	0
13.9279999999999	3.14699999999993	13.6939999999995	0	0
16.4390000000021	3.96900000000005	15.6629999999968	0	0
15.8689999999988	3.86200000000008	15.0260000000017	0	0
15.7669999999998	3.22000000000025	15.2750000000015	0	0
15.2150000000001	2.14800000000014	14.4789999999994	0	0
14.4629999999997	1.82500000000073	14.1359999999986	0	0
15.4460000000036	4.51000000000022	15.1200000000026	0	0
14.6009999999987	2.27899999999954	13.8369999999995	0	0
15.0399999999972	2.25300000000061	14.4100000000035	0	0
14.3179999999993	2.03899999999976	13.372000000003	0	0
14.4250000000029	4.42100000000028	14.1469999999972	0	0
17.2639999999992	3.29299999999967	17.1090000000004	0	0
14.6610000000001	2.93199999999979	14.872000000003	0	0
15.9719999999979	4.58899999999994	14.7860000000001	0	0
16.6790000000001	5.26299999999992	15.5900000000001	0	0
15.3050000000003	4.26699999999983	14.9480000000003	0	0
15.719000000001	2.0600000000004	14.9149999999972	0	0
15.5970000000016	3.31099999999969	15.2119999999995	0	0
15.6790000000001	3.30400000000009	14.9449999999997	0	0
15.8739999999998	2.56900000000041	15.0620000000017	0	0
17.0009999999966	6.30299999999988	16.4579999999987	0	0
15.9160000000011	4.57499999999982	15.1359999999986	0	0
16.0419999999976	4.72600000000057	15.4510000000009	0	0
15.6800000000003	4.46399999999994	14.1810000000005	0	0
15.6039999999994	3.81299999999919	14.3040000000001	0	0
15.3890000000029	4.15200000000004	14.4670000000006	0	0
15.2099999999991	5.23700000000008	14.3459999999977	0	0
15.9449999999997	5.26700000000073	15.0820000000022	0	0
16.2070000000022	6.20600000000013	15.135000000002	0	0
15.8340000000026	4.20899999999983	14.893	0	0
15.6590000000033	5.58100000000013	14.3209999999999	0	0
15.7779999999984	2.96200000000044	14.7800000000025	0	0
15.9440000000031	6.21100000000024	14.7209999999977	0	0
14.5619999999981	3.27200000000084	13.8060000000005	0	0
17.5330000000031	10.0749999999998	15.7400000000016	0	0
14.8420000000006	3.28899999999976	13.6359999999986	0	0
16.4159999999974	4.92199999999957	14.5200000000004	0	0
15.2250000000022	5.10499999999956	14.8450000000012	0	0
15.9189999999981	2.57499999999982	14.4929999999986	0	0
16.4249999999993	8.14000000000033	14.4850000000006	0	0
16.1620000000003	7.03200000000015	14.9149999999972	0	0
16.1389999999992	6.40499999999975	14.4739999999983	0	0
14.1219999999994	3.11800000000039	14.7409999999982	0	0
15.1720000000023	2.90499999999975	13.8889999999992	0	0
16.5730000000003	7.30299999999988	15.0750000000007	0	0
15.6369999999988	6.51399999999921	15.2849999999999	0	0
15.232	5.71000000000004	14.3889999999992	0	0
16.2829999999994	6.2510000000002	15.0809999999983	0	0
15.5220000000008	4.4380000000001	15.3689999999988	0	0
16.0550000000003	4.35599999999977	14.6729999999989	0	0
15.864999999998	3.35100000000057	14.4269999999997	0	0
15.3410000000003	2.46800000000076	14.3410000000003	0	0
15.1490000000013	3.94700000000012	14.3860000000022	0	0
17.0449999999983	4.64900000000034	15.9099999999999	0	0
15.6869999999981	4.93000000000029	15.0220000000008	0	0
15.9380000000019	5.22699999999986	14.7740000000013	0	0
16.2020000000011	4.53800000000047	15.1270000000004	0	0
15.1239999999998	3.48700000000008	13.6500000000015	0	0
15.3269999999975	3.26099999999951	14.4449999999997	0	0
14.617000000002	2.78399999999965	13.4759999999987	0	0
17.5090000000018	9.79899999999998	15.8990000000013	0	0
16.117000000002	4.29600000000028	14.8290000000015	0	0
15.9989999999998	5.17599999999948	14.4760000000024	0	0
15.2469999999994	3.46399999999994	14.0440000000017	0	0
14.6610000000001	4.44899999999961	14.8410000000003	0	0
15.4840000000004	4.14399999999932	14.6490000000013	0	0
16.3070000000007	4.99600000000009	15.0809999999983	0	0
15.9780000000028	4.27999999999975	14.7899999999972	0	0
15.1620000000003	4.07299999999941	14.9259999999995	0	0
15.4120000000003	2.64500000000044	14.643	0	0
15.7219999999979	2.79099999999926	15.0190000000002	0	0
16.0400000000009	4.00600000000031	15.2910000000011	0	0
15.1440000000002	2.76699999999983	14.6959999999999	0	0
14.6039999999994	2.82799999999952	14.0550000000003	0	0
15.4850000000006	4.46299999999974	14.5080000000016	0	0
15.9510000000009	4.33600000000024	14.6689999999981	0	0
18.494999999999	11.0230000000001	16.4380000000019	0	0
15.4239999999991	3.40899999999965	13.8919999999998	0	0
15.7599999999984	4.60599999999977	14.0930000000008	0	0
15.3709999999992	4.0679999999993	14.0659999999989	0	0
17.6310000000012	7.30699999999979	15.5879999999997	0	0
16.9919999999984	8.88000000000011	14.1929999999993	0	0
16.1290000000008	5.53700000000026	14.7249999999985	0	0
16.6159999999982	5.32900000000063	15.2639999999992	0	0
15.9050000000025	4.59999999999945	14.9439999999995	0	0
17.362000000001	8.85800000000017	14.8909999999996	0	0
15.1530000000021	4.95100000000002	13.9000000000015	0	0
16.982	6.32299999999941	14.3489999999983	0	0
15.1499999999978	4.77700000000004	13.8679999999986	0	0
17.0889999999999	9.48099999999977	14.4179999999978	0	0
15.257999999998	6.02000000000044	13.4049999999988	0	0
16.8559999999998	9.00500000000011	14.6790000000001	0	0
15.3100000000013	3.24499999999989	13.8859999999986	0	0
14.9779999999992	2.66000000000076	13.6950000000033	0	0
15.4659999999967	2.17200000000048	14.601999999999	0	0
15.6320000000014	3.15500000000065	14.7479999999996	0	0
14.8029999999999	4.4399999999996	14.273000000001	0	0
14.3150000000023	3.08600000000024	14.0010000000002	0	0
15.2700000000004	4.07999999999993	14.5749999999971	0	0
15.4710000000014	3.92100000000028	14.5540000000001	0	0
15.8090000000011	4.83100000000013	14.7659999999996	0	0
14.9239999999991	2.77300000000014	14.732	0	0
14.3029999999999	1.65500000000065	13.7469999999994	0	0
14.2340000000004	1.63699999999972	14.137999999999	0	0
15.2910000000011	2.56099999999969	14.9950000000026	0	0
15.9180000000015	5.60400000000027	14.8400000000001	0	0
14.4130000000005	3.35099999999966	14.5019999999968	0	0
15.0339999999997	3.22999999999956	14.4680000000008	0	0
14.617000000002	3.18299999999999	14.3169999999991	0	0
14.3019999999997	2.78799999999956	14.1749999999993	0	0
14.6739999999991	2.0630000000001	14.648000000001	0	0
16.6630000000005	6.31900000000041	14.7180000000008	0	0
14.9969999999994	2.34000000000015	14.2909999999974	0	0
17.1729999999989	8.69300000000021	14.5169999999998	0	0
14.4179999999978	2.22800000000007	13.5670000000027	0	0
16.336000000003	4.58500000000004	15.4120000000003	0	0
16.0679999999993	2.31700000000001	15.3970000000008	0	0
14.880000000001	2.52500000000055	14.6709999999985	0	0
15.6240000000034	2.80400000000009	14.992000000002	0	0
15.6150000000016	5.11000000000058	14.857	0	0
14.4250000000029	2.58799999999974	14.0439999999981	0	0
14.5839999999989	2.76800000000003	14.0159999999996	0	0
15.2289999999994	4.82699999999932	14.8090000000011	0	0
14.8510000000024	2.20900000000074	14.3110000000015	0	0
15.1110000000008	4.64600000000064	14.8960000000006	0	0
15.4380000000019	5.14300000000003	14.7279999999992	0	0
16.0219999999972	4.26900000000023	14.7479999999996	0	0
16.5240000000013	5.62899999999991	14.5399999999972	0	0
16.5499999999993	5.89199999999983	15.5700000000033	0	0
16.5240000000013	4.11199999999917	15.3060000000005	0	0
15.1759999999995	5.05099999999948	13.7520000000004	0	0
16.3629999999976	6.87100000000009	14.6160000000018	0	0
14.976999999999	3.32200000000012	14.0760000000009	0	0
17.880000000001	9.21100000000024	15.107	0	0
17.3040000000001	8.03399999999965	14.7520000000004	0	0
15.3029999999999	4.04600000000028	13.9789999999994	0	0
15.1520000000019	4.02800000000025	14.0479999999989	0	0
15.9749999999985	4.47800000000007	14.8910000000033	0	0
17.387999999999	7.08100000000013	15.5980000000018	0	0
15.4890000000014	4.61800000000039	14.469000000001	0	0
16.5	6.28800000000047	15.1479999999974	0	0
16.3909999999996	6.65800000000036	14.5720000000001	0	0
16.1759999999995	6.17399999999998	14.5220000000008	0	0
17.3480000000018	9.74600000000009	15.3580000000002	0	0
16.3220000000001	6.76699999999983	14.5930000000008	0	0
16.4079999999994	5.41200000000026	14.9909999999982	0	0
16.2040000000015	6.64100000000053	14.7309999999998	0	0
16.6309999999976	9.51800000000003	14.3919999999998	0	0
15.8230000000003	7.09400000000005	14.7359999999971	0	0
14.2949999999983	5.08500000000004	14.0489999999991	0	0
15.5219999999972	6.04600000000028	15.0020000000004	0	0
14.8389999999999	2.31700000000001	14.0399999999972	0	0
16.1349999999984	6.47299999999996	14.7810000000027	0	0
16.1769999999997	6.19999999999982	14.2729999999974	0	0
14.8659999999982	4.54799999999977	13.4159999999974	0	0
13.9419999999991	1.22699999999986	13.6440000000002	0	0
15.119999999999	2.96099999999933	14.1139999999978	0	0
16.5620000000017	5.25699999999961	15.762999999999	0	0
15.400999999998	3.29100000000017	14.3259999999973	0	0
15.7690000000002	3.41100000000006	15.125	0	0
14.9719999999979	4.61399999999958	14.4540000000015	0	0
14.7229999999981	3.5619999999999	14.2170000000006	0	0
14.6100000000006	3.18900000000031	14.1009999999987	0	0
14.2789999999986	2.13700000000063	13.9750000000022	0	0
14.9329999999973	3.47299999999996	14.518	0	0
14.9459999999999	2.49499999999989	14.7210000000014	0	0
14.9680000000008	3.09000000000015	14.1579999999994	0	0
15.1310000000012	3.22900000000027	14.5159999999996	0	0
15.8029999999999	5.11899999999969	15.0790000000015	0	0
15.9449999999997	4.45100000000002	15.2409999999982	0	0
15.599000000002	2.36200000000008	15.2260000000024	0	0
15.8320000000022	3.23000000000047	15.135000000002	0	0
15.0330000000031	2.29699999999957	14.1599999999999	0	0
16.4320000000007	4.17200000000048	15.1830000000009	0	0
15.775999999998	6.66599999999926	15.2959999999985	0	0
16.2489999999998	4.32500000000073	15.1630000000005	0	0
16.6470000000008	4.10900000000038	15.6140000000014	0	0
15.7559999999976	2.47599999999966	15.1419999999998	0	0
17.0469999999987	5.78699999999935	15.9409999999989	0	0
15.7049999999981	4.82099999999991	15.1549999999988	0	0
14.9430000000029	3.3100000000004	14.155999999999	0	0
15.155999999999	1.80299999999988	14.3630000000012	0	0
14.3990000000013	2.14300000000003	13.885000000002	0	0
15.1270000000004	1.68000000000029	14.8990000000013	0	0
16.9279999999999	7.98899999999958	15.1630000000005	0	0
14.380000000001	2.21700000000055	14.469000000001	0	0
16.3580000000002	4.17399999999998	15.6010000000024	0	0
15.5900000000001	5.28099999999995	14.6729999999989	0	0
16.3400000000001	4.33899999999994	15.5439999999981	0	0
15.3090000000011	2.65499999999975	14.864999999998	0	0
14.9699999999975	2.05100000000039	14.2839999999997	0	0
15.9739999999983	3.7529999999997	15.0680000000029	0	0
15.3169999999991	2.24799999999959	14.4279999999999	0	0
15.9119999999966	4.45900000000074	15.0489999999991	0	0
14.650999999998	1.86099999999988	13.7649999999994	0	0
16.8690000000024	6.11200000000008	15.7309999999998	0	0
16.1869999999981	2.12100000000009	15.3739999999998	0	0
16.8870000000024	2.43100000000049	15.8279999999977	0	0
15.5859999999993	5.51000000000022	14.875	0	0
15.1409999999996	4.46799999999985	14.9259999999995	0	0
14.6059999999998	1.78900000000067	14.5319999999992	0	0
15.7580000000016	4.17100000000028	14.6100000000006	0	0
14.1590000000033	2.43900000000031	13.4439999999995	0	0
14.5889999999999	2.10999999999967	14.1059999999998	0	0
15.0979999999981	2.9380000000001	14.3489999999983	0	0
15.1550000000025	2.25	14.9120000000003	0	0
16.107	4.84900000000016	14.6389999999992	0	0
15.0130000000026	1.98300000000017	14.3630000000012	0	0
16.4809999999998	4.40699999999924	15.4310000000005	0	0
14.494999999999	2.10199999999986	13.7749999999978	0	0
15.9210000000021	3.35000000000036	15.1189999999988	0	0
15.405999999999	4.39900000000034	15.2849999999999	0	0
16.0360000000001	5.23100000000068	15.3319999999985	0	0
14.2029999999977	2.67700000000059	14.2779999999984	0	0
18.0109999999986	10.0450000000001	15.4409999999989	0	0
15.6749999999993	2.98099999999977	14.5290000000023	0	0
15.7999999999993	5.80999999999949	14.7649999999994	0	0
15.8559999999998	7.1840000000002	14.5669999999991	0	0
17.2160000000003	7.3119999999999	15.1589999999997	0	0
14.4619999999995	2.18100000000049	13.7700000000004	0	0
15.4130000000005	5.20799999999963	14.5669999999991	0	0
14.5159999999996	2.65099999999984	13.75	0	0
16.1269999999968	4.19500000000062	15.1450000000004	0	0
14.6469999999972	2.8100000000004	14.0680000000029	0	0
15.7440000000024	3.34199999999964	14.7780000000021	0	0
15.3669999999984	3.41499999999996	14.2359999999971	0	0
17.5570000000007	7.33100000000013	14.9550000000017	0	0
17.2740000000013	8.34700000000066	15.0650000000023	0	0
15.5299999999988	3.39199999999983	13.8889999999992	0	0
16.9490000000005	5.90299999999934	14.9910000000018	0	0
16.275999999998	6.96900000000005	15.5310000000027	0	0
15.6419999999998	5.28200000000015	14.7639999999992	0	0
15.8240000000005	4.82099999999991	14.393	0	0
16.2020000000011	4.96700000000055	14.3679999999986	0	0
16.607	4.6220000000003	15.1749999999993	0	0
14.8129999999983	3.54500000000007	13.5519999999997	0	0
16.2069999999985	3.02199999999993	14.994999999999	0	0
16.1540000000023	5.13899999999921	14.6110000000008	0	0
16.2610000000022	4.94800000000032	15.3869999999988	0	0
15.3179999999993	5.06299999999919	14.8950000000004	0	0
15.9749999999985	6.03600000000006	14.2030000000013	0	0
15.1539999999986	3.58100000000013	14.3639999999978	0	0
16.3029999999999	5.45000000000073	15.0669999999991	0	0
16.7180000000008	9.10599999999977	15.2540000000008	0	0
16.8119999999981	3.65499999999975	15.8489999999983	0	0
16.2090000000026	5.41100000000006	15.1529999999984	0	0
15.8559999999998	3.72100000000046	15.3840000000018	0	0
14.255000000001	1.19700000000012	14.0930000000008	0	0
14.375	2.52400000000034	14.7180000000008	0	0
14.7919999999976	3.40400000000045	14.1110000000008	0	0
15.2139999999999	2.90099999999984	15.5279999999984	0	0
16.8739999999998	8.18099999999959	15.8070000000007	0	0
15.5020000000004	3.88000000000011	15.4269999999997	0	0
15.257999999998	5.75300000000061	14.6909999999989	0	0
15.3339999999989	2.34400000000005	14.5260000000017	0	0
15.3149999999987	2.13600000000042	14.7760000000017	0	0
13.9939999999988	2.58699999999953	14.2250000000022	0	0
13.8780000000006	1.50600000000031	13.7570000000014	0	0
15.0059999999976	2.52599999999984	14.1669999999976	0	0
15.0360000000001	4.78600000000006	14.3630000000012	0	0
14.4959999999992	3.03200000000015	15.0119999999988	0	0
15.1579999999994	1.14400000000023	14.7270000000026	0	0
15.1980000000003	3.02099999999973	15.0760000000009	0	0
14.3159999999989	3.18199999999979	14.2239999999983	0	0
15.9259999999995	4.71500000000015	15.6959999999999	0	0
15.0740000000005	4.36399999999958	14.143	0	0
16.0550000000003	5.33399999999983	15.0070000000014	0	0
15.3429999999971	3.36099999999988	15.2090000000026	0	0
14.8590000000004	2.63700000000063	14.625	0	0
15.1689999999981	5.92599999999948	14.4799999999996	0	0
15.5479999999989	5.73300000000017	14.7530000000006	0	0
14.7739999999976	4.77199999999993	15.7350000000006	0	0
14.0479999999989	2.79500000000007	14.0519999999997	0	0
14.7389999999978	3.96299999999974	14.3610000000008	0	0
18.2789999999986	11.308	15.3050000000003	0	0
15.8760000000002	4.31999999999971	14.4989999999998	0	0
15.232	5.0649999999996	15.094000000001	0	0
15.2520000000004	5.13299999999981	14.7260000000024	0	0
15.2129999999997	4.83900000000085	15.1399999999994	0	0
15.6810000000005	7.67099999999937	14.104000000003	0	0
16.6110000000008	8.39899999999943	14.9850000000006	0	0
15.7330000000002	6.20700000000033	15.2360000000008	0	0
15.1850000000013	3.59900000000016	14.2220000000016	0	0
14.7729999999974	3.35899999999947	14.1739999999991	0	0
15.2029999999977	5.00500000000011	14.2200000000012	0	0
16.9639999999999	5.5590000000002	14.875	0	0
15.6990000000005	6.01199999999972	14.1440000000002	0	0
14.8400000000001	4.15299999999934	14.0560000000005	0	0
14.6599999999999	2.17199999999957	14.1530000000021	0	0
15.6739999999991	4.28600000000006	14.9730000000018	0	0
15.482	4.50800000000072	15.1929999999993	0	0
14.3729999999996	2.60099999999966	14.2330000000002	0	0
15.1790000000001	1.60699999999997	14.6770000000033	0	0
15.5709999999999	2.13599999999951	14.8079999999973	0	0
15.5930000000008	2.89000000000033	14.8110000000015	0	0
16.9520000000011	8.36299999999937	14.6820000000007	0	0
15.9809999999998	6.00500000000011	15.0210000000006	0	0
16.3660000000018	7.76199999999972	14.643	0	0
16.3849999999984	10.0369999999994	15.6100000000006	0	0
13.6529999999984	1.69300000000021	13.5380000000005	0	0
15.3040000000001	2.90700000000015	13.8909999999996	0	0
14.7929999999978	2.90399999999954	13.6879999999983	0	0
16.7990000000027	8.52199999999993	15.768	0	0
15.6370000000024	4.65499999999975	15.6550000000025	0	0
14.2350000000006	3.66600000000017	14.4680000000008	0	0
16.0459999999985	6.13999999999942	14.6859999999979	0	0
16.0740000000005	9.40899999999965	14.857	0	0
16.7299999999996	8.92199999999957	14.8060000000005	0	0
15.9080000000031	7.13400000000001	14.893	0	0
15.0169999999998	4.25500000000011	13.9789999999994	0	0
16.2999999999993	6.48100000000068	14.6230000000032	0	0
15.7669999999998	6.22400000000016	14.7570000000014	0	0
15.0649999999987	2.5600000000004	13.9120000000003	0	0
15.1820000000007	2.36299999999937	14.2170000000006	0	0
17.7690000000002	9.64699999999993	15.3069999999971	0	0
15.1779999999999	3.20600000000013	14.1620000000003	0	0
15.4069999999992	5.14199999999983	14.5879999999997	0	0
15.849000000002	6.42599999999948	14.9539999999979	0	0
14.6009999999987	2.01399999999921	14.482	0	0
16.0560000000005	4.41799999999967	15.112000000001	0	0
16.114999999998	5.55499999999938	15.1569999999992	0	0
16.7510000000002	4.8159999999998	15.273000000001	0	0
15.8000000000029	5.34699999999975	14.7129999999997	0	0
15.7210000000014	4.91700000000037	14.9400000000023	0	0
14.1549999999988	5.30799999999999	13.6909999999989	0	0
14.719000000001	3.03299999999945	14.3080000000009	0	0
15.2990000000027	3.92699999999968	14.5799999999981	0	0
15.5240000000013	3.39199999999983	14.8909999999996	0	0
13.6519999999982	2.10199999999986	13.5790000000015	0	0
15.8400000000001	7.375	15.0280000000021	0	0
14.992000000002	3.93199999999979	14.0270000000019	0	0
17.2039999999979	3.15300000000025	16.6990000000005	0	0
16.6380000000026	3.67700000000059	15.9220000000023	0	0
15.6729999999989	3.63199999999961	14.844000000001	0	0
15.7990000000027	4.34700000000066	14.625	0	0
15.6369999999988	4.26600000000053	14.7230000000018	0	0
16.3450000000012	6.07600000000002	15.0529999999999	0	0
15.5949999999975	3.28700000000026	14.6769999999997	0	0
15.7100000000028	5.07600000000002	14.6809999999969	0	0
16.5509999999995	6.46500000000015	14.9860000000008	0	0
15.6689999999981	3.32200000000012	14.8439999999973	0	0
14.6769999999997	3.36300000000028	14.2510000000002	0	0
14.974000000002	3.66800000000057	14.3810000000012	0	0
15.7900000000009	5.48700000000008	15.4629999999997	0	0
16.0879999999997	4.30100000000039	15.3400000000001	0	0
15.9889999999978	4.39599999999973	15.2000000000007	0	0
17.525999999998	7.41100000000006	15.6749999999993	0	0
16.1839999999975	3.40699999999924	15.3509999999987	0	0
15.5979999999981	2.6269999999995	14.507999999998	0	0
15.6399999999994	2.95199999999932	14.619999999999	0	0
16.6560000000027	5.58100000000013	15.5119999999988	0	0
14.143	2.32799999999952	14.3319999999985	0	0
15.9110000000001	4.67599999999948	15.3589999999967	0	0
14.9300000000003	1.92200000000048	14.1850000000013	0	0
14.6959999999999	2.37299999999959	14.1610000000001	0	0
17.143	6.47599999999966	16.1709999999985	0	0
14.9579999999987	2.6889999999994	14.9239999999991	0	0
15.7649999999994	3.82700000000023	15.2769999999982	0	0
16.523000000001	3.97099999999955	15.7790000000023	0	0
15.3379999999997	4.32600000000002	14.7769999999982	0	0
14.3790000000008	2.99600000000009	14.3590000000004	0	0
14.6890000000021	2.75	14.3160000000025	0	0
15.3680000000022	2.9340000000002	14.857	0	0
15.1730000000025	3.91800000000057	14.2560000000012	0	0
15.732	4.63199999999961	14.7350000000006	0	0
15.1320000000014	4.10499999999956	14.1550000000025	0	0
15.4140000000007	3.86200000000008	14.5279999999984	0	0
16.1160000000018	4.98199999999997	15.0210000000006	0	0
15.8509999999987	3.30300000000079	14.719000000001	0	0
16.4310000000005	3.76800000000003	14.7439999999988	0	0
14.099000000002	2.0019999999995	13.5459999999985	0	0
16.8349999999991	6.97000000000025	15.489999999998	0	0
16.3489999999983	4.17399999999998	14.9279999999999	0	0
17.1540000000023	7.54600000000028	15.7090000000026	0	0
14.8899999999994	2.83000000000084	13.5709999999999	0	0
13.1169999999984	2.00900000000001	13.1879999999983	0	0
14.3899999999994	2.69799999999941	14.4609999999993	0	0
15.375	4.92000000000007	14.4310000000005	0	0
16.8170000000027	6.67300000000068	15.0699999999997	0	0
15.7960000000021	6.39600000000064	15.4660000000003	0	0
14.1100000000006	4.64899999999943	14.4029999999984	0	0
14.7659999999996	5.0029999999997	13.9860000000008	0	0
17.1800000000003	7.64600000000064	14.8040000000001	0	0
14.9319999999971	3.41800000000057	14.6959999999999	0	0
15.2939999999981	4.30200000000059	14.780999999999	0	0
14.8650000000016	3.57600000000002	14.3809999999976	0	0
16.2139999999999	2.67399999999998	15.9470000000001	0	0
14.6319999999978	1.7489999999998	14.393	0	0
14.3140000000021	2.70399999999972	13.8279999999977	0	0
14.9159999999974	4.90899999999965	14.9169999999976	0	0
14.7799999999988	2.15700000000015	15.1599999999999	0	0
14.2789999999986	2.74600000000009	14.1419999999998	0	0
15.9770000000026	6.97500000000036	14.869999999999	0	0
14.4249999999993	3.24200000000019	13.9930000000022	0	0
16.8209999999999	8.29200000000037	14.487000000001	0	0
15.893	3.5659999999998	14.7139999999999	0	0
15.3560000000034	4.19599999999991	14.1319999999978	0	0
16.6159999999982	3.19499999999971	15.3550000000032	0	0
15.5920000000006	4.45399999999972	14.5149999999994	0	0
14.6939999999995	3.35599999999977	13.8060000000005	0	0
15.6689999999981	2.78199999999924	14.7710000000006	0	0
16.7660000000033	3.71500000000015	15.9869999999974	0	0
16.2429999999986	4.86299999999937	15.3609999999971	0	0
15.211000000003	3.47700000000077	14.4380000000019	0	0
14.9470000000001	3.99200000000019	14.4549999999981	0	0
14.6919999999991	1.52099999999882	14.5269999999982	0	0
15.7170000000006	5.65699999999924	14.4890000000014	0	0
15.9200000000019	4.89499999999862	15.4910000000018	0	0
15.1320000000014	3.46099999999933	14.9029999999984	0	0
16.2000000000007	4.17100000000028	15.523000000001	0	0
15.9010000000017	2.84499999999935	15.6779999999999	0	0
14.2390000000014	3.39600000000064	14.3149999999987	0	0
14.3159999999989	2.50199999999859	14.1090000000004	0	0
15.3709999999992	5.10000000000036	14.6949999999997	0	0
16.4559999999983	5.74099999999999	15.3050000000003	0	0
15.4239999999991	3.0010000000002	15.2580000000016	0	0
15.9499999999971	2.76900000000023	15.1479999999974	0	0
14.8080000000045	2.94700000000012	14.1669999999976	0	0
16.1810000000041	3.63199999999961	15.8029999999999	0	0
15.288999999997	2.87699999999859	14.4409999999989	0	0
16.6619999999966	4.31999999999971	15.7880000000005	0	0
16.2299999999959	4.19599999999991	15.6930000000029	0	0
16.6200000000026	3.69499999999971	15.869999999999	0	0
14.8329999999987	2.32100000000173	14.643	0	0
15.4420000000027	3.0049999999992	15.0600000000013	0	0
15.3050000000003	2.63199999999961	14.6090000000004	0	0
15.9660000000003	5.53900000000067	15.773000000001	0	0
15.1949999999997	3.16599999999926	14.9190000000017	0	0
14.7249999999985	3.48699999999917	14.5999999999985	0	0
14.5999999999985	1.84499999999935	14.3149999999987	0	0
14.3410000000003	4.18399999999929	14.1939999999995	0	0
15.7739999999976	2.64599999999882	15.8110000000015	0	0
14.6059999999998	2.76000000000022	14.8349999999991	0	0
14.6310000000012	3.70600000000013	13.9989999999998	0	0
14.2560000000012	2.26300000000083	14.393	0	0
15.3689999999988	3.08200000000033	15.1080000000002	0	0
15.3499999999985	4.85499999999956	14.4959999999992	0	0
15.3810000000012	4.08799999999974	13.7999999999993	0	0
14.2749999999942	3.07500000000073	13.7580000000016	0	0
16.4709999999977	6.23799999999937	15.7299999999996	0	0
14.0270000000019	3.21000000000095	13.2430000000022	0	0
16.2249999999985	8.21899999999914	14.7790000000023	0	0
14.7290000000066	3.29600000000028	13.9090000000033	0	0
14.8709999999992	2.68299999999908	14.3100000000049	0	0
16.2160000000003	7.61299999999937	14.7549999999974	0	0
16.5699999999997	5.8640000000014	14.4940000000061	0	0
15.9090000000069	3.92500000000109	14.877999999997	0	0
15.1979999999967	3.69399999999951	14.4089999999997	0	0
14.9189999999944	1.83799999999974	14.3849999999948	0	0
15.2969999999987	3.72899999999936	14.4939999999988	0	0
15.0529999999999	4.33299999999872	14.1739999999991	0	0
16.010000000002	3.60200000000077	15.0839999999953	0	0
16.0120000000024	3.82099999999991	14.8160000000062	0	0
15.3859999999986	5.22899999999936	14.5939999999973	0	0
15.4629999999961	3.503999999999	14.6369999999952	0	0
13.265999999996	4.94499999999971	12.4089999999997	0	0
12.9060000000027	3.06099999999969	11.9449999999997	0	0
13.5950000000012	5.77599999999984	12.2180000000008	0	0
12.7909999999974	4.25299999999879	12.3580000000002	0	0
14.4639999999999	5.25400000000081	12.8340000000026	0	0
14.2130000000034	4.98700000000099	12.5919999999969	0	0
14.5789999999979	6.14899999999943	13.0590000000011	0	0
13.9180000000051	3.19599999999991	12.8600000000006	0	0
15.0080000000016	4.68999999999869	13.4590000000026	0	0
13.1619999999966	5.00699999999961	12.2779999999984	0	0
13.226999999999	4.23799999999937	12.0720000000001	0	0
12.3729999999996	2.36799999999857	12.5550000000003	0	0
14.0749999999971	6.08200000000033	12.6929999999993	0	0
14.2839999999997	4.96500000000015	13.4370000000054	0	0
13.2400000000052	5.48300000000017	12.1199999999953	0	0
