8.415	3.033	8.459	0	0
6.744	3.172	7.351	0	0
7.468	2.845	8.177	0	0
6.142	1.85	6.742	0	0
6.206	1.621	6.73099999999999	0	0
6.81	0.972999999999999	7.956	0	0
5.99499999999999	0.234999999999999	9.914	0	0
6.35799999999999	1.935	8.806	0	0
6	1.012	7.00499999999998	0	0
5.83500000000001	0.445	7.21100000000001	0	0
7.49199999999999	2.323	10.902	0	0
6.68600000000001	2.422	7.87700000000001	0	0
6.40100000000001	2.154	8.30099999999999	0	0
5.886	1.124	6.57899999999998	0	0
7.887	4.02300000000001	8.59	0	0
7.56999999999999	3.901	8.761	0	0
8.04599999999999	5.84299999999999	9.50099999999998	0	0
9.636	7.429	8.959	0	0
9.63400000000001	6.51899999999999	9.18599999999998	0	0
9.88099999999997	8.117	11.229	0	0
7.06400000000002	3.416	7.26400000000001	0	0
7.33999999999997	2.809	8.55200000000002	0	0
6.23599999999999	1.453	9.32799999999997	0	0
7.63299999999998	2.351	11.525	0	0
9.86400000000003	9.58799999999999	10.23	0	0
7.15099999999995	2.97799999999998	8.05300000000005	0	0
7.60200000000003	2.55999999999997	9.20299999999997	0	0
7.11599999999999	3.38499999999999	7.76099999999997	0	0
6.97799999999995	0.905999999999977	7.90500000000003	0	0
7.08800000000002	3.87899999999999	7.05200000000002	0	0
9.34399999999999	9.24600000000001	8.79000000000002	0	0
6.5	2.16999999999999	7.03399999999999	0	0
6.52799999999996	1.96699999999998	9.66300000000001	0	0
8.125	4.40200000000002	8.83699999999999	0	0
6.404	1.58699999999999	7.36099999999999	0	0
7.44400000000002	3.94399999999996	8.69200000000001	0	0
15.269	17.212	14.748	0	0
6.19600000000003	1.44299999999998	7.39800000000002	0	0
9.91899999999998	6.911	10.144	0	0
6.99000000000001	2.709	8.82299999999998	0	0
8.02200000000005	5.60599999999999	8.71699999999998	0	0
12.0219999999999	11.93	10.989	0	0
10.4620000000001	9.70299999999997	10.718	0	0
8.44399999999996	6.411	9.91500000000008	0	0
7.74700000000007	2.88400000000001	8.93900000000008	0	0
6.72699999999998	2.02499999999998	7.72399999999993	0	0
5.82400000000007	0.411000000000001	7.22000000000003	0	0
5.80899999999997	0.242999999999995	6.22400000000005	0	0
11.669	10.969	10.256	0	0
7.12699999999995	0.834000000000003	9.625	0	0
8.64099999999996	5.428	8.26900000000001	0	0
11.798	12.387	12.203	0	0
8.33899999999994	3.88099999999997	9.50299999999993	0	0
9.88800000000003	7.59200000000004	9.62	0	0
8.19500000000005	3.05399999999997	7.75900000000001	0	0
6.17000000000007	0.886000000000024	6.75300000000004	0	0
6.75400000000002	1.71099999999996	6.76700000000005	0	0
8.47300000000007	4.80000000000001	10.509	0	0
5.98599999999999	1.36799999999999	7.39699999999993	0	0
10.617	8.41899999999998	12.5840000000001	0	0
6.96000000000004	2.73199999999997	8.67400000000009	0	0
7.66999999999996	4.62600000000003	9.56000000000006	0	0
8.64600000000007	3.92700000000002	8.99799999999993	0	0
6.48000000000002	1.721	7.55500000000006	0	0
6.94799999999998	1.52599999999995	7.41999999999996	0	0
5.78099999999995	0.202999999999975	8.35400000000004	0	0
6.09000000000003	0.644000000000005	6.8130000000001	0	0
6.84800000000007	0.995999999999981	9.37999999999988	0	0
6.45799999999997	1.12	8.89399999999978	0	0
7.81499999999994	2.43500000000006	10.769	0	0
6.92800000000011	3	7.73299999999995	0	0
6.41599999999994	1.60299999999995	6.35200000000009	0	0
7.02700000000004	2.04700000000003	8.64400000000001	0	0
8.69500000000016	6.43299999999999	9.05500000000006	0	0
7.13300000000004	2.13	7.70600000000013	0	0
8.33300000000008	5.94499999999994	8.74299999999994	0	0
8.90499999999997	7.60500000000002	10.1800000000001	0	0
7.19200000000001	1.72499999999991	9.08600000000001	0	0
6.7059999999999	2.61400000000003	7.49600000000009	0	0
7.49900000000002	4.13100000000009	8.24300000000017	0	0
7.10799999999995	0.95900000000006	10.0310000000002	0	0
6.05499999999984	0.998000000000047	6.83900000000017	0	0
6.13000000000011	1.10700000000008	6.54399999999987	0	0
6.279	1.495	7.02299999999991	0	0
9.13499999999999	7.10000000000002	9.47299999999996	0	0
7.96199999999999	2.61500000000001	7.37899999999991	0	0
10.5540000000001	9.93200000000002	9.56200000000013	0	0
8.17900000000009	5.18099999999993	8.46900000000005	0	0
6.37300000000005	1.21699999999998	7.01599999999985	0	0
6.44499999999994	1.39099999999996	6.92200000000003	0	0
6.47899999999981	1.24900000000002	6.46199999999999	0	0
11.9829999999999	13.5450000000001	10.348	0	0
10.4099999999999	9.375	9.95800000000008	0	0
6.14499999999998	1.25799999999992	7.08799999999997	0	0
6.15899999999988	0.901000000000067	6.76900000000001	0	0
5.67200000000003	0.688999999999965	6.86699999999996	0	0
7.94000000000005	5.279	8.05899999999997	0	0
7.68600000000015	2.73000000000002	8.50800000000004	0	0
9.60799999999995	7.72199999999998	9.74800000000005	0	0
7.5440000000001	3.42099999999994	9.23999999999978	0	0
9.32600000000002	6.00400000000002	9.82999999999993	0	0
7.66100000000006	4.69399999999996	8.03599999999983	0	0
6.827	1.9319999999999	9.37699999999995	0	0
6.57199999999989	1.87400000000002	7.66799999999989	0	0
8.30799999999999	6.053	9.50399999999991	0	0
6.52800000000002	0.912000000000035	8.56500000000005	0	0
5.92900000000009	0.921000000000049	6.79099999999994	0	0
6.27300000000014	1.11000000000001	7.83699999999999	0	0
6.79099999999994	2.32999999999993	7.97399999999993	0	0
6.41700000000014	0.938000000000102	9.17999999999984	0	0
8.09300000000007	4.50100000000009	10.1199999999999	0	0
8.40099999999984	6.05500000000006	9.15899999999988	0	0
7.452	1.92900000000009	8.5440000000001	0	0
6.75299999999993	3.59399999999994	7.67700000000013	0	0
7.404	5.00799999999992	7.43499999999995	0	0
6.68899999999985	0.950000000000045	7.33900000000017	0	0
5.92399999999998	0.774999999999977	7.52099999999996	0	0
8.68399999999997	5.26700000000005	11.2249999999999	0	0
6.22799999999984	1.54600000000005	7.34699999999998	0	0
9.43100000000004	5.37900000000002	9.94000000000005	0	0
6.81500000000005	1.85400000000004	7.05200000000013	0	0
6.548	1.29200000000003	8.28399999999988	0	0
9.18200000000002	7.11400000000003	9.76200000000017	0	0
7.70100000000002	3.928	8.529	0	0
7.75	1.49799999999993	11.008	0	0
6.45699999999988	2.19900000000007	7.53400000000011	0	0
7.82499999999982	5.06099999999992	8.41399999999999	0	0
7.2940000000001	1.75099999999998	9.86599999999999	0	0
6.41100000000006	2.11199999999997	6.98699999999985	0	0
7.48900000000003	2.88499999999999	8.55399999999986	0	0
5.93200000000002	0.956999999999994	7.27200000000016	0	0
8.23299999999995	4.80700000000002	9.02099999999996	0	0
7.04899999999998	3.28999999999996	8.17799999999988	0	0
9.30399999999986	7.96400000000006	9.51099999999997	0	0
7.08400000000006	1.07999999999993	7.36999999999989	0	0
5.80700000000002	0.852999999999838	6.32699999999977	0	0
6.91699999999992	1.529	8.29399999999987	0	0
5.82400000000007	0.796000000000049	6.16100000000006	0	0
6.20900000000006	0.766000000000076	7.27499999999964	0	0
6.029	1.22500000000014	6.65000000000009	0	0
6.12799999999993	1.05499999999984	7.96100000000024	0	0
6.95700000000011	1.39100000000008	8.43100000000004	0	0
6.16599999999994	0.764999999999873	9.01900000000023	0	0
5.93299999999999	0.957000000000107	7.31899999999996	0	0
7.327	4.46499999999992	8.404	0	0
6.52599999999984	2.51299999999992	7.94699999999966	0	0
7.94100000000003	3.50999999999999	8.62599999999975	0	0
9.91200000000003	9.53999999999996	10.7709999999997	0	0
7.80799999999999	3.38000000000011	8.53700000000026	0	0
6.50400000000036	1.27100000000019	7.63999999999987	0	0
9.30799999999999	6.35699999999997	9.27099999999973	0	0
13.9859999999999	15.26	12.4550000000004	0	0
8.096	3.66200000000003	8.45699999999988	0	0
7.00300000000016	1.20299999999997	8.23599999999988	0	0
6.82099999999991	2.99199999999996	8.00999999999976	0	0
7.91600000000017	4.88300000000004	9.03399999999965	0	0
7.55699999999979	4.81400000000008	9.41000000000031	0	0
6.74800000000005	3.11400000000003	8.58299999999963	0	0
9.21199999999999	6.10199999999986	10.2159999999999	0	0
8.00599999999986	5.2940000000001	8.97699999999986	0	0
7.95200000000023	3.98900000000003	8.61900000000014	0	0
8.65599999999995	5.72000000000003	9.08300000000008	0	0
9.36799999999994	7.72399999999993	8.92400000000043	0	0
6.52300000000014	0.998000000000047	7.85500000000002	0	0
8.24699999999984	5.06500000000005	9.67799999999988	0	0
6.82499999999982	0.998000000000047	8.40599999999995	0	0
6.17700000000013	1.30999999999995	9.11300000000028	0	0
8.86599999999999	5.62300000000005	9.29700000000003	0	0
12.2629999999999	14.8980000000001	12.4400000000001	0	0
6.75399999999991	2.35299999999984	7.77599999999984	0	0
8.26800000000003	5.42499999999995	8.73599999999988	0	0
5.64800000000014	0.278999999999996	7.66900000000032	0	0
6.35300000000007	0.547000000000025	8.18600000000015	0	0
8.24600000000009	6.13499999999999	8.63099999999986	0	0
7.34699999999975	2.03800000000001	7.971	0	0
6.45299999999997	2.14099999999985	7.67000000000007	0	0
6.82600000000002	1.48000000000002	8.64800000000014	0	0
6.84000000000015	2.54500000000007	7.99499999999989	0	0
7.16600000000017	4.17100000000005	9.20500000000038	0	0
7.96100000000024	6.03800000000001	9.0619999999999	0	0
6.51800000000003	2.32499999999982	7.42799999999988	0	0
10.9559999999997	10.7750000000001	10.6259999999997	0	0
6.27199999999993	1.27199999999993	8.48399999999992	0	0
7.56600000000026	3.07300000000009	8.86099999999988	0	0
6.81999999999971	2.82000000000016	7.41800000000012	0	0
6.12899999999991	0.812000000000126	6.98500000000013	0	0
5.97299999999996	0.817999999999984	8.47000000000025	0	0
5.83100000000013	0.59699999999998	8.94900000000007	0	0
6.8449999999998	1.36999999999989	7.56700000000001	0	0
7.29800000000023	3.85799999999995	6.90999999999985	0	0
7.70199999999977	4.0150000000001	8.73499999999967	0	0
6.30499999999984	1.69200000000001	7.03600000000006	0	0
6.61999999999989	3.22300000000018	6.86599999999999	0	0
7.38200000000006	2.40899999999988	8.32899999999972	0	0
6.97799999999961	2.71299999999997	7.55700000000024	0	0
6.69100000000026	0.893000000000029	8.22900000000027	0	0
6.50499999999965	2.52299999999991	7.39899999999989	0	0
9.76399999999967	7.3570000000002	10.3489999999997	0	0
8.70800000000008	5.96300000000019	9.22700000000032	0	0
7.72400000000016	4.71599999999989	8.19200000000001	0	0
10.3969999999999	8.64099999999985	10.3110000000001	0	0
6.69900000000007	2.56400000000008	7.68700000000035	0	0
7.49099999999999	2.16699999999992	9.66200000000026	0	0
6.65900000000011	2.39900000000011	7.98900000000003	0	0
6.14699999999993	0.784000000000106	8.79100000000017	0	0
5.75699999999961	0.320999999999913	8.654	0	0
5.91899999999987	1.10200000000009	8.05999999999995	0	0
16.3649999999998	11.21	16.6809999999996	0	0
9.90499999999975	9.33699999999999	9.11099999999988	0	0
9.58800000000019	6.25	9.096	0	0
6.19499999999971	1.68500000000017	6.72699999999986	0	0
8.16499999999996	3.71100000000001	8.64600000000019	0	0
7.07999999999993	2.71299999999997	6.82600000000002	0	0
14.5980000000004	16.7819999999999	12.0230000000001	0	0
6.721	2.96299999999997	7.48300000000017	0	0
12.904	13.7639999999999	11.4790000000003	0	0
9.64900000000034	6.03899999999999	11.9780000000001	0	0
6.12300000000005	1.38499999999999	8.26199999999972	0	0
6.80899999999974	1.36699999999996	11.1949999999997	0	0
6.19900000000007	0.731999999999971	8.16100000000006	0	0
6.94399999999996	1.43799999999987	7.86399999999958	0	0
7.19600000000037	4.12300000000005	8.28300000000036	0	0
9.42100000000028	8.38499999999999	8.98500000000013	0	0
10.3830000000003	7.96800000000007	10.8020000000001	0	0
6.68200000000024	2.26800000000003	8.10600000000022	0	0
7.0010000000002	1.64700000000016	7.19999999999982	0	0
12.8960000000002	6.49900000000002	14.7159999999999	0	0
6.97899999999981	1.04500000000007	9.08299999999963	0	0
8.11700000000019	4.94600000000014	8.7199999999998	0	0
6.63700000000017	2.62799999999993	7.57200000000012	0	0
6.83100000000013	1.4559999999999	7.55299999999988	0	0
5.99199999999973	1.14300000000003	6.75	0	0
7.45100000000002	3.29600000000005	8.40099999999984	0	0
8.24699999999984	6.34500000000003	8.19300000000021	0	0
8.45499999999993	4.61799999999994	9.58399999999983	0	0
6.62400000000025	1.58000000000015	7.03400000000011	0	0
8.73000000000002	7.05199999999991	8.43599999999969	0	0
6.67399999999998	0.951000000000022	6.89199999999983	0	0
6.94499999999971	2.16200000000003	6.81799999999976	0	0
11.8100000000004	10.3499999999999	12.7799999999997	0	0
7.18799999999965	3.19600000000014	7.86999999999989	0	0
7.05100000000039	1.67499999999995	9.77300000000014	0	0
6.05799999999999	1.0150000000001	8.14000000000033	0	0
6.24699999999984	1.47999999999979	6.97699999999986	0	0
6.92099999999982	2.55500000000006	8.75500000000011	0	0
7.56399999999985	3.86900000000014	10.1500000000001	0	0
6.76900000000023	1.78899999999999	7.82699999999977	0	0
6.77500000000009	2.12800000000016	9.78200000000015	0	0
7.20800000000008	3.26700000000005	8.05099999999993	0	0
8.29500000000007	5.03499999999985	8.74499999999989	0	0
9.98900000000003	6.90899999999988	12.7079999999996	0	0
6.55000000000018	1.99399999999991	8.07400000000007	0	0
8.45200000000023	3.9820000000002	11.835	0	0
6.55400000000009	3.34899999999993	8.11799999999994	0	0
7.72699999999986	2.80099999999993	9.08599999999979	0	0
6.88400000000001	2.40300000000002	8.62599999999975	0	0
6.4680000000003	1.75700000000006	8.27700000000004	0	0
8.28399999999965	5.55899999999997	8.56100000000015	0	0
6.51299999999992	1.63499999999999	7.54800000000023	0	0
7.46200000000044	4.04700000000003	9.85399999999981	0	0
6.70299999999997	2.44700000000012	7.97299999999996	0	0
6.86200000000008	0.942999999999984	9.07099999999991	0	0
8.19000000000005	6.30199999999991	9.96599999999989	0	0
6.87100000000009	1.74000000000001	8.03099999999995	0	0
7.59999999999991	4.61300000000006	9.18600000000015	0	0
6.00599999999986	1.40699999999993	6.87300000000005	0	0
9.07300000000032	6.72599999999989	10.2429999999999	0	0
6.48900000000003	1.62299999999982	6.91799999999967	0	0
10.2049999999999	7.32499999999982	9.16799999999967	0	0
6.90800000000036	2.77300000000014	8.52700000000004	0	0
6.63700000000017	1.298	8.15099999999984	0	0
8.25700000000006	6.29399999999987	9.11499999999978	0	0
8.48700000000008	5.67799999999988	9.69400000000041	0	0
7.779	3.97499999999991	8.02199999999993	0	0
7.39999999999964	3.64400000000001	7.48000000000047	0	0
6.10300000000007	1.6400000000001	6.78300000000036	0	0
6.38199999999961	1.68100000000004	8.09199999999964	0	0
6.86199999999963	1.69000000000005	7.98400000000038	0	0
8.03699999999981	5.76600000000008	8.14999999999964	0	0
7.41799999999967	1.94200000000001	7.70299999999952	0	0
9.23500000000013	8.15099999999984	9.39899999999943	0	0
7.19500000000016	3.85199999999986	7.89599999999973	0	0
6.99200000000019	1.08599999999979	7.41299999999956	0	0
6.31899999999996	1.46599999999989	7.26400000000012	0	0
6.91699999999992	0.91399999999976	9.01499999999942	0	0
6.3779999999997	1.59999999999991	8.03400000000056	0	0
6.779	2.36799999999994	6.76599999999962	0	0
6.88100000000031	2.11299999999983	6.76800000000003	0	0
7.97999999999956	4.7470000000003	7.57999999999993	0	0
7.346	3.30999999999995	9.06899999999951	0	0
5.97699999999986	0.73700000000008	6.02199999999993	0	0
8.64000000000033	4.89999999999964	9.23900000000049	0	0
6.20200000000023	1.46300000000019	7.31700000000001	0	0
7.42900000000009	3.35500000000002	8.80100000000039	0	0
9.17300000000023	7.54700000000003	8.93599999999969	0	0
7.59000000000015	3.83800000000019	8.34699999999975	0	0
7.26099999999997	3.29899999999998	7.2480000000005	0	0
6.45799999999963	1.57799999999997	7.61299999999937	0	0
7.61599999999999	2.53200000000015	9.17000000000007	0	0
7.27899999999954	3.60800000000017	7.04299999999967	0	0
8.5590000000002	4.73000000000002	8.79999999999927	0	0
6.76500000000033	1.91800000000012	8.24200000000019	0	0
10.9040000000005	10.5510000000004	11.4569999999994	0	0
7.30099999999948	3.74400000000014	9.38100000000031	0	0
7.9369999999999	3.81899999999996	9.12899999999991	0	0
9.85800000000017	8.37699999999995	10.3320000000003	0	0
6.46100000000024	0.753000000000156	8.50999999999931	0	0
6.58600000000024	1.6880000000001	6.91100000000006	0	0
17.1540000000005	12.431	17.8900000000003	0	0
6.07299999999941	1.64800000000014	6.63400000000001	0	0
7.1880000000001	1.01400000000012	7.36200000000008	0	0
7.29700000000048	2.83699999999999	7.39800000000014	0	0
6.46099999999933	2.00599999999986	7.57600000000002	0	0
7.53200000000015	4.60200000000032	7.42900000000009	0	0
9.38000000000011	8.46199999999999	8.82500000000073	0	0
6.53300000000036	1.84400000000005	7.76100000000042	0	0
6.55600000000049	2.43100000000004	9.5010000000002	0	0
5.95399999999972	1.78499999999985	8.60599999999977	0	0
11.134	3.11699999999973	13.2080000000005	0	0
7.15099999999984	1.25	7.54899999999998	0	0
6.81900000000041	1.88999999999987	8.42199999999957	0	0
10.7210000000005	10.5709999999999	12.1660000000002	0	0
9.07899999999972	6.93700000000035	9.85199999999986	0	0
7.96000000000004	3.48199999999997	9.38400000000001	0	0
11.527	10.3200000000002	12.0370000000003	0	0
7.20300000000043	1.41699999999992	7.96799999999985	0	0
11.3340000000007	10.8200000000002	9.71199999999953	0	0
11.0459999999994	9.83299999999963	11.4480000000003	0	0
8.76299999999992	7.25500000000011	9.27700000000004	0	0
7.65599999999995	3.81899999999996	7.2549999999992	0	0
6.78899999999976	1.71000000000004	7.33600000000024	0	0
5.9350000000004	0.784000000000106	6.23899999999958	0	0
7.4389999999994	2.13400000000001	9.6239999999998	0	0
6.07200000000012	1.49400000000014	6.8720000000003	0	0
7.15499999999975	1.90099999999984	8.80199999999968	0	0
6.78600000000006	2.74900000000025	7.0570000000007	0	0
8.28600000000006	3.89200000000028	8.28099999999995	0	0
6.22099999999955	0.809999999999945	7.32099999999991	0	0
6.85399999999936	0.675000000000182	8.00500000000011	0	0
6.13700000000063	1.49299999999994	7.51199999999972	0	0
8.98800000000028	6.51400000000012	9.21199999999953	0	0
5.91600000000017	0.695000000000164	6.86700000000019	0	0
8.82700000000023	6.48299999999972	9.83200000000033	0	0
5.94400000000041	1.10100000000011	6.44200000000001	0	0
6.63699999999972	2.14499999999998	7.38300000000072	0	0
7.3720000000003	2.07700000000023	8.6909999999998	0	0
6.35199999999986	1.69900000000007	8.04500000000007	0	0
14.5439999999999	18.317	14.2809999999999	0	0
11.1880000000001	10.6039999999998	10.4610000000002	0	0
7.22899999999936	1.97000000000025	7.47800000000007	0	0
5.86200000000008	0.704000000000178	5.92600000000039	0	0
7.01000000000022	1.09799999999996	8.1220000000003	0	0
7.85400000000027	4.55600000000004	8.48599999999988	0	0
7.25	2.66700000000037	8.56400000000031	0	0
11.4430000000002	10.694	10.0829999999996	0	0
10.6580000000004	10.0639999999999	10.7440000000006	0	0
9.88299999999981	8.11000000000013	10.5889999999999	0	0
7.9320000000007	3.9670000000001	8.23199999999997	0	0
9.91600000000017	7.48199999999997	10.0590000000002	0	0
6.71200000000044	2.70399999999972	6.77400000000034	0	0
8.89400000000023	3.95000000000027	9.24799999999959	0	0
10.192	8.69299999999976	10.5190000000002	0	0
13.4580000000005	13.5860000000002	12.4610000000002	0	0
6.39400000000023	2.17299999999977	7.1880000000001	0	0
9.72000000000025	8.47699999999986	10.4229999999998	0	0
6.4989999999998	2.07199999999966	7.05400000000009	0	0
7.22800000000007	3.37599999999975	7.63699999999972	0	0
8.36599999999999	5.55400000000009	9.55300000000079	0	0
6.76499999999942	0.368999999999687	8.4360000000006	0	0
10.5429999999997	1.55499999999984	13.1080000000002	0	0
6.6860000000006	0.710000000000036	8.55199999999968	0	0
6.1220000000003	2.04399999999987	7.51299999999992	0	0
7.00500000000011	1.74399999999969	7.54399999999987	0	0
8.16499999999996	6.25799999999981	10.2449999999999	0	0
7.82099999999991	3.24599999999964	9.03600000000006	0	0
6.26300000000083	1.79200000000037	6.95899999999983	0	0
6.34699999999975	0.619000000000142	6.28800000000047	0	0
8.72000000000025	7.59999999999991	9.19400000000041	0	0
7.6190000000006	3.41200000000026	8.85400000000027	0	0
7.57000000000062	5.05000000000018	8.39800000000014	0	0
6.90200000000004	1.45800000000008	9.33299999999963	0	0
6.31999999999971	1.8430000000003	7.27700000000004	0	0
7.34500000000025	1.01200000000017	9.59699999999975	0	0
6.83899999999994	3.32900000000018	7.88100000000031	0	0
6.92699999999968	1.65700000000015	8.23400000000038	0	0
6.27300000000014	1.4079999999999	8.22700000000077	0	0
8.02400000000034	3.75599999999986	8.8149999999996	0	0
8.35199999999986	6.53500000000031	9.01800000000003	0	0
8.9989999999998	5.62800000000016	9.65699999999924	0	0
6.80799999999999	3.3420000000001	6.98899999999958	0	0
8.47000000000025	4.31099999999969	9.36800000000039	0	0
6.84599999999955	2.32799999999997	7.61300000000028	0	0
7.7450000000008	2.82799999999997	7.47400000000016	0	0
7.59499999999935	3.93100000000004	9.22299999999996	0	0
8.71100000000024	5.23999999999978	9.34200000000055	0	0
6.10500000000047	0.98700000000008	7.02800000000025	0	0
6.92199999999957	1.54999999999973	8.33299999999963	0	0
7.05500000000029	3.79700000000003	7.42500000000018	0	0
7.43299999999999	2.86400000000003	8.40700000000015	0	0
5.73599999999988	0.35799999999972	6.54899999999998	0	0
6.49799999999959	0.618000000000393	7.52599999999984	0	0
6.52999999999975	1.84099999999989	8.52700000000004	0	0
6.55899999999929	0.930000000000291	7.79700000000048	0	0
7.62400000000071	4.55000000000018	8.41499999999996	0	0
7.32499999999982	1.57099999999991	8.32099999999991	0	0
9.26699999999983	7.17999999999984	9.69500000000062	0	0
13.1229999999996	13.067	12.0169999999998	0	0
9.88400000000001	7.71799999999985	10.1980000000003	0	0
14.0360000000001	14.6839999999997	12.4870000000001	0	0
7.41799999999967	4.76499999999987	7.97599999999966	0	0
8.54199999999946	4.38400000000001	9.44899999999961	0	0
6.40700000000015	1.5619999999999	9.15299999999934	0	0
7.35199999999986	3.02799999999979	8.19400000000041	0	0
6.14599999999973	1.16000000000031	6.89100000000053	0	0
8.47700000000077	4.76700000000028	8.72500000000036	0	0
7.01199999999972	3.29999999999973	8.35599999999977	0	0
6.89599999999973	1.44200000000001	8.39099999999962	0	0
15.2539999999999	18.194	13.9520000000002	0	0
9.47500000000036	7.1909999999998	9.05299999999988	0	0
6.61399999999958	1.38000000000011	6.62100000000009	0	0
9.40500000000065	7.32099999999991	11.1140000000005	0	0
8.22500000000036	4.94399999999996	8.19400000000041	0	0
8.95499999999993	6.93299999999999	9.4340000000002	0	0
7.63600000000042	4.3119999999999	7.80199999999968	0	0
7.56899999999951	1.55099999999993	7.90999999999985	0	0
6.76699999999983	1.14999999999964	9.30500000000029	0	0
8.9340000000002	5.3090000000002	10.3140000000003	0	0
7.10399999999936	3.76199999999972	8.20600000000013	0	0
7.69800000000032	3.33100000000013	8.55699999999979	0	0
7.3100000000004	3.48700000000008	7.55799999999999	0	0
6.67500000000018	0.674999999999727	7.45700000000033	0	0
6.83500000000004	2.99800000000005	7.16499999999996	0	0
6.79899999999998	1.10400000000027	8.98299999999927	0	0
5.86299999999937	0.830000000000382	6.44700000000012	0	0
10.4539999999997	7.99600000000009	9.45299999999952	0	0
6.64099999999962	1.80399999999963	7.31500000000051	0	0
7.27800000000025	2.53699999999981	7.95399999999972	0	0
6.26100000000042	1.48100000000022	6.90800000000036	0	0
8.09900000000016	4.02599999999984	10.0900000000001	0	0
7.20200000000023	3.80600000000004	7.41799999999967	0	0
13.7999999999993	13.2710000000002	14.826	0	0
6.4409999999998	1.86499999999978	7.04800000000068	0	0
8.29299999999967	3.73600000000033	9.68700000000081	0	0
8.53000000000065	6.46000000000004	8.3100000000004	0	0
7.48500000000058	2.12800000000016	9.34400000000005	0	0
9.70299999999952	8.34400000000005	11.5700000000006	0	0
7.17500000000018	1.81899999999996	8.19899999999961	0	0
7.97399999999925	4.65099999999984	10.5479999999998	0	0
6.8130000000001	1.11599999999999	8.51300000000083	0	0
6.98400000000038	2.79199999999992	7.16699999999946	0	0
7.22599999999966	1.41399999999976	7.60699999999997	0	0
6.28699999999935	1.28900000000021	7.48099999999977	0	0
7.17399999999998	1.54099999999971	8.64199999999983	0	0
11.473	11.0520000000001	10.7210000000005	0	0
8.24099999999999	3.68299999999999	7.54600000000028	0	0
6.41600000000017	2.23199999999997	6.73700000000008	0	0
8.19000000000051	4.31299999999965	9.0619999999999	0	0
6.48900000000049	1.65599999999995	7.40300000000025	0	0
7.0679999999993	1.20700000000033	7.42200000000048	0	0
8.31800000000021	6.41400000000021	9.54199999999946	0	0
8.16200000000026	3.79500000000007	9.24499999999989	0	0
10.9920000000002	10.27	10.9290000000001	0	0
7.47299999999996	2.16800000000012	9.30299999999988	0	0
6.8119999999999	2.88800000000037	7.9380000000001	0	0
6.72699999999986	1.05899999999974	8.08799999999974	0	0
6.35400000000027	1.49200000000019	6.46600000000035	0	0
8.5639999999994	5.08899999999994	10.0219999999999	0	0
9.17799999999988	7.5619999999999	9.47999999999956	0	0
8.47499999999945	5.03800000000001	8.25600000000031	0	0
7.10699999999997	3.78900000000021	7.39100000000053	0	0
10.3779999999997	8.1550000000002	9.54799999999977	0	0
6.38400000000001	1.15100000000029	7.75	0	0
7.94800000000032	3.60399999999981	8.46699999999964	0	0
7.94700000000012	4.31899999999996	6.80799999999999	0	0
10.0060000000003	7.11100000000033	9.13299999999981	0	0
6.94900000000052	2.98499999999967	7.60500000000047	0	0
9.29099999999926	5.77500000000009	8.72500000000036	0	0
7.09200000000055	3.05099999999993	8.50500000000011	0	0
8.63299999999981	4.49699999999984	11.1750000000002	0	0
8.73999999999978	6.70000000000027	9.97800000000007	0	0
6.79799999999977	1.10699999999997	8.48400000000038	0	0
8.69999999999982	5.19300000000021	8.38600000000042	0	0
7.92499999999927	2.90499999999975	7.60299999999916	0	0
5.90099999999984	0.942000000000007	6.20200000000023	0	0
10.1880000000001	8.19799999999987	10.7179999999998	0	0
7.24099999999999	3.86599999999999	7.87100000000009	0	0
11.0320000000002	10.7950000000001	12.9180000000006	0	0
6.37599999999929	1.30200000000013	6.66399999999976	0	0
6.44899999999961	0.617999999999938	7.73099999999977	0	0
6.16499999999996	1.53899999999976	7.49799999999959	0	0
6.65099999999984	0.906999999999698	7.27499999999964	0	0
6.16099999999915	0.889000000000124	6.61700000000019	0	0
7.34299999999985	1.85599999999977	7.29400000000078	0	0
6.45299999999952	1.625	6.51800000000003	0	0
9.91300000000047	6.48400000000038	9.26599999999962	0	0
7.17100000000028	3.30099999999993	8.56900000000041	0	0
10.2780000000002	8.7829999999999	12.2370000000001	0	0
8.08300000000054	4.82300000000032	8.94400000000041	0	0
7.84299999999985	4.01400000000012	8.76000000000022	0	0
9.44300000000021	7.60400000000027	9.76900000000023	0	0
9.75800000000072	6.82600000000002	9.42000000000007	0	0
6.48499999999967	1.70499999999993	7.47200000000066	0	0
7.30699999999979	1.89599999999973	8.6279999999997	0	0
7.93299999999999	4.38700000000017	8.25699999999961	0	0
7.76699999999983	1.89699999999993	7.16199999999935	0	0
8.88999999999942	7.24600000000009	9.01800000000003	0	0
7.91799999999967	4.04199999999992	8.83299999999963	0	0
7.04499999999916	2.35900000000038	8.90900000000056	0	0
8.22400000000016	3.67000000000007	8.60999999999967	0	0
6.80199999999968	2.57500000000027	8.34900000000016	0	0
8.99300000000039	5.99000000000024	8.63400000000001	0	0
8.01699999999983	5.25900000000001	9.19400000000041	0	0
8.37100000000009	4.44200000000001	9.8100000000004	0	0
7.03099999999995	2.61299999999983	9.53099999999995	0	0
7.74199999999928	1.596	11.1700000000001	0	0
7.11300000000028	2.37900000000036	7.6840000000002	0	0
7.88199999999961	2.55000000000018	9.27199999999993	0	0
6.79100000000017	1.74099999999999	7.03400000000056	0	0
12.9340000000002	12.8180000000002	12.0819999999994	0	0
6.3130000000001	1.11300000000028	6.73099999999977	0	0
6.79799999999977	0.880000000000109	8.45399999999972	0	0
6.84400000000005	2.06200000000035	9.42900000000009	0	0
7.17499999999927	2.22700000000032	7.60800000000017	0	0
6.61999999999989	2.48700000000008	7.52000000000044	0	0
10.7700000000004	8.82700000000023	9.77199999999993	0	0
11.4869999999992	11.7159999999999	10.0969999999998	0	0
6.57700000000023	0.527000000000044	8.51000000000022	0	0
6.03200000000015	1.0329999999999	6.73299999999927	0	0
7.17100000000028	1.24300000000039	7.63599999999951	0	0
7.43199999999979	2.96500000000015	7.88400000000001	0	0
15.1959999999999	15.3470000000002	15.0709999999999	0	0
6.29699999999957	1.67300000000023	6.55200000000059	0	0
7.09799999999996	1.29199999999992	7.54899999999998	0	0
8.77899999999954	7.2489999999998	9.15899999999965	0	0
6.98799999999937	1.51200000000017	8.09699999999975	0	0
7.03699999999935	2.34000000000015	7.16100000000006	0	0
8.47900000000027	4.69599999999991	9.74300000000039	0	0
7.22400000000016	3.32499999999982	8.94000000000051	0	0
7.41299999999956	1.62900000000036	7.33899999999994	0	0
5.82600000000002	0.692000000000007	6.72699999999895	0	0
6.85400000000027	0.797000000000025	7.32999999999993	0	0
7.09899999999925	2.80700000000024	8.86300000000119	0	0
7.15900000000056	1.4689999999996	10.1080000000002	0	0
7.51399999999921	3.76200000000017	7.70499999999993	0	0
8.64699999999993	5.02400000000034	9.45700000000033	0	0
8.49299999999948	6.13000000000011	9.58899999999994	0	0
7.82699999999932	3.35699999999997	8.14400000000023	0	0
6.04299999999967	0.581000000000131	6.19399999999951	0	0
6.59300000000076	0.743999999999687	9.05899999999929	0	0
7.51599999999962	3.53999999999996	8.10299999999916	0	0
7.77100000000064	2.35100000000057	8.02599999999984	0	0
6.90200000000004	3.02999999999975	8.28900000000067	0	0
7.63400000000001	2.87899999999991	7.96000000000095	0	0
6.28099999999995	1.82099999999991	6.95600000000013	0	0
7.59799999999996	3.11200000000008	10.6689999999999	0	0
7.6220000000003	3.85599999999977	7.87299999999959	0	0
7.46300000000065	2.61399999999958	9.3739999999998	0	0
6.3159999999998	2.07600000000002	7.43999999999869	0	0
6.81700000000001	1.14800000000014	8.91299999999865	0	0
6.03899999999976	1.34100000000035	6.76500000000124	0	0
9.20499999999993	5.79300000000057	9.40799999999945	0	0
7.10499999999956	1.77500000000055	6.77099999999882	0	0
7.42200000000048	2.3779999999997	9.84699999999975	0	0
10.7120000000004	9.2470000000003	9.72199999999975	0	0
15.9740000000002	18.6639999999998	14.396999999999	0	0
10.0470000000005	9.53400000000056	9.74300000000039	0	0
7.03200000000015	1.59400000000005	8.65200000000004	0	0
9.90200000000004	9.02000000000044	10.1589999999997	0	0
7.91200000000026	3.81700000000001	10.8270000000011	0	0
6.21900000000005	1.82899999999972	8.34799999999996	0	0
10.0739999999996	8.40200000000004	12.137999999999	0	0
8.45699999999943	5.44800000000032	8.625	0	0
8.86700000000019	5.50399999999991	9.60700000000179	0	0
8.08600000000024	5.44800000000032	8.94700000000012	0	0
10.4299999999994	8.28499999999985	9.99300000000039	0	0
7.32499999999982	2.88999999999942	7.24700000000121	0	0
12.0100000000002	11.8630000000003	12.0680000000011	0	0
6.31900000000041	1.66499999999996	10.1329999999998	0	0
6.98800000000028	1.17099999999937	7.48599999999897	0	0
9.08200000000033	6.78900000000067	8.88899999999921	0	0
6.8739999999998	1.33199999999943	8.95999999999913	0	0
6.58600000000024	2.29500000000007	8.66500000000087	0	0
10.1930000000002	8.07199999999921	11.9979999999996	0	0
16.1939999999995	19.4479999999994	14.6419999999998	0	0
6.85899999999947	0.765999999999622	8.9380000000001	0	0
6.34799999999996	0.608000000000175	8.91200000000026	0	0
6.84099999999944	0.679999999999382	9.18600000000151	0	0
6.78900000000067	2.91100000000006	8.43100000000049	0	0
8.49499999999898	6.49099999999999	9.76800000000003	0	0
6.74699999999939	2.13900000000012	8.89600000000064	0	0
8.87900000000081	4.90999999999985	10.1739999999991	0	0
8.23400000000038	4.55199999999968	8.09400000000096	0	0
9.14699999999903	5.3799999999992	11.4179999999997	0	0
6.14900000000125	1.61599999999999	6.60699999999997	0	0
7.73399999999856	2.77399999999943	8.25	0	0
8.371000000001	6.31999999999971	8.72800000000097	0	0
7.58100000000013	3.20300000000043	8.21899999999914	0	0
9.09699999999975	6.37899999999991	10.0479999999989	0	0
7.16499999999905	1.34500000000025	7.8219999999983	0	0
10.4269999999997	9.84700000000066	9.97400000000016	0	0
8.2440000000006	4.37199999999939	8.21799999999894	0	0
6.99800000000141	2.90999999999985	7.45700000000033	0	0
8.25400000000081	3.78400000000056	8.60000000000036	0	0
8.52200000000084	6.29399999999987	8.01100000000042	0	0
6.73600000000079	1.01599999999962	7.33499999999913	0	0
6.06099999999969	0.846000000000458	7.35800000000017	0	0
7.16200000000026	1.40700000000015	8.72799999999916	0	0
6.04600000000028	0.886000000000422	6.61300000000119	0	0
7.20200000000114	2.44300000000021	7.97300000000178	0	0
6.05799999999908	0.427999999999884	7.76000000000022	0	0
6.8739999999998	1.15499999999975	8.50900000000001	0	0
6.33300000000054	1.02199999999993	8.16899999999987	0	0
8.03800000000047	4.82899999999972	8.11099999999897	0	0
7.71300000000156	4.57799999999952	7.86899999999878	0	0
10.8369999999995	8.75900000000001	10.1110000000008	0	0
8.10800000000017	5.92399999999998	8.14800000000105	0	0
7.58299999999872	2.61599999999999	9.01100000000042	0	0
6.39899999999943	1.72000000000025	7.81999999999971	0	0
6.32099999999991	1.6239999999998	9.26000000000022	0	0
7.74499999999898	3.53999999999996	8.58100000000013	0	0
8.20000000000073	5.26000000000022	8.37099999999919	0	0
8.01100000000042	3.1869999999999	8.67400000000089	0	0
5.78300000000127	0.803000000000793	6.95800000000054	0	0
7.5010000000002	2.60100000000057	7.45299999999952	0	0
6.66400000000067	2.13999999999942	7.38199999999961	0	0
6.67399999999907	0.76299999999992	7.71999999999935	0	0
6.13199999999961	0.97400000000016	7.48199999999997	0	0
7.69499999999971	2.7489999999998	7.50300000000061	0	0
6.35400000000118	1.63100000000031	6.54099999999926	0	0
11.4860000000008	10.0509999999995	10.6569999999992	0	0
6.34099999999853	1.21700000000055	6.53700000000026	0	0
9.8169999999991	6.91600000000017	9.93900000000031	0	0
6.71699999999873	1.80000000000018	6.89599999999882	0	0
7.3859999999986	2.52300000000014	7.31899999999951	0	0
11.0300000000007	2.97800000000007	11.7219999999998	0	0
7.76199999999881	5.11200000000008	8.97700000000077	0	0
7.77500000000146	2.74000000000069	8.82800000000134	0	0
6.90799999999945	1.54700000000048	7.47900000000118	0	0
8.09200000000055	3.60400000000027	10.4099999999999	0	0
7.69800000000032	4.77499999999964	8.41499999999905	0	0
8.34799999999996	4.45800000000054	9.93000000000029	0	0
8.53700000000026	5.3179999999993	9.90400000000045	0	0
6.72700000000077	0.368000000000393	7.10599999999977	0	0
5.8130000000001	0.377999999999702	6.34899999999834	0	0
6.29799999999886	0.384000000000015	7.08100000000013	0	0
5.90099999999984	0.888999999999214	7.41899999999987	0	0
6.90300000000025	0.557000000000698	8.83799999999974	0	0
6.71899999999914	2.10900000000038	8.25799999999981	0	0
8.10800000000017	5.37400000000071	9.69099999999889	0	0
7.55999999999949	3.01000000000022	8.61399999999958	0	0
6.66300000000047	2.72400000000016	8.14799999999923	0	0
10.101999999999	7.79599999999937	10.246000000001	0	0
11.8430000000008	12.357	11.1779999999999	0	0
7.03999999999905	0.823999999999614	9.78399999999965	0	0
6.90899999999965	2.76200000000063	7.628999999999	0	0
8.24300000000039	4.43199999999979	8.92900000000009	0	0
6.14899999999943	0.619999999999891	7.14500000000044	0	0
6.58699999999953	0.984999999999673	7.93000000000029	0	0
6.39199999999983	1.50200000000041	7.66400000000067	0	0
9.79700000000048	7.48099999999977	10.7060000000001	0	0
6.50799999999981	2.57900000000063	7.32400000000052	0	0
9.30500000000029	7.18099999999959	8.51499999999942	0	0
10.0220000000008	9.16499999999996	9.95699999999852	0	0
10.5210000000006	8.76699999999983	11.4670000000006	0	0
6.41299999999865	2.14300000000003	7.5580000000009	0	0
8.39400000000023	4.79300000000057	8.6869999999999	0	0
11.0820000000003	12.2289999999994	11.5120000000006	0	0
9.20999999999913	6.71299999999974	9.80599999999868	0	0
6.74200000000019	2.57400000000052	6.7549999999992	0	0
7.27299999999923	1.91200000000026	9.11199999999917	0	0
6.54800000000068	1.51600000000053	8.84100000000035	0	0
6.78299999999945	0.872000000000298	7.33000000000175	0	0
6.51200000000063	2.20499999999993	6.68999999999869	0	0
6.84900000000016	0.914000000000669	7.3690000000006	0	0
5.96700000000055	0.453999999999724	6.75500000000102	0	0
7.85099999999875	3.57900000000063	10.7570000000014	0	0
6.84300000000076	2.14699999999993	6.77599999999984	0	0
6.90599999999904	1.10800000000017	8.1880000000001	0	0
5.77299999999923	0.591000000000349	6.38699999999881	0	0
7.1770000000015	2.28200000000015	7.89899999999943	0	0
6.34499999999935	2.50699999999961	7.07599999999911	0	0
9.58799999999974	6.55199999999968	9.47699999999895	0	0
7.07799999999952	3.67300000000068	8.62299999999959	0	0
8.71299999999974	5.02499999999964	9.34799999999996	0	0
6.63600000000042	1.49600000000009	8.18499999999949	0	0
8.84400000000096	5.29100000000017	9.26100000000042	0	0
7.26100000000042	3.84500000000025	7.55199999999968	0	0
6.4429999999993	1.67100000000028	6.96999999999935	0	0
7.09900000000016	1.45899999999983	7.67300000000068	0	0
6.64600000000064	2.0590000000002	6.95600000000013	0	0
7.18500000000131	2.05400000000009	7.79300000000148	0	0
6.16599999999926	1.28899999999976	7.11199999999917	0	0
6.41700000000128	0.844000000000051	7.08899999999994	0	0
6.875	2.27899999999954	6.94599999999991	0	0
6.78199999999924	0.9350000000004	8.43099999999868	0	0
7.10900000000038	3.21900000000005	8.14699999999903	0	0
13.9149999999991	8.07900000000063	14.0989999999983	0	0
12.4030000000002	12.5550000000003	11.9490000000005	0	0
11.6059999999998	9.19800000000032	14.1849999999995	0	0
8.60299999999916	6.86800000000039	8.13799999999901	0	0
8.05999999999949	3.52800000000025	9.13999999999942	0	0
7.16900000000169	3.31900000000041	7.63299999999981	0	0
6.58600000000115	1.19200000000001	7.85900000000038	0	0
7.15799999999945	1.40599999999995	7.68499999999949	0	0
12.4250000000011	13.7709999999997	12.7989999999991	0	0
16.9410000000007	20.3330000000005	14.2100000000009	0	0
10.6540000000005	9.25900000000001	10.7749999999996	0	0
7.57699999999932	4.09400000000005	8.30199999999968	0	0
11.4089999999997	9.96200000000044	11.9070000000011	0	0
7.31600000000071	3.63799999999992	8.26899999999841	0	0
8.63199999999961	5.24099999999999	8.78399999999965	0	0
6.16300000000047	1.86300000000028	7.04399999999987	0	0
6.01599999999962	1.46900000000005	6.76200000000063	0	0
7.14400000000023	1.59699999999975	7.1820000000007	0	0
8.18900000000031	6.11800000000039	7.8179999999993	0	0
6.69700000000012	1.16899999999987	7.6190000000006	0	0
6.35200000000077	1.07600000000002	6.48199999999997	0	0
10.6020000000008	8.84600000000046	13.5799999999999	0	0
12.0879999999997	13.3959999999997	10.5939999999991	0	0
6.76999999999862	1.00099999999929	7.47400000000016	0	0
6.56099999999969	2.1220000000003	6.65300000000025	0	0
6.84799999999996	1.59799999999996	7.01100000000042	0	0
6.60399999999936	1.63500000000022	8.30299999999988	0	0
6.9419999999991	1.79900000000089	8.40499999999884	0	0
7.05199999999968	2.89199999999983	6.8179999999993	0	0
7.14199999999983	1.375	7.94399999999951	0	0
9.4419999999991	7.70100000000002	11.3600000000006	0	0
8.79100000000108	5.54899999999998	10.384	0	0
6.66100000000006	2.6899999999996	6.66100000000006	0	0
10.5910000000003	8.68299999999999	10.3409999999985	0	0
6.19100000000071	2.09500000000025	6.87299999999959	0	0
16.5840000000007	18.4040000000005	15.0640000000003	0	0
7.17100000000028	2.3130000000001	7.76100000000042	0	0
7.81400000000031	2.65399999999954	8.33099999999831	0	0
12.7129999999997	13.4700000000003	10.5839999999989	0	0
7.00400000000081	2.84999999999945	6.80900000000111	0	0
9.26299999999901	6.39000000000033	9.06400000000031	0	0
9.4380000000001	8.13599999999951	9.61199999999917	0	0
7.21099999999933	2.71599999999944	8.71899999999914	0	0
5.95499999999993	1.02100000000064	7.19700000000012	0	0
7.4369999999999	3.29500000000007	8.00200000000041	0	0
7.625	2.17299999999977	7.24300000000039	0	0
7.88199999999961	4.77600000000075	7.58200000000033	0	0
9.21600000000035	5.65200000000004	9.7489999999998	0	0
7.21500000000015	3.04100000000017	7.65300000000025	0	0
9.05699999999888	4.9970000000003	9.04899999999907	0	0
7.40899999999965	3.52099999999973	8.80199999999968	0	0
7.49300000000039	1.87900000000081	9.83599999999933	0	0
6.22599999999875	0.85700000000088	7.83100000000013	0	0
7.13900000000103	2.27000000000044	7.80199999999968	0	0
8.6929999999993	3.22899999999936	10.723	0	0
8.09599999999955	5.00900000000001	8.51599999999962	0	0
6.90099999999984	1.44599999999991	7.78499999999985	0	0
8.57200000000012	5.89999999999964	8.57099999999991	0	0
7.43499999999949	2.5679999999993	7.50600000000122	0	0
6.78499999999985	2.84100000000035	7.15300000000025	0	0
6.65300000000025	1.43599999999969	7.57200000000012	0	0
6.34499999999935	2.11099999999988	7.38600000000042	0	0
7.53399999999965	2.30100000000039	8.6260000000002	0	0
6.27600000000166	0.759999999999309	9.08699999999953	0	0
6.84799999999996	2.3799999999992	7.003999999999	0	0
7.23600000000079	1.47999999999956	8.40699999999924	0	0
6.64700000000084	1.4409999999998	6.45700000000033	0	0
7.5	2.89500000000044	7.69200000000092	0	0
6.64800000000105	2.39000000000033	7.64199999999983	0	0
7.29999999999927	2.35300000000007	7.76100000000042	0	0
9.88400000000001	8.3090000000002	9.50199999999859	0	0
7.34799999999996	1.71600000000035	8.72300000000178	0	0
6.89800000000105	2.22800000000007	9.73799999999937	0	0
8.76900000000023	3.29899999999998	9.52200000000084	0	0
11.235999999999	10.9840000000004	11.259	0	0
9.36800000000039	5.63100000000031	9.35499999999956	0	0
7.71299999999974	4.75900000000001	8.27700000000004	0	0
8.44800000000032	3.54899999999998	9.30500000000029	0	0
6.11099999999897	1.64500000000044	6.77099999999882	0	0
7.17699999999968	3.44000000000051	8.47899999999936	0	0
7.8640000000014	3.1309999999994	8.8080000000009	0	0
6.44400000000132	1.56800000000021	6.61499999999978	0	0
9.50200000000041	7.09699999999975	10.8799999999992	0	0
8.42000000000007	5.20600000000013	8.45499999999993	0	0
12.25	10.8229999999994	11.7200000000012	0	0
7.08799999999974	2.85500000000047	7.57300000000032	0	0
9.52499999999964	6.90700000000015	9.27100000000064	0	0
18.7790000000005	15.9480000000003	19.1509999999998	0	0
6.19700000000012	1.59400000000005	6.75200000000041	0	0
10.7780000000002	9.40399999999954	11.8500000000004	0	0
8.74599999999919	6.13200000000052	8.38900000000103	0	0
8.89400000000023	5.44599999999991	10.0840000000007	0	0
7.2549999999992	3.39099999999962	8.19599999999991	0	0
7.4989999999998	2.45499999999993	8.67399999999907	0	0
7.65099999999984	2.62100000000009	10.9809999999998	0	0
6.95399999999972	3.26499999999942	10.0249999999996	0	0
6.64700000000084	0.851999999999862	8.23700000000099	0	0
6.31700000000092	1.47299999999996	6.20700000000033	0	0
6.79299999999967	1.85800000000017	6.69900000000052	0	0
6.64899999999943	0.942000000000007	8.41400000000067	0	0
6.9369999999999	1.90499999999975	8.39600000000064	0	0
7.60000000000036	2.13000000000011	8.19200000000092	0	0
6.42999999999847	1.67299999999977	8.66599999999926	0	0
9.40899999999965	6.53200000000015	11.869999999999	0	0
6.60499999999956	2.33200000000033	7.39300000000003	0	0
7.48700000000099	2.65900000000056	8.58300000000054	0	0
7.0679999999993	2.57400000000052	7.5679999999993	0	0
13.4709999999995	13.4290000000001	12.9389999999985	0	0
7.3700000000008	3.89300000000003	8.15599999999904	0	0
6.78900000000067	0.927000000000589	10.0420000000013	0	0
6.35100000000057	1.60899999999947	8.16699999999946	0	0
6.31999999999971	0.274999999999636	7.92199999999866	0	0
6.42200000000048	1.61099999999988	8.06999999999971	0	0
6.74699999999939	1.96699999999964	7.41700000000128	0	0
6.20799999999872	1.27999999999975	6.57300000000032	0	0
6.60000000000036	1.125	7.57499999999891	0	0
8.42199999999866	5.77199999999993	9.83500000000095	0	0
16.7649999999994	12.3590000000004	18.143	0	0
7.10500000000138	0.813999999999396	9.84500000000116	0	0
6.67500000000109	1.95499999999993	6.99599999999919	0	0
11.9079999999994	12.7039999999997	11.5619999999999	0	0
6.34000000000015	1.64099999999962	6.19500000000153	0	0
7.01899999999841	1.51200000000063	7.59700000000157	0	0
6.79099999999926	2.07299999999941	8.11700000000019	0	0
7.20399999999972	2.18599999999969	7.52599999999984	0	0
13.7350000000006	16.1139999999996	13.2079999999987	0	0
9.34499999999935	6.35699999999997	9.78600000000006	0	0
14.237000000001	16.5889999999999	12.8399999999983	0	0
8.73899999999958	4.34099999999944	9.07799999999952	0	0
8.34599999999955	5.03799999999956	9.78999999999905	0	0
7.95299999999952	3.42600000000039	8.98500000000058	0	0
8.8179999999993	5.60999999999967	8.72699999999895	0	0
9.05900000000111	7.61099999999988	8.95499999999993	0	0
9.73600000000079	6.24099999999999	9.35099999999875	0	0
7.59699999999975	2.99099999999999	6.99399999999878	0	0
8.88100000000122	5.65200000000004	10.094000000001	0	0
8.16200000000026	5.20900000000074	9.42799999999988	0	0
6.80099999999948	0.667999999999665	9.02599999999984	0	0
8.39199999999983	6.02400000000034	11.0720000000001	0	0
6.85299999999916	1.47699999999986	8.19200000000092	0	0
7.11599999999999	2.71100000000024	7.53500000000167	0	0
9.83400000000074	8.47699999999986	11.0059999999994	0	0
6.88100000000122	2.36800000000039	7.83300000000054	0	0
6.9369999999999	1.60000000000036	7.59900000000016	0	0
8.11100000000079	5.38000000000011	8.39600000000064	0	0
7.31800000000112	1.30200000000059	8.25600000000122	0	0
11.9189999999999	12.4690000000001	12.6830000000009	0	0
8.87200000000121	5.21000000000004	8.57200000000012	0	0
7.26699999999983	3.54199999999946	7.30400000000009	0	0
6.36700000000019	1.22500000000036	7.36700000000019	0	0
8.92300000000068	5.55999999999949	10.1610000000001	0	0
6.41599999999926	1.54500000000007	7.84900000000016	0	0
9.25299999999879	5.97900000000027	9.88900000000103	0	0
6.17799999999988	1.16899999999987	7.44499999999971	0	0
7.66300000000047	3.37100000000009	9.90300000000025	0	0
9.27400000000125	6.51800000000003	12.6180000000004	0	0
8.72299999999996	4.9320000000007	10.107	0	0
8.4260000000013	5.60099999999966	8.37200000000121	0	0
7.09799999999996	1.16300000000047	8.31500000000051	0	0
6.48099999999977	1.57500000000073	8.48199999999997	0	0
8.34900000000016	5.39799999999923	8.10599999999977	0	0
12.8799999999992	11.5520000000006	11.853000000001	0	0
6.64300000000003	1.71399999999994	7.10299999999916	0	0
17.5330000000013	8.97000000000025	15.6929999999993	0	0
7.71900000000096	1.77199999999993	7.54000000000087	0	0
6.09499999999935	0.996999999999389	6.12199999999939	0	0
7.45800000000054	3.24399999999969	9.02400000000125	0	0
6.79000000000087	2.33899999999994	7.66399999999885	0	0
8.02399999999943	4.46299999999974	8.56500000000051	0	0
6.96600000000035	0.52599999999984	8.50200000000041	0	0
8.2599999999984	5.0570000000007	10.2469999999994	0	0
6.59300000000076	1.9350000000004	9.19700000000012	0	0
6.67200000000048	0.534999999999854	8.25300000000061	0	0
5.97500000000036	1.00799999999981	7.02100000000064	0	0
12.9879999999994	5.22299999999996	15.5970000000016	0	0
7.75	2.80100000000039	7.88800000000083	0	0
6.42399999999907	1.68399999999929	7.04600000000028	0	0
9.83300000000054	5.88500000000022	11.7440000000006	0	0
6.86200000000099	1.55200000000059	10.0849999999991	0	0
12.6569999999992	13.9260000000004	12.0410000000011	0	0
8.86700000000019	5.44100000000071	8.8739999999998	0	0
12.4670000000006	11.8040000000001	11.9799999999996	0	0
6.61099999999897	1.41100000000006	7.08400000000074	0	0
8.34100000000035	3.93900000000031	9.246000000001	0	0
6.39800000000105	1.52400000000034	6.92000000000007	0	0
10.1679999999997	8.78700000000026	10.6850000000013	0	0
7.25200000000041	2.16799999999967	8.71800000000076	0	0
10.5249999999996	9.60699999999997	9.20199999999932	0	0
7.02199999999903	3.17499999999927	8.07400000000052	0	0
8.83299999999872	5.02600000000075	9.96099999999933	0	0
7.50500000000102	4.07899999999972	8.0619999999999	0	0
7.77900000000045	2.64300000000003	8.98400000000038	0	0
6.40600000000086	1.09799999999996	6.38700000000063	0	0
9.73800000000119	7.34999999999945	11.4360000000015	0	0
10.0790000000015	6.87100000000009	12.2700000000004	0	0
8.15600000000086	5.71599999999944	9.6820000000007	0	0
7.24300000000039	2.40399999999954	8.75	0	0
9.94399999999951	7.46299999999974	9.43599999999969	0	0
13.3689999999988	14.8910000000005	14.2790000000005	0	0
8.89999999999964	5.21799999999985	9.73600000000079	0	0
7.61599999999999	3.67699999999968	8.55299999999988	0	0
6.8849999999984	1.375	9.02299999999923	0	0
7.61599999999999	3.86399999999958	7.50900000000001	0	0
8.27300000000105	6.16499999999996	8.46700000000055	0	0
7.07099999999991	1.98899999999958	7.23400000000038	0	0
8.02800000000025	4.66499999999996	8.7489999999998	0	0
6.68599999999969	0.659999999999854	7.66599999999926	0	0
6.71500000000015	2.58100000000013	6.99799999999959	0	0
6.34000000000015	1.62100000000009	7.69500000000153	0	0
9.1869999999999	6.05099999999948	8.85999999999876	0	0
7.82899999999972	4.28800000000047	8.20800000000054	0	0
8.39399999999841	4.75500000000011	9.92100000000028	0	0
6.64100000000144	2.24099999999999	6.90400000000045	0	0
7.04299999999967	1.58300000000054	7.20900000000074	0	0
7.62799999999879	2.47699999999986	7.85800000000017	0	0
6.52700000000004	1.85199999999986	7.56899999999951	0	0
6.78899999999885	0.948999999999614	7.60800000000017	0	0
7.2489999999998	3.43799999999919	7.49800000000141	0	0
7.91899999999987	3.39599999999973	8.28999999999905	0	0
7.84700000000157	4.96700000000055	7.81100000000151	0	0
6.85099999999875	2.65899999999965	6.9429999999993	0	0
6.85100000000057	0.882999999999811	8.30500000000029	0	0
6.90899999999965	3.29600000000028	6.79500000000007	0	0
9.28799999999865	5.88799999999992	9.04099999999926	0	0
7.05299999999988	1.27000000000044	7.56999999999971	0	0
6.28300000000127	1.39099999999962	6.37900000000081	0	0
7.29799999999886	0.622999999999593	7.94700000000012	0	0
8.8700000000008	6.40999999999985	9.36299999999937	0	0
6.89400000000023	0.72899999999936	8.46500000000015	0	0
6.44700000000012	1.75500000000011	7.02100000000064	0	0
6.90099999999984	1.44800000000032	7.67599999999948	0	0
11.0380000000005	10.5999999999995	10.5079999999998	0	0
9.26300000000083	5.52300000000014	8.91899999999987	0	0
9.93400000000111	7.59599999999955	10.7899999999991	0	0
8.77400000000125	5.86700000000019	8.78499999999985	0	0
7.44800000000032	2.69399999999951	7.98300000000017	0	0
6.70800000000054	2.23999999999978	7.17100000000028	0	0
7.02100000000064	1.91300000000047	8.80899999999929	0	0
8.42999999999847	5.97299999999996	9.38199999999961	0	0
6.78900000000067	2.51300000000083	7.35499999999956	0	0
7.01900000000023	0.902000000000044	8.17300000000068	0	0
6.94400000000132	3.7529999999997	9.96500000000015	0	0
7.90899999999965	2.59299999999985	9.30099999999948	0	0
6.12800000000061	0.782000000000153	8.34599999999955	0	0
6.26399999999921	0.721000000000458	7.51200000000063	0	0
6.95499999999993	0.865000000000691	8.10500000000138	0	0
10.4619999999995	11.3759999999993	9.75	0	0
6.33100000000013	1.2450000000008	8.42699999999968	0	0
6.98300000000017	1.19100000000071	6.77199999999903	0	0
7.77499999999964	3.71900000000005	8.64199999999983	0	0
6.98799999999937	3.16799999999967	9.07799999999952	0	0
7.07400000000052	1.50900000000001	8.30500000000029	0	0
8.52499999999964	5.58200000000033	9.55900000000111	0	0
8.90200000000004	6.8809999999994	9.6919999999991	0	0
6.90700000000106	1.32799999999952	9	0	0
6.96100000000115	3.23399999999947	7.65899999999965	0	0
6.17699999999968	1.12100000000009	7.14300000000003	0	0
6.90099999999984	1.39999999999964	9.24299999999857	0	0
7.2450000000008	2.66300000000047	7.61800000000039	0	0
5.9419999999991	0.359000000000378	6.26599999999962	0	0
6.66100000000006	0.289999999999964	7.72699999999895	0	0
7.6820000000007	4.80600000000049	8.77800000000025	0	0
8.28499999999985	4.19400000000041	8.11399999999958	0	0
6.93000000000029	3.15400000000045	7.82899999999972	0	0
6.57099999999991	2.05499999999938	7.01399999999921	0	0
8.29199999999946	2.25	9.39399999999841	0	0
7.33699999999953	4.64300000000003	8.56000000000131	0	0
8.65600000000086	4.26900000000023	10.857	0	0
7.5	3.63200000000052	7.98700000000099	0	0
7.12299999999959	2.10599999999977	7.34599999999955	0	0
7.2440000000006	1.55600000000049	8.73400000000038	0	0
6.625	1.25399999999991	6.90400000000045	0	0
7.15099999999984	1.77800000000025	8.05199999999968	0	0
8.27700000000004	4.16899999999987	9.40400000000045	0	0
7.56099999999969	2.99099999999999	6.84299999999894	0	0
7.91000000000167	2.46700000000055	7.16200000000026	0	0
9.42000000000007	5.86999999999989	11.8639999999996	0	0
6.76700000000164	1.90999999999985	8.38299999999981	0	0
8.77200000000084	6.84299999999985	9.89600000000064	0	0
7.48199999999997	1.71800000000076	8.54099999999926	0	0
6.121000000001	1.23499999999967	7.46700000000055	0	0
5.96000000000095	0.992000000000189	6.98999999999978	0	0
19.5459999999985	25.9459999999999	16.0329999999994	0	0
6.74099999999999	2.21100000000024	7.6830000000009	0	0
6.97000000000116	0.835000000000036	8.23899999999958	0	0
6.34399999999914	1.34900000000016	7.20100000000093	0	0
8.47400000000016	5.2480000000005	8.30400000000009	0	0
10.2579999999998	7.30600000000049	9.89600000000064	0	0
7.76000000000022	3.24600000000009	7.8760000000002	0	0
7.5049999999992	2.60500000000047	8.92699999999968	0	0
5.88400000000001	0.704999999999927	6.40600000000086	0	0
5.95399999999972	0.818000000000211	7.14400000000023	0	0
7.48799999999937	2.81700000000001	9.10699999999997	0	0
7.67300000000068	3.67900000000009	7.94499999999971	0	0
7.14199999999983	3.85699999999997	9.3179999999993	0	0
6.77499999999964	1.22999999999956	8.26699999999983	0	0
8.71900000000096	6.8149999999996	9.0059999999994	0	0
9.71299999999974	7.58400000000074	9.34100000000035	0	0
6.94300000000112	1.78700000000026	7.11700000000019	0	0
6.32499999999891	2.14799999999923	7.07799999999952	0	0
7.5	1.39999999999964	9.13600000000042	0	0
7.21800000000076	3.04500000000007	7.9369999999999	0	0
7.80199999999968	3.44999999999982	9.24300000000039	0	0
6.88500000000022	0.743000000000393	7.52199999999903	0	0
