6.54	4.374	6.575	0	0
5.407	4.05	5.123	0	0
9.846	11.366	7.117	0	0
5.52200000000001	5.47899999999999	5.122	0	0
4.753	3.17400000000001	6.28800000000001	0	0
4.688	2.206	5.29599999999999	0	0
5.758	3.902	6.23700000000001	0	0
5.732	2.804	6.045	0	0
5.47500000000002	3.74299999999999	4.977	0	0
6.55500000000001	5.59	5.71499999999997	0	0
6.59399999999999	6.886	6.453	0	0
5.71699999999998	3.881	4.982	0	0
4.99699999999999	2.71699999999998	4.041	0	0
4.679	2.102	5.32900000000001	0	0
8.34	8.87300000000002	6.387	0	0
4.72299999999998	3.18000000000001	5.72000000000003	0	0
5.50999999999999	3.32499999999999	4.286	0	0
4.04599999999999	3.08499999999998	4.15799999999999	0	0
5.82600000000002	4.178	5.22	0	0
4.25600000000003	2.38299999999998	5.28500000000003	0	0
5.23599999999999	4.453	5.29700000000003	0	0
4.37599999999998	2.86799999999999	4.70500000000004	0	0
4.61899999999997	3.00700000000001	4.59700000000004	0	0
4.84500000000003	2.49000000000001	6.88999999999999	0	0
5.37099999999998	3.97399999999999	5.55799999999999	0	0
5.87800000000004	4.93399999999997	5.07300000000004	0	0
5.036	2.94099999999997	4.89100000000002	0	0
7.88800000000003	8.86999999999995	6.58699999999999	0	0
7.57900000000001	9.00999999999999	6.67599999999999	0	0
4.66800000000001	3.185	5.64599999999996	0	0
3.65499999999997	1.74099999999999	4.46800000000002	0	0
5.22400000000005	3.15600000000001	5.476	0	0
5.71499999999997	3.90300000000002	6.04599999999999	0	0
4.78799999999995	3.31599999999997	5.62800000000004	0	0
5.52600000000001	4.37200000000001	5.887	0	0
4.322	2.28699999999998	4.411	0	0
3.80700000000002	2.95999999999998	3.94	0	0
4.46300000000002	3.51599999999996	5.13499999999999	0	0
4.10299999999995	2.58000000000004	5.35299999999995	0	0
4.72300000000007	2.51599999999996	4.76099999999997	0	0
4.55000000000007	4.34699999999998	3.98099999999999	0	0
3.72799999999995	2.15699999999998	4.15899999999999	0	0
3.93700000000001	1.62299999999999	4.81799999999998	0	0
4.16799999999989	2.04700000000003	5.15899999999999	0	0
5.41300000000001	4.04399999999998	5.79599999999994	0	0
5.53599999999994	5.97500000000002	5.17500000000007	0	0
8.32499999999993	9.96800000000002	4.88900000000001	0	0
7.18700000000001	7.50100000000003	5.16499999999996	0	0
5.16499999999996	3.03300000000002	4.91300000000001	0	0
5.00800000000004	3.59000000000003	4.91399999999999	0	0
7.17200000000003	8.54199999999997	5.76499999999999	0	0
7.68100000000004	7.59199999999998	6.13499999999999	0	0
6.26700000000005	6.04200000000003	4.1880000000001	0	0
4.59199999999998	2.06200000000001	4.88	0	0
5.85200000000009	6.00600000000009	6.23000000000002	0	0
5.61500000000001	4.39999999999998	5.70000000000005	0	0
5.96299999999997	5.4849999999999	4.74400000000003	0	0
6.20600000000002	4.20300000000009	4.76499999999999	0	0
4.58299999999997	2.35800000000006	5.39699999999993	0	0
6.23099999999999	6.428	5.76699999999994	0	0
3.91399999999999	1.71799999999996	4.56700000000001	0	0
4.45299999999997	1.64200000000005	4.73200000000008	0	0
4.67099999999994	2.98199999999997	5.61099999999999	0	0
9.79300000000001	12.2429999999999	6.923	0	0
14.9830000000001	15.817	11.597	0	0
5.38900000000001	3.64200000000005	6.995	0	0
5.98400000000004	4.2890000000001	4.70800000000008	0	0
5.09500000000003	2.90899999999999	5.13199999999995	0	0
4.49199999999996	2.72299999999996	5.27200000000005	0	0
5.149	3.82099999999991	4.51900000000001	0	0
5.10800000000006	3.31299999999999	5.16800000000001	0	0
4.97500000000002	4.16200000000003	5.38300000000004	0	0
5.99800000000005	6.10599999999999	4.37900000000002	0	0
6.05599999999993	5.42499999999995	6.928	0	0
7.27599999999995	6.678	5.13400000000001	0	0
5.18100000000004	4.50599999999997	5.49000000000001	0	0
4.90300000000002	3.78999999999996	4.88799999999992	0	0
6.78099999999995	6.99900000000002	5.99199999999996	0	0
11.3990000000001	13.864	6.36800000000005	0	0
5.73299999999995	3.81400000000008	5.01199999999994	0	0
6.17599999999993	6.64800000000002	5.80999999999995	0	0
8.5920000000001	9.91800000000001	7.05700000000002	0	0
6.14100000000008	5.94799999999998	6.46600000000012	0	0
6.23300000000017	5.51800000000003	5.51900000000001	0	0
6.06299999999987	5.49199999999996	5.29299999999989	0	0
4.83100000000013	3.02299999999991	5.37200000000007	0	0
4.3599999999999	1.56299999999999	6.50900000000001	0	0
7.48400000000015	7.375	5.44100000000003	0	0
4.98900000000003	4.024	4.76299999999992	0	0
6.21900000000005	4.952	5.15199999999982	0	0
8.86000000000013	9.25699999999995	6.02800000000002	0	0
5.48000000000002	3.35299999999995	4.88300000000004	0	0
9.62599999999998	9.399	6.56200000000013	0	0
4.74599999999987	2.81799999999998	4.05099999999993	0	0
7.60899999999992	6.34300000000007	5.28399999999988	0	0
7.30600000000004	8.21399999999994	5.6690000000001	0	0
6.37900000000013	3.96800000000007	5.57600000000002	0	0
7.17200000000003	6.46299999999997	5.67699999999991	0	0
5.25400000000013	4.18700000000013	5.05399999999986	0	0
10.5919999999999	10.9000000000001	6.27600000000007	0	0
9.01699999999983	10.0030000000002	5.58899999999994	0	0
8.05700000000002	8.798	5.13299999999981	0	0
7.66999999999985	6.80899999999997	5.18299999999999	0	0
4.91600000000017	3.54199999999992	5.96600000000012	0	0
4.90300000000002	2.26999999999998	5.50299999999993	0	0
5.20800000000008	5.23699999999985	4.56700000000001	0	0
3.58999999999992	1.49699999999984	3.44000000000005	0	0
6.10099999999989	4.73300000000017	5.28300000000013	0	0
7.75299999999993	6.40499999999997	6.12000000000012	0	0
6.93399999999997	6.39800000000014	6.04899999999998	0	0
5.33200000000011	4.49900000000002	4.74000000000001	0	0
5.04100000000017	3.86200000000008	5.20900000000006	0	0
3.85099999999989	1.89300000000003	5.98099999999999	0	0
5.23900000000003	5.10099999999989	5.25799999999981	0	0
5.73500000000013	4.07400000000007	5.17900000000009	0	0
5.76699999999983	3.82300000000009	5.94799999999987	0	0
5.28499999999985	3.80899999999997	5.01400000000012	0	0
5.41100000000006	5.56700000000001	5.30600000000004	0	0
8.43100000000004	8.53300000000013	5.27300000000014	0	0
4.71499999999992	2.05400000000009	5.50199999999995	0	0
7.173	6.55799999999999	5.88599999999997	0	0
5.25700000000006	4.13400000000001	5.06400000000008	0	0
7.80500000000006	8.38400000000001	5.34300000000007	0	0
11.7070000000001	16.6279999999999	7.17600000000016	0	0
5.64400000000001	4.64400000000001	5.81399999999985	0	0
4.83199999999988	3.35099999999989	4.98900000000003	0	0
7.42100000000005	8.09799999999996	5.46699999999987	0	0
4.29700000000003	2.56399999999985	3.97199999999998	0	0
4.08200000000011	2.94799999999987	4.22900000000004	0	0
3.87899999999991	1.9190000000001	4.22900000000004	0	0
7.64900000000011	7.11999999999989	6.125	0	0
4.57400000000007	3.16000000000008	4.42599999999993	0	0
6.86599999999999	7.87799999999993	7.05100000000016	0	0
5.8900000000001	5.39900000000011	4.95900000000006	0	0
5.14799999999991	3.20299999999997	4.029	0	0
5.82600000000002	6.02700000000004	4.85300000000007	0	0
4.56899999999996	3.27999999999997	4.63300000000004	0	0
5.68299999999999	3.36699999999996	6.07299999999987	0	0
12.1420000000001	17.181	7.80199999999991	0	0
4.54499999999985	3.154	4.37100000000009	0	0
7.31700000000001	7.5329999999999	5.14799999999991	0	0
6.03700000000003	7.27099999999996	4.64800000000014	0	0
4.76400000000012	3.09000000000015	4.43200000000002	0	0
6.97500000000014	7.66499999999996	4.91599999999994	0	0
7.31800000000021	6.79899999999998	5.53399999999988	0	0
8.05700000000002	9.68900000000008	6.07300000000009	0	0
6.798	5.2639999999999	5.41699999999992	0	0
5.15599999999995	3.27399999999989	4.45800000000008	0	0
5.05300000000011	2.60599999999999	4.73199999999997	0	0
6.16700000000014	5.69600000000014	5.41399999999999	0	0
4.17000000000007	2.52100000000019	4.00900000000001	0	0
4.86900000000014	2.01599999999985	4.65299999999979	0	0
5.46399999999994	4.04999999999995	4.52299999999991	0	0
5.44700000000012	3.78800000000001	4.77400000000011	0	0
6.57199999999989	7.279	5.67500000000018	0	0
8.19000000000005	6.10800000000017	6.38400000000001	0	0
5.17000000000007	5.34399999999982	4.33999999999992	0	0
3.91499999999996	2.07400000000007	5.62000000000012	0	0
3.94200000000001	2.70000000000005	3.92599999999993	0	0
8.96300000000019	10.8589999999999	5.41800000000012	0	0
5.05499999999984	3.3420000000001	5.53200000000015	0	0
7.91200000000026	8.35500000000002	5.96599999999989	0	0
5.80799999999999	4.01999999999998	5.28899999999999	0	0
4.90800000000036	2.90200000000004	4.88200000000006	0	0
6.86999999999989	7.44499999999994	4.45099999999979	0	0
5.35500000000002	3.89799999999991	4.452	0	0
4.95599999999968	3.31899999999996	6.15600000000018	0	0
5.62100000000009	5.0809999999999	5.40800000000013	0	0
3.96399999999994	1.846	4.65499999999975	0	0
5.08399999999983	4.55200000000013	5.20100000000002	0	0
5.07000000000016	3.88099999999986	5.30000000000018	0	0
5.57600000000002	3.84900000000016	5.28899999999976	0	0
3.69500000000016	0.970000000000027	5.09199999999964	0	0
6.01199999999972	4.51999999999998	4.96500000000015	0	0
5.56700000000001	2.98800000000006	5.21699999999964	0	0
5.20899999999983	4.07399999999984	5.94300000000021	0	0
5.0010000000002	3.86400000000003	5.42300000000023	0	0
4.52000000000044	3.00599999999986	5.25199999999995	0	0
4.61799999999994	2.30300000000011	5.91400000000021	0	0
4.47699999999986	2.09799999999996	5.66499999999996	0	0
4.69500000000016	1.80899999999997	5.92599999999993	0	0
7.62100000000009	9.30000000000018	5.79500000000007	0	0
9.14899999999989	11.634	5.76999999999998	0	0
8.35300000000007	9.60199999999986	5.74099999999999	0	0
5.67799999999988	5.14400000000001	5.82099999999991	0	0
4.43299999999999	2.50200000000018	5.2199999999998	0	0
4.95800000000008	2.55299999999988	5.57500000000027	0	0
7.53400000000011	7.96800000000007	6.5329999999999	0	0
3.54400000000032	1.42599999999993	4.19700000000012	0	0
5.45400000000018	4.06099999999992	4.17100000000028	0	0
8.8420000000001	8.79500000000007	5.81100000000015	0	0
8.92699999999968	12.6320000000001	6.86099999999988	0	0
7.36599999999999	7.14800000000014	6.2829999999999	0	0
4.70900000000029	3.73599999999988	5.20700000000033	0	0
5.86200000000008	4.18599999999969	4.95000000000027	0	0
6.60800000000017	5.59699999999975	4.78800000000001	0	0
8.44500000000016	9.61299999999983	6.76499999999987	0	0
6.08299999999963	3.35800000000017	5.48099999999977	0	0
4.06600000000026	1.99699999999984	4.79799999999977	0	0
4.20399999999972	1.89800000000014	4.99099999999999	0	0
6.99000000000024	5.98199999999997	5.42900000000009	0	0
5.92799999999988	5.62699999999995	5.74900000000025	0	0
6.73900000000003	6.63999999999987	5.56399999999985	0	0
7.52199999999993	7.38099999999986	6.01199999999972	0	0
4.00400000000036	2.56399999999985	4.04399999999987	0	0
6.5	5.81600000000026	5.18399999999974	0	0
4.69799999999987	3.09299999999985	5.625	0	0
6.30899999999974	4.92999999999984	7.03200000000015	0	0
5.66499999999996	4.35800000000017	6.44499999999971	0	0
6.79899999999998	6.66300000000001	5.73299999999972	0	0
4.52700000000004	3.95399999999972	4.47800000000007	0	0
5.79899999999998	5.67399999999998	4.65900000000011	0	0
5.53800000000001	5.09900000000016	5.2819999999997	0	0
5.32700000000023	4.01400000000012	5.221	0	0
7.01400000000012	6.22800000000007	5.92999999999984	0	0
5.59699999999975	3.88900000000012	6.91100000000006	0	0
3.77700000000004	1.05500000000029	5.22899999999981	0	0
4.15700000000015	2.07799999999997	5.01100000000042	0	0
4.41399999999976	2.83299999999963	4.55399999999963	0	0
5.09899999999971	3.85300000000007	6.08100000000013	0	0
5.57100000000037	4.22400000000016	4.76200000000017	0	0
6.30100000000039	6.06799999999976	5.42100000000028	0	0
6.24499999999989	6.08399999999983	6.17400000000043	0	0
6.05700000000024	5.06899999999996	5.91399999999976	0	0
5.32399999999961	4.94500000000016	6.03400000000011	0	0
5.32900000000018	3.72700000000032	5.33300000000008	0	0
3.91700000000037	1.85699999999997	5.08599999999979	0	0
3.99299999999994	1.60300000000007	5.11699999999973	0	0
5.24699999999984	3.82799999999997	4.49800000000005	0	0
5.79100000000017	5.3420000000001	4.84000000000015	0	0
4.25599999999986	2.39300000000003	4.63099999999986	0	0
5.75500000000011	5.16799999999967	5.45899999999983	0	0
5.90599999999995	4.82799999999997	5.47199999999975	0	0
8.01299999999992	8.97199999999975	4.74900000000025	0	0
4.33699999999999	3.15200000000004	4.63499999999976	0	0
7.44399999999996	7.1220000000003	6.18299999999999	0	0
4.81500000000005	3.10500000000002	5.41000000000031	0	0
5.59999999999991	3.97000000000025	4.79799999999977	0	0
3.68100000000004	1.53699999999981	4.77900000000045	0	0
6.57799999999997	4.95400000000018	6.16499999999996	0	0
4.65000000000009	3.32700000000023	4.54500000000007	0	0
6.8720000000003	6.35699999999997	4.92200000000003	0	0
4.4050000000002	1.85500000000002	4.7800000000002	0	0
4.79599999999982	2.39300000000003	4.65800000000036	0	0
6.04700000000003	6.22699999999986	6.07799999999997	0	0
7.16399999999976	7.79700000000003	5.02799999999979	0	0
5.13800000000037	4.01699999999983	4.75199999999995	0	0
5.72000000000025	5.29599999999982	5.60599999999977	0	0
8.28600000000006	8.72699999999986	5.30200000000013	0	0
6.6260000000002	5.85899999999992	5.47899999999981	0	0
6.29799999999977	6.529	5.95899999999983	0	0
9.60599999999977	11.1210000000001	5.33999999999969	0	0
5.26900000000023	4.30999999999995	4.93900000000031	0	0
8.95499999999993	8.58899999999994	5.97400000000016	0	0
4.91300000000001	2.125	4.80200000000013	0	0
4.92200000000003	2.44000000000005	5.28400000000011	0	0
5.09299999999985	3.31899999999996	5.50500000000011	0	0
8.30099999999993	4.15599999999995	9.87199999999984	0	0
6.21100000000024	5.31500000000005	6.62100000000009	0	0
5.79600000000028	5.2170000000001	4.63000000000011	0	0
4.98199999999997	2.16899999999987	6.10899999999992	0	0
5.47600000000011	4.05299999999988	5.67399999999998	0	0
4.82700000000023	2.59900000000016	5.89300000000003	0	0
4.76899999999978	4.27499999999964	4.77300000000014	0	0
4.8119999999999	2.95100000000002	5.12099999999964	0	0
7.66800000000012	6.66699999999992	5.0329999999999	0	0
5.27400000000034	4.01400000000012	4.94500000000016	0	0
5.71499999999969	4.17500000000018	5.41600000000017	0	0
7.42099999999982	7.51600000000008	6.06100000000015	0	0
4.26800000000003	2.41400000000021	4.4340000000002	0	0
5.02999999999975	3.10699999999997	4.01099999999997	0	0
6.23000000000002	4.67399999999998	5.07799999999997	0	0
4.17399999999998	1.88499999999976	4.36400000000003	0	0
7.08500000000004	5.59099999999989	7.14300000000003	0	0
10.29	11.1650000000004	5.26400000000012	0	0
7.74200000000019	7.4340000000002	5.63000000000011	0	0
6.25900000000001	5.63200000000006	4.29300000000012	0	0
3.71399999999994	1.04899999999998	4.21500000000015	0	0
5.92200000000003	4.35300000000007	5.30600000000004	0	0
6.53499999999985	5.91499999999996	5.65300000000025	0	0
4.23700000000008	2.76399999999967	4.75399999999991	0	0
7.55299999999988	8.10699999999997	6.48000000000002	0	0
5.44799999999987	4.42799999999988	5.26999999999998	0	0
6.41000000000031	5.25599999999986	5.99300000000039	0	0
7.36200000000008	6.76400000000012	5.52199999999993	0	0
4.35399999999981	2.44799999999987	3.52799999999979	0	0
4.76400000000012	2.46500000000015	4.96399999999994	0	0
8.37899999999991	9.40599999999995	5.31399999999985	0	0
5.42200000000003	3.57600000000002	4.63000000000011	0	0
8.11999999999989	9.02099999999973	5.77100000000019	0	0
8.74400000000014	9.36900000000014	6.13299999999981	0	0
7.10399999999981	7.26900000000023	6.13299999999981	0	0
7.78600000000006	7.51999999999998	6.0619999999999	0	0
7.67500000000018	7.53999999999996	5.78099999999995	0	0
4.83500000000004	3.88200000000006	5.89100000000008	0	0
7.04799999999977	6.77099999999973	5.93600000000015	0	0
4.91399999999976	3.92800000000034	4.73300000000017	0	0
4.19399999999996	2.19700000000012	5.32500000000027	0	0
4.69600000000037	3.08599999999979	5.38700000000017	0	0
4.25	2.31100000000015	4.6239999999998	0	0
5.74300000000039	6.29300000000012	5.18100000000004	0	0
8.4340000000002	10.6380000000004	6.23000000000002	0	0
4.69500000000016	2.58400000000029	3.97499999999991	0	0
3.98799999999983	2.37400000000025	4.01599999999962	0	0
6.29399999999987	4.71799999999985	5.16300000000001	0	0
4.404	2.72699999999986	4.09700000000021	0	0
4.55299999999988	3.11900000000014	4.72699999999986	0	0
11.643	13.7290000000003	5.46500000000015	0	0
4.42099999999982	3.00500000000011	4.73199999999997	0	0
4.18899999999985	2.30699999999979	4.8130000000001	0	0
5.11999999999989	4.03600000000006	5.20600000000013	0	0
4.89699999999993	3.22899999999981	5.52400000000034	0	0
5.33300000000008	3.6579999999999	4.44399999999996	0	0
6.08199999999988	5.76899999999978	5.42099999999982	0	0
4.28900000000021	1.33199999999988	4.46399999999994	0	0
5.15899999999965	3.05600000000004	5.03900000000021	0	0
6.67900000000009	5.79499999999962	6.29899999999998	0	0
5.09500000000025	4.54499999999962	5.69700000000012	0	0
3.7440000000006	1.38799999999992	4.64699999999993	0	0
4.42200000000048	3.06500000000005	4.46799999999985	0	0
4.59400000000005	3.31400000000031	5.32799999999997	0	0
6.61099999999988	7.13299999999981	6.37900000000036	0	0
4.50500000000011	2.16399999999976	5.25900000000001	0	0
5.58799999999974	4.74199999999973	6.22399999999971	0	0
6.3110000000006	6.34999999999991	5.52100000000019	0	0
7.37199999999939	6.07900000000018	5.83500000000004	0	0
9.0619999999999	9.99400000000014	6.26400000000012	0	0
5.6190000000006	4.39699999999993	4.09100000000035	0	0
6.59500000000025	5.42200000000003	5.69900000000007	0	0
8.53200000000015	9.61299999999983	5.84299999999985	0	0
5.66800000000057	4.39699999999993	6.26199999999972	0	0
4.3070000000007	2.42000000000007	4.84700000000021	0	0
7.48400000000038	9.45200000000023	5.40599999999995	0	0
6.68299999999999	5.83599999999979	4.66400000000021	0	0
3.78899999999976	1.68899999999985	4.41899999999987	0	0
6.32399999999961	5.4050000000002	5.2189999999996	0	0
6.71500000000015	5.6909999999998	5.55400000000009	0	0
6.8159999999998	6.28400000000011	5.67799999999988	0	0
5.42900000000009	3.35200000000032	5.17000000000007	0	0
4.97400000000016	4.38799999999992	6.33300000000008	0	0
4.90599999999995	3.92500000000018	5.01800000000003	0	0
4.67500000000018	2.84299999999985	4.29599999999937	0	0
5.0010000000002	4.0619999999999	5.73400000000038	0	0
7.03100000000086	6.38899999999967	5.3119999999999	0	0
4.23900000000049	1.23199999999997	6.28600000000006	0	0
5.33700000000044	3.23599999999988	5.74099999999999	0	0
5.72100000000046	4.20200000000023	4.29100000000017	0	0
7.93900000000031	8.26999999999998	5.56700000000001	0	0
4.02700000000004	1.6560000000004	4.97699999999986	0	0
4.82600000000002	3.29700000000003	5.27599999999984	0	0
4.64999999999964	1.78399999999965	4.64699999999993	0	0
6.09599999999955	6.91100000000006	4.76800000000003	0	0
7.60100000000057	7.63400000000001	6.26299999999992	0	0
5.65799999999945	3.28600000000006	5.01400000000012	0	0
7.58100000000013	7.56100000000015	5.4380000000001	0	0
5.66100000000006	5.62899999999991	4.93599999999969	0	0
6.58600000000024	6.21900000000005	4.89699999999993	0	0
5.61599999999999	4.90999999999985	4.9970000000003	0	0
4.46099999999933	3.17799999999988	5.40800000000036	0	0
7.0059999999994	7.8159999999998	5.89800000000014	0	0
5.78899999999976	4.47599999999966	5.13400000000001	0	0
7.46000000000004	8.04899999999998	6.08400000000074	0	0
6.9340000000002	7.18100000000004	5.54799999999977	0	0
3.8700000000008	2.25399999999991	4.00500000000011	0	0
6.46199999999953	5.35000000000036	6.51400000000012	0	0
5.63299999999981	5.19300000000021	5.19000000000051	0	0
5.70200000000023	4.85299999999961	4.4940000000006	0	0
4.30100000000039	1.4699999999998	4.44599999999991	0	0
4.44399999999951	2	4.80599999999959	0	0
5.02199999999993	3.63099999999986	5.53700000000026	0	0
4.02099999999973	2.61000000000013	4.25200000000041	0	0
4.51400000000012	2.38100000000031	3.94300000000021	0	0
5.60099999999966	4.61100000000033	4.41899999999987	0	0
4.41299999999956	2.7170000000001	5.80500000000029	0	0
5.61000000000058	4.18600000000015	4.9340000000002	0	0
8.53700000000026	11.759	5.66799999999967	0	0
7.04899999999998	6.78499999999985	5.79899999999998	0	0
5.5590000000002	4.17999999999984	5.94899999999961	0	0
4.73700000000008	3.01400000000012	5.73900000000049	0	0
5.3179999999993	3.72800000000007	5.72699999999986	0	0
3.76800000000003	2.20400000000018	3.36899999999969	0	0
5.6260000000002	3.40899999999965	4.45600000000013	0	0
5.63799999999992	3.84500000000025	4.84200000000055	0	0
4.66300000000047	2.09699999999975	4.56899999999951	0	0
7.58299999999963	8.00099999999975	6.02000000000044	0	0
5.1239999999998	3.52100000000019	4.88799999999992	0	0
5.08500000000004	3.46599999999989	6.32200000000012	0	0
6.58799999999974	5.45600000000013	4.92499999999927	0	0
9.74600000000009	11.355	6.70399999999972	0	0
5.45699999999943	5.54300000000012	4.88500000000022	0	0
7.97999999999956	8.85099999999966	6.04400000000078	0	0
5.28600000000006	3.30699999999979	5.65700000000015	0	0
6.23599999999988	6.32300000000032	4.8779999999997	0	0
6.66299999999956	5.22200000000066	5.59200000000055	0	0
6.27599999999984	5.07099999999991	5.32999999999993	0	0
5.28399999999965	3.38299999999981	4.94499999999971	0	0
4.13799999999992	1.17100000000028	4.22199999999975	0	0
6.83799999999974	6.69000000000051	6.59100000000035	0	0
3.63199999999961	1.80699999999979	4.27800000000025	0	0
6.00900000000001	4.15700000000015	5.82699999999932	0	0
4.29200000000037	2.36299999999937	4.53899999999976	0	0
4.34100000000035	2.61300000000028	4.6260000000002	0	0
4.53800000000047	2.81099999999969	4.83100000000013	0	0
6.08099999999922	5.2529999999997	4.99300000000039	0	0
4.03799999999956	1.66899999999987	5.10300000000007	0	0
4.81999999999971	3.36099999999988	5.65599999999995	0	0
5.7480000000005	4.4399999999996	6.40599999999995	0	0
6.56099999999969	5.89599999999973	5.27999999999975	0	0
4.67900000000009	2.56899999999951	5.28799999999956	0	0
4.36300000000028	1.31500000000051	5.72600000000057	0	0
4.50900000000001	1.76900000000023	5.01999999999953	0	0
8.33200000000033	8.50900000000001	5.6869999999999	0	0
3.83899999999994	1.31700000000001	5.37899999999991	0	0
4.08399999999983	1.47800000000007	4.62100000000009	0	0
4.55000000000018	2.46400000000085	5.51100000000042	0	0
7.41600000000017	7.88299999999981	5.58300000000054	0	0
8.08799999999974	8.00500000000011	7.07800000000043	0	0
9.97800000000007	9.92300000000068	6.35599999999977	0	0
5.15200000000004	4.14699999999993	5.14100000000053	0	0
8.28299999999945	9.81800000000021	4.97600000000057	0	0
5.3090000000002	3.04599999999937	4.3760000000002	0	0
5.88000000000011	3.95300000000043	4.80599999999959	0	0
7.73000000000047	8.60199999999986	6.31999999999971	0	0
6.26300000000083	5.85200000000077	5.53300000000036	0	0
7.57500000000073	8.59299999999985	6.7440000000006	0	0
4.04800000000068	1.22800000000007	4.35199999999986	0	0
6.18299999999999	3.92799999999988	5.90100000000075	0	0
8.47899999999936	9.89899999999943	6.41600000000017	0	0
12.0770000000002	10.0810000000001	9.9380000000001	0	0
5.47299999999996	3.94700000000012	5.22800000000007	0	0
7.07599999999911	7.53800000000047	6.30099999999948	0	0
8.00799999999981	7.96600000000035	7.12100000000009	0	0
6.40000000000055	5.92599999999948	5.90400000000045	0	0
5.50800000000072	4.40399999999954	5.37299999999959	0	0
5.57600000000002	5.26800000000003	5.01699999999983	0	0
6.26099999999951	5.32999999999993	5.13700000000063	0	0
6.20400000000063	5.30599999999959	5.86699999999928	0	0
5.64400000000023	4.76699999999983	6.42000000000007	0	0
6.65900000000056	5.65699999999924	4.97900000000027	0	0
8.66000000000076	9.65000000000055	5.70800000000054	0	0
6.59799999999996	7.66399999999976	4.97800000000007	0	0
5.30799999999999	4.73199999999997	4.76400000000012	0	0
6.4369999999999	5.25500000000011	5.42700000000059	0	0
7.25900000000001	7.63799999999992	4.92100000000028	0	0
4.20499999999993	2.75400000000081	4.88599999999951	0	0
5.22899999999936	4.3100000000004	6.28499999999985	0	0
4.91799999999967	2.92500000000018	4.41300000000047	0	0
4.47299999999996	3.04600000000028	4.61899999999969	0	0
4.41299999999956	2.88199999999961	5.5659999999998	0	0
4.4350000000004	2.34299999999985	4.52099999999973	0	0
7.25900000000001	6.79199999999946	4.70699999999943	0	0
9.69599999999991	13.2250000000004	6.90599999999995	0	0
5.76100000000042	4.70100000000002	5.42799999999988	0	0
5.60499999999956	4.89300000000003	5.26599999999962	0	0
5.66800000000057	5.26000000000022	5.5	0	0
8.39399999999932	8.71199999999953	6.26200000000063	0	0
7.54100000000017	8.37899999999991	6.27199999999993	0	0
4.2450000000008	1.8110000000006	5.23899999999958	0	0
4.60300000000007	3.19700000000012	4.75399999999991	0	0
4.96000000000004	3.30100000000039	4.85400000000027	0	0
4.13300000000072	2.60800000000017	4.86700000000019	0	0
5.13999999999942	3.3159999999998	5.91999999999916	0	0
7.57899999999972	9.07300000000032	5.02599999999984	0	0
6.3119999999999	6.53300000000036	5.05400000000009	0	0
4.74199999999928	4.65700000000015	5.0570000000007	0	0
7.01699999999983	6.74099999999999	5.08099999999922	0	0
5.03899999999976	4.13400000000001	5.10900000000038	0	0
6.26699999999983	6.07400000000052	6.46900000000005	0	0
5.13699999999972	4.04500000000007	5.14300000000003	0	0
5.55000000000018	5.0600000000004	6.34099999999944	0	0
6.28400000000056	5.31900000000041	5.10399999999936	0	0
7.13699999999972	8.13199999999961	5.50500000000011	0	0
7.68599999999969	7.97599999999966	5.17000000000007	0	0
5.52499999999964	3.33100000000013	6.03399999999965	0	0
4.86899999999969	2.34900000000016	4.84600000000046	0	0
5.50699999999961	3.80699999999979	5.70800000000054	0	0
5.62100000000009	4.35199999999986	5.32900000000063	0	0
4.48899999999958	2.90999999999985	5.04700000000048	0	0
5.17199999999957	3.60400000000027	5.31900000000041	0	0
4.90099999999984	2.25500000000011	5.58799999999974	0	0
6.32999999999993	4.45499999999993	6.31700000000001	0	0
6.45499999999993	6.76199999999972	4.58799999999974	0	0
6.20700000000033	4.49600000000009	5.16600000000017	0	0
5.41600000000017	3.45699999999943	4.59599999999955	0	0
5.49600000000009	3.8100000000004	5.33299999999963	0	0
6.32300000000032	5.67299999999977	5.79599999999937	0	0
6.28499999999985	6.05199999999968	4.57200000000012	0	0
5.35899999999947	4.44499999999971	5.85499999999956	0	0
5.44599999999991	5.3760000000002	5.0649999999996	0	0
4.8090000000002	2.82600000000002	5.20800000000054	0	0
5.43799999999919	4.6190000000006	5.6269999999995	0	0
5.44499999999971	4.19899999999961	4.91700000000037	0	0
6.1260000000002	6.65599999999995	5.88700000000063	0	0
6.4340000000002	7.75399999999991	5.99499999999989	0	0
5.33500000000004	4.26599999999962	4.15700000000015	0	0
5.73900000000049	4.30199999999968	5.35599999999977	0	0
5.51299999999992	4.51200000000063	4.66100000000006	0	0
5.90699999999924	5.39300000000003	4.39700000000084	0	0
5.15499999999975	3.7510000000002	4.95699999999943	0	0
6.11800000000039	5.26200000000063	4.67299999999977	0	0
5.79799999999977	3.29600000000028	5.77199999999993	0	0
3.63700000000063	1.38899999999921	4.51299999999992	0	0
4.76600000000053	3.87700000000041	5.1880000000001	0	0
7.08100000000013	6.09500000000025	6.32799999999952	0	0
5.08400000000074	3.82999999999993	5.40899999999965	0	0
8.88599999999951	9.19499999999971	5.52999999999975	0	0
11.3490000000002	13.0910000000003	5.90099999999984	0	0
11.0250000000005	12.7190000000001	6.77999999999975	0	0
7.02899999999954	6.59499999999935	5.22999999999956	0	0
10.6859999999997	11.6090000000004	7.04699999999957	0	0
4.80599999999959	2.13599999999951	5.0619999999999	0	0
11.3059999999996	16.3399999999992	7.03300000000036	0	0
7.89199999999983	7.86200000000008	6.36799999999948	0	0
6.07499999999982	4.06400000000031	5.45700000000033	0	0
7.79999999999927	8.18499999999949	6.35400000000027	0	0
5.94799999999941	6.4340000000002	6.76200000000063	0	0
6.48300000000017	7.09699999999975	4.36099999999988	0	0
4.96900000000005	2.72000000000025	5.10300000000007	0	0
5.64600000000064	3.70899999999983	6.34900000000016	0	0
3.96499999999924	1.63500000000022	5.28400000000056	0	0
6.45499999999993	6.24300000000039	4.94799999999941	0	0
4.69700000000012	1.99099999999999	4.67299999999977	0	0
4.72900000000027	3.41700000000037	4.82600000000002	0	0
4.75699999999961	3.38600000000042	5.17399999999998	0	0
8.40999999999985	9.98100000000068	5.93700000000081	0	0
5.78800000000047	3.40300000000025	5.55899999999929	0	0
6.09100000000035	4.56800000000021	4.89600000000064	0	0
4.29799999999977	2.2519999999995	4.83299999999963	0	0
5.2519999999995	3.60599999999977	4.78799999999956	0	0
8.76999999999953	10.5519999999997	6.00999999999931	0	0
5.97100000000046	6.31999999999971	5.57600000000002	0	0
8.38700000000063	8.82799999999952	7.3100000000004	0	0
6.0570000000007	6.16299999999956	4.4980000000005	0	0
6.74699999999939	6.65899999999965	6.09100000000035	0	0
8.60999999999967	10.1549999999997	6.73799999999937	0	0
5.6909999999998	5.4340000000002	5.7529999999997	0	0
5.30200000000059	3.91499999999996	5.63400000000001	0	0
4.02000000000044	2.21500000000015	3.78500000000076	0	0
4.30000000000018	2.47900000000027	4.59699999999975	0	0
3.94000000000051	1.7440000000006	4.59900000000016	0	0
4.59000000000015	1.65999999999985	4.74200000000019	0	0
7.25	6.91499999999996	6.11099999999988	0	0
4.64999999999964	1.84900000000016	6.43900000000031	0	0
4.94899999999961	3.01500000000033	4.82600000000002	0	0
6.5590000000002	6.15800000000036	5.3700000000008	0	0
7.35999999999967	7.73800000000028	6.11200000000008	0	0
4.64800000000014	3.875	4.49499999999989	0	0
5.45499999999993	3.66299999999956	4.70100000000002	0	0
13.5129999999999	18.9749999999995	8.18000000000029	0	0
5.88100000000031	3.97899999999936	5.22400000000016	0	0
5.07899999999972	3.40599999999995	4.76299999999992	0	0
7.28399999999965	6.82999999999993	5.07500000000073	0	0
11.1789999999992	14.2330000000002	6.57400000000052	0	0
6.55000000000018	6.27199999999993	5.02300000000014	0	0
7.67399999999998	8.46299999999974	6.10899999999947	0	0
7.72800000000007	9.03499999999985	6.54100000000017	0	0
10.8060000000005	12.9260000000004	6.73899999999958	0	0
4.83399999999983	3.99399999999969	4.86999999999989	0	0
4.99399999999969	2.28699999999935	5.90899999999965	0	0
4.9940000000006	2.46100000000024	5.83399999999983	0	0
11.4620000000004	18.2350000000006	6.47100000000046	0	0
4.83799999999974	2.21600000000035	5.6840000000002	0	0
4.50099999999929	3.51399999999921	5.91499999999996	0	0
6.39300000000003	6.85599999999977	5.39900000000034	0	0
4.28499999999985	1.9380000000001	5.79299999999967	0	0
3.54699999999957	1.18099999999959	3.32300000000032	0	0
5.17100000000028	4.49299999999948	5.36899999999969	0	0
4.29500000000007	2.03800000000047	5.22399999999925	0	0
4.16399999999976	2.23599999999988	4.89000000000033	0	0
4.90200000000004	2.38000000000011	4.65700000000015	0	0
5.38499999999931	6.03700000000026	5.67199999999957	0	0
5.89200000000073	4.19200000000001	5.47099999999955	0	0
5.89500000000044	4.75399999999991	5.01400000000012	0	0
5.7529999999997	5.40200000000004	5.67700000000059	0	0
4.79299999999967	3.02099999999973	4.98399999999947	0	0
5.98799999999937	4.05000000000018	5.85699999999997	0	0
5.20799999999963	4.39400000000023	4.25500000000011	0	0
5.35099999999966	4.69999999999982	5.34000000000015	0	0
6.39000000000033	6.39099999999962	6.22899999999936	0	0
7.6889999999994	9.39900000000034	6.21100000000024	0	0
6.25099999999929	5.91899999999987	5.29500000000007	0	0
6.06700000000001	6.05600000000049	5.55699999999979	0	0
4.51900000000023	2.59500000000025	5.85600000000068	0	0
4.64900000000034	3.08200000000033	5.03499999999985	0	0
6.13299999999981	4.55500000000029	6.16499999999996	0	0
6.03999999999996	4.72299999999996	5.95600000000013	0	0
5.64400000000023	3.40200000000004	6.31600000000071	0	0
8.50900000000001	10.3380000000006	5.73499999999967	0	0
6.68000000000029	7.99300000000039	5.76199999999972	0	0
6.86099999999988	5.80299999999988	5.80200000000059	0	0
6.04500000000007	5.95499999999993	6.08299999999963	0	0
5.72100000000046	2.79100000000017	4.3139999999994	0	0
5.06800000000021	2.26500000000033	4.92799999999988	0	0
7.03200000000015	7.36399999999958	5.31899999999951	0	0
5.05599999999959	2.98399999999947	4.78800000000047	0	0
5.69599999999991	3.54300000000057	5.30100000000039	0	0
4.59200000000055	2.8159999999998	4.93199999999979	0	0
6.48099999999977	5.74799999999959	5.30099999999948	0	0
7.6880000000001	8.81700000000001	6.24299999999948	0	0
6.24600000000009	6.3720000000003	5.29500000000007	0	0
6.03700000000026	5.8720000000003	4.94000000000051	0	0
6.81899999999951	5.89900000000034	5.75200000000041	0	0
4.44600000000082	2.09299999999985	5.08699999999953	0	0
5.2480000000005	4.57499999999982	5.50999999999931	0	0
9.29399999999987	10.46	5.40700000000015	0	0
4.6899999999996	2.33899999999994	4.83600000000024	0	0
8.27700000000004	9.23599999999988	5.72599999999966	0	0
5.08399999999983	3.83399999999983	5.01900000000023	0	0
6.26900000000023	5.43099999999959	5.18499999999949	0	0
6.8730000000005	6.77300000000014	5.21200000000044	0	0
6.86400000000049	6.88900000000012	4.91899999999987	0	0
5.14300000000003	4.04600000000028	4.23700000000008	0	0
5.63699999999972	5.61599999999999	4.34600000000046	0	0
6.71799999999985	6.72800000000007	5.24300000000039	0	0
4.53299999999945	2.94999999999982	5.21600000000035	0	0
5.14900000000034	2.39499999999953	5.32499999999982	0	0
4.38799999999992	2.13199999999961	4.17100000000028	0	0
8.32399999999961	8.32800000000043	4.96500000000015	0	0
5.84900000000016	3.50399999999991	6.29200000000037	0	0
3.82799999999952	1.8739999999998	5.45499999999993	0	0
5.91200000000026	5.23199999999997	6.09199999999964	0	0
5.26499999999942	2.74099999999999	6.15999999999985	0	0
4.09799999999996	1.81099999999969	5.45599999999922	0	0
5.42000000000007	3.46200000000044	5.96399999999994	0	0
5.48800000000028	4.53499999999985	5.32999999999993	0	0
6.69700000000012	6.65499999999975	6.27099999999973	0	0
7.21900000000005	6.74200000000019	5.47699999999986	0	0
7.28200000000015	6.39000000000033	6.23700000000008	0	0
7.246000000001	8.15799999999945	4.97400000000016	0	0
5.71700000000055	5.07799999999952	4.85199999999986	0	0
6.54000000000087	5.15599999999995	6.25200000000041	0	0
6.41200000000026	6.22400000000016	6.55099999999948	0	0
5.86800000000039	5.63599999999951	4.16199999999935	0	0
4.94800000000032	2.99699999999939	4.70499999999993	0	0
3.70600000000013	1.4340000000002	4.17699999999968	0	0
5.90999999999985	3.49299999999948	5.07600000000002	0	0
6.10799999999836	3.6880000000001	5.37700000000041	0	0
4.6239999999998	3.34400000000005	5.67299999999977	0	0
5.96600000000035	4.80099999999948	6.1239999999998	0	0
6.84099999999853	7.08400000000074	4.6279999999997	0	0
6.88400000000001	5.82899999999972	5.53200000000015	0	0
8.1239999999998	8.26699999999983	6.01000000000022	0	0
6.32700000000114	5.25900000000001	4.14199999999983	0	0
5.07500000000073	4.03800000000047	4.53800000000047	0	0
7.6239999999998	6.95100000000002	5.18199999999979	0	0
9.14400000000023	11.7739999999994	6.32999999999993	0	0
5.13999999999942	3.62899999999991	4.74499999999989	0	0
5.0619999999999	2.32700000000023	6.52299999999923	0	0
6.92500000000109	7.07200000000012	4.65300000000025	0	0
4.12699999999859	2.29699999999957	3.82200000000012	0	0
4.90500000000065	3.34700000000066	5.65199999999913	0	0
4.73899999999958	3.69600000000082	5.29200000000037	0	0
6.20899999999892	6.25500000000011	4.44799999999941	0	0
4.31700000000092	3.3769999999995	4.39100000000053	0	0
7.08300000000054	7.67500000000018	5.12700000000041	0	0
7.97299999999996	9.02899999999954	5.18100000000049	0	0
6.54800000000068	5.66700000000037	4.42899999999918	0	0
6.27000000000044	6.39699999999993	5.01100000000042	0	0
4.24099999999999	3.09999999999945	4.81299999999919	0	0
4.67300000000068	3.70600000000013	4.98899999999958	0	0
7.43199999999888	8.09400000000005	5.06999999999971	0	0
5.91400000000067	5.22299999999996	5.00800000000072	0	0
4.19599999999991	2.72099999999955	4.45100000000002	0	0
7.41699999999946	7.40900000000056	5.49000000000069	0	0
5.86700000000019	4.14199999999983	4.92699999999968	0	0
4.5059999999994	2.4360000000006	5.85199999999986	0	0
4.39700000000084	1.50600000000031	4.94800000000032	0	0
5.4989999999998	4.40399999999954	5.24000000000069	0	0
5.38500000000022	3.26400000000012	4.82100000000082	0	0
6.99200000000019	8.60199999999986	4.84600000000046	0	0
3.98999999999978	1.72800000000007	4.13300000000072	0	0
4.80999999999949	2.91600000000017	6.94899999999961	0	0
4.59399999999914	2.58500000000004	4.96200000000044	0	0
4.43599999999969	1.85199999999986	4.46899999999914	0	0
5.87099999999919	4.8779999999997	6.86599999999999	0	0
4.8119999999999	2.61200000000008	4.67100000000028	0	0
5.79300000000148	5.47199999999975	6	0	0
3.90500000000065	1.68099999999959	4.63899999999921	0	0
5.67300000000068	4.83899999999994	4.64900000000034	0	0
7.30699999999888	7.64699999999993	6.0570000000007	0	0
5.08100000000013	3.92900000000009	5.27700000000004	0	0
7.57999999999993	8.52099999999973	5.36399999999958	0	0
5.61599999999999	4.02300000000014	6.67000000000007	0	0
6.93900000000031	9.11400000000049	6.00099999999838	0	0
5.07500000000073	4.11799999999948	4.79599999999846	0	0
8.51800000000003	8.85599999999977	6.17100000000028	0	0
7.23500000000058	7.48099999999977	4.89900000000125	0	0
5.11499999999978	3.50600000000031	4.78499999999985	0	0
6.97500000000036	9.65800000000036	5.6880000000001	0	0
5.01000000000022	3.11999999999989	4.30199999999968	0	0
5.68199999999888	3.3809999999994	5.53700000000026	0	0
7.32600000000093	6.34099999999944	4.59100000000035	0	0
8.0630000000001	9.32600000000002	5.94800000000032	0	0
5.09500000000116	2.93399999999929	5.16300000000047	0	0
7.03399999999965	7.38999999999942	6.0570000000007	0	0
5.96800000000076	4.51000000000022	4.21700000000055	0	0
4.50199999999859	2.87700000000041	4.9900000000016	0	0
4.17300000000068	2.32999999999993	3.55600000000049	0	0
4.8809999999994	3.39900000000034	5.52400000000125	0	0
4.04999999999927	1.84900000000016	4.32699999999932	0	0
3.95300000000134	1.64199999999983	4.95700000000033	0	0
4.33200000000033	2.81800000000021	5.22600000000057	0	0
4.59999999999854	1.89000000000033	5.2489999999998	0	0
5.48300000000017	3.84099999999944	5.97099999999955	0	0
4.71900000000096	3.58399999999983	4.52700000000004	0	0
3.9419999999991	2.70200000000023	4.48999999999978	0	0
6.25500000000102	5.52700000000004	5.08200000000033	0	0
7.79800000000068	8.22299999999996	6.24800000000141	0	0
9.46199999999953	12.0329999999994	6.11499999999978	0	0
7.878999999999	7.7470000000003	6.23899999999958	0	0
4.13799999999901	1.78999999999996	5.47600000000057	0	0
5.2510000000002	3.59799999999996	5.83200000000033	0	0
4.61599999999999	2.33100000000013	4.54800000000068	0	0
4.21300000000156	2.03700000000026	5.10200000000077	0	0
5.07499999999891	3.34600000000046	4.89400000000023	0	0
5.82899999999972	5.47099999999955	5.10499999999956	0	0
6.97799999999916	7.33899999999994	6.47500000000036	0	0
7.30199999999968	8.41299999999956	6.16700000000128	0	0
4.73600000000079	2.46600000000035	5.39899999999943	0	0
12.4099999999999	11.732	10.5139999999992	0	0
4.37300000000141	2.88199999999961	4.60499999999956	0	0
6.63199999999961	4.8100000000004	5.30099999999948	0	0
6.96600000000035	6.19300000000021	7.05500000000029	0	0
5.30099999999948	4.90399999999954	4.8130000000001	0	0
5.32999999999993	4.90899999999965	5.76399999999921	0	0
11.7439999999988	17.1420000000007	6.9469999999983	0	0
4.94300000000112	2.74699999999939	5.17399999999907	0	0
6.54600000000028	6.21800000000076	6.2390000000014	0	0
4.89199999999983	3.09999999999945	4.23099999999977	0	0
5.21900000000096	3.51100000000042	4.95300000000134	0	0
7.39699999999903	8.44900000000052	5.64400000000023	0	0
4.54299999999967	3.23099999999977	4.40099999999984	0	0
6.53100000000086	6.90999999999985	5.69300000000112	0	0
7.1989999999987	7.04200000000037	5.48599999999897	0	0
6.92200000000048	8.5619999999999	5.88999999999942	0	0
5.23999999999978	3.18399999999929	6.09300000000076	0	0
6.02800000000025	4.47900000000027	5.87900000000081	0	0
9.34799999999996	11.2330000000002	6.60000000000036	0	0
6.79100000000108	6.80399999999918	4.8809999999994	0	0
6.2450000000008	6.26699999999983	5.21199999999953	0	0
7.74300000000039	9	6.11599999999999	0	0
6.92399999999907	5.90999999999985	5.39800000000105	0	0
5.77899999999863	4.84699999999975	5.125	0	0
10.6899999999987	12.3959999999997	5.996000000001	0	0
6.39300000000003	6.52400000000034	6.29099999999926	0	0
5.81700000000092	5.2529999999997	4.69599999999991	0	0
7.03000000000065	6.41300000000047	5.83799999999974	0	0
6.79299999999967	5.53699999999935	5.51900000000023	0	0
5.5510000000013	4.22400000000016	3.76199999999881	0	0
5.29199999999946	5.53799999999956	4.46300000000156	0	0
4.91400000000067	3.51800000000003	5.10699999999997	0	0
5.6309999999994	3.5659999999998	4.96399999999994	0	0
8.95900000000074	11.3620000000001	6.10299999999916	0	0
4.3739999999998	2.07000000000062	4.95600000000013	0	0
3.90899999999965	1.35300000000007	4.97199999999975	0	0
4.121000000001	2.68599999999969	4.55400000000009	0	0
3.97800000000097	2.54199999999946	4.61399999999958	0	0
4.07600000000093	1.59000000000015	4.73700000000099	0	0
6.50700000000143	6.50900000000001	5.32699999999932	0	0
6.55299999999988	6.69599999999991	6.36300000000119	0	0
5.26699999999983	5.3720000000003	4.70600000000013	0	0
5.79900000000089	4.2529999999997	5.41500000000087	0	0
8.39699999999903	10.4570000000003	5.76899999999841	0	0
10.3209999999999	7.09499999999935	11.4749999999985	0	0
5.92100000000028	4.78199999999924	5.02499999999964	0	0
5.01100000000042	3.48600000000079	4.72800000000097	0	0
6.60299999999916	5.38400000000001	5.44700000000012	0	0
6.22500000000036	4.70100000000093	5.21700000000055	0	0
7.4429999999993	6.44800000000032	6.0049999999992	0	0
5.68299999999908	4.33199999999852	4.95600000000013	0	0
7.13400000000001	7.69900000000052	6.13800000000083	0	0
4.97899999999936	4.9429999999993	4.73699999999917	0	0
6.0630000000001	5.49800000000141	4.75	0	0
3.67699999999968	1.03499999999985	5.24399999999878	0	0
4.33599999999933	1.34799999999996	4.93100000000049	0	0
4.32300000000032	2.50300000000061	4.07799999999952	0	0
5.93100000000049	5.19900000000052	5.98199999999997	0	0
7.1880000000001	9.47400000000016	5.39500000000044	0	0
7.32999999999993	7.52199999999903	5.55400000000009	0	0
6.70600000000013	6.15999999999985	6.35099999999875	0	0
6.67299999999886	7.25699999999961	6.10699999999997	0	0
5.78899999999885	5.42699999999968	4.68599999999969	0	0
5.52700000000004	3.65500000000065	5.00800000000163	0	0
6.9429999999993	6.59799999999996	5.62700000000041	0	0
5.73700000000099	4.89800000000105	4.86599999999999	0	0
5.51199999999881	4.24200000000019	6.07500000000073	0	0
7.42499999999927	9.38600000000042	5.82900000000154	0	0
4.61499999999978	2.85299999999916	4.71700000000055	0	0
6.49700000000121	5.16699999999946	6.01800000000003	0	0
3.60399999999936	2.11000000000058	3.35100000000057	0	0
4.77199999999903	2.67500000000109	4.3640000000014	0	0
5.17500000000109	2.33799999999974	5.23500000000058	0	0
5.08100000000013	2.78399999999965	5.93000000000029	0	0
4.30699999999888	2.34600000000137	5.30299999999988	0	0
7.05199999999968	8.28399999999965	5.13700000000063	0	0
4.84600000000137	4.06999999999971	5.01199999999881	0	0
8.80899999999929	10.3580000000002	5.86100000000079	0	0
6.85499999999956	6.47899999999936	6.04600000000028	0	0
5.34100000000035	4.55799999999908	5.40599999999904	0	0
3.89300000000003	1.77299999999923	4.76699999999983	0	0
5.875	4.6140000000014	5.2400000000016	0	0
5.98400000000038	4.74599999999919	5.67299999999886	0	0
5.95999999999913	5.13300000000163	5.20399999999972	0	0
4.90200000000004	4.02800000000025	4.90400000000045	0	0
5.35900000000038	4.29199999999946	5.33400000000074	0	0
11.7360000000008	13.6849999999995	7.13199999999961	0	0
4.73899999999958	2.39800000000105	4.71100000000115	0	0
9.63000000000102	10.2690000000002	6.05899999999929	0	0
5.17799999999988	3.93900000000031	5.98099999999977	0	0
5.09399999999914	2.95600000000013	5.13299999999981	0	0
7.60900000000038	7.27100000000064	5.5059999999994	0	0
7.30999999999949	8.06999999999971	5.0580000000009	0	0
4.125	1.67900000000009	6.89199999999983	0	0
4.83899999999994	2.5669999999991	5.26200000000063	0	0
4.5010000000002	3.51299999999901	4.62299999999959	0	0
5.63900000000103	5.0630000000001	4.2489999999998	0	0
5.52900000000045	6.23799999999937	4.56800000000112	0	0
10.1499999999996	11.009	5.78499999999985	0	0
5.53900000000067	6.04599999999846	4.53399999999965	0	0
5.33599999999933	4.37299999999959	4.81400000000031	0	0
5.10399999999936	2.65400000000045	4.46099999999933	0	0
5.10200000000077	4.0739999999987	4.92499999999927	0	0
6.03299999999945	5.25	6.4940000000006	0	0
5.30999999999949	4.60599999999977	4.57500000000073	0	0
5.1989999999987	3.61300000000119	5.6919999999991	0	0
6.04300000000148	6.128999999999	4.77799999999843	0	0
8.63299999999981	8.36200000000099	7.10199999999895	0	0
6.34699999999975	6.07500000000073	4.57899999999972	0	0
4.30199999999968	1.63199999999961	4.58899999999994	0	0
4.95599999999831	3.19800000000032	5.19499999999971	0	0
6.03299999999945	5.15699999999924	4.77399999999943	0	0
4.43900000000031	2.1260000000002	5.5520000000015	0	0
5.98400000000038	3.97600000000057	6.1979999999985	0	0
4.37799999999879	1.8690000000006	4.04600000000028	0	0
4.02200000000084	2.21699999999873	3.97099999999955	0	0
7.35000000000036	6.16400000000067	4.96499999999833	0	0
7.18599999999969	6.63199999999961	4.94700000000012	0	0
3.90600000000086	1.73099999999977	3.85899999999856	0	0
4.89099999999962	4.22699999999895	5.61100000000079	0	0
5.371000000001	4.63400000000001	5.56499999999869	0	0
6.70800000000054	7.24099999999999	6.04700000000048	0	0
4.73500000000058	3.89199999999983	4.85699999999997	0	0
7.46899999999914	8.29999999999927	6.11100000000079	0	0
5.05400000000009	3.86299999999937	4.96099999999933	0	0
4.67300000000068	3.04399999999987	4.93000000000029	0	0
5.15999999999985	4.30199999999968	4.49599999999919	0	0
4.37700000000041	3.28199999999924	4.25400000000081	0	0
6.55899999999929	7.15399999999863	6.1260000000002	0	0
4.59799999999996	2.96799999999894	6.20600000000013	0	0
4.37299999999959	2.02400000000125	4.82699999999932	0	0
7.28199999999924	7.64599999999882	6.30099999999948	0	0
4.28199999999924	2.26499999999942	4.45600000000013	0	0
4.4989999999998	2.69099999999889	5.01399999999921	0	0
4.76300000000083	2.58899999999994	4.28800000000047	0	0
7.42400000000089	6.8119999999999	6.01900000000023	0	0
7.40699999999924	6.17699999999968	6.07300000000032	0	0
6.10300000000097	4.1260000000002	4.98500000000058	0	0
6.06100000000151	7.21500000000015	5.70399999999972	0	0
4.83899999999994	2.51899999999841	4.92300000000068	0	0
4.65899999999965	2.6880000000001	4.64999999999964	0	0
5.03100000000086	3.74300000000039	4.80400000000009	0	0
3.83200000000033	1.02100000000064	5.56899999999951	0	0
4.88899999999921	3.20000000000073	3.77400000000125	0	0
6.29700000000048	6.35100000000057	5.90099999999984	0	0
5.75900000000001	5.05299999999988	5.45799999999872	0	0
5.23099999999977	3.97999999999956	5.64700000000084	0	0
7.5619999999999	9.11499999999978	5.64999999999964	0	0
6.09899999999834	5.52700000000004	5.03499999999985	0	0
4.91200000000026	2.85699999999997	5.1880000000001	0	0
6.98199999999997	6.50800000000163	5.38700000000063	0	0
7.23400000000038	7.59200000000055	4.60699999999997	0	0
4.75	4.09900000000016	4.55899999999929	0	0
3.99700000000121	2.21399999999994	4.52000000000044	0	0
8.89000000000124	9.96000000000095	6.16199999999844	0	0
7.03800000000047	5.96699999999873	5.375	0	0
7.2440000000006	9.29000000000087	6.11499999999978	0	0
5.33200000000033	4.54700000000048	5.67200000000048	0	0
3.9330000000009	1.36000000000058	4.08799999999974	0	0
7.76900000000023	6.79300000000148	6.07400000000052	0	0
6.32999999999993	7.28600000000006	5.86299999999937	0	0
5.06499999999869	3.25300000000061	5.58200000000033	0	0
4.98199999999997	4.5619999999999	5.52700000000004	0	0
5.13700000000063	4.14600000000064	4.95399999999972	0	0
6.64800000000105	5.87700000000041	4.88799999999901	0	0
5.0669999999991	2.63800000000083	4.621000000001	0	0
6.07800000000134	4.628999999999	5.20499999999993	0	0
7.04800000000068	5.69900000000052	5.28000000000065	0	0
5.63699999999881	4.49099999999999	5.82200000000012	0	0
5.59599999999955	4.85100000000057	5.5010000000002	0	0
4.17599999999948	2.45600000000013	4.128999999999	0	0
5.27299999999923	3.37199999999939	5.34599999999955	0	0
5.47899999999936	4.68499999999949	4.1880000000001	0	0
6.19099999999889	5.42500000000109	6.72599999999875	0	0
4.16399999999885	1.95200000000114	4.71700000000055	0	0
7.57499999999891	8.29399999999987	5.19599999999991	0	0
4.45800000000054	2.93100000000049	4.12800000000061	0	0
5.44399999999951	3.76800000000003	4.53700000000026	0	0
10.009	11.9659999999985	6.99699999999939	0	0
4.60699999999997	2.81899999999951	4.48899999999958	0	0
4.41799999999967	2.17000000000007	5.05400000000009	0	0
4.01000000000022	1.43000000000029	4.38899999999921	0	0
3.59699999999975	1.28600000000006	4.45899999999892	0	0
4.33100000000013	3.30000000000109	4.5729999999985	0	0
7.77200000000084	8.1929999999993	5.89199999999983	0	0
5.6929999999993	4.83699999999953	5.36599999999999	0	0
4.76100000000042	3.08500000000095	5.85900000000038	0	0
4.76399999999921	2.8809999999994	5.2510000000002	0	0
4.7390000000014	2.70199999999932	4.24200000000019	0	0
4.8239999999987	2.25200000000041	5.50500000000102	0	0
5.31400000000031	4.37800000000061	4.34000000000015	0	0
4.41299999999865	2.29699999999866	4.15300000000025	0	0
4.42900000000009	3.64300000000003	4.59599999999955	0	0
8.06600000000071	9.41499999999905	5.40799999999945	0	0
4.94800000000032	4.30899999999929	3.94399999999951	0	0
5.625	4.42900000000009	4.25900000000001	0	0
6.12900000000081	5.64999999999964	5.46099999999933	0	0
4.15600000000086	1.60299999999916	3.58699999999953	0	0
6.91300000000047	4.70900000000074	4.51800000000003	0	0
4.81099999999969	3.61499999999978	3.74799999999959	0	0
5.0630000000001	3.59199999999873	3.59400000000096	0	0
4.91200000000026	3.76600000000144	3.72500000000036	0	0
5.18599999999969	2.94000000000051	3.38800000000083	0	0
6.21099999999933	5.14600000000064	3.85600000000159	0	0
6.94700000000012	5.75699999999961	4.1880000000001	0	0
5.06000000000131	2.95700000000033	4.17900000000009	0	0
4.21000000000095	2.16800000000148	3.35699999999997	0	0
6.21200000000135	4.6869999999999	4.29600000000028	0	0
5.35000000000036	3.96199999999953	3.80499999999847	0	0
4.88400000000001	4.19700000000012	3.621000000001	0	0
4.01300000000083	3.35599999999977	3.69399999999951	0	0
5.72600000000057	4.628999999999	3.27800000000025	0	0
6.9369999999999	6.08399999999892	4.08799999999974	0	0
6.57600000000093	5.89599999999882	4.90200000000004	0	0
5.32500000000073	5.42900000000009	4.26499999999942	0	0
4.28399999999965	3.23899999999958	3.69700000000012	0	0
6.08300000000054	6.16599999999926	4.38199999999961	0	0
5.7400000000016	5.38199999999961	3.93900000000031	0	0
6.09599999999955	5.26699999999983	4.61300000000119	0	0
4.58799999999974	2.44600000000173	3.69000000000051	0	0
5.1239999999998	4.64400000000023	3.67599999999948	0	0
4.79299999999967	4.34100000000035	3.93599999999969	0	0
4.8809999999994	3.17900000000009	3.8739999999998	0	0
5.17200000000048	4.42799999999988	3.84100000000035	0	0
6.62699999999859	6.55799999999908	3.79299999999967	0	0
4.89600000000064	3.98599999999897	4.14600000000064	0	0
6.1880000000001	5.70499999999993	3.88300000000163	0	0
5.59000000000015	5.23199999999997	3.83300000000054	0	0
4.59400000000096	3.10699999999997	3.76499999999942	0	0
4.97299999999996	2.62300000000141	4.01000000000022	0	0
5.25299999999879	2.19700000000012	4.83200000000033	0	0
5.8020000000015	5.86999999999898	4.17899999999827	0	0
7.09699999999975	6.16599999999926	4.22900000000118	0	0
6.32700000000114	5.6299999999992	4.17400000000089	0	0
4.24599999999919	3.96699999999873	3.375	0	0
11.5200000000004	13.9470000000001	5.44000000000051	0	0
4.70800000000054	2.48399999999856	4.21100000000115	0	0
3.98999999999978	3.45399999999972	3.76599999999962	0	0
4.74499999999898	3.66699999999946	3.85699999999997	0	0
3.68499999999949	1.42400000000089	2.82899999999972	0	0
4.56099999999969	2.63600000000042	3.31099999999969	0	0
5.48199999999997	5.18700000000172	4.35200000000077	0	0
5.32699999999932	4.31700000000092	4.09099999999853	0	0
5.20399999999972	3.8070000000007	3.72199999999975	0	0
4.78499999999985	3.98300000000017	4.2489999999998	0	0
4.625	2.32999999999993	3.36899999999878	0	0
6.10400000000118	4.97999999999956	3.8080000000009	0	0
5.87299999999959	4.04899999999907	4.27299999999923	0	0
5.0049999999992	3.8119999999999	3.92299999999886	0	0
5	2.99099999999999	3.61599999999999	0	0
4.12700000000041	2.59799999999996	3.72499999999854	0	0
4.14099999999962	3.39499999999862	3.4950000000008	0	0
3.89099999999962	1.69599999999991	3.80899999999929	0	0
4.28100000000086	1.46400000000176	3.87200000000121	0	0
4.871000000001	3.85699999999997	3.52399999999943	0	0
4.02499999999964	2.3080000000009	2.94999999999891	0	0
5.57300000000032	4.88100000000122	4.14200000000164	0	0
4.51500000000124	3.246000000001	3.40999999999985	0	0
4.02100000000064	2.97099999999955	3.19200000000092	0	0
3.51599999999962	2.12299999999959	3.7599999999984	0	0
4.42100000000028	3.0630000000001	4.34799999999996	0	0
4.80400000000009	2.84400000000096	4.03999999999905	0	0
4.72699999999895	4.59399999999914	3.29399999999987	0	0
5.83300000000054	5.36800000000039	4.22199999999975	0	0
5.79399999999987	4.53700000000026	3.53399999999965	0	0
4.86000000000058	2.14799999999923	3.42100000000028	0	0
4.97599999999875	2.73800000000119	3.72999999999956	0	0
4.88400000000001	3.41399999999885	3.78999999999905	0	0
4.74099999999999	2.46099999999933	3.59399999999914	0	0
6.10100000000057	4.02499999999964	4.27900000000045	0	0
5.003999999999	3.1919999999991	3.81400000000031	0	0
5.59599999999955	4.52499999999964	3.85699999999997	0	0
5.19399999999951	3.38899999999921	3.45499999999993	0	0
5.93500000000131	5.28600000000006	3.53899999999885	0	0
3.75699999999961	1.82300000000032	3.08599999999933	0	0
5.26800000000003	4.3070000000007	3.27800000000025	0	0
4.34799999999996	2.68100000000049	3.11399999999958	0	0
5.01699999999983	2.55400000000009	3.48499999999876	0	0
4.23300000000017	2.59399999999914	3.29399999999987	0	0
3.94499999999971	1.77799999999843	2.8070000000007	0	0
4.59000000000015	3.41499999999905	3.34900000000016	0	0
