7.406	2.544	10.229	0	0
7.139	3.302	8.424	0	0
7.142	4.077	7.833	0	0
8.12599999999999	2.658	8.48399999999999	0	0
18.355	11.645	15.79	0	0
10.568	9.67699999999999	8.667	0	0
7.27000000000001	3.16200000000001	7.01400000000001	0	0
11.204	9.643	10.288	0	0
8.27100000000002	5.066	8.083	0	0
6.72899999999998	2.80399999999999	7.27000000000001	0	0
7.73399999999998	2.90800000000002	6.81799999999998	0	0
7.34700000000004	3.33600000000001	6.81999999999999	0	0
7.43400000000003	2.28400000000002	6.93099999999998	0	0
8.90600000000001	4.667	8.54899999999998	0	0
8.61999999999995	5.22300000000001	8.05099999999999	0	0
7.10499999999996	2.90599999999998	7.37799999999999	0	0
6.55200000000002	2.31399999999999	7.12700000000001	0	0
14.175	9.33200000000002	13.616	0	0
16.064	11.074	13.185	0	0
9.27000000000004	5.148	8.85299999999995	0	0
11.879	11.213	7.82300000000004	0	0
9.08599999999996	6.10199999999998	9.21800000000002	0	0
7.47399999999993	2.20699999999999	8.70500000000004	0	0
14.8090000000001	17.599	10.312	0	0
8.77300000000002	3.74700000000001	9.55400000000009	0	0
7.053	2.38	8.38300000000004	0	0
18.0360000000001	14.742	14.7430000000001	0	0
7.55899999999997	2.08099999999996	7.50900000000001	0	0
10.447	8.37899999999996	8.91000000000008	0	0
9.83699999999999	10.4	7.20100000000002	0	0
8.10299999999995	4.78900000000004	8.72399999999993	0	0
9.70600000000002	7.86099999999999	8.54300000000001	0	0
11.8340000000001	8.053	8.42200000000003	0	0
9.36699999999996	4.82400000000001	8.6629999999999	0	0
10.6819999999999	7.30700000000002	7.44500000000005	0	0
8.01699999999994	4.90099999999995	7.51699999999994	0	0
9.14599999999996	5.35599999999999	8.80999999999995	0	0
6.35500000000002	3.07399999999996	6.30399999999997	0	0
6.97299999999996	1.49600000000009	7.84100000000001	0	0
18.198	15.2139999999999	13.623	0	0
20.292	18.6300000000001	16.2760000000001	0	0
9.654	5.73700000000008	8.51599999999996	0	0
8.38199999999995	2.80199999999991	8.58600000000001	0	0
8.298	3.37599999999998	8.79200000000003	0	0
15.682	9.48900000000003	12.862	0	0
12.6880000000001	14.468	9.08299999999997	0	0
8.69799999999987	4.11300000000006	7.57000000000016	0	0
8.70900000000006	5.11599999999999	6.59099999999989	0	0
10.826	7.55799999999999	9.66799999999989	0	0
12.664	12.433	9.85699999999997	0	0
12.1669999999999	9.92899999999997	8.75599999999986	0	0
8.64200000000005	6.65099999999995	7.24000000000001	0	0
7.24900000000002	3.35500000000002	8.33000000000015	0	0
8.8309999999999	6.94800000000009	8.87200000000007	0	0
7.99700000000007	5.69899999999996	8.08999999999992	0	0
16.9870000000001	12.304	13.0519999999999	0	0
9.69399999999996	6.971	7.5630000000001	0	0
7.60500000000002	2.82000000000005	7.16699999999992	0	0
11.2569999999998	9.97799999999995	10.4849999999999	0	0
7.7170000000001	5.07900000000006	8.04500000000007	0	0
13.9469999999999	16.486	9.09199999999987	0	0
15.5520000000001	10.9150000000001	12.847	0	0
8.24799999999982	4.49599999999998	8.44000000000005	0	0
7.64400000000001	4.14700000000005	7.5440000000001	0	0
7.39499999999998	2.86200000000008	8.72400000000016	0	0
11.1629999999998	10.549	8.47299999999996	0	0
9.97200000000021	6.96799999999996	8.95700000000011	0	0
20.52	17.5229999999999	16.9110000000001	0	0
8.43900000000008	6.34400000000005	8.05999999999995	0	0
9.14700000000016	6.95000000000005	8.19500000000016	0	0
10.5619999999999	6.54500000000007	9.78700000000003	0	0
12.9470000000001	10.615	10.203	0	0
8.31099999999992	3.88799999999992	8.65100000000007	0	0
16.454	9.59800000000018	13.077	0	0
8.82600000000002	5.80299999999988	8.03899999999999	0	0
18.3929999999998	13.509	15.884	0	0
9.92899999999986	6.37300000000005	9.90200000000004	0	0
8.55899999999997	6.28800000000001	7.85800000000017	0	0
9.55099999999993	7.32299999999987	7.90099999999984	0	0
16.1389999999999	11.5330000000001	14.337	0	0
11.134	6.61799999999994	8.46299999999997	0	0
10.308	8.7489999999998	8.15000000000009	0	0
13.2329999999999	8.11900000000014	11.723	0	0
8.846	7.3090000000002	7.69499999999994	0	0
12.9470000000001	11.3440000000001	8.60200000000009	0	0
10.1709999999998	6.08500000000004	8.13400000000001	0	0
13.232	14.325	8.75900000000001	0	0
14.8489999999997	13.9759999999999	11.6519999999998	0	0
7.83199999999988	4.91000000000008	8.10099999999989	0	0
6.76099999999997	3.37400000000002	7.12400000000002	0	0
18.4380000000001	11.2940000000001	18.0930000000001	0	0
8.94500000000016	4.18799999999987	8.17699999999991	0	0
19.1020000000003	14.9929999999999	15.2259999999999	0	0
8.82600000000002	3.97599999999989	9.17900000000009	0	0
10.913	7.87100000000009	7.94000000000005	0	0
7.89499999999998	4.81799999999998	7.51299999999992	0	0
9.55200000000013	8.38499999999999	8.74499999999989	0	0
7.75900000000001	2.98399999999992	9.36400000000003	0	0
9.06200000000035	3.58200000000011	10.2150000000001	0	0
10.1329999999998	10.0039999999999	8.20899999999983	0	0
8.35299999999961	6.47399999999993	7.51999999999998	0	0
10.683	7.56400000000008	8.27199999999993	0	0
8.25199999999995	5.0809999999999	7.84400000000005	0	0
9.93299999999999	5.8889999999999	7.57200000000012	0	0
9.3439999999996	3.99800000000005	9.33199999999988	0	0
8.2510000000002	4.77300000000014	7.10799999999972	0	0
8.47199999999975	5.10500000000002	7.55600000000004	0	0
9.69900000000007	8.21599999999989	8.77199999999993	0	0
13.5500000000002	13.5599999999999	8.93299999999999	0	0
17.6459999999997	17.1400000000001	13.4500000000003	0	0
7.6880000000001	3.47000000000003	9.23900000000003	0	0
13.1990000000001	11.7250000000001	9.48700000000008	0	0
10.2950000000001	5.00900000000001	10.9990000000003	0	0
7.58500000000004	4.9849999999999	6.9689999999996	0	0
7.84799999999996	5.55199999999991	7.90900000000011	0	0
8.71900000000005	5.63100000000009	8.00599999999986	0	0
8.54600000000028	4.11899999999991	7.48099999999977	0	0
7.63499999999976	4.95800000000008	8.13599999999997	0	0
7.61099999999988	4.64200000000005	7.32799999999997	0	0
10.922	9.05899999999997	8.75900000000001	0	0
9.24499999999989	4.93900000000008	7.44999999999982	0	0
11.7599999999998	8.92099999999982	9.55699999999979	0	0
12.1789999999996	9.26099999999997	9.34299999999985	0	0
10.2620000000002	8.52300000000014	8.22899999999981	0	0
15.6840000000002	13.0119999999999	13.6469999999999	0	0
6.88700000000017	2.34799999999996	6.95800000000008	0	0
7.6840000000002	4.20900000000006	6.28700000000026	0	0
11.913	12.9430000000002	8.77700000000004	0	0
8.65800000000036	5.11999999999989	8.84699999999975	0	0
7.52200000000039	3.80299999999988	7.29300000000012	0	0
21.0129999999999	16.3299999999999	16.1169999999997	0	0
17.1089999999999	13.7529999999997	15.0479999999998	0	0
8.58100000000013	4.56099999999969	9.3779999999997	0	0
15.808	8.69900000000007	14.9070000000002	0	0
7.63099999999986	5.71399999999994	7.02100000000019	0	0
8.79899999999998	5.375	8.26600000000008	0	0
7.64800000000014	5.04300000000012	7.35199999999986	0	0
7.43599999999969	2.73900000000003	8.63000000000011	0	0
15.2530000000002	11.3800000000001	14.7219999999998	0	0
9.23300000000017	4.25799999999981	8.71299999999974	0	0
9.62599999999975	7.95000000000027	8.19299999999976	0	0
8.8449999999998	6.12899999999991	7.40000000000009	0	0
12.5889999999999	12.654	9.51800000000003	0	0
8.05899999999974	3.16800000000012	8.22199999999975	0	0
7.79899999999998	3.70899999999983	7.00900000000001	0	0
19.2359999999999	13.8910000000001	16.3880000000004	0	0
8.56799999999976	5.00199999999995	7.15999999999985	0	0
10.9870000000001	9.721	9.62300000000005	0	0
9.92900000000009	7.19700000000012	8.51700000000028	0	0
11.6239999999998	9.45000000000027	8.51800000000003	0	0
16.7190000000001	16.5059999999999	9.62699999999995	0	0
11.3420000000001	8.07200000000012	8.16600000000017	0	0
8.5630000000001	4.08800000000019	6.96799999999985	0	0
10.3620000000001	7.25700000000006	8.45499999999993	0	0
6.85400000000027	3.43299999999999	7.21900000000005	0	0
9.72499999999991	6.77199999999993	8.89300000000003	0	0
14.7069999999999	15.654	9.8130000000001	0	0
14.9159999999997	14.3800000000001	9.32200000000012	0	0
8.69799999999987	5.6840000000002	8.08400000000029	0	0
9.35300000000007	4.78899999999976	7.89399999999978	0	0
9.71000000000004	7.21900000000005	9.01800000000003	0	0
10.9230000000002	6.5619999999999	9.721	0	0
12.1320000000001	15.2489999999998	8.95200000000023	0	0
9.44599999999991	9.57900000000018	7.73700000000008	0	0
25.453	29.6500000000001	17.9679999999998	0	0
10.4229999999998	9.50999999999976	8.31100000000015	0	0
7.54700000000048	3.65200000000004	7.37900000000036	0	0
6.64599999999973	3.34099999999989	7.26499999999987	0	0
8.48499999999967	4.97899999999981	7.58100000000013	0	0
7.34900000000016	3.1279999999997	6.25	0	0
12.2160000000003	12.232	7.60400000000027	0	0
16.8499999999995	12.288	13.3709999999996	0	0
17.4009999999998	20.8110000000001	10.1999999999998	0	0
17.5209999999997	10.8560000000002	15.6500000000001	0	0
19.7839999999997	24.3690000000001	9.81600000000026	0	0
10.924	6.45399999999972	8.26699999999983	0	0
9.42799999999988	6.18499999999995	7.279	0	0
11.366	9.25099999999975	8.88900000000012	0	0
8.53699999999935	2.85500000000002	9.92399999999998	0	0
8.96599999999944	5.00300000000016	7.56999999999971	0	0
8.24600000000009	3.01800000000003	9.19599999999991	0	0
8.98800000000028	4.7529999999997	8.17599999999993	0	0
9.76299999999992	6.59099999999989	9.30099999999993	0	0
10.5789999999997	8.84799999999996	8.99900000000025	0	0
9.05099999999948	4.42100000000028	7.3159999999998	0	0
13.9949999999999	14.3529999999996	10.1589999999997	0	0
10.3540000000003	8.14999999999964	8.4109999999996	0	0
12.6480000000001	11.2749999999996	9.19300000000021	0	0
18.3449999999993	14.9320000000002	13.723	0	0
12.3500000000004	9.41399999999976	9.91299999999956	0	0
12.6300000000001	10.538	8.44499999999971	0	0
8.63400000000001	5.65200000000004	8.09699999999975	0	0
26.7200000000003	22.8190000000004	16.8249999999998	0	0
12.0060000000003	12.7640000000001	8.5649999999996	0	0
9.04500000000007	5.59999999999991	7.70499999999993	0	0
8.09199999999964	3.13699999999972	8.40299999999934	0	0
7.31800000000021	3.59799999999996	7.70600000000013	0	0
8.76100000000042	6.71599999999989	7.58299999999963	0	0
7.75399999999991	4.46600000000035	7.10000000000036	0	0
10.6750000000002	9.08399999999983	9.04399999999987	0	0
10.4529999999995	8.05500000000029	7.96200000000044	0	0
14.5749999999998	13.8090000000002	9.01499999999942	0	0
7.29300000000057	2.45800000000008	8.52800000000025	0	0
9.81800000000021	6.78700000000026	8.67699999999968	0	0
8.48599999999988	4.07400000000007	9.36999999999989	0	0
10.8050000000003	7.70100000000002	9.02299999999923	0	0
9.86300000000028	6.61599999999999	8.51600000000053	0	0
8.62899999999991	3.97299999999996	8.17900000000009	0	0
10.3140000000003	7.10899999999992	8.34799999999996	0	0
10.6409999999996	6.53500000000031	11.0960000000005	0	0
16.2170000000006	14.5849999999996	13.5830000000005	0	0
8.84299999999985	4.95400000000018	8.8690000000006	0	0
8.42799999999988	4.90200000000004	8.15000000000055	0	0
12.5349999999999	12.6670000000004	9.64500000000044	0	0
9.33300000000054	5.71000000000004	8.15999999999985	0	0
8.94200000000001	5.4069999999997	8.07600000000002	0	0
15.5279999999993	10.5889999999999	13.1549999999997	0	0
8.52199999999993	3.82999999999993	8.46900000000005	0	0
8.72599999999966	5.15599999999995	8.44200000000001	0	0
8.61599999999999	4.76299999999992	8.48899999999958	0	0
8.66699999999946	5	7.66600000000017	0	0
10.9359999999997	8.67700000000013	8.01900000000023	0	0
10.2889999999998	6.35300000000007	11.0840000000007	0	0
16.1970000000001	10.252	14.7370000000001	0	0
8.65800000000036	4.56999999999971	7.37400000000071	0	0
8.51099999999951	4.20100000000002	7.85199999999986	0	0
6.60400000000027	1.65899999999965	6.76000000000022	0	0
22.1450000000004	17.3289999999997	19.8919999999998	0	0
13.8609999999999	12.9099999999999	9.31800000000021	0	0
7.57799999999952	2.38799999999992	7.53600000000006	0	0
8.8130000000001	3.49800000000005	7.92300000000068	0	0
9.59999999999945	6.20700000000033	8.45399999999972	0	0
10.6309999999994	9.30399999999963	8.07600000000002	0	0
7.79200000000037	3.00099999999975	7.37100000000009	0	0
10.5430000000006	7.0920000000001	8.27700000000004	0	0
16.5200000000004	10.502	13.7470000000003	0	0
19.7929999999997	14.9409999999998	15.8340000000007	0	0
15.1789999999992	10.616	11.1959999999999	0	0
8.89300000000003	5.19700000000012	9.45600000000013	0	0
7.27099999999973	3.19999999999982	7.80200000000059	0	0
15.1710000000003	17.5169999999998	8.30299999999988	0	0
10.5210000000006	7.125	7.99099999999999	0	0
8.3100000000004	4.44200000000001	8.28099999999995	0	0
9.08299999999963	4.75500000000011	8.53000000000065	0	0
7.75900000000001	3.84100000000035	7.51299999999992	0	0
10.5190000000002	8.77800000000025	7.49099999999999	0	0
9.67100000000028	9.07700000000023	9.47999999999956	0	0
8.125	5.36399999999958	8.07399999999961	0	0
10.6530000000002	12.8130000000001	8.17600000000039	0	0
17.0940000000001	12.7149999999992	11.9650000000001	0	0
7.11099999999988	2.76900000000023	7.84600000000046	0	0
6.88199999999961	1.13500000000022	6.48499999999967	0	0
14.6770000000006	9.26699999999983	14.5730000000003	0	0
8.54399999999987	6.0630000000001	8.125	0	0
8.06999999999971	5.10000000000036	7.17600000000039	0	0
11.0859999999993	8.66399999999976	9.29700000000048	0	0
9.42599999999948	7.2519999999995	8.20200000000023	0	0
11.1939999999995	8.16700000000037	7.9989999999998	0	0
15.9030000000002	11.4350000000004	13.2919999999995	0	0
14.3020000000006	14.1370000000006	8.70499999999993	0	0
11.0190000000002	7.28700000000026	8.98700000000008	0	0
8.17700000000059	5.28499999999985	6.85899999999947	0	0
8.82800000000043	4.39099999999962	6.89099999999962	0	0
11.3380000000006	9.84900000000016	8.57999999999993	0	0
7.71200000000044	5.00200000000041	6.10099999999966	0	0
20.8770000000004	17.009	17.7489999999998	0	0
10.9659999999994	8.5659999999998	9.60099999999966	0	0
13.3059999999996	6.3769999999995	14.2779999999993	0	0
10.2509999999993	6.9970000000003	8.74099999999999	0	0
17.8530000000001	11.6700000000001	14.6510000000007	0	0
14.7780000000002	15.8019999999997	9.89599999999973	0	0
13.0030000000006	13.2460000000001	9.09799999999996	0	0
8.59599999999955	7.34400000000005	8.93900000000031	0	0
8.67000000000007	4.21599999999944	7.69300000000021	0	0
11.518	11.1549999999997	7.62899999999991	0	0
11.5190000000002	10.6940000000004	9.55000000000018	0	0
8.40599999999995	3.80199999999968	8.03400000000056	0	0
8.57400000000052	5.86399999999958	7.11499999999978	0	0
7.26999999999953	3.17599999999948	6.64500000000044	0	0
10.6500000000005	8.91799999999967	8.21600000000035	0	0
8.78400000000056	7.24099999999999	8.69599999999991	0	0
8.73499999999967	6.36799999999948	7.52199999999993	0	0
16.1820000000007	12.7380000000003	14.3140000000003	0	0
8.59799999999996	3.54500000000007	8.59400000000005	0	0
9.85499999999956	7.37299999999959	8.39699999999993	0	0
11.2719999999999	8.03099999999995	9.01800000000003	0	0
10.2339999999995	7.44599999999991	7.72099999999955	0	0
8.98399999999947	6.15000000000055	8.15099999999984	0	0
10.2160000000003	8.26799999999912	9.96500000000015	0	0
7.08200000000033	1.73699999999917	7.33100000000013	0	0
10.9220000000005	8.8100000000004	8.87899999999991	0	0
12.8820000000005	11.3549999999996	9.08200000000033	0	0
24.643	24.0200000000004	16.777	0	0
10.7840000000006	9.30299999999988	8.23499999999967	0	0
13.0360000000001	12.6300000000001	9.0649999999996	0	0
20.1950000000006	19.1289999999999	15.527	0	0
9.18000000000029	6.85899999999947	7.60599999999977	0	0
8.23800000000028	5.86499999999978	8.3070000000007	0	0
8.92999999999938	5.67699999999968	7.8769999999995	0	0
10.7539999999999	10.2310000000007	8.40499999999975	0	0
10.0469999999996	7.86399999999958	9.68299999999999	0	0
8.59100000000035	4.01700000000073	7.85199999999986	0	0
17.6399999999994	11.3859999999995	13.9280000000008	0	0
6.77400000000034	3.20599999999922	6.93000000000029	0	0
8.13100000000031	5.71900000000005	8.76000000000022	0	0
17.1909999999998	12.0609999999997	15.8760000000002	0	0
8.625	5.69200000000001	7.71599999999944	0	0
9.2510000000002	3.61499999999978	9.46000000000004	0	0
16.8960000000006	11.7739999999994	13.9859999999999	0	0
18.6050000000005	13.8490000000002	14.9099999999999	0	0
15.71	17.4689999999991	9.17299999999977	0	0
10.348	7.61099999999988	8.79700000000048	0	0
16.1329999999998	11.0280000000002	13.3270000000002	0	0
13.8130000000001	6.70699999999943	12.7390000000005	0	0
8.19899999999961	4.01800000000003	7.79199999999946	0	0
10.5519999999997	7.77899999999954	9.02900000000045	0	0
13.0010000000002	12.0450000000001	8.84600000000046	0	0
9.34400000000005	7.6220000000003	8.1880000000001	0	0
9.65700000000106	8.27800000000025	8.46799999999985	0	0
7.84399999999914	4.28499999999985	8.31500000000051	0	0
7.81100000000151	3.23300000000017	7.30899999999929	0	0
11.9930000000004	12.308	8.66899999999987	0	0
10.5769999999993	8.80600000000049	7.58900000000085	0	0
8.28400000000147	5.40999999999985	7.57099999999991	0	0
9.42900000000009	7.22400000000016	6.75900000000001	0	0
20.3389999999999	17.174	15.4549999999999	0	0
8.04800000000068	3.29100000000017	7.18100000000049	0	0
12.012999999999	12.7209999999995	8.88000000000011	0	0
13.1440000000002	13.4079999999994	9.82999999999993	0	0
8.86099999999897	7.47299999999996	6.89800000000014	0	0
7.66300000000047	3.79800000000068	7.35099999999966	0	0
7.64999999999964	2.44100000000071	9.66899999999987	0	0
15.634	18.9579999999996	10.0100000000002	0	0
19.6880000000001	19.8040000000001	16.0039999999999	0	0
12.4139999999989	12.7359999999999	9.69200000000001	0	0
16.9049999999988	9.27199999999993	14.9209999999994	0	0
9.55299999999988	5.90299999999934	7.80199999999968	0	0
10.491	6.19200000000001	9.08700000000044	0	0
20.9509999999991	16.1999999999998	15.3760000000002	0	0
8.52299999999923	5.75900000000001	6.83200000000033	0	0
10.3289999999997	8.68299999999999	8.93099999999959	0	0
12.4120000000003	11.54	7.88100000000031	0	0
11.7839999999997	10.991	9.48399999999947	0	0
10.8849999999984	11.4139999999998	8.38499999999931	0	0
8.36199999999917	4.92299999999977	8.20100000000002	0	0
7.30699999999888	3.00699999999961	7.73799999999937	0	0
8.57099999999991	3.69899999999961	7.1190000000006	0	0
11.5630000000001	10.5779999999995	8.1269999999995	0	0
10.4509999999991	10.0439999999999	8.22499999999945	0	0
7.90300000000025	3.80400000000009	8.42199999999957	0	0
9.11100000000079	7.05199999999968	6.46900000000005	0	0
13.1949999999997	13.8630000000003	9.89900000000034	0	0
9.69700000000012	6.14500000000044	9.12800000000061	0	0
8.30600000000049	5.01999999999953	8.60800000000017	0	0
8.16300000000047	6.21900000000005	7.74300000000039	0	0
7.09399999999914	4.03199999999924	6.96299999999974	0	0
8.98999999999978	6.53199999999924	8.59799999999996	0	0
8.33400000000074	4.27900000000045	7.96399999999994	0	0
10.3850000000002	8.25999999999931	8.34200000000055	0	0
11.146999999999	11.9049999999997	7.55899999999929	0	0
14.4220000000005	18.9879999999994	10.3159999999998	0	0
9.71500000000015	6.63200000000052	9.375	0	0
20.0609999999997	14.7080000000005	15.9570000000003	0	0
20.9519999999993	17.4970000000003	16.5860000000002	0	0
24.1829999999991	19.6940000000004	17.2539999999999	0	0
9.04299999999967	5.79599999999937	9.10499999999956	0	0
15.7840000000015	9.39899999999943	15.8599999999988	0	0
12.5869999999995	10.3270000000002	9.04000000000087	0	0
9.97800000000097	8.43900000000031	8.1869999999999	0	0
22.9009999999998	19.8530000000001	16.9519999999993	0	0
11.8860000000004	12.4759999999997	9.02999999999884	0	0
19.3600000000006	15.982	16.3580000000002	0	0
7.80199999999968	4.21799999999985	7.36200000000099	0	0
7.23300000000017	2.66699999999946	7.76999999999862	0	0
24.9770000000008	23.1440000000002	19.8739999999998	0	0
13.0709999999999	11.7139999999999	7.27800000000025	0	0
8.04899999999907	4.36099999999988	9.03499999999985	0	0
18.262999999999	15.7299999999996	14.3020000000015	0	0
8.2489999999998	6.99699999999939	7.68000000000029	0	0
8.98300000000017	5.34099999999944	8.4429999999993	0	0
9.05999999999949	7.57499999999982	6.5010000000002	0	0
22.5119999999988	17.942	17.9759999999987	0	0
8.21899999999914	5.16799999999967	7.29700000000048	0	0
10.6149999999998	7.59200000000055	7.98899999999958	0	0
10.0679999999993	9.4360000000006	8.20499999999993	0	0
18.4760000000006	14.7049999999999	17.2829999999994	0	0
17.2549999999992	20.1280000000006	9.47600000000057	0	0
10.9449999999997	6.97199999999975	9.91499999999905	0	0
6.47400000000016	1.97000000000025	6.8739999999998	0	0
7.36800000000039	4.06899999999951	7.58700000000135	0	0
8.03399999999965	3.02000000000044	8.08899999999994	0	0
17.107	19.3379999999997	11.119999999999	0	0
14.9969999999994	14.884	10.1819999999989	0	0
11.3180000000011	11.1409999999996	10.0190000000002	0	0
10.1820000000007	5.38200000000052	9.42100000000028	0	0
11.7450000000008	9.06899999999951	8.72899999999936	0	0
8.00799999999981	6.03499999999985	6.89400000000023	0	0
7.00200000000041	2.9369999999999	7.16799999999967	0	0
19.8629999999994	19.9080000000004	14.5229999999992	0	0
8.54199999999946	4.66899999999987	9.2440000000006	0	0
8.69999999999891	4.13999999999942	8.66799999999967	0	0
14.360999999999	7.12100000000009	14.0789999999997	0	0
7.85800000000017	2.72199999999975	8.45200000000114	0	0
9.00699999999961	4.89300000000003	8.13700000000063	0	0
8.04700000000048	3.22199999999975	7.09600000000137	0	0
7.83299999999872	2.57099999999991	9.09400000000096	0	0
7.12700000000041	2.39300000000003	7.37800000000061	0	0
10.0489999999991	6.42499999999927	8.33599999999933	0	0
8.56599999999889	5.01299999999992	7.75799999999981	0	0
19.0900000000001	12.8040000000001	17.0949999999993	0	0
6.64000000000124	2.86899999999969	5.84299999999894	0	0
7.66200000000026	3.87199999999939	7.75	0	0
7.52800000000025	2.83199999999943	8.06299999999828	0	0
8.85199999999895	5.41600000000017	8.30199999999968	0	0
8.96199999999953	5.72600000000057	8.38400000000001	0	0
20.7960000000003	16.9290000000001	16.9409999999989	0	0
8.29900000000089	4.35100000000057	7.39899999999943	0	0
10.1229999999996	6.27600000000075	8.00799999999981	0	0
10.1260000000002	8.05599999999959	8.46199999999953	0	0
17.6530000000002	8.84900000000016	16.3209999999999	0	0
9.64799999999923	6.73199999999997	9.22899999999936	0	0
11.0059999999994	6.81400000000031	9.06499999999869	0	0
9.13500000000022	4.86499999999978	8.72299999999996	0	0
7.63400000000001	2.94599999999991	7.90500000000065	0	0
11.2029999999995	9.66899999999987	10.2119999999995	0	0
7.89600000000064	1.85300000000007	9.41300000000047	0	0
19.851999999999	13.6559999999999	18.4400000000005	0	0
8.46700000000055	5.68199999999979	8.03600000000006	0	0
19.280999999999	17.4880000000003	15.241	0	0
11.4959999999992	9.51999999999953	8.04900000000089	0	0
13.9260000000013	16.1089999999995	11.1170000000002	0	0
10.1779999999999	7.02499999999964	8.23300000000017	0	0
11.8299999999999	9.80500000000029	9.38500000000022	0	0
9.69700000000012	5.16200000000026	8.30999999999949	0	0
9.40300000000025	5.49399999999969	8.15699999999924	0	0
20.9699999999993	17.9189999999999	16.6139999999996	0	0
9.6239999999998	6.92999999999938	6.92300000000068	0	0
7.9429999999993	4.75699999999961	7.5619999999999	0	0
9.06899999999951	6.84500000000025	7.85599999999977	0	0
10.7960000000003	9.1899999999996	7.6869999999999	0	0
11.0159999999996	9.89100000000053	11.7919999999995	0	0
9.99200000000019	7.75999999999931	9.61499999999978	0	0
11.4399999999987	8.46900000000005	9.27200000000084	0	0
14.5560000000005	13.3640000000005	8.6929999999993	0	0
9.65599999999904	8.06400000000031	8.52399999999943	0	0
8.67300000000068	4.37899999999991	7.0570000000007	0	0
7.94900000000052	3.40700000000015	8.69900000000052	0	0
9.14300000000003	6.26800000000003	9.25199999999859	0	0
22.0869999999995	22.817	14.5110000000004	0	0
7.95700000000033	5.40800000000036	7.22599999999875	0	0
8.63700000000063	6.82300000000032	7.80899999999929	0	0
19.0869999999995	12.5519999999997	18.8630000000012	0	0
11.780999999999	8.53999999999905	9.94499999999971	0	0
8.03700000000026	3.72800000000097	6.38400000000001	0	0
9.4429999999993	5.23600000000079	7.59500000000116	0	0
10.0370000000003	9.46299999999974	8.09699999999975	0	0
7.83299999999872	3.8239999999987	8.49699999999939	0	0
8.17100000000028	5.19800000000032	7.52000000000044	0	0
17.5190000000002	13.8110000000015	15.9789999999994	0	0
23.0550000000003	21.7549999999992	16.5840000000007	0	0
7.91100000000006	5.31400000000031	8.06700000000092	0	0
7.2440000000006	1.96399999999994	7.80999999999949	0	0
10.5169999999998	8.5580000000009	8.15600000000086	0	0
7.53499999999985	2.88100000000122	7.58699999999953	0	0
10.9920000000002	10.4250000000011	7.85900000000038	0	0
9.68000000000029	4.03099999999904	8.69999999999891	0	0
15.3150000000005	14.8389999999999	9.36800000000039	0	0
7.8080000000009	3.74499999999898	8.39599999999882	0	0
8.6239999999998	4.76399999999921	8.78300000000127	0	0
11.6730000000007	8.8179999999993	9.67900000000009	0	0
12.851999999999	15.1800000000003	9.33100000000013	0	0
8.57200000000012	4.91899999999987	6.82800000000134	0	0
8.94499999999971	4.32899999999972	10.0329999999994	0	0
17.7049999999999	18.6369999999988	13.3500000000004	0	0
23.7119999999995	20.0720000000001	17.3649999999998	0	0
8.95700000000033	5.46800000000076	8.34100000000035	0	0
6.9890000000014	3.86800000000039	6.34599999999955	0	0
20.6669999999995	15.762999999999	16.2619999999988	0	0
9.84699999999975	10.4070000000011	7.86100000000079	0	0
8.98599999999897	5.47699999999895	7.85000000000036	0	0
10.3850000000002	8.70900000000074	9.10900000000038	0	0
8.60699999999997	3.67499999999927	8.72899999999936	0	0
9.32599999999911	4.77599999999984	9.88699999999881	0	0
10.1990000000005	7.47100000000137	8.15999999999985	0	0
10.732	7.84399999999914	8.55899999999929	0	0
9.3119999999999	5.71299999999974	7.34599999999955	0	0
10.610999999999	7.3080000000009	9.76800000000003	0	0
10.473	6.87299999999959	9.05299999999988	0	0
21.5020000000004	21.3939999999984	14.4770000000008	0	0
8.76399999999921	3.46099999999933	8.07099999999991	0	0
8.99300000000039	5.35500000000138	8.92799999999988	0	0
14.9959999999992	16.1419999999998	9.43099999999868	0	0
15.3790000000008	17.4220000000005	9.39099999999962	0	0
7.40899999999965	4.61399999999958	7.08200000000033	0	0
8.83500000000095	5.66800000000148	8.71299999999974	0	0
10.4660000000003	7.18000000000029	7.69100000000071	0	0
11.2349999999988	9.41899999999987	9.26000000000022	0	0
9.66400000000067	5.94200000000092	10.1570000000011	0	0
7.49300000000039	2.55400000000009	8.42300000000068	0	0
8.86800000000039	5.69999999999891	6.88600000000042	0	0
13.9480000000003	7.36599999999999	16.0789999999997	0	0
11.2389999999996	7.89700000000084	9.51100000000042	0	0
9.14699999999903	6.07499999999891	9.68000000000029	0	0
13.5070000000014	12.6530000000002	8.86999999999898	0	0
8.88500000000022	6.55999999999949	7.67100000000028	0	0
11.5749999999989	12.0229999999992	9.24699999999939	0	0
7.79200000000128	3.25900000000001	6.72899999999936	0	0
9.47500000000036	6.54000000000087	9.45200000000114	0	0
7.62299999999959	5.10800000000017	7.42400000000089	0	0
8.60699999999997	4.32999999999993	7.82099999999991	0	0
11.1149999999998	9.07300000000032	8.32100000000173	0	0
9.76699999999983	6.85200000000077	7.48899999999958	0	0
9.95299999999952	6.22799999999916	9.39999999999964	0	0
11.0630000000001	8.4320000000007	9.32799999999952	0	0
21.3510000000006	15.7270000000008	18.7950000000001	0	0
8.19000000000051	4.32799999999952	7.90800000000127	0	0
11.6779999999999	9.14199999999983	8.82400000000052	0	0
8.61199999999917	3.17599999999948	8.90599999999904	0	0
18.5169999999998	15.0659999999989	13.3979999999992	0	0
8.44800000000032	4.97900000000118	8.23799999999937	0	0
8.71299999999974	6.45000000000073	9.36700000000019	0	0
8.98799999999937	7.18899999999849	7.60800000000017	0	0
7.22099999999955	3.51399999999921	7.25400000000081	0	0
8.16300000000047	5.54799999999886	7.71700000000055	0	0
8.47899999999936	5.08299999999872	8.12299999999959	0	0
10.9339999999993	9.3020000000015	8.93900000000031	0	0
8.01599999999962	2.75900000000001	8.71700000000055	0	0
17.2399999999998	10.1139999999996	15.8310000000001	0	0
7.1929999999993	3.03200000000106	8.3130000000001	0	0
8.3119999999999	4.01699999999983	9.08899999999994	0	0
22.7739999999994	18.898000000001	17.746000000001	0	0
18.3189999999995	14.4400000000005	17.1020000000008	0	0
11.866	8.27899999999863	9.45199999999932	0	0
16.7509999999984	13.0280000000002	14.6080000000002	0	0
7.37099999999919	2.98500000000058	7.03299999999945	0	0
8.10899999999856	4.4320000000007	7.2510000000002	0	0
10.625	9.9369999999999	7.89199999999983	0	0
9.21799999999894	4.9369999999999	9.48299999999836	0	0
26.9230000000007	27.6649999999991	17.5100000000002	0	0
8.19900000000052	5.21500000000015	8.21800000000076	0	0
9.71999999999935	8.03000000000065	6.70999999999913	0	0
7.64400000000023	4.5010000000002	7.61000000000058	0	0
15.5479999999989	10.2260000000006	12.7530000000006	0	0
11.5620000000017	10.7139999999999	8.35600000000159	0	0
10.0509999999995	7.13800000000083	9.07800000000134	0	0
9.74300000000039	7.24699999999939	8.54399999999987	0	0
8.01800000000003	4.49200000000019	9.0619999999999	0	0
7.75800000000163	4.96599999999853	8.40999999999985	0	0
16.6949999999997	12.7780000000002	13.625	0	0
7.70799999999872	3.11899999999878	8.09999999999854	0	0
12.3510000000006	12.219000000001	11.014000000001	0	0
9.16699999999946	4.97199999999975	8.04399999999987	0	0
10.6000000000004	6.15699999999924	8.63700000000063	0	0
9.26400000000103	5.98600000000079	9.121000000001	0	0
18.3510000000006	16.3549999999996	13.3289999999997	0	0
21.732	16.8770000000004	18.7090000000007	0	0
11.5040000000008	8.37900000000081	8.01499999999942	0	0
9.15700000000106	5.00200000000041	7.18999999999869	0	0
8.51100000000042	5.19800000000032	8.47899999999936	0	0
30.4880000000012	32.8729999999996	18.6549999999988	0	0
19.2929999999997	17.8400000000001	14.869999999999	0	0
8.91400000000067	4.69499999999971	7.95099999999911	0	0
12.4310000000005	9.71800000000076	10.2350000000006	0	0
9.14799999999923	5.14500000000044	8.78299999999945	0	0
11.1139999999996	6.71700000000055	9.09499999999935	0	0
20.4510000000009	20.7530000000006	14.7740000000013	0	0
6.74200000000019	3.0510000000013	6.89400000000023	0	0
8.15700000000106	5.73999999999978	8.36999999999898	0	0
8.65899999999965	5.4989999999998	7.71399999999994	0	0
14.5559999999987	7.1359999999986	14.5450000000001	0	0
9.44399999999951	7.17499999999927	7.64899999999943	0	0
7.82200000000012	3.38199999999961	6.99099999999999	0	0
9.84300000000076	6.91899999999987	7.95999999999913	0	0
8.996000000001	5.39700000000084	8.7489999999998	0	0
8.57500000000073	5.18399999999929	7.76300000000083	0	0
9.46300000000156	7.81899999999951	9.03000000000065	0	0
9.38799999999901	5.34499999999935	7.92799999999988	0	0
11.4619999999995	10.4229999999989	6.96200000000135	0	0
10.3719999999994	7.88400000000001	8.01699999999983	0	0
20.9840000000004	15.1080000000002	15.3269999999993	0	0
7.75200000000041	3.90300000000025	7.60900000000038	0	0
10.744999999999	8.24699999999939	8.54900000000089	0	0
17.518	11.1540000000005	14.1230000000014	0	0
8.48199999999997	4.95000000000073	6.86800000000039	0	0
8.0010000000002	5.08699999999953	8.3070000000007	0	0
19.1419999999998	17.9049999999988	15.2299999999996	0	0
11.8029999999999	10.1599999999999	8.88199999999961	0	0
10.3020000000015	8.17499999999927	9.05500000000029	0	0
8.47199999999975	3.89799999999923	9.63299999999981	0	0
9.53700000000026	4.78600000000006	10.1530000000002	0	0
8.0010000000002	4.17799999999988	7.9260000000013	0	0
18.5329999999994	13.8369999999995	16.5560000000005	0	0
15.6720000000005	10.7090000000007	13.1240000000016	0	0
9.9419999999991	8.76000000000022	8.72099999999955	0	0
14.3899999999994	14.4579999999987	9.47299999999996	0	0
9.52800000000025	5.39599999999882	10.0479999999989	0	0
10.8540000000012	7.90900000000147	9.36199999999917	0	0
12.8350000000009	12.7289999999994	9.78600000000006	0	0
9.72599999999875	7.51400000000103	7.16100000000006	0	0
7.4429999999993	3.14699999999903	7.44499999999971	0	0
7.90300000000025	3.60100000000057	7.7599999999984	0	0
10.4349999999995	5.55999999999949	7.46399999999994	0	0
8.52900000000045	4.92699999999968	8.51100000000042	0	0
16.7150000000001	8.62299999999959	14.5819999999985	0	0
11.3510000000006	6.26400000000103	9.77499999999964	0	0
8.72299999999996	4.02900000000045	8.88700000000063	0	0
8.34900000000016	5.59799999999996	8.2489999999998	0	0
9.68999999999869	7.68599999999969	9.26600000000144	0	0
13.996000000001	14.9879999999994	10.6230000000014	0	0
11.7420000000002	9.60800000000017	11.1090000000004	0	0
9.15400000000045	4.54700000000048	8.70900000000074	0	0
7.48999999999978	4.59200000000055	7.04399999999987	0	0
8.36299999999937	5.76100000000042	8.25799999999981	0	0
10.0410000000011	9.54100000000108	8.95900000000074	0	0
10.5919999999987	8.48899999999958	7.39300000000003	0	0
7.36399999999958	2.72299999999996	8.10999999999876	0	0
11.6749999999993	10.3289999999997	9.28700000000026	0	0
7.67300000000068	4.04700000000048	7.69499999999971	0	0
18.4930000000004	12.137999999999	15.5580000000009	0	0
8.64700000000084	4.3080000000009	7.35199999999895	0	0
8.27599999999984	3.19900000000052	6.97500000000036	0	0
7.69000000000051	4.39600000000064	6.96600000000035	0	0
6.46800000000076	2.17799999999988	6.50400000000081	0	0
9.52700000000004	6.10999999999876	8.03299999999945	0	0
13.2530000000006	11.0599999999995	10.1260000000002	0	0
10.1459999999988	6.18100000000049	9.59000000000015	0	0
14.9549999999999	7.6260000000002	12.9920000000002	0	0
7.86800000000039	3.14399999999841	8.00300000000061	0	0
16.0689999999995	10.393	13.6610000000001	0	0
8.8809999999994	6.59500000000116	8.53499999999985	0	0
7.62700000000041	3.10699999999997	6.96399999999994	0	0
10.0360000000001	6.76400000000103	7.84299999999894	0	0
16.0630000000001	12.2820000000011	14.4099999999999	0	0
12.2260000000006	11.5600000000013	9.05500000000029	0	0
26.3159999999989	25.3389999999999	17.2759999999998	0	0
15.6129999999976	13.1010000000006	12.9470000000001	0	0
8.30600000000049	5.71700000000055	7.61300000000119	0	0
8.14799999999741	3.49499999999898	7.77200000000084	0	0
9.06099999999788	5.60599999999977	8.56899999999951	0	0
10.4239999999991	6.23400000000038	7.97000000000116	0	0
11.1530000000021	7.05600000000049	9.49399999999878	0	0
6.97399999999834	2.03499999999985	7.76599999999962	0	0
13.9389999999985	7.47900000000118	12.7870000000003	0	0
15.1829999999973	12.4779999999992	13.4560000000001	0	0
10.5509999999995	6.73799999999937	8.36200000000099	0	0
15.538999999997	10.0509999999995	12.5799999999999	0	0
10.3270000000011	7.58999999999833	8.58799999999974	0	0
8.34300000000076	4.34300000000076	7.62199999999939	0	0
7.90999999999985	3.10699999999997	7.93100000000049	0	0
12.7209999999977	12.8339999999989	9.76800000000003	0	0
8.50700000000143	6.22400000000016	7.80599999999868	0	0
8.67099999999846	4.30899999999929	8.77599999999984	0	0
10.6899999999987	8.23400000000038	8.8179999999993	0	0
12.6790000000001	10.8520000000008	8.21200000000135	0	0
14.0349999999999	6.0059999999994	13.9549999999999	0	0
11.5459999999985	7.33099999999831	9.44999999999891	0	0
12.5400000000009	9.92399999999907	9.15200000000004	0	0
18.2590000000018	16.1080000000002	15.6129999999994	0	0
9.82300000000032	6.8179999999993	10.1149999999998	0	0
14.2119999999995	8.80500000000029	13.6620000000003	0	0
10.1830000000009	7.4989999999998	8.60499999999956	0	0
8.05099999999948	6.17599999999948	7.30500000000029	0	0
15.7770000000019	10.4750000000004	14.1470000000008	0	0
8.14099999999962	4.72099999999955	7.77700000000004	0	0
12.844000000001	11.3069999999989	8.128999999999	0	0
10.3470000000016	6.59299999999894	8.44300000000112	0	0
9.42900000000009	6.96500000000015	8.76400000000103	0	0
8.63999999999942	3.03600000000006	8.29799999999886	0	0
9.95899999999892	8.06800000000112	8.88899999999921	0	0
10.4419999999991	8.27500000000146	8.67300000000068	0	0
10.1160000000018	7.84400000000096	8.92200000000048	0	0
7.6349999999984	3.82800000000134	8.02200000000084	0	0
9.14099999999962	4.75900000000001	8.76299999999901	0	0
8.03399999999965	4.02200000000084	7.15099999999984	0	0
17.4160000000011	13.4349999999995	13.5700000000015	0	0
10.7520000000004	11.3130000000001	9.29199999999946	0	0
7.8550000000032	4.45400000000154	8.38200000000143	0	0
10.5010000000002	6.12099999999919	8.09299999999894	0	0
14.3329999999987	8.35200000000077	13.4510000000009	0	0
12.5280000000021	10.6610000000001	8.73499999999876	0	0
10.6710000000021	9.53299999999945	9.53600000000006	0	0
9.01699999999983	5.0679999999993	6.96800000000076	0	0
8.71299999999974	5.21299999999974	9.84000000000015	0	0
9.02400000000125	6.54999999999927	7.58200000000033	0	0
10.7870000000003	8.35499999999956	8.94099999999889	0	0
8.30600000000049	5.26400000000103	9.00699999999961	0	0
7.28299999999945	2.53200000000106	7.64400000000023	0	0
14.4979999999996	8.40999999999985	11.9539999999997	0	0
10.6689999999981	9.0630000000001	8.27199999999903	0	0
8.02900000000227	3.45199999999932	8.58800000000156	0	0
11.4310000000005	8.28999999999905	8.878999999999	0	0
12.4520000000011	12.3370000000014	9.16700000000128	0	0
19.8310000000019	14.2160000000003	18.1000000000004	0	0
9.81299999999828	5.58600000000115	7.79000000000087	0	0
8.79300000000148	4.26900000000023	6.8739999999998	0	0
9.9900000000016	6.66200000000026	7.76800000000003	0	0
9.35499999999956	7.0010000000002	8.38799999999901	0	0
9.33299999999872	5.78700000000026	9.59199999999873	0	0
9.94099999999889	7.64099999999962	7.91599999999926	0	0
7.61799999999857	5.60199999999895	7.27399999999943	0	0
7.17099999999846	4.8169999999991	6.28600000000006	0	0
8.69900000000052	4.77100000000064	6.91400000000067	0	0
8.88000000000102	6.10200000000077	7.09200000000055	0	0
23.3899999999994	23.4700000000012	18.6849999999995	0	0
7.97099999999773	3.19999999999891	8.11300000000119	0	0
17.9049999999988	10.6560000000009	17.518	0	0
14.0620000000017	12.4350000000013	8.7510000000002	0	0
9.59300000000076	5.76000000000022	8.73300000000017	0	0
10.2419999999984	8.11200000000099	7.76299999999901	0	0
28.357	26.3769999999986	21.4560000000001	0	0
7.78500000000349	2.96500000000015	7.11000000000058	0	0
7.53299999999945	2.44400000000132	7.21700000000055	0	0
9.07399999999689	4.73099999999977	7.86299999999937	0	0
10.3329999999987	5.38400000000001	9.10200000000077	0	0
10.5639999999985	6.86000000000058	9.16200000000026	0	0
9.96500000000015	7.28399999999965	7.75900000000001	0	0
15.6939999999995	12.7749999999996	12.8099999999995	0	0
9.92000000000189	9.42799999999988	8.20000000000073	0	0
14.1290000000008	16.2619999999988	8.86299999999937	0	0
11.3310000000019	8.48800000000119	10.0660000000007	0	0
8.49499999999898	5.07099999999991	7.34900000000016	0	0
7.60499999999956	3.69100000000071	8.67200000000048	0	0
18.119999999999	14.0120000000006	15.7369999999992	0	0
10.3630000000012	6.65900000000147	9.23199999999997	0	0
8.28299999999945	2.66200000000026	7.90399999999863	0	0
8.27000000000044	3.43100000000049	8.58999999999833	0	0
14.7210000000014	16.6700000000001	8.89099999999962	0	0
8.17400000000271	5.23099999999977	7.71600000000035	0	0
8.28699999999662	4.82400000000052	7.69700000000012	0	0
7.68899999999849	2.71099999999933	7.17599999999948	0	0
9.73300000000017	5.9380000000001	8.31899999999951	0	0
17.4130000000005	16.0009999999984	15.4110000000001	0	0
13.6039999999994	12.3870000000006	8.86200000000099	0	0
7.76299999999901	2.86699999999837	7.24200000000201	0	0
9.3739999999998	7.11199999999917	7.83399999999892	0	0
8.18399999999747	5.21900000000096	8.82500000000073	0	0
19.4329999999973	17.9470000000001	16.2959999999985	0	0
9.17400000000271	4.25799999999981	8.15600000000268	0	0
12.0119999999988	8.87700000000041	8.96700000000055	0	0
8.9220000000023	5.86700000000019	8.13300000000163	0	0
10.594000000001	9.46600000000035	8.41400000000067	0	0
8.40399999999863	6.26399999999921	6.94499999999971	0	0
8.68500000000131	4.14999999999964	9.31300000000192	0	0
10.8920000000035	9.60299999999916	9.78300000000309	0	0
11.3449999999975	9.88200000000143	8.89199999999983	0	0
13.3060000000005	11.2070000000003	10.5030000000006	0	0
8.21700000000055	4.21200000000135	8.18999999999869	0	0
10.4089999999997	6.78800000000047	7.95100000000093	0	0
10.8470000000016	8.23599999999897	8.70600000000195	0	0
14.5060000000012	13.3539999999994	9.90000000000146	0	0
9.47899999999936	6.55299999999988	7.93000000000029	0	0
9.7019999999975	7.58899999999994	8.6449999999968	0	0
8.47500000000218	6.06700000000092	8.76599999999962	0	0
8.96399999999994	3.73600000000079	10.362000000001	0	0
9.70800000000236	4.27599999999984	8.8650000000016	0	0
9.99300000000221	6.85699999999997	9.19200000000274	0	0
8.46700000000055	6.04600000000028	9.2410000000018	0	0
21.8500000000022	23.9670000000006	18.0289999999986	0	0
15.0119999999988	10.9330000000009	14.757999999998	0	0
8.26800000000003	5.34600000000137	7.93900000000212	0	0
7.11399999999776	2.05999999999949	7.63600000000224	0	0
7.57700000000114	2.6239999999998	7.95300000000134	0	0
18.9789999999994	17.0459999999985	13.6100000000006	0	0
9.02999999999884	5.17099999999846	7.97700000000259	0	0
8.68499999999767	5.23099999999977	7.88899999999921	0	0
8.08400000000256	2.93299999999908	8.37900000000081	0	0
10.612000000001	8.19000000000051	8.55600000000049	0	0
15.9200000000019	18.7720000000008	10.9260000000031	0	0
9.12799999999697	6.66500000000087	7.23699999999735	0	0
9.0010000000002	5.64300000000003	7.6449999999968	0	0
10.012999999999	7.32799999999952	8.03200000000288	0	0
16.5879999999997	17.5680000000011	10.0839999999989	0	0
19.5360000000001	13.8889999999992	16.2419999999984	0	0
8.6820000000007	6.46999999999935	8.01599999999962	0	0
10.6450000000004	7.72400000000016	9.11800000000221	0	0
10.0369999999966	7.94500000000153	8.47199999999793	0	0
10.385000000002	6.04600000000028	8.73599999999715	0	0
7.09699999999793	3.26000000000022	7.73399999999674	0	0
8.07200000000012	4.3690000000006	8.14099999999962	0	0
8.87800000000061	5.82999999999993	8.70200000000114	0	0
10.0489999999991	6.54899999999907	7.97599999999875	0	0
10.6880000000019	10.2360000000008	8.05600000000049	0	0
8.66600000000108	4.84500000000116	6.94499999999971	0	0
14.5770000000011	16.9719999999998	8.78200000000288	0	0
7.82600000000093	4.10000000000036	8.45400000000154	0	0
8.90199999999822	6.34599999999955	8.53600000000006	0	0
8.52799999999843	5.38700000000063	6.52500000000146	0	0
8.66899999999805	4.79199999999946	6.74499999999898	0	0
16.3580000000002	12.1939999999995	14.5380000000005	0	0
10.3069999999971	8.13600000000042	9.38000000000102	0	0
8.56800000000294	4.8169999999991	9.69200000000274	0	0
9.51900000000023	5.27899999999863	7.80299999999988	0	0
11.9699999999975	12.7479999999996	9.54100000000108	0	0
13.2410000000018	14.8639999999996	9.2609999999986	0	0
9.37900000000081	5.83199999999852	9.23800000000119	0	0
9.47600000000239	6.29399999999987	8.37999999999738	0	0
8.2400000000016	5.73999999999978	6.99299999999857	0	0
8.71600000000035	5.81700000000092	7.5099999999984	0	0
9.89600000000064	5.74499999999898	7.78399999999965	0	0
10.5910000000003	7.77199999999903	9.2960000000021	0	0
20.4639999999999	18.4740000000002	16.137999999999	0	0
7.84000000000015	2.13299999999981	8.65999999999985	0	0
11.648000000001	11.6460000000006	8.16899999999805	0	0
12.0989999999983	10.9029999999984	9.95899999999892	0	0
15.0420000000013	14.5259999999998	10.4089999999997	0	0
20.0299999999988	23.1050000000014	10.0770000000011	0	0
10.3319999999985	7.80500000000029	9.49199999999837	0	0
9.38299999999799	4.36999999999898	9.43799999999828	0	0
10.0339999999997	6.33699999999953	8.10599999999977	0	0
9.11799999999857	7.47600000000057	8.38000000000102	0	0
18.5850000000028	12.7470000000012	14.4480000000003	0	0
7.21500000000015	3.38199999999961	6.16399999999703	0	0
7.21699999999691	3.17100000000028	8.12800000000061	0	0
7.54300000000148	2.64300000000003	8.14199999999983	0	0
29.2010000000009	31.8780000000006	17.8650000000016	0	0
8.72200000000157	4.44499999999971	8.01900000000023	0	0
20.7479999999996	16.7540000000008	16.6859999999979	0	0
18.7540000000008	18.0720000000001	14.5380000000005	0	0
19.8810000000012	21.2950000000001	11.125	0	0
8.11699999999837	5.3849999999984	8.16400000000067	0	0
10.893	9.16200000000026	9.47200000000157	0	0
15.1239999999998	15.228000000001	9.91200000000026	0	0
10.094000000001	4.6919999999991	9.26300000000265	0	0
10.130000000001	6.70700000000033	8.31499999999869	0	0
14.5060000000012	12.9189999999999	11.2109999999993	0	0
9.21399999999994	6.03099999999904	7.40100000000166	0	0
14.7180000000008	9.03900000000067	13.9019999999982	0	0
7.55299999999988	3.21900000000096	7.75800000000163	0	0
9.21099999999933	4.97799999999916	8.80900000000111	0	0
8.18899999999849	5.26200000000063	8.05199999999968	0	0
14.5859999999993	8.41599999999926	13.9439999999995	0	0
8.46700000000055	4.66400000000067	7.75400000000081	0	0
11.1829999999973	11.8310000000001	9.0570000000007	0	0
9.65199999999822	8.78100000000086	8.28100000000268	0	0
10.4200000000019	5.97199999999975	8.68000000000029	0	0
8.87299999999959	4.4260000000013	8.79799999999886	0	0
11.2410000000018	11.2579999999998	8.19700000000012	0	0
9.16800000000148	8.41100000000006	7.2599999999984	0	0
8.24799999999959	3.19800000000032	9.58399999999892	0	0
7.02600000000166	1.63600000000042	7.79900000000271	0	0
10.2880000000005	7.46500000000015	8.72799999999916	0	0
8.74300000000221	6.97599999999875	7.03300000000309	0	0
8.53600000000006	5.65699999999924	8.77000000000044	0	0
16.2309999999998	14.3779999999988	13.9089999999997	0	0
8.46900000000096	5.1359999999986	7.59200000000055	0	0
9.76499999999942	8.02700000000004	8.69000000000233	0	0
13.2720000000008	6.92000000000007	13.0509999999995	0	0
7.43000000000029	2.0630000000001	6.72200000000157	0	0
10.6239999999998	8.37199999999939	8.47100000000137	0	0
17.3869999999988	18.646999999999	9.68400000000111	0	0
11.0439999999981	10.4669999999987	9.45200000000114	0	0
9.46500000000015	5.22700000000077	7.94800000000032	0	0
12.8320000000022	11.1589999999997	10.0380000000005	0	0
9.90599999999904	6.48999999999978	8.90099999999802	0	0
15.4729999999981	15.6010000000006	9.72400000000198	0	0
10.9340000000011	7.27700000000004	10.487000000001	0	0
7.75599999999758	3.43299999999908	7.11300000000119	0	0
8.68500000000131	4.94499999999971	7.25699999999779	0	0
14.0849999999991	7.24300000000039	15.1239999999998	0	0
15.4530000000013	8.15999999999985	13.2099999999991	0	0
9.82800000000134	7.54700000000048	8.71899999999732	0	0
9.50700000000143	5.49699999999939	7.31099999999788	0	0
7.78299999999945	4.04699999999866	5.60800000000017	0	0
7.81899999999951	2.6880000000001	6.18999999999869	0	0
7.2510000000002	3.3690000000006	7.0570000000007	0	0
9.27599999999802	6.1869999999999	6.67399999999907	0	0
9.74700000000303	7.60900000000038	6.67799999999988	0	0
17.1049999999996	12.0900000000001	10.7010000000009	0	0
13.4290000000001	12.7260000000006	8.29300000000148	0	0
7.77499999999782	3.03200000000106	6.76400000000285	0	0
14.3060000000005	9.60199999999895	10.8660000000018	0	0
14.8700000000026	10.9779999999992	10.7920000000013	0	0
8.21899999999732	3.33800000000156	6.77700000000186	0	0
11.2109999999993	9.43100000000049	8.07700000000114	0	0
14.7760000000017	8.90800000000127	10.6620000000003	0	0
9.04999999999927	5.38400000000001	6.12899999999718	0	0
14.0649999999987	13.1360000000004	8.06500000000233	0	0
8.29000000000087	4.93900000000031	7.13699999999881	0	0
8.64300000000003	6.77900000000045	7.2510000000002	0	0
10.7669999999998	7.25200000000041	7.16600000000108	0	0
6.40399999999863	1.68600000000151	5.84999999999854	0	0
9.5109999999986	4.63700000000063	6.91300000000047	0	0
7.66900000000169	4.12799999999879	5.86899999999878	0	0
6.19100000000253	1.61200000000099	5.76900000000023	0	0
6.89900000000125	3.08800000000156	5.65499999999884	0	0
8.87900000000081	5.30400000000009	6.55799999999726	0	0
10.0730000000003	5.95000000000073	7.60399999999936	0	0
7.1449999999968	1.79800000000068	6.97199999999793	0	0
16.1010000000024	12.2309999999998	11.3300000000017	0	0
17.8289999999979	12.1669999999995	12.742000000002	0	0
9.03700000000026	6.70399999999972	7.85099999999875	0	0
7.28399999999965	4.27199999999903	6.0580000000009	0	0
7.95899999999892	5.78099999999904	7.48199999999997	0	0
10.7160000000003	12.3289999999997	7.28700000000026	0	0
7.20200000000114	3.83300000000054	6.26800000000003	0	0
7.29199999999764	3.78099999999904	7.28299999999945	0	0
16.8320000000022	14.5969999999998	10.6860000000015	0	0
7.23800000000119	2.63299999999981	6.01699999999983	0	0
7.87099999999919	3.87199999999939	5.61700000000201	0	0
8.36399999999776	5.09999999999854	5.71900000000096	0	0
6.89500000000044	3.73599999999897	5.69899999999689	0	0
6.51399999999921	1.61899999999878	5.29299999999785	0	0
8.60199999999895	5.27599999999984	5.89500000000044	0	0
12.2930000000015	6.86499999999978	9.25699999999779	0	0
9.16500000000087	5.94800000000032	6.34700000000157	0	0
8.48300000000017	4.17500000000109	6.63800000000265	0	0
13.0270000000019	7.23300000000017	9.57599999999729	0	0
6.35499999999956	2.47700000000077	5.16200000000026	0	0
7.80500000000029	3.51699999999983	6.27900000000227	0	0
6.43900000000212	2.90200000000004	5.65100000000166	0	0
7.93400000000111	3.37299999999959	6.3640000000014	0	0
6.83000000000175	4.92900000000009	5.53399999999965	0	0
7.09400000000096	2.45699999999852	5.66200000000026	0	0
8.97000000000116	4.21800000000076	6.15999999999985	0	0
7.65699999999924	5.50200000000041	6.16300000000047	0	0
7.44399999999951	3.21600000000035	5.84599999999773	0	0
8.11999999999898	5.53099999999904	5.56299999999828	0	0
13.2220000000016	8.09700000000157	9.85900000000038	0	0
7.67900000000009	3.85200000000077	6.15499999999884	0	0
9.27300000000105	5.38100000000122	6.85000000000218	0	0
8.37000000000262	4.83600000000115	6.25	0	0
7.7980000000025	4.54300000000148	5.90099999999802	0	0
9.13600000000224	6.50400000000081	7.31899999999951	0	0
9.34599999999773	6.3760000000002	6.63000000000102	0	0
6.88700000000244	1.8859999999986	5.54699999999866	0	0
10.3630000000012	7.79100000000108	6.67799999999988	0	0
8.3650000000016	5.46299999999974	6	0	0
7.53800000000047	4.22600000000239	6.43799999999828	0	0
6.25	3.11900000000242	5.25400000000081	0	0
14.2800000000025	7.78099999999904	10.2890000000007	0	0
11.8889999999992	9.29699999999866	7.35800000000017	0	0
13.5689999999995	9.37199999999939	10.9789999999994	0	0
13.5639999999985	8.34800000000178	9.93000000000029	0	0
10.6349999999984	7.76200000000244	6.44000000000233	0	0
10.0020000000004	6.31299999999828	6.5199999999968	0	0
7.47200000000157	2.66999999999825	6.26800000000003	0	0
7.29499999999825	4.31599999999889	6.27500000000146	0	0
6.8739999999998	2.62900000000081	4.89600000000064	0	0
7.43000000000029	3.77100000000064	5.39099999999962	0	0
16.4020000000019	13.5339999999997	10.2259999999987	0	0
7.90099999999802	4.52700000000186	5.8849999999984	0	0
8.54300000000148	4.96900000000096	6.43699999999808	0	0
10.601999999999	7.61200000000099	6.10199999999895	0	0
12.6340000000018	6.1140000000014	9.24399999999878	0	0
6.66600000000108	2.61999999999898	6.44300000000294	0	0
6.43100000000049	3.07700000000114	5.44099999999889	0	0
6.1260000000002	1.79000000000087	5.36199999999735	0	0
8.61699999999837	5.67399999999907	6.14500000000044	0	0
6.59000000000015	2.43100000000049	6.16699999999764	0	0
12.2989999999991	8.69499999999971	9.49499999999898	0	0
8.5789999999979	6.98700000000099	5.97500000000218	0	0
6.97299999999814	4.84300000000076	5.6720000000023	0	0
7.12400000000343	2.74599999999919	5.20300000000134	0	0
6.43500000000131	3.0099999999984	6.15899999999965	0	0
6.86100000000079	2.96700000000055	5.20400000000154	0	0
7.27300000000105	4.78499999999985	5.22699999999895	0	0
8.24399999999878	4.63699999999881	5.42099999999846	0	0
10.9149999999972	8.97899999999936	6.41500000000087	0	0
7.11200000000099	2.62700000000041	4.99399999999878	0	0
23.2670000000035	18.6929999999993	12.5270000000019	0	0
9.46199999999953	6.69200000000274	6.0010000000002	0	0
10.9130000000005	7.83899999999994	5.37099999999919	0	0
8.49099999999817	7.44800000000032	5.45799999999872	0	0
14.3189999999995	8.15999999999985	9.15699999999924	0	0
7.4910000000018	3.29200000000128	5.15100000000166	0	0
12.5150000000031	8.78700000000026	8.64700000000084	0	0
9.18900000000212	6.22999999999956	5.65199999999822	0	0
6.31999999999971	1.91499999999724	4.89600000000064	0	0
12.4130000000005	6.45099999999729	8.09199999999691	0	0
6.90599999999904	3.40799999999945	5.1830000000009	0	0
9.63999999999942	6.95599999999831	5.28999999999724	0	0
6.46800000000076	2.42799999999988	4.92399999999907	0	0
7.76200000000244	3.89099999999962	5.10199999999895	0	0
6.7599999999984	2.78100000000268	4.85499999999956	0	0
6.28800000000047	1.93400000000111	4.38900000000285	0	0
6.60800000000017	2.29000000000087	5.35499999999956	0	0
13.492000000002	8.13700000000244	7.89199999999983	0	0
8.11300000000119	4.49400000000242	5.40599999999904	0	0
6.84900000000198	2.88600000000224	4.96399999999994	0	0
7.29000000000087	4.49499999999898	5.20599999999831	0	0
18.8359999999993	13.1800000000003	10.9979999999996	0	0
6.12900000000081	1.94800000000032	4.47599999999875	0	0
7.7489999999998	4.85200000000259	4.68500000000131	0	0
6.27400000000125	2.35099999999875	4.48499999999694	0	0
6.76399999999921	2.37800000000061	4.9890000000014	0	0
7.02999999999884	2.9419999999991	4.67499999999927	0	0
6.8169999999991	3.04899999999907	4.63400000000183	0	0
7.98700000000099	4.16800000000148	5.00799999999799	0	0
8.10000000000218	4.5199999999968	5.1260000000002	0	0
7.90199999999822	5.84999999999854	5.06100000000151	0	0
6.64800000000105	1.98499999999694	5.08900000000358	0	0
7.7019999999975	3.75400000000081	5.38299999999799	0	0
7.40299999999843	3.28900000000067	5.11300000000119	0	0
6.26599999999962	2.16700000000128	4.59000000000015	0	0
10.1100000000006	7.90499999999884	5.4529999999977	0	0
6.76800000000003	3.15199999999822	4.45999999999913	0	0
6.84700000000157	2.86999999999898	4.46500000000015	0	0
11.1849999999977	5.104000000003	7.3739999999998	0	0
6.60599999999977	3.03499999999985	4.32099999999991	0	0
6.6929999999993	2.29799999999886	4.83599999999933	0	0
