5.703	1.702	5.338	0	0
7.24	3.938	6.549	0	0
5.939	2.014	5.203	0	0
5.975	2.548	5.762	0	0
5.526	1.599	5.333	0	0
5.539	1.805	5.268	0	0
5.806	2.62	5.524	0	0
5.438	1.61600000000001	5.35799999999999	0	0
6.048	3.132	5.601	0	0
5.53199999999998	2.799	5.31300000000002	0	0
5.18899999999999	1.20999999999999	4.86500000000001	0	0
5.54400000000001	1.60599999999999	5.322	0	0
5.18600000000001	1.393	5.09299999999999	0	0
5.71299999999999	1.548	5.28100000000001	0	0
6.19400000000002	2.15900000000001	6.08699999999999	0	0
6.11699999999999	3.276	5.51400000000001	0	0
6.09899999999999	2.42999999999999	5.84199999999998	0	0
6.32300000000001	1.666	5.94400000000002	0	0
5.37799999999999	1.428	5.268	0	0
5.69499999999999	1.67500000000001	5.21299999999999	0	0
5.83799999999997	1.919	5.11200000000002	0	0
5.26600000000002	1.41099999999999	5.22399999999999	0	0
6.05200000000002	2.129	5.82299999999998	0	0
5.02199999999999	2.137	5.15500000000003	0	0
5.53300000000002	2.21899999999999	5.529	0	0
6.14700000000005	3.32500000000002	5.38299999999998	0	0
5.35899999999998	1.57999999999998	5.10300000000001	0	0
6.34100000000001	2.11599999999999	5.75700000000001	0	0
5.31100000000004	1.22899999999998	4.82799999999997	0	0
5.04899999999998	2.13	4.98500000000001	0	0
6.05500000000001	1.93199999999999	5.89099999999996	0	0
5.678	3.11199999999999	5.70100000000002	0	0
6.50200000000001	2.006	5.95499999999998	0	0
5.60700000000003	1.51499999999999	5.57600000000002	0	0
5.48199999999997	1.92499999999998	5.31700000000001	0	0
5.72500000000002	2.595	5.34800000000001	0	0
5.67500000000001	1.94999999999999	5.52200000000005	0	0
4.88900000000001	1.32400000000001	4.81299999999999	0	0
5.601	1.89100000000002	5.70800000000003	0	0
5.98400000000004	4.14500000000001	5.71800000000002	0	0
5.70499999999993	1.607	5.52699999999999	0	0
5.495	1.58199999999999	5.17200000000003	0	0
5.21000000000004	2.48499999999999	4.947	0	0
5.29999999999995	2.04300000000001	5.49800000000005	0	0
5.846	2.42500000000001	5.28899999999999	0	0
6.10599999999999	1.39399999999998	5.78599999999994	0	0
6.32499999999993	1.58399999999997	5.7639999999999	0	0
5.75700000000006	1.35999999999999	5.32100000000003	0	0
5.89599999999996	2.364	5.41599999999994	0	0
6.69500000000005	2.77599999999998	6.05899999999997	0	0
6.32899999999995	1.72899999999998	5.72000000000003	0	0
5.61099999999999	1.36500000000001	5.47200000000009	0	0
5.92000000000007	1.69200000000001	5.30700000000002	0	0
6.88300000000004	5.62400000000002	5.97199999999998	0	0
5.98200000000008	2.37899999999996	5.79499999999996	0	0
6.13400000000001	1.57399999999996	5.58199999999999	0	0
6.32100000000003	2.64999999999998	6.05099999999993	0	0
6.39600000000007	2.52600000000001	5.51799999999992	0	0
6.09100000000001	2.64600000000002	5.82399999999996	0	0
6.529	2.202	5.99000000000001	0	0
6.23700000000008	2.63799999999998	5.91600000000005	0	0
6.20100000000002	2.70300000000003	5.58499999999992	0	0
6.21699999999998	2.69100000000003	5.46799999999996	0	0
5.61800000000005	1.88400000000001	5.07100000000003	0	0
7.02999999999997	3.053	6.005	0	0
6.18899999999996	2.32499999999999	5.62099999999998	0	0
6.428	2.423	5.92499999999995	0	0
6.13400000000001	2.24200000000002	5.726	0	0
6.58199999999999	2.084	6.13900000000001	0	0
5.86299999999994	1.62599999999998	5.68299999999999	0	0
5.48899999999992	1.51799999999997	5.16099999999994	0	0
6.12	1.95299999999997	5.67500000000007	0	0
6.83400000000006	2.48000000000002	6.14300000000003	0	0
5.88400000000001	1.43799999999999	5.52999999999997	0	0
5.95899999999995	2.85699999999997	5.1049999999999	0	0
5.755	1.69	5.49700000000007	0	0
5.67999999999995	1.31999999999999	5.24699999999996	0	0
5.94799999999998	1.25700000000001	5.34499999999991	0	0
6.39900000000011	2.99000000000001	5.51099999999997	0	0
6.28800000000001	2.47999999999996	5.62599999999998	0	0
6.05299999999988	2.84000000000003	5.56799999999998	0	0
6.13400000000001	2.50599999999997	5.45100000000002	0	0
6.16499999999996	2.53199999999998	5.36300000000006	0	0
6.18599999999992	2.01599999999996	5.41700000000003	0	0
5.87599999999998	1.99299999999999	5.53700000000003	0	0
5.61899999999991	1.346	5.38599999999997	0	0
5.83200000000011	2.483	5.26499999999987	0	0
6.03300000000013	3.12099999999998	5.404	0	0
4.76999999999998	1.50299999999999	4.49500000000012	0	0
5.62900000000013	1.97800000000001	5.29500000000007	0	0
5.70499999999993	1.33699999999999	5.15200000000004	0	0
4.74599999999987	0.541999999999973	4.58100000000013	0	0
5.36500000000001	1.53000000000003	5.34400000000005	0	0
5.34699999999998	2.20300000000003	5.11800000000017	0	0
5.97500000000014	3.00800000000004	5.05400000000009	0	0
6.08799999999997	2.43000000000001	5.2940000000001	0	0
6.07899999999995	2.84499999999997	5.08600000000001	0	0
5.29899999999998	2.03899999999999	5.03899999999999	0	0
5.71699999999987	2.339	5.35400000000004	0	0
6.44100000000003	3.96999999999997	5.85000000000014	0	0
7.23500000000013	2.012	6.577	0	0
6.24499999999989	1.95900000000006	5.54700000000003	0	0
5.96699999999987	1.72500000000002	5.42200000000003	0	0
5.60400000000004	1.55500000000006	5.0630000000001	0	0
4.69800000000009	0.88900000000001	4.43100000000004	0	0
5.41599999999994	0.90300000000002	5.52299999999991	0	0
5.55700000000002	1.37599999999998	5.3130000000001	0	0
6.17700000000013	3.02499999999998	5.36999999999989	0	0
5.5920000000001	2.73899999999992	5.09399999999982	0	0
5.27800000000002	1.846	5.34799999999996	0	0
5.279	1.29999999999995	4.83699999999999	0	0
6.00199999999995	2.29100000000005	5.34799999999996	0	0
5.64400000000001	2.13099999999997	5.25900000000001	0	0
5.98700000000008	1.74199999999996	5.45800000000008	0	0
6.13300000000004	1.71799999999996	5.86000000000013	0	0
5.25300000000016	1.20399999999995	5.13100000000009	0	0
4.84900000000016	0.940000000000055	4.64899999999989	0	0
5.03600000000006	1.649	4.93000000000006	0	0
5.25800000000004	2.08399999999995	5.22699999999986	0	0
6.03400000000011	2.51100000000008	5.327	0	0
5.65100000000007	1.05999999999995	5.17800000000011	0	0
6.05799999999999	2.81799999999998	5.47699999999986	0	0
5.98299999999995	0.93100000000004	5.59899999999993	0	0
6.67599999999993	3.11399999999992	5.43099999999981	0	0
6.46699999999987	2.70499999999993	5.77400000000011	0	0
5.42899999999986	2.33899999999994	5.0780000000002	0	0
5.62400000000002	2.35200000000009	5.66399999999999	0	0
5.01599999999985	1.46900000000005	4.91799999999989	0	0
5.10599999999999	1.54099999999994	4.654	0	0
6.06799999999998	2.43299999999999	5.5139999999999	0	0
6.45100000000002	2.89199999999994	5.58799999999997	0	0
5.78899999999999	1.774	5.75199999999995	0	0
5.69700000000012	2.71600000000001	5.35799999999995	0	0
5.89900000000011	3.01800000000003	5.52700000000004	0	0
5.55799999999999	2.77800000000002	5.46100000000001	0	0
5.59100000000012	2.16000000000008	5.21399999999994	0	0
5.97600000000011	1.24900000000002	5.30699999999979	0	0
5.67700000000013	1.46999999999991	4.95800000000008	0	0
5.57899999999995	2.23000000000002	4.85400000000004	0	0
5.67200000000003	2.51699999999994	5.41800000000012	0	0
6.08500000000004	1.70900000000006	5.57799999999997	0	0
5.78899999999999	1.7890000000001	5.39599999999996	0	0
5.61799999999994	1.97299999999996	5.10799999999995	0	0
6.48399999999992	2.56000000000006	5.72199999999998	0	0
5.56099999999992	1.70100000000002	5.21800000000007	0	0
6.20399999999995	2.58600000000001	5.72299999999996	0	0
5.84000000000015	1.26700000000005	5.37900000000013	0	0
6.00900000000001	2.51199999999994	5.42999999999984	0	0
5.60200000000009	1.45699999999999	5.15800000000013	0	0
6.17899999999986	2.09500000000003	5.32999999999993	0	0
5.75999999999999	2.29100000000005	5.14300000000003	0	0
5.39300000000003	1.37900000000002	4.99499999999989	0	0
6.22499999999991	3.22899999999993	5.34099999999989	0	0
6.625	3.12800000000004	5.58000000000015	0	0
6.29100000000017	3.06299999999999	5.31200000000013	0	0
5.84299999999985	3.38599999999997	5.41699999999992	0	0
5.92100000000005	2.34900000000005	5.44100000000003	0	0
5.81400000000008	1.54600000000005	5.50999999999999	0	0
5.94899999999984	1.44299999999998	5.45600000000013	0	0
5.875	3.87300000000005	5.38699999999994	0	0
5.53099999999995	1.82100000000003	5.29399999999987	0	0
6.07399999999961	3.01900000000001	5.52700000000004	0	0
5.55600000000004	1.34699999999998	4.9079999999999	0	0
6.59799999999996	3.10599999999999	5.6909999999998	0	0
6.00700000000006	2.38300000000004	5.14900000000011	0	0
5.73600000000033	2.19100000000003	5.37900000000013	0	0
5.846	2.70000000000005	5.42500000000018	0	0
6.28300000000036	3.05799999999999	5.68500000000017	0	0
5.30299999999988	2.21600000000001	4.904	0	0
5.23800000000028	1.40999999999997	4.77199999999993	0	0
6.19200000000001	4.83999999999992	5.57100000000014	0	0
5.70100000000002	1.279	5.25299999999993	0	0
5.68599999999969	1.56200000000001	5.00900000000001	0	0
6.16200000000026	3.52100000000007	5.34999999999991	0	0
5.83199999999988	2.80100000000004	5.30299999999988	0	0
6.41399999999976	3.29499999999996	5.60699999999997	0	0
6.16000000000031	2.77600000000007	5.47500000000036	0	0
5.79399999999987	2.404	5.42099999999982	0	0
5.64499999999998	0.923000000000002	5.31800000000021	0	0
6.20699999999988	2.78199999999993	5.68799999999965	0	0
5.03399999999965	2.23300000000006	4.95899999999983	0	0
5.37100000000009	1.83100000000002	5.25700000000006	0	0
5.45800000000008	1.86400000000003	5.4340000000002	0	0
5.6909999999998	1.76199999999994	5.22200000000021	0	0
5.68499999999995	1.08699999999999	5.63000000000011	0	0
5.46099999999979	1.55600000000004	5.26900000000023	0	0
6.4670000000001	2.45299999999997	5.78200000000015	0	0
5.77700000000004	1.01699999999994	5.39199999999983	0	0
5.06899999999996	1.46299999999997	4.83399999999983	0	0
6.13099999999986	2.01599999999996	5.45499999999993	0	0
5.21300000000019	1.31399999999996	5.18499999999995	0	0
5.99599999999964	2.74700000000007	5.27399999999989	0	0
5.29700000000003	1.97199999999998	5.05999999999995	0	0
5.279	1.226	4.94599999999991	0	0
5.72500000000036	1.86900000000003	5.12699999999995	0	0
6.46000000000004	2.66300000000001	5.86799999999994	0	0
6.18100000000004	1.52699999999993	5.41199999999981	0	0
5.42200000000003	1.66899999999998	4.9989999999998	0	0
6.41100000000006	2.71000000000004	6.09799999999996	0	0
5.25	1.22700000000009	5.03400000000011	0	0
5.53099999999995	1.22299999999996	5.24699999999984	0	0
6.1909999999998	2.27100000000007	5.59799999999996	0	0
5.49299999999994	2.529	4.99699999999984	0	0
5.52800000000025	1.91100000000006	5.01299999999992	0	0
5.96500000000015	2.19399999999996	5.23599999999988	0	0
5.88099999999986	1.86400000000003	5.42399999999998	0	0
5.51299999999992	2.03500000000008	5.00199999999995	0	0
6.5310000000004	3.68799999999999	5.54599999999982	0	0
5.5630000000001	2.303	4.73800000000028	0	0
5.29100000000017	1.43100000000004	4.74299999999994	0	0
5.75700000000006	2.66500000000019	4.8739999999998	0	0
6.02799999999979	3.18700000000013	5.25999999999976	0	0
5.4340000000002	1.30100000000016	4.92500000000018	0	0
5.47600000000011	1.42600000000016	4.84699999999975	0	0
5.66699999999992	2.84300000000007	4.9409999999998	0	0
6.04300000000012	1.47800000000007	5.38599999999997	0	0
6.56899999999996	4.28200000000015	5.82700000000023	0	0
5.89199999999983	1.36700000000019	5.29700000000003	0	0
6.096	2.74300000000017	5.54900000000043	0	0
5.65599999999995	2.30899999999997	5.25399999999991	0	0
5.9409999999998	2.45699999999988	5.53499999999985	0	0
5.48700000000008	1.54899999999998	5.04099999999971	0	0
5.78200000000015	2.30099999999993	5.07499999999982	0	0
5.66600000000017	2.59800000000018	5.39200000000028	0	0
5.41199999999981	1.09100000000012	5.07099999999991	0	0
6.06400000000031	2.07199999999989	5.54399999999987	0	0
5.48900000000003	1.0139999999999	5.05100000000039	0	0
5.44000000000005	1.11900000000014	5.07200000000012	0	0
5.93600000000015	2.06400000000008	5.54700000000003	0	0
5.74499999999989	2.2940000000001	5.37000000000035	0	0
5.92599999999993	1.64300000000003	6.13500000000022	0	0
5.78899999999976	1.96399999999994	5.37900000000036	0	0
6.0930000000003	2.8090000000002	5.40899999999965	0	0
5.72899999999981	2.06200000000013	5.53499999999985	0	0
5.69300000000021	3.09999999999991	5.67100000000028	0	0
6.13299999999981	3.23199999999997	6.02799999999979	0	0
5.35899999999992	1.21799999999985	5.2510000000002	0	0
5.43600000000015	1.23099999999999	4.87300000000005	0	0
5.78099999999995	2.30799999999999	5.29500000000007	0	0
6.1579999999999	2.87899999999991	5.3779999999997	0	0
5.83100000000013	1.86300000000006	5.13400000000001	0	0
6.07600000000002	2.1880000000001	5.66199999999981	0	0
6.68000000000029	2.2360000000001	6.02999999999975	0	0
6.6840000000002	2.47499999999991	6.10400000000027	0	0
6.16699999999992	2.61500000000001	5.59000000000015	0	0
6	1.49000000000001	5.48600000000033	0	0
5.69500000000016	1.99600000000009	5.29500000000007	0	0
6.20299999999997	2.93499999999995	5.46099999999979	0	0
6.76099999999997	2.96199999999999	5.9050000000002	0	0
5.83800000000019	2.42100000000005	5.49600000000009	0	0
5.55099999999993	1.34899999999993	4.94399999999996	0	0
5.21099999999979	0.603999999999814	5.13799999999992	0	0
6.47899999999981	2.73000000000002	5.55099999999993	0	0
5.74499999999989	2.35899999999992	5.43600000000015	0	0
6.19799999999987	3.01099999999997	5.48599999999988	0	0
5.55700000000024	1.83699999999999	5.3430000000003	0	0
6.29300000000012	1.27399999999989	5.79799999999977	0	0
6.4050000000002	1.56999999999994	5.92999999999984	0	0
6.70100000000002	3.13100000000009	5.79599999999982	0	0
6.22800000000007	2.33699999999999	5.71900000000005	0	0
6.22499999999991	1.67499999999995	5.86499999999978	0	0
6.20899999999983	1.30899999999997	5.67700000000013	0	0
5.81500000000005	2.60699999999997	5.79300000000012	0	0
6.17299999999977	2.55999999999995	5.76099999999997	0	0
5.51700000000028	1.74000000000001	5.51499999999987	0	0
6.09000000000015	4.19299999999998	5.62999999999965	0	0
5.83499999999958	1.73299999999995	5.7199999999998	0	0
6.74200000000019	2.77600000000007	6.37300000000005	0	0
6.86200000000008	1.93900000000008	6.62199999999984	0	0
5.83300000000008	1.47199999999998	5.45100000000002	0	0
5.83000000000038	1.50900000000001	5.26600000000008	0	0
5.92000000000007	1.46800000000007	5.38599999999997	0	0
6.16499999999996	1.22500000000014	5.55899999999974	0	0
5.76200000000017	2.35599999999999	5.42100000000028	0	0
5.68100000000004	2.00299999999993	5.41699999999992	0	0
6.85100000000011	2.4079999999999	6.29400000000032	0	0
5.70100000000002	2.35699999999997	5.15899999999965	0	0
5.86799999999994	1.10699999999997	5.38800000000037	0	0
6.72600000000011	4.07199999999989	5.98199999999997	0	0
5.34699999999975	1.37599999999998	5.36000000000013	0	0
5.52800000000025	1.18899999999985	5.36999999999989	0	0
5.35600000000022	1.07999999999993	4.88000000000011	0	0
5.4670000000001	1.72700000000009	4.78600000000006	0	0
5.77599999999984	2.41399999999999	5.42099999999982	0	0
5.7829999999999	2.53400000000011	5.44000000000005	0	0
5.70499999999993	1.78499999999985	5.15599999999995	0	0
5.36499999999978	1.67699999999991	4.85899999999992	0	0
5.95100000000002	2.50499999999988	5.27600000000029	0	0
5.28200000000015	2.14799999999991	5.5	0	0
5.59000000000015	1.99000000000001	5.39499999999998	0	0
5.54100000000017	1.77099999999996	5.30899999999974	0	0
4.65000000000009	1.74499999999989	4.49400000000014	0	0
5.38200000000006	2.49599999999987	4.96500000000015	0	0
5.596	2.50099999999998	5.25799999999981	0	0
4.97200000000021	1.3610000000001	4.51199999999972	0	0
5.32600000000002	2.54999999999995	5.23599999999988	0	0
6.15999999999985	4.32600000000002	5.78399999999965	0	0
6.029	2.91100000000006	5.80400000000009	0	0
4.72199999999975	1.31899999999996	4.75399999999991	0	0
4.8449999999998	0.874000000000024	4.88999999999987	0	0
5.71300000000019	2.56700000000001	5.32500000000027	0	0
6.09100000000035	2.2639999999999	5.6260000000002	0	0
6.45800000000008	3.08299999999986	5.96199999999999	0	0
5.78999999999996	2.21399999999994	5.04799999999977	0	0
6.89800000000014	2.56299999999987	6.11999999999989	0	0
5.51000000000022	2.16100000000006	5.01700000000028	0	0
5.26499999999987	1.14100000000008	4.82600000000002	0	0
5.42000000000007	2.33500000000004	5.05699999999979	0	0
5.57700000000023	2.29199999999992	5.0949999999998	0	0
5.86900000000014	1.75999999999999	5.66199999999981	0	0
5.94700000000012	2.32500000000005	5.35999999999967	0	0
5.32499999999982	1.08400000000006	5.29100000000017	0	0
5.12000000000035	1.06899999999996	4.99299999999994	0	0
5.97599999999966	2.41499999999996	5.3449999999998	0	0
5.61899999999969	2.36300000000006	5.08199999999988	0	0
5.11200000000008	1.73000000000002	4.94000000000005	0	0
5.25399999999991	1.86000000000013	5.13299999999981	0	0
5.18600000000015	1.88499999999999	4.92500000000018	0	0
5.95000000000073	2.0619999999999	5.27700000000004	0	0
5.34000000000015	2.49300000000017	5.07299999999987	0	0
5.4369999999999	2.28600000000006	4.74200000000019	0	0
5.71699999999964	3.26299999999992	5.57200000000012	0	0
5.03999999999996	1.21499999999992	4.98299999999972	0	0
6.05299999999988	4.64899999999989	5.68899999999985	0	0
5.42799999999988	2.06500000000005	5.04399999999987	0	0
5.44300000000021	1.16099999999983	5.18000000000029	0	0
6.12100000000009	1.423	5.65499999999975	0	0
5.61799999999948	1.21499999999992	5.32499999999982	0	0
5.72999999999956	1.346	5.24000000000024	0	0
5.29799999999977	1.63799999999992	5.04799999999977	0	0
6.13199999999961	2.05300000000011	6.07899999999972	0	0
5.61400000000049	1.49499999999989	5.1869999999999	0	0
5.98599999999988	1.74200000000019	6.07600000000002	0	0
5.15800000000036	2.2349999999999	5.01699999999983	0	0
4.87599999999929	0.471000000000004	4.82299999999987	0	0
5.4369999999999	1.92200000000003	4.66000000000031	0	0
5.82500000000073	2.87900000000013	5.53200000000015	0	0
5.97899999999936	2.77099999999996	5.21000000000004	0	0
5.80400000000009	1.1110000000001	5.65599999999995	0	0
6.07700000000023	2.5659999999998	5.40100000000029	0	0
6.82299999999941	4.12299999999982	5.87199999999984	0	0
6.20400000000063	4.00399999999991	5.62800000000016	0	0
5.91400000000067	1.62200000000007	5.51299999999992	0	0
5.60199999999986	2.66100000000006	5.28899999999976	0	0
5.86000000000058	1.94200000000001	5.56800000000021	0	0
5.76200000000063	1.96699999999987	5.13299999999981	0	0
5.82499999999982	1.58400000000006	5.28099999999995	0	0
5.66499999999996	3.31399999999985	5.02499999999964	0	0
5.43599999999969	1.58799999999997	5.37100000000009	0	0
5.82399999999961	1.92100000000005	4.9380000000001	0	0
5.44200000000001	1.73299999999995	4.88100000000031	0	0
5.41800000000057	1.20100000000002	5.1869999999999	0	0
5.49300000000039	2.30099999999993	5.15999999999985	0	0
5.56700000000001	2.11999999999989	4.95000000000073	0	0
5.8159999999998	3.2170000000001	5.38900000000012	0	0
6.08399999999983	2.89900000000011	5.34900000000016	0	0
5.67300000000068	1.55799999999999	5.71399999999994	0	0
6.46999999999935	2.02500000000009	5.76900000000023	0	0
6.16099999999915	2.13200000000006	5.71200000000044	0	0
6.01699999999983	1.80600000000004	5.50700000000052	0	0
6.06400000000031	1.23199999999997	5.44900000000052	0	0
5.35699999999997	0.961999999999989	5.58799999999974	0	0
5.16199999999935	2.2650000000001	5.1869999999999	0	0
5.67199999999957	1.73300000000017	5.05199999999968	0	0
6.50500000000011	3.06200000000013	5.78200000000015	0	0
5.8130000000001	1.76900000000001	5.38000000000011	0	0
5.27199999999993	2.452	4.90099999999984	0	0
5.30699999999979	1.24000000000001	4.89399999999932	0	0
5.28099999999995	1.95699999999988	5.10699999999997	0	0
5.1840000000002	2.59500000000003	5.05599999999959	0	0
5.10300000000007	1.95900000000006	4.76400000000012	0	0
5.87100000000009	2.60599999999999	5.20200000000023	0	0
5.74699999999939	2.077	5.15200000000004	0	0
5.4980000000005	1.78400000000011	5.0600000000004	0	0
5.12100000000009	1.50500000000011	4.90400000000045	0	0
5.31099999999969	1.86199999999985	4.80199999999968	0	0
4.82300000000032	2.17699999999991	4.95300000000043	0	0
5.33800000000065	1.10400000000004	5.15599999999995	0	0
4.75999999999931	1.61799999999994	4.82499999999982	0	0
6.82600000000002	4.30199999999991	6.10800000000017	0	0
5.96399999999994	2.94000000000005	5.02300000000014	0	0
5.52700000000004	2.40000000000009	5.02999999999975	0	0
4.8730000000005	1.23800000000006	4.65700000000015	0	0
5.69000000000051	1.87899999999991	5.15499999999975	0	0
5.84000000000015	2.86599999999999	5.40599999999995	0	0
5.57300000000032	1.55799999999999	4.82700000000023	0	0
6.4970000000003	3.20699999999988	5.39199999999983	0	0
5.08600000000024	1.74799999999982	4.57399999999961	0	0
5.61999999999989	2.27700000000004	5.30699999999979	0	0
5.65100000000075	1.48300000000017	5.20800000000054	0	0
5.28600000000006	1.25099999999998	5.02799999999934	0	0
5.32300000000032	2.35200000000009	5.26500000000033	0	0
5.51200000000063	3.43200000000002	5.13500000000022	0	0
5.05799999999999	1.5809999999999	5.16200000000026	0	0
5.65700000000015	1.81700000000001	5.32999999999993	0	0
5.49600000000009	2.08899999999994	5.11700000000019	0	0
6.01400000000012	2.99900000000002	5.46500000000015	0	0
5.17500000000018	1.23400000000015	4.76900000000023	0	0
5.00999999999931	1.88999999999987	4.79899999999998	0	0
5.21499999999924	2.50999999999999	4.81700000000001	0	0
6.2559999999994	3.41399999999999	5.61099999999988	0	0
5.27499999999964	2.00799999999981	5.20699999999943	0	0
5.02900000000045	1.65800000000013	5.02400000000034	0	0
5.19800000000032	2.27700000000004	4.8119999999999	0	0
5.54899999999998	2.84099999999989	5.19499999999971	0	0
5.29099999999926	1.98900000000003	5.19400000000041	0	0
5.10899999999947	1.59799999999996	5.05400000000009	0	0
6.04300000000057	3.05499999999984	5.33099999999922	0	0
4.9350000000004	2.19699999999989	4.96999999999935	0	0
6.14199999999983	1.73500000000013	6.3070000000007	0	0
5.31099999999969	1.81500000000005	5.24099999999999	0	0
5.24600000000009	1.25099999999998	5.16899999999987	0	0
6.66600000000017	1.79199999999992	6.54699999999957	0	0
5.83399999999983	1.17499999999995	5.49399999999969	0	0
5.6230000000005	2.19399999999996	5.33800000000065	0	0
5.06900000000041	1.29899999999998	4.92900000000009	0	0
5.31400000000031	1.97599999999989	4.89900000000034	0	0
5.12299999999959	1.67599999999993	5.09699999999975	0	0
5.92900000000009	2.1840000000002	5.82700000000023	0	0
5.10199999999986	1.74099999999999	5.30599999999959	0	0
5.8119999999999	2.19700000000012	5.53700000000026	0	0
5.11200000000008	1.00600000000009	5.14300000000003	0	0
5.83800000000065	1.58299999999986	5.7470000000003	0	0
5.94499999999971	1.67900000000009	5.47600000000057	0	0
5.36099999999988	2.44200000000001	5.49200000000019	0	0
5.57099999999991	2.30000000000018	5.27500000000055	0	0
5.23099999999977	1.22900000000004	5.00500000000011	0	0
6.17099999999937	2.20499999999993	6.06099999999969	0	0
6.32299999999941	1.40699999999993	5.71499999999924	0	0
5.65099999999984	1.68399999999997	5.45899999999983	0	0
5.68000000000029	1.00900000000001	5.52599999999984	0	0
5.17600000000039	1.50900000000001	4.9380000000001	0	0
5.6880000000001	2.41499999999996	5.67099999999937	0	0
5.09999999999945	0.697000000000116	4.97499999999945	0	0
5.58600000000024	1.59500000000025	5.42199999999957	0	0
6.57099999999991	1.13499999999976	6.67900000000009	0	0
5.36999999999989	1.11000000000013	5.45299999999952	0	0
7.21399999999994	2.98000000000002	7.1850000000004	0	0
5.38999999999942	1.45499999999993	5.04699999999957	0	0
6.24399999999969	1.92299999999977	5.86499999999978	0	0
5.1929999999993	1.95599999999968	5.20699999999943	0	0
5.85900000000038	2.56899999999996	5.69300000000021	0	0
5.84699999999975	2.26299999999992	5.3139999999994	0	0
5.32499999999982	1.94900000000007	5.33799999999974	0	0
5.9369999999999	3.25199999999995	5.4980000000005	0	0
6.13900000000012	2.62900000000036	5.53800000000047	0	0
6.85399999999936	1.88099999999986	6.53300000000036	0	0
6.20200000000023	2.26000000000022	5.62599999999929	0	0
5.96399999999994	1.92800000000034	5.93299999999999	0	0
6.26399999999921	3.50199999999995	5.73299999999927	0	0
6.00700000000052	1.50999999999976	5.38100000000031	0	0
5.3110000000006	1.30000000000018	5.20499999999993	0	0
5.61700000000019	1.90599999999995	5.0619999999999	0	0
5.59199999999964	2.55199999999968	5.05100000000039	0	0
6.03099999999995	1.98199999999997	5.46499999999924	0	0
5.53099999999995	1.0590000000002	5.20499999999993	0	0
6.08700000000044	2.6899999999996	5.39800000000014	0	0
5.66300000000047	2.20499999999993	5.38500000000022	0	0
6.30599999999959	2.25999999999976	5.48599999999988	0	0
5.42799999999988	1.55400000000009	4.95799999999963	0	0
6.26400000000012	2.04800000000023	5.94599999999991	0	0
5.77400000000034	1.68600000000015	5.03099999999995	0	0
5.84299999999985	1.67000000000007	5.33600000000024	0	0
6.46199999999953	1.76899999999978	5.96599999999944	0	0
6.24300000000039	2.76099999999997	5.42099999999937	0	0
6.4970000000003	3.06500000000005	5.66100000000006	0	0
5.51099999999951	1.86000000000013	5.16399999999976	0	0
6.51000000000022	2.44399999999996	6.02000000000044	0	0
5.62100000000009	1.02100000000019	5.23899999999958	0	0
5.55799999999999	2.44599999999991	5.37700000000041	0	0
5.5029999999997	1.15599999999995	5.00699999999961	0	0
5.45299999999952	1.58199999999988	5.04799999999977	0	0
5.69400000000041	0.923999999999978	5.36100000000079	0	0
5.59400000000005	1.89699999999993	5.11999999999989	0	0
5.80999999999949	1.14499999999998	5.33100000000013	0	0
5.42599999999948	2.44399999999996	5.34100000000035	0	0
5.57600000000002	2.17700000000013	5.72999999999956	0	0
5.77300000000014	1.51299999999992	5.52000000000044	0	0
5.07200000000012	1.39100000000008	5.24699999999939	0	0
5.42500000000018	1.75800000000027	5.26500000000033	0	0
5.85999999999967	1.53800000000001	5.38899999999921	0	0
5.72800000000007	2.19500000000016	5.21000000000004	0	0
6.21600000000035	3.04300000000012	5.36399999999958	0	0
6.8739999999998	1.88599999999997	6.32999999999993	0	0
5.73799999999937	2.12599999999975	5.19399999999951	0	0
6.39099999999962	2.69399999999996	5.84200000000055	0	0
6.25399999999991	2.85199999999986	5.52199999999993	0	0
5.14200000000073	1.11099999999988	4.97400000000016	0	0
6.72099999999955	2.83500000000004	6.16899999999987	0	0
5.73000000000047	2.05899999999974	5.59799999999996	0	0
6.01100000000042	2.52799999999979	5.53299999999945	0	0
6.36700000000019	3.79799999999977	5.94599999999991	0	0
6.28600000000006	3.04199999999992	5.53799999999956	0	0
5.61299999999937	1.0659999999998	5.47199999999975	0	0
6.06099999999969	2.02599999999984	5.01400000000012	0	0
5.62899999999991	1.88599999999997	5.13799999999992	0	0
5.26699999999983	1.35600000000022	5.09299999999985	0	0
5.55599999999959	1.78900000000021	5.09699999999975	0	0
5.49099999999999	1.14800000000014	5.51000000000022	0	0
6.11499999999978	1.36799999999994	5.52100000000064	0	0
6.26599999999962	1.67000000000007	5.78499999999985	0	0
6.04600000000028	2.66699999999992	5.66600000000017	0	0
6.49499999999989	2.57400000000007	5.90899999999965	0	0
5.72899999999936	2.54500000000007	5.15099999999984	0	0
5.54399999999987	2.4989999999998	4.82700000000023	0	0
5.46100000000024	1.73500000000013	4.99399999999969	0	0
5.73000000000047	1.95499999999993	5.23000000000047	0	0
6.17599999999948	2.51999999999998	5.72699999999986	0	0
5.6899999999996	2.99600000000009	5.32600000000002	0	0
6.18900000000031	2.79399999999987	5.53899999999976	0	0
6.19300000000021	2.23100000000022	5.63900000000012	0	0
5.32300000000032	2.05600000000004	5.18099999999959	0	0
5.60400000000027	2.26199999999972	5.45100000000002	0	0
5.8720000000003	1.96900000000005	5.21500000000015	0	0
5.42100000000028	1.17100000000028	5.24399999999969	0	0
5.66100000000006	1.42599999999993	5.39400000000023	0	0
5.64300000000003	1.63900000000012	4.96299999999974	0	0
5.82800000000043	1.87199999999984	5.37599999999929	0	0
6.45699999999943	3.61500000000024	5.5639999999994	0	0
6.47800000000007	3.53800000000001	5.65299999999934	0	0
6.68000000000029	3.55600000000004	5.60699999999997	0	0
5.94999999999982	2.44399999999996	5.2489999999998	0	0
5.51099999999951	2.17300000000023	4.88199999999961	0	0
5.86800000000039	2.73799999999983	5.12899999999991	0	0
5.78099999999995	2.54700000000003	5.16699999999946	0	0
5.48799999999937	1.30400000000009	5.2529999999997	0	0
6.53000000000065	3.02700000000004	5.6260000000002	0	0
5.47099999999955	2.154	5.23700000000008	0	0
5.36000000000058	1.19000000000005	4.89499999999953	0	0
5.69900000000052	1.39899999999989	5.27800000000025	0	0
4.88499999999931	0.859999999999673	4.95299999999952	0	0
4.8690000000006	1.38999999999987	4.99600000000009	0	0
5.57800000000043	3.71900000000005	5.3159999999998	0	0
5.94300000000021	2.86199999999963	5.57699999999932	0	0
5.83600000000024	2.4369999999999	5.55399999999918	0	0
6.13799999999992	2.72899999999981	5.55799999999999	0	0
5.66599999999926	2.68900000000031	5.14199999999983	0	0
5.71900000000005	2.22199999999975	5.36700000000019	0	0
5.08699999999953	1.6880000000001	5.0029999999997	0	0
6.05000000000018	2.33400000000029	5.5059999999994	0	0
5.86500000000069	1.42399999999998	5.21399999999994	0	0
6.21200000000044	2.15300000000025	5.59900000000016	0	0
5.55199999999968	2.1239999999998	5.34699999999975	0	0
6.43900000000031	2.33699999999999	6.03200000000015	0	0
5.70799999999963	2.03200000000015	4.99499999999989	0	0
5.79500000000007	2.15100000000029	5.40200000000004	0	0
5.42800000000079	1.3449999999998	4.83799999999974	0	0
5.49099999999999	1.85300000000007	4.95300000000043	0	0
5.79200000000037	2.45499999999993	5.48000000000047	0	0
5.40400000000045	2.23000000000002	5.07399999999961	0	0
5.61999999999989	2.40900000000011	5.46600000000035	0	0
5.52199999999993	1.43299999999999	4.89300000000003	0	0
6.17900000000009	2.74099999999999	5.47400000000016	0	0
5.29500000000007	1.98900000000003	4.98400000000038	0	0
5.92699999999968	2.74199999999973	5.17000000000007	0	0
6.11999999999989	2.53999999999996	5.22900000000027	0	0
5.44100000000071	2.35699999999997	5.10800000000017	0	0
6.73799999999937	3.83699999999999	5.48700000000008	0	0
6.09600000000046	2.79400000000032	5.42399999999998	0	0
5.6869999999999	1.57599999999957	5.03999999999996	0	0
5.03399999999965	2.07200000000012	4.70499999999993	0	0
5.88900000000012	1.23800000000028	5.50399999999991	0	0
5.84900000000016	2.57099999999991	5.24299999999948	0	0
5.66200000000026	1.38600000000042	4.97800000000007	0	0
5.85399999999936	2.78099999999995	5.19800000000032	0	0
5.77500000000055	2.11400000000003	5.72099999999955	0	0
4.89599999999973	1.80600000000004	5.0659999999998	0	0
5.78499999999985	3.61900000000014	5.17100000000028	0	0
5.30899999999929	1.55400000000009	5.01400000000012	0	0
5.40999999999985	3.05500000000029	4.88799999999992	0	0
5.4360000000006	0.817000000000007	5.08399999999983	0	0
5.06900000000041	1.30700000000024	4.92299999999977	0	0
4.91000000000076	1.86699999999973	4.91300000000047	0	0
5.24099999999999	0.91800000000012	5.34700000000066	0	0
5.19500000000062	2.08600000000024	5.18299999999999	0	0
5.24499999999989	1.86499999999978	4.95800000000054	0	0
5.86700000000019	3.36799999999994	5.38100000000031	0	0
5.67399999999998	2.55499999999984	5.1899999999996	0	0
5.48599999999988	1.69999999999982	5.38700000000063	0	0
6.31200000000081	3.71399999999994	5.3139999999994	0	0
6.41600000000017	2.99599999999964	5.66100000000006	0	0
6.24199999999928	3.70400000000018	5.96200000000044	0	0
5.44300000000021	2.42399999999998	5.07099999999991	0	0
5.71799999999985	0.851000000000113	5.46299999999974	0	0
5.19000000000051	1	4.9970000000003	0	0
6.04899999999998	2.62699999999995	5.24300000000039	0	0
5.48500000000058	2.07299999999987	5.11200000000008	0	0
5.78399999999965	2.68700000000035	5.16399999999976	0	0
5.47999999999956	2.42799999999988	5.07999999999993	0	0
5.14599999999973	2.66499999999996	5.10900000000038	0	0
5.35900000000038	1.25499999999965	4.98399999999947	0	0
4.99300000000039	0.842999999999847	4.83300000000054	0	0
5.22000000000025	2.34400000000005	5.14899999999943	0	0
5.64099999999962	3	5.4970000000003	0	0
5.59299999999985	2.70499999999993	5.14900000000034	0	0
4.99799999999959	1.98199999999997	4.91299999999956	0	0
5.93000000000029	2.83500000000004	5.38999999999942	0	0
5.94899999999961	2.28600000000006	5.09000000000015	0	0
5.96200000000044	3.15499999999975	5.33400000000074	0	0
5.06700000000001	1.82099999999991	5.08199999999943	0	0
6.26299999999992	2.54799999999977	5.65200000000004	0	0
5.62700000000041	1.58399999999983	5.67000000000007	0	0
5.8720000000003	2.4369999999999	5.38100000000031	0	0
5.5649999999996	2.15599999999995	5.49099999999999	0	0
5.7510000000002	2.48500000000013	5.01900000000023	0	0
5.78499999999985	1.93499999999995	5.35900000000038	0	0
5.40500000000065	2.02500000000009	5.23199999999997	0	0
5.12100000000009	2.07999999999993	5.04799999999977	0	0
6.06099999999969	3.39800000000014	5.53899999999976	0	0
5.85699999999997	2.49499999999989	5.21600000000035	0	0
6.17399999999998	1.76099999999997	5.52199999999993	0	0
7.00900000000001	2.95400000000018	6.19599999999991	0	0
6.05400000000009	2.72699999999986	5.3760000000002	0	0
5.85100000000057	2.78099999999995	5.22999999999956	0	0
6.33600000000024	2.68299999999999	5.60599999999977	0	0
5.88500000000022	3.48700000000008	5.58600000000024	0	0
6.39599999999973	3.6869999999999	5.68399999999929	0	0
5.74699999999939	1.39699999999993	5.30899999999929	0	0
5.54600000000028	2.13500000000022	5.15900000000056	0	0
5.86999999999989	2.01400000000012	5.41700000000037	0	0
5.73599999999988	2.04299999999967	5.11999999999989	0	0
5.71499999999924	2.44500000000016	5.61299999999937	0	0
6.05999999999949	1.81500000000005	5.31400000000031	0	0
6.0590000000002	1.51200000000017	5.87700000000041	0	0
5.73199999999997	2.08000000000038	5.35000000000036	0	0
5.83799999999974	3.04300000000012	5.11099999999988	0	0
6.00600000000031	2.72400000000016	5.58700000000044	0	0
6.65700000000015	3.10300000000007	5.79899999999998	0	0
6.48599999999988	2.24099999999999	5.71000000000004	0	0
5.65499999999975	2.42099999999982	5.26600000000053	0	0
6.78600000000006	2.95000000000027	5.80000000000018	0	0
6.48400000000038	3.19900000000007	5.38600000000042	0	0
5.53300000000036	1.76300000000037	5.05500000000029	0	0
5.40299999999934	1.279	5.16399999999976	0	0
5.06400000000031	1.60500000000002	5.36799999999948	0	0
5.60099999999966	2.64400000000023	5.48299999999927	0	0
5.71399999999994	3.49600000000009	5.27599999999984	0	0
5.19200000000001	1.7829999999999	4.90599999999995	0	0
4.77300000000014	1.66600000000017	4.78999999999996	0	0
5.63199999999961	1.19700000000012	5.77000000000044	0	0
5.68499999999949	2.9970000000003	5.36299999999937	0	0
5.34300000000076	1.33199999999988	4.88400000000001	0	0
5.65099999999984	1.74299999999994	5.07400000000052	0	0
5.98699999999917	2.92799999999988	5.27500000000055	0	0
5.32099999999991	2.48600000000033	5.05699999999979	0	0
5.47799999999916	2.90999999999985	5.1220000000003	0	0
5.21600000000035	2.11599999999999	4.65200000000004	0	0
4.45399999999972	0.536999999999807	4.47200000000066	0	0
5.01000000000022	2.94299999999976	5.32099999999991	0	0
5.47500000000036	2.84100000000035	5.34500000000025	0	0
5.59600000000137	3.61900000000014	5.125	0	0
5.3799999999992	1.9399999999996	5.44100000000071	0	0
5.46399999999994	1.74200000000019	5.26299999999992	0	0
5.99700000000121	1.70200000000023	5.72499999999945	0	0
5.51500000000124	1.65000000000009	5.32099999999991	0	0
5.75500000000102	2.36599999999999	5.17299999999977	0	0
5.39499999999862	1.83200000000033	4.86899999999969	0	0
5.90900000000147	1.27099999999973	5.27499999999964	0	0
5.56000000000131	2.10600000000022	5.54299999999967	0	0
5.90099999999984	2.61799999999994	5.01600000000053	0	0
5.34600000000137	2.5630000000001	5.1869999999999	0	0
5.53100000000086	2.17799999999988	5.42299999999977	0	0
6.1880000000001	2.8449999999998	5.39500000000044	0	0
5.63799999999901	2.38000000000011	5.26600000000053	0	0
5.17699999999968	1.62099999999964	5.03600000000006	0	0
5.33400000000074	1.65899999999965	4.6190000000006	0	0
5.1309999999994	1.59400000000005	4.98800000000028	0	0
5.52199999999903	1.91599999999971	5.05000000000018	0	0
5.36299999999937	2.37599999999975	4.90899999999965	0	0
5.1929999999993	2.23199999999997	5.15999999999985	0	0
5.20400000000154	2.52300000000014	5.61899999999969	0	0
4.78900000000067	1.01999999999998	4.81400000000031	0	0
5	2.2199999999998	4.8090000000002	0	0
5.36599999999999	2.15999999999985	5.30299999999988	0	0
5.13500000000022	2.07299999999987	4.99200000000019	0	0
5.06999999999971	1.09899999999971	5.09799999999996	0	0
5.09699999999975	1.49400000000014	4.87900000000081	0	0
5.15300000000025	1.70100000000002	4.97699999999986	0	0
4.79399999999987	1.29300000000012	4.57600000000002	0	0
5.21799999999894	1.4050000000002	4.93499999999949	0	0
6.32099999999991	1.67499999999973	5.71099999999933	0	0
6.17299999999886	2.23599999999988	5.5590000000002	0	0
5.87800000000061	2.54899999999998	5.13599999999951	0	0
5.60099999999875	2.40700000000015	4.84900000000016	0	0
5.42100000000028	2.14300000000003	5.09299999999985	0	0
5.63999999999942	2.21699999999964	5.19699999999921	0	0
6.04799999999886	2.4369999999999	5.57600000000002	0	0
5.60800000000017	1.70600000000013	5.26499999999942	0	0
5.47999999999956	2.17700000000013	5.00500000000011	0	0
5.39300000000003	2.68099999999959	5.01299999999992	0	0
5.53099999999904	2.48399999999992	5.01600000000144	0	0
5.15999999999985	1.18200000000024	4.98999999999978	0	0
5.41799999999967	2.51999999999998	5.01900000000023	0	0
5.0059999999994	0.940999999999804	5.16400000000067	0	0
4.86700000000019	1.76499999999987	4.92900000000009	0	0
5.98199999999997	2.56399999999985	5.57200000000012	0	0
6.11700000000019	2.89399999999978	5.42699999999968	0	0
5.93499999999949	2.94600000000037	5.27199999999903	0	0
5.81800000000112	2.41200000000026	5.30799999999908	0	0
5.89900000000125	1.63000000000011	5.38299999999981	0	0
6.62900000000081	2.65200000000004	6.003999999999	0	0
6.23400000000038	2.42299999999977	5.65099999999984	0	0
5.61100000000079	2.18899999999985	5.09399999999914	0	0
6.41100000000006	2.529	6.02900000000045	0	0
5.60599999999977	1.51399999999967	5.22600000000057	0	0
5.68199999999888	1.75	5.3799999999992	0	0
5.47400000000016	1.47000000000025	4.87900000000081	0	0
5.15099999999984	1.70900000000029	4.81800000000112	0	0
5.59299999999894	2.55599999999959	5.1770000000015	0	0
4.98099999999977	1.01899999999978	4.81599999999889	0	0
5.35900000000038	1.78200000000015	5.27399999999943	0	0
5.27499999999964	1.31999999999971	5.03300000000127	0	0
5.6260000000002	1.94399999999996	5.22899999999936	0	0
6.11000000000058	1.83100000000013	5.52000000000044	0	0
4.95700000000033	0.692000000000007	4.67799999999988	0	0
6.08400000000074	2	5.93599999999969	0	0
5.42799999999988	1.73000000000002	5.08700000000135	0	0
5.45100000000093	1.21900000000005	5.13500000000022	0	0
5.52299999999923	1.41600000000017	5.0630000000001	0	0
5.5580000000009	2.76600000000008	5.43499999999949	0	0
5.77100000000064	2.41499999999996	5.15699999999924	0	0
5.86399999999958	3.06999999999971	5.31099999999969	0	0
5.68000000000029	1.72600000000011	5.48000000000138	0	0
5.16200000000026	1.50799999999981	5.30600000000049	0	0
6.2400000000016	1.73900000000003	5.71100000000115	0	0
6.57499999999891	3.16100000000006	5.51600000000144	0	0
5.93500000000131	2.27700000000004	5.371000000001	0	0
5.6299999999992	1.72700000000032	5.27299999999923	0	0
5.91199999999844	1.95399999999972	5.35800000000017	0	0
5.70499999999993	1.63200000000006	5.28399999999965	0	0
6.07300000000032	2.38599999999997	5.20800000000054	0	0
5.71600000000035	2.4069999999997	5.50500000000102	0	0
5.65999999999985	2.35300000000007	5.09900000000016	0	0
5.76300000000083	2.74000000000024	5.41100000000006	0	0
6.02400000000125	1.64699999999993	5.63199999999961	0	0
5.82599999999911	2.41100000000006	5.69100000000071	0	0
5.64899999999943	1.48399999999992	5.41799999999967	0	0
5.84400000000096	2.07200000000012	5.2390000000014	0	0
5.9950000000008	2.54500000000007	5.51100000000042	0	0
6.67799999999988	3.44300000000021	5.78600000000006	0	0
6.03299999999945	2.35500000000002	5.19200000000092	0	0
5.60599999999977	2.53200000000015	4.93499999999949	0	0
5.95600000000013	1.83500000000004	5.14900000000125	0	0
5.57200000000012	1.60199999999986	5.125	0	0
6.17100000000028	1.80499999999984	5.71900000000096	0	0
5.93299999999908	1.37000000000035	5.53399999999965	0	0
5.69399999999951	1.47600000000011	5.33399999999892	0	0
5.41599999999926	1.23500000000013	5.32500000000073	0	0
5.86099999999897	2.40599999999995	5.56400000000031	0	0
6.11700000000019	2.11799999999994	5.66899999999987	0	0
6.42599999999948	2.79700000000003	5.50900000000001	0	0
6.5	3.03499999999985	5.97000000000116	0	0
6.09599999999955	2.24800000000005	5.75200000000041	0	0
5.21700000000055	1.57900000000018	5.24299999999857	0	0
5.35299999999916	1.64300000000003	4.82300000000032	0	0
5.90600000000086	2.86599999999999	5.3130000000001	0	0
5.83799999999974	3.154	5.34499999999935	0	0
5.99099999999999	1.54599999999982	5.50900000000001	0	0
5.86700000000019	1.59299999999985	5.46399999999994	0	0
5.97899999999936	2.26099999999997	5.73300000000017	0	0
5.66300000000047	1.77400000000034	5.1869999999999	0	0
6.07800000000134	2.47499999999991	5.17000000000007	0	0
5.4950000000008	1.346	4.97299999999996	0	0
5.46299999999974	1.97199999999975	5.23700000000099	0	0
6.0010000000002	3.87800000000016	5.46000000000095	0	0
5.93100000000049	2.33999999999969	5.34499999999935	0	0
5.77900000000045	2.26799999999957	5.45699999999852	0	0
5.0049999999992	0.626000000000204	4.85900000000038	0	0
5.3700000000008	1.41199999999981	5.43299999999908	0	0
5.82099999999991	2.43499999999995	5.98899999999958	0	0
5.1929999999993	0.936999999999898	5.06099999999969	0	0
6.02800000000025	2.67500000000018	5.41799999999967	0	0
5.45300000000134	1.46599999999989	5.44999999999891	0	0
5.35699999999997	1.51900000000023	5.49299999999857	0	0
5.42599999999948	1.83399999999983	5.53000000000065	0	0
5.20899999999892	1.77199999999993	5.2450000000008	0	0
5.21500000000015	2.12899999999991	5.32200000000012	0	0
5.42400000000089	2.83500000000004	5.57300000000032	0	0
5.63400000000001	1.00800000000027	5.61299999999937	0	0
5.78999999999905	2.08899999999994	5.55299999999988	0	0
5.46999999999935	1.12800000000016	5.15500000000065	0	0
6.21799999999894	1.32000000000016	5.72999999999956	0	0
5.08899999999994	1.08999999999969	4.97199999999975	0	0
5.47299999999996	1.56100000000015	5.0049999999992	0	0
5.78499999999985	2.20600000000013	5.45600000000013	0	0
5.59399999999914	1.35299999999961	5.27700000000004	0	0
5.97499999999854	3.05099999999993	5.58299999999872	0	0
5.68599999999969	1.8420000000001	4.96499999999833	0	0
5.94099999999889	2.67700000000013	5.36599999999999	0	0
5.56500000000051	2.57099999999991	5.16300000000047	0	0
5.44000000000051	2.36400000000003	5.29399999999987	0	0
6.08599999999933	2.1880000000001	5.48000000000138	0	0
5.63600000000042	2.41700000000037	5.26500000000124	0	0
5.22999999999956	1.73000000000002	5.07899999999972	0	0
4.8700000000008	1.18899999999985	4.65099999999984	0	0
5.35300000000097	0.909999999999854	5.12900000000081	0	0
5.24499999999898	2.13899999999967	5.05899999999929	0	0
4.97099999999955	1.06500000000005	5.00799999999981	0	0
6.87200000000121	1.83099999999968	6.19900000000052	0	0
5.83200000000033	1.59299999999985	5.13799999999901	0	0
4.9419999999991	1.61299999999983	4.79800000000068	0	0
5.53700000000026	1.18599999999969	5.7510000000002	0	0
5.01699999999983	1.38299999999981	4.8130000000001	0	0
5.68500000000131	2.14000000000033	5.17699999999968	0	0
5.26900000000023	1.24299999999994	5.06899999999951	0	0
5.33399999999892	1.24600000000009	5.35800000000017	0	0
5.09499999999935	1.33600000000024	4.66200000000026	0	0
6.03099999999904	2.66800000000012	5.33200000000033	0	0
5.96100000000115	3.28200000000015	5.37299999999959	0	0
5.78100000000086	2.07199999999966	5.33799999999974	0	0
5.18599999999969	1.63099999999986	5.09200000000055	0	0
5.32099999999991	0.992999999999938	5.20399999999972	0	0
6.42099999999846	2.64200000000028	5.7510000000002	0	0
5.19399999999951	1.67500000000018	5.11700000000019	0	0
5.73899999999958	2.5619999999999	5.6260000000002	0	0
5.92699999999968	1.99600000000009	5.47299999999996	0	0
5.95099999999911	2.40200000000004	5.6830000000009	0	0
5.88500000000022	2.54100000000017	5.39600000000064	0	0
5.77199999999903	2.6220000000003	5.56800000000112	0	0
6.23499999999876	2.60899999999992	5.51300000000083	0	0
6.61799999999857	1.65200000000004	6.09599999999955	0	0
6.82499999999891	3.36799999999994	5.8799999999992	0	0
5.13400000000001	1.59999999999991	5.125	0	0
5.64900000000125	2.2510000000002	5.10699999999997	0	0
5.30600000000049	1.28500000000031	4.98600000000079	0	0
6.46399999999994	2.48599999999988	6.05199999999968	0	0
6.19999999999891	1.73999999999978	5.58000000000175	0	0
5.04600000000028	1.30699999999979	4.94200000000092	0	0
6.11899999999878	2.13499999999976	5.5619999999999	0	0
5.44599999999991	1.35500000000002	5.14099999999962	0	0
5.5049999999992	2.27299999999968	5.39599999999882	0	0
5.26000000000022	2.01899999999978	5.21500000000015	0	0
5.28199999999924	2.45199999999977	5.29999999999927	0	0
5.47699999999895	1.71599999999989	5.48499999999876	0	0
5.69100000000071	3.17900000000009	5.10799999999836	0	0
5.6190000000006	1.77499999999964	5.14400000000023	0	0
5.4369999999999	1.51899999999978	5.2599999999984	0	0
5.1140000000014	0.891999999999825	5.05400000000009	0	0
5.51599999999962	1.0920000000001	5.39600000000064	0	0
5.05400000000009	1.47600000000011	5.27799999999843	0	0
5.125	1.53500000000031	4.96500000000015	0	0
5.77900000000045	3.67399999999998	5.56400000000031	0	0
4.9380000000001	1.84099999999989	4.52599999999984	0	0
5.4369999999999	1.53900000000021	5.22199999999975	0	0
5.19399999999951	2.18199999999979	5.11800000000039	0	0
6.24399999999878	4.0319999999997	5.76699999999983	0	0
5.65599999999904	1.7470000000003	5.12800000000061	0	0
5.77400000000125	1.64400000000023	5.82600000000093	0	0
7.08399999999892	1.75599999999986	6.83999999999833	0	0
6.32400000000052	2.74900000000025	5.58399999999892	0	0
5.55000000000109	2.20800000000008	5.35699999999997	0	0
5.27800000000025	1.52600000000029	5.4950000000008	0	0
5.29700000000048	0.846000000000004	5.03700000000026	0	0
6.06099999999969	1.59700000000021	5.37800000000061	0	0
6.67599999999948	2.61499999999978	5.91200000000026	0	0
6.40999999999985	2.73000000000002	5.67000000000007	0	0
5.50299999999879	1.38400000000001	5.09300000000076	0	0
5.76599999999962	1.80799999999999	5.06700000000092	0	0
5.57300000000032	1.57899999999972	5.01599999999962	0	0
6.18100000000049	2.63799999999992	5.75	0	0
6.0679999999993	2.36800000000039	5.71700000000055	0	0
5.23999999999978	1.32299999999941	5.18000000000029	0	0
5.84799999999996	1.63700000000063	5.37099999999919	0	0
6.42399999999907	2.55899999999929	5.92000000000007	0	0
5.48800000000119	2.3760000000002	5.10999999999876	0	0
5.77700000000004	2.0679999999993	5.53300000000127	0	0
5.79600000000028	2.77599999999984	5.27499999999964	0	0
6.3179999999993	2.36800000000039	5.90900000000147	0	0
5.69900000000052	1.57600000000002	5.17100000000028	0	0
5.89400000000023	1.63999999999942	5.80900000000111	0	0
6.80899999999929	4.20100000000002	5.99299999999857	0	0
5.49799999999959	2.01500000000033	5.25900000000001	0	0
5.875	1.77499999999964	5.20899999999892	0	0
5.63400000000001	2.23099999999977	5.26699999999983	0	0
6.03999999999905	3.54199999999946	5.35499999999956	0	0
6.14699999999903	2.94900000000052	5.45900000000074	0	0
5.38900000000103	1.06899999999951	5.16300000000047	0	0
5.61700000000019	1.14599999999973	5.35200000000077	0	0
6.08699999999953	3.50800000000072	5.95099999999911	0	0
5.82899999999972	1.97600000000057	5.56499999999869	0	0
5.49800000000141	2.64800000000014	4.79600000000028	0	0
5.81800000000112	2.23599999999988	5.60499999999956	0	0
5.48599999999897	1.36899999999969	4.89999999999964	0	0
5.30600000000049	3.11700000000019	4.6830000000009	0	0
5.71799999999894	2.3090000000002	5.52800000000025	0	0
5.65799999999945	2.34199999999964	5.15500000000065	0	0
5.65899999999965	2.85400000000027	5.20299999999952	0	0
5.23399999999856	1.81800000000021	5.23600000000079	0	0
5.34300000000076	2.24600000000009	5.17599999999948	0	0
5.50900000000001	2.02300000000014	5.0679999999993	0	0
5.88199999999961	2.02199999999993	5.36299999999937	0	0
5.63299999999981	2.38600000000042	5.29700000000048	0	0
5.78600000000006	1.77999999999975	5.72099999999955	0	0
5.64199999999983	2.36099999999988	5.18899999999849	0	0
6.04200000000128	2.6200000000008	5.40399999999863	0	0
6.30500000000029	1.64899999999943	6.08100000000013	0	0
5.82699999999932	1.74399999999969	5.32400000000052	0	0
5.65300000000025	2.02700000000004	5.30099999999948	0	0
6.33599999999933	3.13500000000022	5.48799999999937	0	0
6.00200000000041	2.52300000000014	5.27100000000064	0	0
5.40100000000166	1.38799999999992	5.01599999999962	0	0
5.85100000000057	2.60000000000036	5.1260000000002	0	0
5.32600000000093	1.51100000000042	4.82999999999993	0	0
5.71899999999914	2.23700000000008	5.13500000000022	0	0
5.82200000000012	2.63200000000052	5.22000000000116	0	0
5.94499999999971	2.0029999999997	5.84900000000016	0	0
5.43499999999949	2.11999999999989	5.29999999999927	0	0
5.84599999999955	3.22500000000036	5.36499999999978	0	0
5.63800000000083	1.47100000000046	5.04000000000087	0	0
6.50900000000001	4.67799999999988	5.625	0	0
6.36399999999958	2.08899999999994	5.85100000000057	0	0
6.1869999999999	3.07199999999921	5.31500000000051	0	0
5.51400000000103	1.6929999999993	5.42900000000009	0	0
6.25299999999879	2.67799999999988	5.55199999999968	0	0
5.55600000000049	1.82899999999972	5.23800000000119	0	0
5.93599999999969	2.00500000000011	5.62199999999939	0	0
5.23899999999958	3.26299999999992	5.33400000000074	0	0
5.03200000000106	1.53600000000006	4.92699999999968	0	0
5.50300000000061	1.29199999999946	5.02300000000105	0	0
5.41899999999987	2.19900000000052	5.71800000000076	0	0
5.42500000000109	1.95499999999993	4.87099999999919	0	0
5.39500000000044	1.85099999999966	4.90099999999984	0	0
5.14099999999962	2.45499999999993	5.21700000000055	0	0
4.875	1.02700000000004	4.878999999999	0	0
5.27899999999863	0.701000000000022	5.20399999999972	0	0
5.26599999999962	2.10800000000017	5.08300000000054	0	0
5.46199999999953	2.25600000000031	5.18900000000031	0	0
5.21900000000096	1.29299999999967	4.71999999999935	0	0
5.40799999999945	2.89700000000084	5.48599999999897	0	0
4.56000000000131	0.984999999999673	4.67000000000007	0	0
5.76299999999901	2.22499999999945	5.22400000000016	0	0
5.13400000000001	2.74799999999959	5.22500000000036	0	0
5.35300000000097	1.34999999999945	4.71499999999833	0	0
6.37700000000041	1.50900000000001	5.68999999999869	0	0
5.86800000000039	3.58500000000004	5.14199999999983	0	0
6.18900000000031	3.05299999999988	5.56500000000051	0	0
6.19499999999971	1.76699999999983	6.06500000000051	0	0
5.52599999999984	2.46600000000035	5.16200000000026	0	0
5.33100000000013	1.15099999999984	5.07200000000012	0	0
6.32700000000114	2.71900000000005	5.61499999999978	0	0
4.99300000000039	1.60300000000007	4.83699999999953	0	0
5.78900000000067	1.71799999999985	5.61399999999958	0	0
4.94399999999951	2.02300000000014	5.13299999999981	0	0
5.33300000000054	1.61099999999988	4.57999999999993	0	0
5.375	1.78000000000065	5.36099999999897	0	0
5.71100000000115	2.47500000000036	4.77200000000084	0	0
5.28399999999965	1.75600000000031	4.99200000000019	0	0
5.30799999999908	2.11899999999969	5.15999999999985	0	0
4.96200000000135	2.01500000000033	4.68199999999888	0	0
4.66700000000128	1.50799999999981	4.53100000000086	0	0
4.69399999999951	1.41499999999996	4.48999999999978	0	0
4.94800000000032	2.15099999999984	4.83799999999974	0	0
5.09599999999955	1.48400000000038	5.10699999999997	0	0
4.79800000000068	1.26599999999962	4.79900000000089	0	0
5.45700000000033	2.96699999999964	5.16400000000067	0	0
4.92000000000007	2.43900000000031	4.97100000000137	0	0
5.20600000000013	2.66899999999987	5.35000000000036	0	0
5.46600000000035	1.60599999999977	5.45399999999972	0	0
5.13700000000063	2.24200000000019	5.04099999999926	0	0
5.39199999999983	2.78000000000065	4.60400000000118	0	0
5.86299999999937	3.08599999999933	5.26299999999901	0	0
5.28099999999904	1.51100000000042	4.76300000000083	0	0
6.35200000000077	5.05500000000029	5.27200000000084	0	0
5.19100000000071	1.61700000000019	4.86399999999958	0	0
5.07699999999932	1.85599999999977	4.6869999999999	0	0
5.65600000000086	1.55699999999979	5.34999999999854	0	0
5.00300000000061	1.31700000000001	5.03499999999985	0	0
6.15400000000045	2.64999999999964	5.74599999999919	0	0
5.94999999999891	2.11399999999958	5.25700000000143	0	0
6.11199999999917	2.36400000000049	5.68900000000031	0	0
5.82899999999972	2.69200000000001	5.36199999999917	0	0
5.48899999999958	0.875	5.45000000000073	0	0
5.96199999999953	2.56899999999951	5.32300000000032	0	0
5.53800000000047	1.51799999999912	5.16100000000006	0	0
5.44499999999971	2.09000000000015	5.28800000000047	0	0
6.11599999999999	2.77499999999964	5.3859999999986	0	0
5.36100000000079	1.86600000000089	5.14099999999962	0	0
5.6869999999999	0.949000000000524	5.48499999999876	0	0
6.22199999999975	2.45700000000033	6.0669999999991	0	0
5.09000000000015	1.59300000000076	4.82800000000134	0	0
5.6190000000006	1.71999999999935	5.34499999999935	0	0
6.375	1.78299999999945	5.78099999999904	0	0
5.76199999999881	2.30000000000018	5.34899999999834	0	0
5.25900000000001	1.13900000000012	5.34900000000016	0	0
4.84700000000157	1.1260000000002	4.71799999999894	0	0
5.80500000000029	1.24600000000009	5.64099999999962	0	0
5.94500000000153	2.24600000000009	5.73400000000038	0	0
6.08499999999913	2.15599999999995	5.60900000000038	0	0
6.67100000000028	1.33399999999983	6.32699999999932	0	0
7.02099999999882	2.40999999999985	6.46399999999994	0	0
5.66200000000026	1.39800000000014	5.27499999999964	0	0
6.72400000000016	5.30400000000009	5.65799999999945	0	0
6.59200000000055	2.67500000000018	5.95800000000054	0	0
6.08400000000074	2.875	5.28799999999865	0	0
5.82300000000032	2.03099999999995	5.23599999999897	0	0
6.15499999999884	2.19999999999982	5.38000000000102	0	0
5.61199999999917	2.39300000000003	5.16400000000067	0	0
5.73199999999997	2.2489999999998	5.06600000000071	0	0
5.45600000000013	1.95000000000073	5.28699999999844	0	0
5.36999999999898	1.38799999999992	5.60600000000159	0	0
