12.473	11.201	14.995	0	0
18.081	10.56	22.914	0	0
8.24799999999999	5.582	10.163	0	0
9.00099999999999	5.837	10.644	0	0
17.116	13.776	22.207	0	0
16.072	8.372	23.489	0	0
16.317	7.81999999999999	24.344	0	0
14.392	4.861	21.294	0	0
16.563	9.843	23.734	0	0
9.101	5.70499999999998	10.723	0	0
19.051	13.366	26.794	0	0
14.445	4.15300000000002	22.122	0	0
13.969	8.56700000000001	19.871	0	0
8.62900000000002	5.54300000000001	12.301	0	0
14.424	5.095	20.708	0	0
11.64	3.89100000000002	17.297	0	0
12.131	4.77300000000002	17.3919999999999	0	0
9.887	8.90100000000001	13.212	0	0
9.11699999999996	5.83600000000001	12.3130000000001	0	0
7.81800000000004	2.68600000000004	9.90599999999995	0	0
7.94399999999996	4.84699999999998	10.9910000000001	0	0
18.788	11.484	23.4939999999999	0	0
17.109	9.08999999999997	25.492	0	0
14.402	10.81	19.787	0	0
15.961	7.24299999999999	23.023	0	0
16.931	8.66499999999996	22.369	0	0
13.2190000000001	6.44200000000001	21.827	0	0
7.37600000000009	3.25900000000001	10.475	0	0
16.545	10.588	25.9250000000001	0	0
15.259	10.231	19.683	0	0
15.758	7.83699999999999	21.245	0	0
7.18399999999997	1.99899999999997	10.251	0	0
6.57900000000006	2.38599999999997	11.0420000000001	0	0
13.8059999999999	6.88799999999998	18.6109999999999	0	0
6.35400000000004	1.29199999999997	9.24399999999991	0	0
6.68599999999992	1.69100000000003	11.028	0	0
15.2049999999999	4.77800000000002	22.4449999999999	0	0
14.859	3.13499999999999	20.741	0	0
16.192	8.43600000000004	21.1890000000001	0	0
16.314	6.447	22.5219999999999	0	0
12.206	4.04999999999995	18	0	0
15.223	9.08600000000001	19.989	0	0
19.688	16.369	27.039	0	0
17.289	9.68299999999999	24.1170000000002	0	0
6.80500000000006	2.21000000000004	10.8319999999999	0	0
7.31500000000005	2.42200000000003	11.114	0	0
20.5350000000001	15.963	24.46	0	0
14.934	9.23400000000004	20.836	0	0
15.7569999999998	8.17200000000003	22.289	0	0
16.722	9.40100000000007	23.0940000000001	0	0
18.644	11.4509999999999	27.6420000000001	0	0
8.48800000000006	5.05999999999995	12.72	0	0
8.01600000000008	3.35300000000007	11.098	0	0
15.0160000000001	8.70699999999999	20.3570000000002	0	0
8.971	5.45100000000002	11.3800000000001	0	0
14.47	5.13099999999997	21.318	0	0
7.60099999999989	3.46600000000001	11.134	0	0
19.018	14.2139999999999	24.3239999999998	0	0
9.29600000000005	5.97399999999993	12.498	0	0
12.8330000000001	5.64700000000005	19.337	0	0
9.78500000000008	7.41300000000001	13.127	0	0
12.3040000000001	4.75400000000002	17.5459999999998	0	0
7.91899999999987	1.73299999999995	10.779	0	0
8.82600000000002	7.18899999999996	12.0160000000001	0	0
15.1510000000001	4.37699999999995	21.2520000000002	0	0
16.6790000000001	7.92899999999997	24.6300000000001	0	0
14.4250000000002	2.17899999999997	23.877	0	0
16.327	8.28800000000001	23.0210000000002	0	0
6.91999999999985	2.74000000000001	10.748	0	0
6.30899999999997	0.824000000000069	8.91600000000017	0	0
6.98900000000003	1.07000000000005	10.0590000000002	0	0
6.78699999999981	1.774	11.6610000000001	0	0
11.768	2.47699999999998	19.4929999999999	0	0
12.6420000000001	6.52799999999991	18.0830000000001	0	0
6.26099999999997	0.668000000000006	8.33899999999994	0	0
11.539	3.41300000000001	18.8299999999999	0	0
14.4949999999999	5.04399999999998	22.8600000000001	0	0
16.8389999999999	8.96499999999992	23.8359999999998	0	0
15.6100000000001	8.04600000000005	20.9200000000001	0	0
9.81399999999985	6.38999999999999	13.252	0	0
18.376	10.592	23.1970000000001	0	0
16.556	8.42900000000009	25.0149999999999	0	0
9.73700000000008	7.62799999999993	11.761	0	0
6.702	2.10799999999995	9.80700000000024	0	0
14.854	5.84899999999993	22.02	0	0
11.694	4.07099999999991	16.8700000000003	0	0
7.55999999999995	2.18900000000008	11.1500000000001	0	0
6.25399999999991	1.10200000000009	8.58800000000019	0	0
7.39800000000014	2.4559999999999	10.759	0	0
9.50500000000011	7.24099999999999	13.6350000000002	0	0
16.125	7.14499999999998	24.8709999999996	0	0
15.1019999999999	8.25599999999986	21.1070000000004	0	0
7.06700000000001	0.582000000000107	11.5609999999997	0	0
7.26199999999972	3.03199999999993	11.5339999999997	0	0
16.1669999999999	5.71000000000004	22.8980000000001	0	0
6.79600000000028	1.98199999999997	10.386	0	0
16.5940000000001	8.44399999999996	26.1820000000002	0	0
8.05400000000009	4.74800000000005	12.73	0	0
12.3409999999999	4.46000000000004	15.6110000000003	0	0
17.3049999999998	10.8530000000001	26.0280000000002	0	0
13.4949999999999	8.27500000000009	17.23	0	0
6.08800000000019	1.14599999999996	9.15999999999985	0	0
13.8240000000001	6.40999999999985	19.1790000000001	0	0
7.29399999999987	2.69900000000007	9.93899999999985	0	0
18.7839999999997	11.675	28.6469999999999	0	0
18.759	10.8960000000002	27.5249999999996	0	0
18.2579999999998	11.165	23.6350000000002	0	0
14.2370000000001	2.90899999999988	20.4349999999999	0	0
14.9670000000001	6.69899999999984	21.402	0	0
14.4249999999997	4.74600000000009	21.4840000000004	0	0
7.221	1.36400000000003	10.4750000000004	0	0
7.74600000000009	4.12000000000012	12.114	0	0
6.86100000000033	3.16100000000006	10.4000000000001	0	0
7.74399999999969	2.97499999999991	10.598	0	0
18.9470000000001	12.7380000000001	28.2220000000002	0	0
7.46300000000019	3.30599999999981	11.7980000000002	0	0
6.96799999999985	3.077	10.3209999999999	0	0
7.06800000000021	1.98700000000008	11.674	0	0
16.2069999999999	9.10000000000014	22.5929999999998	0	0
7.41300000000001	2.77199999999993	10.9369999999999	0	0
16.5830000000001	9.74000000000001	24.9380000000001	0	0
15.1979999999999	6.67099999999982	20.654	0	0
6.39899999999989	1.79700000000003	9.29500000000007	0	0
8.34699999999975	4.34799999999996	12.1699999999996	0	0
17.7239999999997	11.7740000000001	22.6759999999999	0	0
17.7890000000002	9.94000000000005	25.1320000000001	0	0
6.90200000000004	2.97199999999998	10.4879999999998	0	0
16.5040000000004	8.34899999999993	23.8380000000002	0	0
6.58600000000024	1.13099999999986	11.9260000000004	0	0
23.252	19.0730000000001	29.221	0	0
15.5229999999997	7.29899999999998	22.779	0	0
7.44200000000001	3.66599999999994	11.2129999999997	0	0
7.18499999999995	3.30899999999997	11.4189999999999	0	0
14.877	10.809	19.4300000000003	0	0
7.09900000000016	1.41699999999992	11.326	0	0
6.35099999999966	2.28899999999999	9.78200000000015	0	0
6.85100000000011	2.58200000000011	10.8990000000003	0	0
14.4269999999997	8.94799999999987	17.9549999999999	0	0
19.4499999999998	14.3999999999999	25.3960000000006	0	0
13.1519999999996	6.00199999999995	19.2820000000002	0	0
11.6700000000001	2.52999999999997	18.9089999999997	0	0
7.66699999999992	3.91200000000003	10.6260000000002	0	0
20.4390000000003	14.877	28.8450000000003	0	0
15.4110000000001	7.53899999999999	24.1579999999994	0	0
16.6329999999998	7.97099999999978	22.7489999999998	0	0
16.837	8.08799999999997	23.1480000000001	0	0
6.19300000000021	1.15200000000004	10.9679999999998	0	0
7.39699999999993	2.76499999999987	10.8559999999998	0	0
9.99199999999973	9.49000000000001	13.6629999999996	0	0
8.83399999999983	5.26299999999992	14.1840000000002	0	0
6.55499999999984	1.57099999999991	8.82799999999952	0	0
14.8420000000001	9.51199999999994	23.0419999999995	0	0
7.60200000000032	3.91599999999994	12.7220000000007	0	0
13.1620000000003	6.44900000000007	20.0800000000008	0	0
11.9189999999999	3.46000000000004	18.4710000000005	0	0
14.6950000000002	5.31200000000013	23.4880000000003	0	0
16.105	7.86000000000013	21.683	0	0
7.08500000000004	2.48299999999995	9.29500000000007	0	0
7.47299999999996	4.27299999999991	10.8720000000003	0	0
16.7780000000002	10.046	23.174	0	0
16.1669999999999	11.1769999999999	21.4290000000001	0	0
14.4860000000003	8.42000000000007	18.442	0	0
18.989	13.5540000000001	24.5810000000001	0	0
8.49399999999969	6.28700000000003	10.7120000000004	0	0
16.0330000000004	9.96900000000005	20.9390000000003	0	0
16.6880000000001	12.653	23.2269999999999	0	0
14.0200000000004	3.63600000000019	22.2619999999997	0	0
7.20200000000023	3.27499999999986	10.835	0	0
14.1759999999999	7.59400000000005	21.6570000000002	0	0
8.10799999999972	5.10399999999981	13.3989999999994	0	0
17.6730000000002	15.2240000000002	22.3649999999998	0	0
15.8400000000001	5.60300000000007	21.9119999999994	0	0
12.2750000000001	3.51200000000017	17.0539999999992	0	0
16.2339999999999	7.44999999999982	25.5010000000002	0	0
15.5659999999998	7.98999999999978	22.7110000000002	0	0
7.43299999999999	1.84999999999991	11.7450000000008	0	0
6.65499999999975	1.33499999999958	9.52199999999993	0	0
12.4079999999999	4.8119999999999	17.3699999999999	0	0
15.261	7.01500000000033	21.2240000000002	0	0
7.04600000000028	2.26399999999967	11.1980000000003	0	0
14.306	4.59400000000005	23.1279999999997	0	0
15.5899999999997	6.46000000000004	23.1979999999994	0	0
7.12899999999991	3.29199999999992	11.3250000000007	0	0
7.84999999999991	3.94700000000012	11.6530000000002	0	0
12.8229999999999	4.78899999999976	18.6009999999997	0	0
11.9949999999999	3.346	18.5460000000003	0	0
7.72900000000027	2.37299999999959	11.4549999999999	0	0
7.11800000000039	2.66499999999996	10.509	0	0
14.9110000000001	10.0940000000001	21.1480000000001	0	0
11.4960000000001	2.96799999999985	17.3330000000005	0	0
6.57600000000002	1.58199999999988	8.72599999999966	0	0
12.9129999999996	4.61899999999969	18.0819999999994	0	0
16.0690000000004	8.26499999999987	21.8890000000001	0	0
11.9680000000008	4.11099999999988	17.8209999999999	0	0
8.80600000000049	6.07400000000007	12.4430000000002	0	0
20.1199999999999	13.7579999999998	25.1770000000006	0	0
6.58500000000004	2.86000000000013	10.125	0	0
9.42299999999977	5.94999999999982	12.3140000000003	0	0
13.0120000000006	4.73099999999977	18.741	0	0
6.31999999999971	1.71900000000005	9.15100000000075	0	0
15.6959999999999	11.46	22.0709999999999	0	0
18.4010000000007	13.1329999999998	24.1909999999998	0	0
12.2079999999996	4.88900000000012	20.1170000000002	0	0
11.8800000000001	3.22600000000011	18.9270000000006	0	0
6.44499999999971	1.029	9.26699999999983	0	0
14.7639999999992	4.77199999999993	22.1940000000004	0	0
15.8270000000002	6.471	21.2980000000007	0	0
13.4870000000001	6.64899999999989	19.0839999999998	0	0
6.53400000000056	1.4409999999998	10.7539999999999	0	0
7.89300000000003	4.14800000000014	11.1859999999997	0	0
8.69500000000062	7.01600000000008	11.7459999999992	0	0
13.5799999999999	6.27799999999979	21.7049999999999	0	0
12.6229999999996	5.86500000000024	18.8949999999995	0	0
7.03799999999956	1.98099999999977	10.4399999999996	0	0
14.0889999999999	3.44000000000005	21.6639999999998	0	0
7.3760000000002	3.13800000000037	8.47699999999986	0	0
14.4000000000005	3.11000000000013	22.1170000000002	0	0
11.2150000000001	2.91499999999996	15.6109999999999	0	0
15.8440000000001	7.26200000000017	24.3999999999996	0	0
15.2330000000002	4.52100000000019	22.9750000000004	0	0
13.9850000000006	3.21000000000004	21.9299999999994	0	0
19.8999999999996	13.1470000000004	25.4189999999999	0	0
7.89800000000014	4.02499999999964	11.152	0	0
6.91599999999926	1.62900000000036	9.27800000000025	0	0
11.6509999999998	2.95800000000008	17.4039999999995	0	0
9.41100000000006	5.34699999999975	12.2069999999994	0	0
15.9380000000001	7.19900000000007	23.5029999999997	0	0
7.96000000000004	3.04700000000003	11.3010000000004	0	0
12.4409999999998	4.09400000000005	19.3319999999994	0	0
22.7799999999997	20.0709999999999	28.8909999999996	0	0
7.83299999999963	4.75799999999981	12.8890000000001	0	0
17.2309999999998	9.37100000000009	24.8100000000004	0	0
18.5889999999999	13.6350000000002	25.0820000000003	0	0
19.1530000000002	11.9079999999999	23.393	0	0
19.174	13.7469999999998	24.8190000000004	0	0
16.7579999999998	9.57499999999982	23.5589999999993	0	0
7.61999999999989	2.20900000000029	11.1419999999998	0	0
7.26999999999953	4.18199999999979	9.79899999999998	0	0
15.8890000000001	8.61999999999989	23.1090000000004	0	0
6.89399999999932	2.16800000000012	10.4099999999999	0	0
9.19700000000012	7.25300000000016	13.6070000000009	0	0
6.75200000000041	2.36200000000008	9.21299999999974	0	0
7.04300000000057	1.97800000000007	10.0769999999993	0	0
13.4399999999996	3.64499999999998	22.3370000000004	0	0
14.7460000000001	4.33500000000004	22.4830000000002	0	0
6.14000000000033	1.46500000000015	9.41600000000017	0	0
8.48999999999978	3.67900000000009	12.7150000000001	0	0
7.59799999999996	4.125	10.6610000000001	0	0
14.8049999999994	9.85599999999977	21.5410000000002	0	0
12.6709999999994	6.83199999999988	18.0660000000007	0	0
7.13699999999972	2.04500000000007	11.4530000000004	0	0
11.1849999999995	2.36400000000003	16.5120000000006	0	0
15.75	7.46099999999979	23.7390000000005	0	0
17.777	15.116	23.04	0	0
6.78800000000047	2.73300000000017	9.58299999999963	0	0
12.5899999999992	3.60699999999997	19.232	0	0
11.5360000000001	3.27299999999968	17.1479999999992	0	0
7.36099999999988	1.98300000000017	10.7950000000001	0	0
17.2710000000006	9.30099999999993	23.9380000000001	0	0
13.741	9.37300000000005	19.4989999999998	0	0
7.8739999999998	2.63499999999976	9.79300000000057	0	0
6.8690000000006	2.72700000000032	11.1899999999996	0	0
8.57499999999982	4.70600000000013	10.7559999999994	0	0
10.277	9.04299999999967	12.4160000000002	0	0
14.9599999999991	10.1880000000001	20.6149999999998	0	0
16.0110000000004	9.03600000000006	22.3949999999995	0	0
16.2890000000007	7.81700000000001	21.7900000000009	0	0
6.80299999999988	1.53999999999996	10.119999999999	0	0
6.36700000000019	1.32099999999991	9.59200000000055	0	0
15.7470000000003	6.87100000000009	21.6560000000009	0	0
15.3969999999999	6.65900000000011	23.1980000000003	0	0
15.1290000000008	5.46600000000035	21.8500000000004	0	0
14.268	2.66200000000026	24.6100000000006	0	0
13.3859999999995	7.28699999999981	18.3320000000003	0	0
12.5959999999995	4.86799999999994	16.5330000000013	0	0
10.8719999999994	1.8430000000003	16.893	0	0
6.38300000000072	0.981000000000222	9.121000000001	0	0
11.625	4.35699999999997	18.0070000000014	0	0
14.7789999999995	5.00500000000011	21.860999999999	0	0
12.3820000000005	3.90800000000036	17.8239999999987	0	0
12.6599999999999	3.28099999999995	17.7240000000002	0	0
11.6599999999999	4.33699999999999	18.4889999999996	0	0
7.71900000000005	3.01600000000008	11.8360000000011	0	0
6.6909999999998	2.38999999999987	9.02300000000105	0	0
8.41100000000006	4.78800000000001	13.1290000000008	0	0
13.2099999999991	7.6569999999997	18.5939999999991	0	0
15.3289999999997	8.92000000000007	21.6899999999987	0	0
15.7389999999996	7.07300000000032	20.5	0	0
16.3410000000003	8.78400000000011	20.8739999999998	0	0
12.1270000000004	3.84900000000016	17.6619999999984	0	0
11.4260000000004	3.96000000000004	17.3490000000002	0	0
10.2789999999995	6.17599999999993	13.9500000000007	0	0
6.63699999999972	2.86999999999989	10.1509999999998	0	0
7.42600000000039	2.41199999999981	10.9579999999987	0	0
13.8220000000001	7.42700000000013	18.1860000000015	0	0
16.9009999999998	9.38899999999967	23.880000000001	0	0
12.8980000000001	5.846	18.5139999999992	0	0
12.7799999999997	7.23700000000008	18.8119999999999	0	0
9.10700000000088	7.30000000000018	12.4889999999996	0	0
9.1860000000006	8.14800000000014	11.7170000000006	0	0
7.27999999999975	2.32799999999997	10.2440000000006	0	0
14.6880000000001	5.01400000000012	19.0860000000011	0	0
16.616	10.2459999999996	23.7569999999996	0	0
8.42200000000048	4.10500000000002	13.509	0	0
14.9870000000001	4.77700000000004	21.8600000000006	0	0
15.8900000000003	10.7069999999999	22.3649999999998	0	0
17.5459999999994	13.7219999999998	23.5489999999991	0	0
16.5199999999995	9.88200000000006	22.8270000000011	0	0
7.01299999999992	1.21600000000035	12.6610000000001	0	0
16.8009999999995	10.5129999999999	22.0299999999988	0	0
18.1429999999991	10.681	25.726999999999	0	0
7.5679999999993	4.5300000000002	11.3150000000005	0	0
9.71900000000005	6.33599999999979	12.4830000000002	0	0
7.15200000000004	1.75399999999991	9.73999999999978	0	0
13.4340000000002	7.28800000000001	19.5310000000009	0	0
6.56099999999969	2.21000000000004	10.4350000000013	0	0
15.1300000000001	9.63400000000001	20.8250000000007	0	0
17.4429999999993	12.9919999999997	23.119999999999	0	0
20.9139999999998	16.614	25.7810000000009	0	0
8.50799999999981	4.3430000000003	11.3780000000006	0	0
18.0830000000005	10.9900000000002	23.2819999999992	0	0
20.1270000000004	18.7729999999997	22.5879999999997	0	0
9.28699999999935	6.11599999999999	10.8109999999997	0	0
17.0829999999996	9.07900000000018	22.5590000000011	0	0
11.9219999999996	4.31100000000015	17.4449999999997	0	0
20.3770000000004	14.2869999999998	27.2019999999993	0	0
9.08299999999963	6.55600000000004	12.9660000000003	0	0
12.0050000000001	3.77100000000019	17.3850000000002	0	0
17.8860000000004	9.10599999999977	26.982	0	0
13.5799999999999	8.38599999999997	19.7710000000006	0	0
8.95399999999972	5.80999999999995	11.4149999999991	0	0
12.7690000000002	5.80799999999999	19.2800000000007	0	0
16.5510000000004	9.16399999999976	24.1049999999996	0	0
16.0230000000001	7.45700000000033	21.9040000000005	0	0
13.8709999999992	9.52700000000004	20.3600000000006	0	0
14.8500000000004	9.38899999999967	20.232	0	0
13.8710000000001	8.06999999999971	20.2700000000004	0	0
7.30500000000029	2.72800000000007	9.24300000000039	0	0
10.1310000000003	8.1899999999996	12.4740000000002	0	0
15.4449999999997	12.2550000000001	20.7170000000006	0	0
15.0699999999997	3.95899999999983	23.9639999999999	0	0
7.34100000000035	3.81500000000005	9.93900000000031	0	0
14.9160000000002	10.0959999999995	19.5559999999987	0	0
8.43599999999969	4.57099999999991	10.4319999999989	0	0
13.7019999999993	6.24200000000019	17.848	0	0
15.2849999999999	7.24299999999948	22.357	0	0
7.50800000000072	2.28599999999915	10.3819999999996	0	0
6.95599999999922	2.43499999999949	9.86800000000039	0	0
16.6399999999994	8.0590000000002	24.0799999999999	0	0
8.00600000000031	4.7529999999997	10.3279999999995	0	0
7.60999999999967	3.78600000000006	12.9279999999999	0	0
15.7079999999996	8.18100000000049	22.7659999999996	0	0
6.54600000000028	1.88600000000042	9.79700000000048	0	0
16.0920000000006	7.36700000000019	21.6589999999997	0	0
16.4989999999998	7.1869999999999	22.6700000000001	0	0
14.393	4.05599999999959	21.0609999999997	0	0
6.86500000000069	2.09600000000046	10.9470000000001	0	0
7.10000000000036	3.22499999999945	11.0300000000007	0	0
17.9679999999998	10.558	23.9140000000007	0	0
12.6170000000002	2.98700000000008	18.2579999999998	0	0
12.009	3.8119999999999	17.6779999999999	0	0
16.5279999999993	8.28899999999976	23.1920000000009	0	0
14.2479999999996	9.43000000000029	19.5680000000011	0	0
8.125	4.79700000000048	11.5249999999996	0	0
18.2860000000001	11.5819999999994	25.7209999999995	0	0
16.2889999999998	8.23499999999967	24.6509999999998	0	0
7.01200000000063	3.05100000000039	11.1629999999986	0	0
7.32600000000002	3.35399999999936	12.1619999999984	0	0
13.5649999999996	5.76399999999921	20.4079999999994	0	0
10.2250000000004	8.55200000000059	11.8079999999991	0	0
16.8829999999998	8.33999999999924	21.8410000000003	0	0
9.11599999999999	6.28300000000036	13.0490000000009	0	0
11.9990000000007	5	18.2690000000002	0	0
14.3700000000008	15.1750000000002	16.0120000000006	0	0
9.13299999999981	7.60300000000007	11.0489999999991	0	0
9.44599999999991	6.11200000000008	13.3459999999995	0	0
15.7690000000002	9.13200000000052	23.6970000000001	0	0
11.2060000000001	3.08899999999994	18.7459999999992	0	0
12.3639999999996	4.16499999999996	18.1829999999991	0	0
16.9630000000016	10.2860000000001	24.2250000000004	0	0
17.4879999999994	9.10300000000007	22.0439999999999	0	0
11.9330000000009	2.57499999999982	18.5569999999989	0	0
6.91900000000169	2.65499999999975	10.2910000000011	0	0
6.98199999999997	1.08600000000024	10.2979999999989	0	0
12.4529999999995	5.77800000000025	16.3289999999997	0	0
15.8780000000006	6.50500000000011	23.9530000000013	0	0
7.89199999999983	2.32400000000052	9.5679999999993	0	0
15.0910000000003	7.67999999999938	23.3209999999999	0	0
7.58699999999953	3.07700000000023	9.97699999999895	0	0
6.28100000000086	1.04299999999967	9.19800000000032	0	0
14.3619999999992	4.13799999999992	19.3220000000001	0	0
14.9609999999993	4.26000000000022	22.0040000000008	0	0
18.7379999999994	13.1999999999998	24.503999999999	0	0
8.33199999999852	4.63300000000072	11.1169999999984	0	0
17.866	14.3490000000002	22.4440000000013	0	0
12.9179999999997	5.90399999999954	18.985999999999	0	0
7.15799999999945	1.55299999999988	9.94800000000032	0	0
7.89700000000084	4.57300000000032	13.8389999999999	0	0
7.28299999999945	2.56600000000071	11.2649999999994	0	0
10.8720000000012	10.616	12.5560000000005	0	0
17.1959999999999	9.43199999999979	23.5679999999993	0	0
7.07600000000093	2.78700000000026	11.1100000000006	0	0
13.3299999999999	7.42199999999957	19.5730000000003	0	0
16.4169999999995	11.7560000000003	22.723	0	0
16.9629999999997	9.16100000000006	26.0950000000012	0	0
12.4840000000004	6.13000000000011	19.7819999999992	0	0
6.96299999999974	1.9340000000002	11.7929999999997	0	0
16.2749999999996	9.09100000000035	22.7839999999997	0	0
14.5100000000002	6.19599999999991	20.5749999999989	0	0
12.0069999999996	3.52700000000004	15.1509999999998	0	0
15.9349999999995	10.4829999999993	23.5300000000007	0	0
6.34100000000035	1.5010000000002	11.2480000000014	0	0
8.5010000000002	5.16700000000037	13.871000000001	0	0
15.018	7.05600000000049	21.2530000000006	0	0
15.5489999999991	6.66600000000017	21.2889999999989	0	0
18.491	13.201	23.8180000000011	0	0
18.8299999999999	13.0989999999993	25.1479999999992	0	0
16.018	7.31800000000021	22.7049999999999	0	0
9.05600000000049	5.8179999999993	12.0489999999991	0	0
15.1679999999997	5.33500000000004	22.6640000000007	0	0
9.20800000000054	6.57400000000052	12.4170000000013	0	0
8.04600000000028	4.04899999999998	11.2019999999993	0	0
16.5910000000003	10.0959999999995	22.866	0	0
9.2390000000014	6.61200000000008	11.7379999999994	0	0
7.79199999999946	4.45700000000033	11.8449999999993	0	0
7.73600000000079	3.97400000000016	12.6839999999993	0	0
16.5130000000008	7.56999999999971	25.0100000000002	0	0
17.1850000000013	13.9979999999996	21.1740000000009	0	0
11.8350000000009	9.74399999999969	14.1980000000003	0	0
16.5879999999997	9.85300000000007	24.741	0	0
11.9259999999995	5.41600000000017	17.5339999999997	0	0
7.80400000000009	3.47400000000016	11.3089999999993	0	0
11.6830000000009	4.68900000000031	16.0310000000009	0	0
12.7109999999993	6.17800000000079	19.6329999999998	0	0
6.45099999999911	1.18299999999999	8.29399999999987	0	0
7.03100000000086	2.02899999999954	10.2939999999999	0	0
11.8009999999995	3.29299999999967	19.1470000000008	0	0
9.01399999999921	6.63799999999992	11.6550000000007	0	0
12.9120000000003	11.9490000000005	16.3960000000006	0	0
15.5570000000007	5.27900000000045	21.6170000000002	0	0
18.9659999999985	13.9679999999998	25.393	0	0
14.1000000000004	6.82299999999941	17.4869999999992	0	0
6.69200000000092	2.10199999999986	9.52700000000004	0	0
11.6830000000009	2.1869999999999	18.8599999999988	0	0
19.4899999999998	14.3990000000003	27.6959999999999	0	0
19.1759999999995	13.7979999999998	25.125	0	0
6.72199999999975	1.52700000000004	10.4309999999987	0	0
6.36700000000019	1.05199999999968	10.3089999999993	0	0
13.1090000000004	6.1880000000001	22.2340000000004	0	0
17.7330000000002	9.84200000000055	24.1930000000011	0	0
7.51800000000003	3.625	9.97299999999996	0	0
15.853000000001	7.14999999999964	22.389000000001	0	0
15.893	8.09199999999964	24.4869999999992	0	0
15.5920000000006	5.55600000000049	24.3119999999999	0	0
6.44900000000052	1.1880000000001	9.36199999999917	0	0
15.5220000000008	6.71799999999985	21.2139999999999	0	0
6.08400000000074	0.809999999999491	9.54699999999866	0	0
13.7089999999989	3.08200000000033	19.8190000000013	0	0
20.3720000000012	15.5870000000004	26.2960000000003	0	0
7.51300000000083	4.12899999999991	10.393	0	0
14.5159999999996	3.98700000000008	21.3490000000002	0	0
15.5950000000012	7.31700000000001	21.268	0	0
11.0760000000009	2.68599999999969	16.8649999999998	0	0
6.92699999999968	1.03899999999976	11.0130000000008	0	0
11.2939999999999	3.43099999999959	17.6369999999988	0	0
6.18499999999949	0.744999999999891	8.54099999999926	0	0
9.31599999999889	4.94900000000052	12.4239999999991	0	0
6.82300000000032	1.78399999999965	11.2569999999996	0	0
12.9879999999994	6.00999999999931	17.8140000000003	0	0
9.68899999999849	8.59100000000035	13.768	0	0
11.9499999999989	3.86899999999969	18.4089999999997	0	0
15.6939999999995	7.03700000000026	23.2250000000004	0	0
7.77299999999923	4.42700000000059	11.0560000000005	0	0
7.65099999999984	3.94500000000062	12.9010000000017	0	0
13.7200000000012	6.90099999999984	21.402	0	0
11.6039999999994	3.39599999999973	18.0209999999988	0	0
14.759	9.06700000000001	17.9740000000002	0	0
21.1689999999999	16.0370000000003	25.0819999999985	0	0
7.14600000000064	3.03499999999985	10.1669999999995	0	0
18.110999999999	11.3690000000006	24.9739999999983	0	0
6.4380000000001	1.93099999999959	9.34699999999975	0	0
15.3760000000002	8.90999999999985	21.871000000001	0	0
12.5320000000011	6.21799999999985	18.6949999999997	0	0
15.6610000000001	5.32100000000082	22.1650000000009	0	0
8.52099999999882	4.44300000000021	12.4560000000001	0	0
8.67000000000007	6.29200000000037	12.5670000000009	0	0
7.89700000000084	4.05500000000029	12.5079999999998	0	0
16.1710000000003	5.90999999999985	23.6669999999995	0	0
6.38500000000022	1.53200000000015	7.42000000000007	0	0
15.848	9.29700000000048	23.3819999999996	0	0
9.02800000000025	6.63999999999942	11.4260000000013	0	0
16.018	10.1970000000001	19.9079999999994	0	0
9.3739999999998	6.94200000000001	12.3909999999996	0	0
14.7060000000001	5.98399999999947	18.9099999999999	0	0
16.1800000000003	7.26900000000023	23.991	0	0
9.0739999999987	7.27900000000045	13.1659999999993	0	0
9.375	6.00700000000052	12.482	0	0
7.23700000000099	3.35899999999947	9.79000000000087	0	0
13.8070000000007	3.7559999999994	21.8070000000007	0	0
12.3410000000003	3.61799999999948	19.7929999999997	0	0
15.8089999999993	7.43299999999999	22.7920000000013	0	0
25.6100000000006	26.1949999999997	27.9330000000009	0	0
6.98500000000058	2.06700000000001	11.2649999999994	0	0
7.46099999999933	5.10699999999997	11.1080000000002	0	0
12.4989999999998	3.92000000000007	19.0879999999997	0	0
12.7060000000001	4.74499999999989	20.2559999999994	0	0
8.62800000000061	5.90000000000055	13.0799999999999	0	0
6.48500000000058	0.837999999999738	9.78800000000047	0	0
14.5540000000001	3.66499999999996	22.0649999999987	0	0
8.76699999999983	6.07000000000062	11.4419999999991	0	0
17.9869999999992	11.0880000000006	23.9349999999995	0	0
7.77800000000025	5.48000000000047	11.4670000000006	0	0
8.48099999999977	6.01400000000012	12.094000000001	0	0
10.491	9.05599999999959	12.5749999999989	0	0
11.8770000000004	4.3159999999998	16.2049999999999	0	0
19.0669999999991	11.5620000000008	26.375	0	0
7.59299999999894	5.07600000000002	10.5869999999995	0	0
15.9310000000005	7.70100000000002	23.3040000000001	0	0
6.29199999999946	0.948999999999614	9.70899999999892	0	0
8.44700000000012	4.65099999999984	12.4580000000005	0	0
6.39799999999923	2.22400000000016	10.3539999999994	0	0
7.51000000000022	1.86599999999999	10.6929999999993	0	0
6.23400000000038	0.807000000000698	9.71799999999894	0	0
14.1260000000002	7.58799999999974	20.6209999999992	0	0
17.9140000000007	11.2160000000003	25.3150000000005	0	0
13.2069999999985	6.76800000000003	20.3919999999998	0	0
15.5810000000001	6.76600000000053	23.1849999999995	0	0
7.07799999999952	2.6899999999996	10.7130000000016	0	0
7.40500000000065	3.6239999999998	11.2780000000002	0	0
9.21300000000156	5.83500000000004	12.7950000000001	0	0
17.6599999999999	8.63200000000052	24.7860000000001	0	0
24.353000000001	22.5369999999994	28.6879999999983	0	0
13.3189999999995	2.05600000000049	20.4830000000002	0	0
11.9130000000005	3.97600000000057	17.9130000000005	0	0
6.8799999999992	3.07700000000023	10.7580000000016	0	0
14.7600000000002	4.10999999999967	21.2699999999968	0	0
14.5110000000004	5.77800000000025	21.599000000002	0	0
6.35800000000017	1.21999999999935	9.84800000000178	0	0
14.3400000000001	4.20200000000023	22.7639999999992	0	0
6.73099999999977	1.29099999999926	10.4830000000002	0	0
13.4830000000002	7.45299999999952	18.1039999999994	0	0
15.902	7.45799999999963	22.8289999999979	0	0
6.78700000000026	1.0630000000001	10.9209999999985	0	0
15.8790000000008	9.55499999999938	20.3000000000029	0	0
14.512999999999	9.34299999999985	19.8479999999981	0	0
14.8770000000004	9.9340000000002	20.8770000000004	0	0
12.4979999999996	4.51199999999972	18.1539999999986	0	0
15.280999999999	7.23300000000017	22.9030000000021	0	0
18.4600000000009	11.6230000000005	25.7740000000013	0	0
14.9899999999998	5.89500000000044	20.5370000000003	0	0
15.6419999999998	6.82200000000012	23.0329999999994	0	0
6.22799999999916	0.881999999999607	8.56700000000274	0	0
12.8089999999993	4.35999999999967	18.5009999999966	0	0
12.3909999999996	4.43000000000029	19.6709999999985	0	0
19.8130000000001	14.415	23.1649999999972	0	0
12.3400000000001	5.81800000000021	17.6440000000002	0	0
12.1389999999992	4.47800000000007	19.6180000000022	0	0
17.5380000000005	10.951	23.0920000000006	0	0
7.80599999999868	3.83099999999922	11.7360000000008	0	0
7.23199999999997	3.03099999999995	11.6219999999994	0	0
16.8359999999993	9.96200000000044	24.018	0	0
7.20100000000093	2.80799999999999	10.3810000000012	0	0
16.9800000000014	8.40000000000055	25.3209999999999	0	0
11.0570000000007	8.6850000000004	13.2460000000028	0	0
10.1389999999992	8.74399999999969	13.8859999999986	0	0
8.81499999999869	4.92600000000039	14.1239999999998	0	0
17.6180000000004	11.4230000000007	25.976999999999	0	0
7.96000000000095	2.92900000000009	11.8999999999978	0	0
8.39000000000124	7.25900000000001	11.2390000000014	0	0
7.22699999999895	2.15499999999975	11.6890000000021	0	0
17.1869999999999	9.4380000000001	26.4279999999999	0	0
14.4410000000007	4.01200000000063	21.2400000000016	0	0
15.9719999999998	6.06900000000041	23.0360000000001	0	0
9.34400000000096	6.66800000000057	12.1330000000016	0	0
20.0360000000001	15.7250000000004	26.8299999999981	0	0
7.23899999999958	3.75600000000031	11.4969999999994	0	0
15.3129999999983	5.19500000000062	22.5590000000011	0	0
13.6980000000003	6.84099999999944	20.650999999998	0	0
13.3150000000005	7.82400000000052	19.8960000000006	0	0
19.6750000000011	16.0009999999993	26.6389999999992	0	0
6.88200000000143	2.2470000000003	11.7340000000004	0	0
15.5900000000001	6.72800000000007	23.2220000000016	0	0
16.5409999999993	9.56899999999951	23.8410000000003	0	0
8.97700000000077	7.23399999999947	12.5910000000003	0	0
6.32999999999993	1.96700000000055	9.46800000000076	0	0
7.21100000000115	3.19999999999982	9.78599999999642	0	0
9.29900000000089	7.11899999999969	11.6270000000004	0	0
14.1419999999998	6.66700000000037	18.1959999999999	0	0
16.9789999999994	10.1940000000004	23.0240000000013	0	0
7.3650000000016	3.53799999999956	11.3150000000023	0	0
21.2109999999993	17.2460000000001	25.7880000000005	0	0
14.7759999999998	4.70399999999972	21.2390000000014	0	0
19.5479999999989	13.5920000000006	24.6980000000003	0	0
7.53700000000026	3.10400000000027	11.3629999999976	0	0
12.8330000000005	4.66300000000047	20.1009999999987	0	0
15.1540000000005	5.90800000000036	22.3090000000011	0	0
14.6320000000014	4.52500000000055	24.0239999999976	0	0
12.6329999999998	5.32600000000002	18.6740000000027	0	0
16.0810000000001	12.0839999999998	21.2059999999983	0	0
13.6039999999994	5.85599999999977	20.8099999999977	0	0
7.70800000000054	4.60999999999967	11.3109999999979	0	0
11.8010000000013	3.34200000000055	19.9799999999996	0	0
15.8639999999996	5.92099999999937	24.0279999999984	0	0
18.3320000000003	11.2539999999999	26.2609999999986	0	0
13.4470000000001	2.86700000000019	23.5999999999985	0	0
15.384	7.81899999999951	22.7089999999989	0	0
21.2209999999995	15.1309999999994	28.773000000001	0	0
16.3700000000008	7.46300000000065	24.1309999999976	0	0
8.13900000000103	4.20800000000054	11.6779999999999	0	0
8.69400000000132	5.3779999999997	12.9120000000003	0	0
17.7219999999998	8.95500000000084	24.732	0	0
16.6769999999997	9.97099999999955	25.2870000000003	0	0
13.9689999999991	8.34400000000005	18.7200000000012	0	0
15.1730000000007	6.82700000000023	23.1289999999972	0	0
6.79600000000028	2.79700000000048	11.226999999999	0	0
6.95499999999993	0.743999999999687	10.288999999997	0	0
6.77800000000025	1.99499999999989	10.1990000000005	0	0
7.95299999999952	3.95399999999972	11.7089999999989	0	0
8.29700000000048	5.33899999999994	10.8729999999996	0	0
18.2870000000003	12.174	25.3120000000017	0	0
7.375	1.60400000000027	12.8310000000019	0	0
11.9309999999987	4.35999999999967	18.3140000000021	0	0
7.15999999999985	1.96000000000004	11.2969999999987	0	0
6.92300000000068	2.06999999999971	10.3770000000004	0	0
15.625	6.28799999999956	21.7999999999993	0	0
12.1090000000004	3.77700000000004	15.4470000000001	0	0
6.15400000000045	0.846000000000458	8.18000000000029	0	0
12.0239999999994	4.07099999999991	17.5550000000003	0	0
8.69599999999991	4.01599999999962	11.719000000001	0	0
12.3060000000005	5.72999999999956	16.8060000000005	0	0
7.65999999999985	4.83400000000074	10.762999999999	0	0
15.1630000000005	4.34400000000005	21.005000000001	0	0
7.57999999999993	3.00600000000031	11.0969999999979	0	0
7.35599999999977	1.6850000000004	12.2350000000006	0	0
16.8360000000011	9.36300000000028	25.0010000000002	0	0
15.8559999999998	9.26900000000023	21.7830000000031	0	0
6.37799999999879	1.2529999999997	9.63900000000285	0	0
7.29099999999926	1.69300000000021	11.5049999999974	0	0
6.79500000000007	1.87100000000009	9.66800000000148	0	0
13.9660000000003	7.58399999999983	19.4379999999983	0	0
15.902	7.24299999999948	24.8369999999995	0	0
12.9070000000011	6.83399999999983	18.1919999999991	0	0
13.7900000000009	7.69700000000012	20.2070000000022	0	0
16.3989999999994	8.68900000000031	23.7129999999997	0	0
19.735999999999	12.4300000000003	25.4849999999969	0	0
17.5020000000004	9.86599999999999	21.9900000000016	0	0
6.86699999999837	1.77499999999964	10.5679999999993	0	0
12.1050000000014	3.17099999999937	17.9499999999971	0	0
8.59000000000015	6.53899999999976	11.1690000000017	0	0
14.1540000000005	7.9399999999996	18.5449999999983	0	0
12.9639999999999	5.89900000000034	17.0360000000001	0	0
13.8379999999997	6.93100000000049	18.5070000000014	0	0
7.38799999999901	3.44799999999941	9.91000000000349	0	0
7.55000000000109	2.33800000000065	8.13899999999921	0	0
15.491	7.71699999999964	17.8460000000014	0	0
6.08200000000033	1.01699999999983	6.97099999999773	0	0
7.29899999999907	2.4989999999998	8.47899999999936	0	0
6.31999999999971	1.36999999999989	8.36000000000058	0	0
14.7979999999989	4.625	18.6310000000012	0	0
12.7860000000001	4.82999999999993	14.7639999999992	0	0
11.4220000000005	1.72099999999955	14.5699999999997	0	0
6.23300000000017	0.9399999999996	7.64500000000044	0	0
15.9389999999985	7.53499999999985	17.3689999999988	0	0
6.46500000000015	1.37100000000009	6.83799999999974	0	0
6.52999999999884	1.28200000000015	6.86000000000058	0	0
12.6509999999998	5.39000000000033	12.9520000000011	0	0
14.9879999999994	5.1899999999996	14.1700000000019	0	0
14.5499999999993	3.50500000000011	13.7429999999986	0	0
6.69399999999951	2.61200000000008	6.45300000000134	0	0
7.0669999999991	2.16600000000017	6.76499999999942	0	0
6.3080000000009	1.77999999999975	5.95899999999892	0	0
7.10499999999956	2.02400000000034	6.90100000000166	0	0
6.44099999999889	1.45600000000013	6.46600000000035	0	0
11.1099999999988	2.47199999999975	10.6880000000019	0	0
11.9920000000002	2.92399999999998	11.2150000000001	0	0
12.0480000000007	3.24099999999999	11.9369999999981	0	0
11.0700000000015	2.19400000000041	10.4209999999985	0	0
6.40400000000045	1.22699999999986	6.55199999999968	0	0
7.36800000000039	2.62899999999991	7.13300000000163	0	0
6.18599999999969	0.990000000000691	5.40699999999924	0	0
11.2160000000003	2.48000000000047	11.0640000000021	0	0
11.5990000000002	3.11499999999978	11.005000000001	0	0
14.3990000000013	3.46500000000015	13.9459999999999	0	0
13.9189999999999	2.76299999999992	13.3090000000011	0	0
14.4170000000013	3.39399999999932	13.7649999999994	0	0
6.53700000000026	1.73399999999947	6.09299999999712	0	0
12.9700000000012	5.45399999999972	11.505000000001	0	0
6.06499999999869	0.96100000000024	5.83899999999994	0	0
11.0959999999995	2.66300000000047	10.0290000000023	0	0
6.42200000000048	0.786999999999352	6.52500000000146	0	0
12.0360000000001	3.48500000000058	11.5479999999989	0	0
11.2459999999992	3.68299999999999	10.8590000000004	0	0
13.5499999999993	3.01500000000033	12.8500000000022	0	0
6.32099999999991	1.04400000000078	6.27499999999782	0	0
12.0779999999995	3.84899999999925	11.6169999999984	0	0
14.6790000000001	4.28499999999985	14.7469999999994	0	0
13.5830000000005	2.20400000000063	12.7059999999983	0	0
13.9450000000015	3.90200000000004	13.1779999999999	0	0
14.3319999999985	3.08899999999994	13.8990000000013	0	0
14.7000000000007	4.77099999999973	13.8459999999977	0	0
6.43400000000111	1.46699999999964	6.41500000000087	0	0
11.8329999999987	3.24600000000009	11.1630000000005	0	0
13.8670000000002	2.6909999999998	13.1949999999997	0	0
6.35000000000036	1.40099999999984	5.97899999999936	0	0
7.63199999999961	2.58100000000013	6.7510000000002	0	0
14.018	3.60499999999956	13.255000000001	0	0
6.39999999999964	1.44699999999921	5.96099999999933	0	0
11.9119999999984	3.18599999999969	10.8250000000007	0	0
6.70199999999932	1.85400000000027	6.26100000000224	0	0
6.16200000000026	0.729999999999563	6.02399999999761	0	0
14.0529999999999	3.21100000000024	12.7780000000021	0	0
6.35599999999977	1.03600000000006	6.26700000000346	0	0
6.88400000000001	1.58299999999963	6.520999999997	0	0
6.41799999999967	1.73700000000008	5.76699999999983	0	0
14.7980000000007	4.4989999999998	13.9050000000025	0	0
6.6239999999998	0.963999999999942	6.66799999999785	0	0
14.630000000001	3.43100000000049	13.9700000000012	0	0
6.20000000000073	1.48199999999997	5.89800000000105	0	0
13.5689999999995	4.11699999999928	12.8909999999996	0	0
6.23000000000138	1.11300000000119	5.85399999999936	0	0
10.9350000000013	2.47899999999936	10.6370000000024	0	0
14.3350000000009	4.10800000000017	13.8050000000003	0	0
13.8539999999994	3.1239999999998	13.3640000000014	0	0
13.8829999999998	2.56999999999971	13.4020000000019	0	0
12.732	4.5099999999984	12.1680000000015	0	0
6.5669999999991	1.03100000000086	5.9539999999979	0	0
6.90999999999985	1.49300000000039	7.13700000000244	0	0
15.0439999999999	4.66400000000067	14.7200000000012	0	0
7.02199999999903	2.07099999999991	6.87099999999919	0	0
6.75299999999879	1.19399999999951	6.62099999999919	0	0
12.0879999999997	3.32899999999972	11.6970000000001	0	0
11.8689999999988	2.61200000000099	11.7870000000003	0	0
6.67199999999866	1.65899999999965	6.00699999999779	0	0
15.0989999999983	5.2609999999986	14.1330000000016	0	0
6.76599999999962	1.82700000000114	5.98700000000099	0	0
13.0630000000001	3.30000000000109	13.2930000000015	0	0
15.4790000000012	6.36599999999999	14.4439999999995	0	0
7.27999999999884	2.16400000000067	6.52800000000207	0	0
15.1129999999994	5.94800000000032	14.474000000002	0	0
6.35499999999956	1.65100000000166	6.22799999999916	0	0
14.9040000000005	4.24299999999857	14.1110000000008	0	0
13.7399999999998	3.30599999999868	13.2079999999987	0	0
14.3259999999991	4.15299999999843	13.7819999999992	0	0
12.027	4.00300000000061	10.9929999999986	0	0
7.42200000000048	2.79099999999926	6.69100000000253	0	0
14.4079999999994	3.90599999999904	13.2059999999983	0	0
6.37199999999939	1.35000000000036	6.15299999999843	0	0
14.491	4.69100000000071	14.0590000000011	0	0
6.30799999999908	0.975999999998749	6.06200000000172	0	0
7.66799999999967	3.25400000000081	7.28099999999904	0	0
6.48599999999897	1.26599999999962	6.56100000000151	0	0
12.2949999999983	3.66500000000087	11.9359999999979	0	0
15.0159999999996	3.9479999999985	14.2989999999991	0	0
11.7579999999998	2.48400000000038	11.4580000000024	0	0
12.0550000000003	2.92199999999866	11.1569999999992	0	0
12.4179999999997	4.94700000000012	11.0400000000009	0	0
13.9359999999997	4.00300000000061	13.8559999999998	0	0
6.38299999999981	1.12199999999939	6.66100000000006	0	0
13.851999999999	3.09900000000016	12.9590000000026	0	0
11.3780000000006	2.15999999999985	10.9830000000002	0	0
14.6620000000003	3.24099999999999	13.885000000002	0	0
13.4429999999993	2.88000000000102	12.137999999999	0	0
13.518	3.85800000000017	11.7829999999994	0	0
14.1450000000004	2.78999999999905	12.4070000000029	0	0
6.0789999999979	1.5010000000002	5.54400000000169	0	0
13.6399999999994	3.45799999999872	12.0859999999993	0	0
11.75	3.46399999999994	10.3869999999988	0	0
6.37199999999939	1.42200000000048	5.56600000000253	0	0
7.05199999999968	1.59700000000157	6.31099999999788	0	0
14.2849999999999	3.85900000000038	13.0019999999968	0	0
6.40999999999985	1.50700000000143	5.73800000000119	0	0
13.9480000000003	3.36800000000039	12.4210000000021	0	0
6.58199999999852	0.720000000001164	5.87199999999939	0	0
14.3410000000003	3.58200000000033	12.1709999999985	0	0
14.6890000000021	3.42100000000028	12.8220000000001	0	0
11.3709999999992	2.4380000000001	10.257999999998	0	0
11.6820000000007	3.19700000000012	9.89700000000084	0	0
11.0579999999973	2.63800000000083	9.71000000000276	0	0
10.987000000001	2.79900000000089	9.79399999999805	0	0
13.0460000000021	2.37700000000041	11.3430000000008	0	0
6.51299999999901	1.02700000000004	5.71399999999994	0	0
14.4229999999989	3.58700000000135	11.8230000000003	0	0
14.0610000000015	3.03099999999904	11.8060000000005	0	0
14.1959999999999	2.73899999999958	11.6909999999989	0	0
6.11700000000201	0.923000000000684	5.23800000000119	0	0
13.5740000000005	2.73300000000017	11.4850000000006	0	0
10.7770000000019	2.38199999999961	9.10099999999875	0	0
6.80199999999968	1.11399999999958	5.68900000000212	0	0
14.2879999999968	2.89999999999964	11.8299999999981	0	0
6.17000000000189	0.960000000000946	5.21099999999933	0	0
6.69700000000012	0.942000000000917	5.70200000000114	0	0
6.29899999999907	0.960999999999331	5.32099999999991	0	0
7.16999999999825	1.01699999999983	6.23700000000099	0	0
6.1720000000023	1.01000000000022	5.25900000000183	0	0
11.1539999999986	1.83100000000013	9.42799999999988	0	0
11.119999999999	1.97800000000097	9.37299999999959	0	0
14.0859999999993	2.88600000000042	11.7860000000001	0	0
6.15799999999945	1.03800000000047	5.21999999999753	0	0
6.70800000000236	1.06400000000031	5.78999999999724	0	0
11.5159999999996	1.83200000000033	9.6919999999991	0	0
11.6690000000017	2.61399999999958	9.89500000000044	0	0
10.8169999999991	2.25200000000041	9.0460000000021	0	0
6.33300000000236	0.927999999999884	5.33500000000276	0	0
13.9680000000008	3.08499999999913	11.9260000000031	0	0
13.7799999999988	3.47900000000118	11.594000000001	0	0
13.3580000000002	2.64800000000105	11.2059999999983	0	0
11.0020000000004	1.92400000000089	9.3179999999993	0	0
6.11700000000201	0.97400000000016	5.17700000000332	0	0
11.2949999999983	1.86499999999978	9.47499999999854	0	0
11.1689999999981	2.06700000000092	9.42099999999846	0	0
11.280999999999	2.35000000000036	9.57800000000134	0	0
10.8960000000006	1.91899999999987	9.02200000000084	0	0
14.0930000000008	2.75299999999879	12.0360000000001	0	0
10.7209999999977	1.96199999999953	8.9539999999979	0	0
10.5969999999979	1.83300000000054	8.97899999999936	0	0
6.6919999999991	1.05199999999968	5.69099999999889	0	0
6.14399999999659	0.969999999999345	5.20700000000215	0	0
6.16100000000006	0.909999999999854	5.15899999999965	0	0
6.62699999999677	0.956000000000131	5.66800000000148	0	0
6.1359999999986	0.956999999998516	5.20000000000073	0	0
6.06000000000131	1.01599999999962	5.16899999999805	0	0
6.56199999999808	0.988999999999578	5.62299999999959	0	0
13.405999999999	2.46399999999994	11.2719999999972	0	0
6.21999999999753	1.25300000000061	5.26699999999983	0	0
14.2929999999978	3.42499999999927	11.5960000000014	0	0
6.57400000000052	1.10300000000097	5.66400000000067	0	0
6.00400000000081	1.33600000000115	5.54499999999825	0	0
14.0920000000006	2.58299999999872	12.1270000000004	0	0
6.63299999999799	1.00900000000001	5.67700000000332	0	0
11.5250000000015	2.22799999999916	9.67699999999968	0	0
11.132999999998	1.96899999999914	9.35799999999654	0	0
10.5839999999989	1.90799999999945	8.92499999999927	0	0
10.4060000000027	1.97199999999975	8.8080000000009	0	0
6.08499999999913	0.917999999999665	5.13899999999921	0	0
6.60699999999997	0.968000000000757	5.71900000000096	0	0
11.1980000000003	1.85200000000077	9.42399999999907	0	0
6.12700000000041	0.912000000000262	5.16899999999805	0	0
11.1219999999994	1.71700000000055	9.42099999999846	0	0
14.130000000001	2.98799999999937	11.8250000000007	0	0
14.875	2.84300000000076	12.4439999999995	0	0
13.2460000000028	2.63600000000042	11.2330000000002	0	0
6.26200000000244	1.00199999999859	5.32500000000073	0	0
11.8319999999985	2.18199999999888	9.73400000000038	0	0
6.56000000000131	1.02700000000004	5.70400000000154	0	0
10.7639999999992	1.96599999999853	9.02499999999782	0	0
13.2369999999974	2.70799999999872	10.8909999999996	0	0
11.2530000000006	1.92000000000007	9.47200000000157	0	0
6.77899999999863	1.30899999999929	5.8650000000016	0	0
14.5620000000017	3.21500000000015	12.0849999999991	0	0
6.11800000000221	1.35199999999895	5.46800000000076	0	0
11.2560000000012	1.99599999999919	9.34600000000137	0	0
14.8040000000001	3.62300000000141	12.1500000000015	0	0
11.5750000000007	2.01499999999942	9.76299999999901	0	0
13.7430000000022	2.62699999999859	11.6110000000008	0	0
6.29100000000108	0.988999999999578	5.33299999999872	0	0
13.7360000000008	2.81899999999951	11.2910000000011	0	0
6.56499999999869	1.30600000000049	5.72899999999936	0	0
6.91100000000006	0.945999999999913	6.04399999999805	0	0
6.13000000000102	1.06600000000071	5.39600000000064	0	0
6.19700000000012	1.02700000000004	5.21500000000015	0	0
11.3009999999995	2.15799999999945	9.62300000000323	0	0
15.1229999999996	4.03900000000067	12.5800000000017	0	0
14.1109999999971	2.85000000000036	11.612000000001	0	0
11.5299999999988	2.11299999999937	9.56100000000151	0	0
14.155999999999	2.70700000000033	11.7930000000015	0	0
6.17399999999907	0.97400000000016	5.23999999999796	0	0
11.400999999998	2.00400000000081	9.56300000000192	0	0
13.7480000000032	2.79199999999946	11.6320000000014	0	0
11.1419999999998	1.81400000000031	9.58300000000236	0	0
6.21500000000015	1.05899999999929	5.26399999999921	0	0
11.3469999999979	1.76200000000063	9.59300000000076	0	0
6.76299999999901	1.00799999999981	5.77000000000044	0	0
6.18799999999828	1.01399999999921	5.24200000000201	0	0
13.4759999999987	2.69100000000071	11.257999999998	0	0
6.61699999999837	0.990999999999985	5.62999999999738	0	0
6.42199999999866	1.01900000000023	5.3739999999998	0	0
11.1769999999997	1.97900000000118	9.36000000000058	0	0
13.9550000000017	2.82899999999972	11.6399999999994	0	0
11.3180000000029	2.34399999999914	9.68700000000172	0	0
6.16300000000047	1.18400000000111	5.27600000000166	0	0
13.5190000000002	2.90999999999985	11.2220000000016	0	0
10.7880000000005	2.10200000000077	9.03499999999985	0	0
14.2089999999989	3.17699999999968	11.9389999999985	0	0
6.82999999999811	1.2559999999994	5.97499999999854	0	0
14.1599999999999	3.03800000000047	11.7589999999982	0	0
13.9880000000012	2.90600000000086	11.744999999999	0	0
6.12700000000041	1.09600000000137	5.23600000000079	0	0
6.21600000000035	0.994000000000597	5.33199999999852	0	0
11.1990000000005	1.88400000000001	9.77300000000105	0	0
6.67099999999846	1.04399999999987	5.70599999999831	0	0
6.25500000000102	1.05999999999949	5.28299999999945	0	0
13.7970000000023	3.11100000000079	11.4969999999994	0	0
14.3580000000002	2.67499999999927	12.1549999999988	0	0
13.7870000000003	2.76400000000103	11.7220000000016	0	0
14.0950000000012	3.53499999999985	11.6479999999974	0	0
6.16799999999785	1.05399999999827	5.2019999999975	0	0
11.2540000000008	2.04100000000108	9.54099999999744	0	0
11.1719999999987	1.97099999999955	9.42799999999988	0	0
11.5400000000009	1.79799999999886	9.75300000000061	0	0
13.7830000000031	3.3700000000008	11.5	0	0
14.260000000002	3.04500000000007	11.744999999999	0	0
6.28499999999985	1.20099999999911	5.42499999999927	0	0
11.1129999999976	2.86599999999999	9.26599999999962	0	0
6.27600000000166	1.10499999999956	5.21800000000076	0	0
6.56000000000131	1.02199999999903	5.64199999999983	0	0
11.2129999999997	1.9940000000006	9.47100000000137	0	0
6.14300000000003	0.944999999999709	5.19399999999951	0	0
14.0279999999984	2.96900000000096	12.023000000001	0	0
11.1440000000002	2.23400000000038	9.23800000000119	0	0
13.1540000000023	3.02300000000105	11.0600000000013	0	0
13.1949999999997	3.17200000000048	11.0910000000003	0	0
14.5380000000005	3.26100000000042	11.9809999999998	0	0
13.8119999999981	3.20499999999993	11.7880000000005	0	0
11.4439999999995	1.85900000000038	9.49599999999919	0	0
10.9410000000025	2.11899999999878	9.39900000000125	0	0
6.22300000000178	1.30199999999968	5.32800000000134	0	0
10.8950000000004	2.03900000000067	9.01599999999962	0	0
11.2740000000013	2.07200000000012	9.4419999999991	0	0
6.58100000000195	0.96599999999853	5.66699999999764	0	0
6.13500000000204	0.918000000001484	5.20700000000215	0	0
13.4449999999997	2.46799999999894	11.1959999999999	0	0
11.3339999999989	2.32899999999972	9.52700000000186	0	0
11.3960000000006	2.38299999999981	9.2510000000002	0	0
6.23400000000038	1.28000000000065	5.14700000000084	0	0
14.382999999998	3.26599999999962	11.5450000000019	0	0
6.43600000000151	1.11199999999917	5.13299999999799	0	0
11.5169999999998	2.32899999999972	9.32399999999689	0	0
6.77300000000105	1.18500000000131	5.62299999999959	0	0
6.27800000000207	1.23700000000099	5.18000000000029	0	0
6.34000000000015	1.10599999999977	5.12700000000041	0	0
14.6910000000025	3.03999999999905	11.6519999999982	0	0
6.77499999999782	1.17499999999927	5.62800000000061	0	0
6.29400000000169	1.17799999999988	5.15899999999965	0	0
6.68100000000049	1.20600000000013	5.56000000000131	0	0
13.8439999999973	3.36000000000058	11.1830000000009	0	0
11.4060000000027	2.18500000000131	9.17900000000009	0	0
6.23999999999796	1.29800000000068	5.14800000000105	0	0
13.9840000000004	3.29199999999946	11.2469999999994	0	0
14.393	3.21100000000115	11.5190000000002	0	0
14.023000000001	3.28799999999865	11.2829999999994	0	0
11.5049999999974	2.29300000000148	9.33499999999913	0	0
6.36100000000079	1.1200000000008	5.15700000000288	0	0
6.2410000000018	1.28700000000026	5.14199999999983	0	0
14.0790000000015	3.34000000000015	11.3109999999979	0	0
6.78399999999965	1.18999999999869	5.61900000000242	0	0
6.27400000000125	1.21600000000035	5.14799999999741	0	0
13.9290000000001	3.24699999999939	11.0240000000013	0	0
14.0349999999999	3.20399999999972	11.1760000000031	0	0
14.4089999999997	3.25400000000081	11.4809999999998	0	0
6.41700000000128	1.10099999999875	5.15899999999965	0	0
11.5370000000003	2.38500000000022	9.39500000000044	0	0
6.38300000000163	1.14899999999943	5.14899999999761	0	0
6.72699999999895	1.16899999999987	5.58300000000236	0	0
14.507999999998	3.35199999999895	11.5210000000006	0	0
6.34000000000015	1.19700000000012	5.16400000000067	0	0
6.34300000000076	1.12299999999959	5.13799999999901	0	0
6.77900000000227	1.21600000000035	5.59899999999834	0	0
11.2939999999981	2.46399999999994	9.24500000000262	0	0
11.4250000000029	2.47099999999955	9.28600000000006	0	0
6.36099999999715	1.15200000000004	5.15600000000268	0	0
14.1980000000003	3.42100000000028	11.4519999999975	0	0
6.86300000000119	1.10399999999936	5.60900000000038	0	0
14.2849999999999	3.54500000000007	11.1800000000003	0	0
6.75499999999738	1.23999999999978	5.64099999999962	0	0
14.1859999999979	3.06999999999971	11.2280000000028	0	0
13.851999999999	3.40600000000086	11.1840000000011	0	0
6.3660000000018	1.17200000000048	5.1720000000023	0	0
14.4089999999997	3.22999999999956	11.4099999999999	0	0
6.86900000000242	1.08400000000074	5.60300000000279	0	0
11.4169999999976	2.37299999999959	9.31599999999889	0	0
14.104000000003	3.34599999999955	11.3830000000016	0	0
11.6539999999986	2.30999999999949	9.39899999999761	0	0
6.35599999999977	1.15999999999985	5.16300000000047	0	0
6.30299999999988	1.15099999999984	5.10599999999977	0	0
13.8500000000022	3.23099999999977	10.9860000000008	0	0
14.2580000000016	3.46299999999974	11.5289999999986	0	0
11.4989999999998	2.36000000000058	9.26399999999921	0	0
14.2669999999998	3.05500000000029	11.2719999999972	0	0
11.351999999999	2.33799999999974	9.2599999999984	0	0
11.523000000001	2.35099999999875	9.38500000000204	0	0
6.63799999999901	1.37700000000041	5.64500000000044	0	0
6.30400000000009	1.20299999999952	5.16500000000087	0	0
6.20000000000073	1.2510000000002	5.09799999999814	0	0
6.70899999999892	1.32699999999932	5.6339999999982	0	0
6.30199999999968	1.27099999999882	5.17399999999907	0	0
14.0939999999973	3.28099999999904	11.3359999999993	0	0
14.0439999999981	3.39300000000003	11.4150000000009	0	0
14.1829999999973	3.14099999999962	11.2910000000011	0	0
11.3820000000014	2.31400000000031	9.29100000000108	0	0
6.79200000000128	1.11299999999937	5.59700000000157	0	0
11.5220000000008	2.26499999999942	9.26499999999942	0	0
6.39800000000105	1.14000000000124	5.16800000000148	0	0
6.84000000000015	1.55500000000029	5.71900000000096	0	0
6.83799999999974	2.22999999999956	5.51399999999921	0	0
6.40299999999843	1.15700000000106	5.17599999999948	0	0
14.773000000001	3.37200000000121	11.9629999999997	0	0
14.5060000000012	3.1239999999998	11.5310000000027	0	0
6.76400000000285	1.17100000000028	5.60999999999694	0	0
6.38500000000204	1.09699999999975	5.16200000000026	0	0
11.3389999999999	2.29700000000048	9.18999999999869	0	0
