18.197	15.955	18.495	0	0
14.079	5.58	14.743	0	0
15.047	4.933	15.996	0	0
16.227	12.681	16.349	0	0
18.201	16.601	17.694	0	0
16.913	12.446	16.648	0	0
13.654	5.88799999999999	13.875	0	0
14.531	10.844	15.734	0	0
15.28	10.029	15.824	0	0
18.947	16.335	17.526	0	0
17.425	17.567	16.663	0	0
16.965	14.473	17.751	0	0
16.639	11.895	17.291	0	0
16.991	14.385	16.533	0	0
15.993	8.77300000000002	16.139	0	0
15.565	9.69100000000003	15.785	0	0
13.101	4.87699999999995	13.777	0	0
13.971	4.928	14.1569999999999	0	0
15.154	7.68099999999998	15.3489999999999	0	0
15.955	11.799	16.7819999999999	0	0
16.731	11.481	16.045	0	0
17.369	15.014	16.544	0	0
18.8159999999999	10.707	20.02	0	0
22.3149999999999	20.362	20.5169999999999	0	0
16.02	11.211	16.606	0	0
13.4880000000001	7.29199999999992	14.388	0	0
15.288	11.0319999999999	16.095	0	0
16.91	14.2280000000001	16.958	0	0
17.467	14.6410000000001	15.957	0	0
13.571	6.14400000000001	13.5999999999999	0	0
13.9930000000001	5.51199999999994	14.544	0	0
16.928	13.279	16.381	0	0
13.64	3.50399999999991	13.744	0	0
16.3530000000001	10.9390000000001	15.6949999999999	0	0
19.2539999999999	21.2280000000001	16.528	0	0
15.21	9.08799999999997	14.857	0	0
14.7080000000001	7.88	15.271	0	0
15.04	7.21500000000003	15.1130000000001	0	0
12.7169999999999	3.49699999999996	13.5309999999999	0	0
12.902	1.75400000000002	12.7909999999999	0	0
15.6210000000001	6.58299999999997	16.6890000000001	0	0
18.6289999999999	9.279	19.5340000000001	0	0
16.7060000000001	9.476	15.857	0	0
14.2769999999998	6.08600000000001	14.5230000000001	0	0
16.3969999999999	12.176	16.2040000000002	0	0
15.3780000000002	11.4119999999999	16.078	0	0
15.8140000000001	9.52800000000002	16.194	0	0
17.3500000000001	12.578	16.98	0	0
14.9079999999999	9.06899999999996	15.701	0	0
14.761	6.82900000000006	14.8280000000002	0	0
14.9779999999998	10.6970000000001	16.51	0	0
15.1859999999999	8.58300000000008	14.5819999999999	0	0
16.1120000000001	13.395	16.1009999999999	0	0
15.905	12.1859999999999	15.904	0	0
15.9850000000001	11.8489999999999	14.9849999999999	0	0
18.492	18.5260000000001	19.0639999999999	0	0
14.492	8.82899999999995	15.354	0	0
14.489	3.64499999999998	15.1770000000001	0	0
14.7339999999999	5.60400000000004	15.2460000000001	0	0
16.2139999999999	15.194	16.3150000000001	0	0
17.4870000000001	13.5629999999999	16.808	0	0
14.702	9.42399999999998	15.4019999999998	0	0
14.8440000000001	8.12800000000016	15.453	0	0
17.7180000000001	12.3919999999998	16.989	0	0
15.8799999999999	6.35899999999992	16.8009999999999	0	0
16.5070000000001	14.538	17.566	0	0
14.1570000000002	4.24800000000005	14.1900000000001	0	0
18.5550000000003	11.825	18.1810000000003	0	0
16.7619999999997	14.0720000000001	16.364	0	0
18.9900000000002	19.0619999999999	18.3020000000001	0	0
12.998	2.93599999999992	12.663	0	0
15.2550000000001	8.95299999999997	15.9059999999999	0	0
14.857	8.24900000000002	16.1490000000003	0	0
14.9859999999999	9.63100000000009	16.4010000000003	0	0
14.741	6.74700000000007	15.0299999999997	0	0
15.5140000000001	12.7800000000002	15.7660000000001	0	0
17.4780000000001	15.4469999999999	17.0889999999999	0	0
15.6459999999997	10.1219999999998	16.5740000000001	0	0
16.4839999999999	9.93700000000013	17.4400000000001	0	0
14.1320000000001	7.08600000000001	15.2539999999999	0	0
13.9649999999997	5.32400000000007	14.346	0	0
19.2380000000003	16.9190000000001	18.9770000000003	0	0
14.6779999999999	9.01300000000015	15.0970000000002	0	0
14.6990000000001	5.70100000000002	14.5370000000003	0	0
20.741	13.2649999999999	19.4719999999998	0	0
16.268	10.7729999999999	15.7539999999999	0	0
16.4649999999997	14.6090000000002	16.6580000000004	0	0
14.3179999999998	5.76999999999998	14.9870000000001	0	0
12.71	4.49700000000007	13.1559999999999	0	0
19.366	17.0889999999999	16.3000000000002	0	0
15.3179999999998	5.98299999999995	14.8720000000003	0	0
15.7870000000003	13.2919999999999	16.6529999999998	0	0
15.6599999999999	14.7739999999999	15.3179999999998	0	0
14.4539999999997	3.85399999999981	14.6660000000002	0	0
14.183	5.37999999999988	14.9250000000002	0	0
13.4409999999998	3.66600000000017	13.5439999999999	0	0
14.6210000000001	9.31699999999978	15.3340000000003	0	0
19.0709999999999	18.402	19.3229999999999	0	0
16.6489999999999	12.4400000000001	16.8199999999997	0	0
15.3349999999996	9.54999999999995	16.2540000000004	0	0
19.3989999999999	18.463	18.8090000000002	0	0
15.8020000000001	10.2939999999999	16.4290000000001	0	0
16.0619999999999	12.2260000000001	15.4780000000001	0	0
13.7350000000001	7.34999999999991	13.9700000000003	0	0
16.4560000000001	12.489	15.8510000000001	0	0
15.2080000000001	7.41699999999992	15.3820000000001	0	0
14.4520000000002	8.04599999999982	15.6460000000002	0	0
13.5099999999998	5.29899999999998	14.8099999999999	0	0
14.7130000000002	4.58000000000038	14.8090000000002	0	0
18.4319999999998	16.9059999999999	17.6199999999999	0	0
16.9140000000002	8.11900000000014	17.808	0	0
18.2219999999998	17.4850000000001	15.9679999999998	0	0
18.027	13.2260000000001	18.087	0	0
14.0409999999997	8.36799999999994	14.777	0	0
17.1590000000001	13.7069999999999	16.6320000000001	0	0
16.2649999999999	13.951	15.8710000000001	0	0
15.6029999999996	10.3029999999999	16.3049999999998	0	0
15.761	6.90299999999979	16.2450000000003	0	0
13.4939999999997	5.87299999999959	14.4960000000001	0	0
17.692	16.7080000000001	17.1969999999997	0	0
14.6870000000004	5.5949999999998	15.2440000000001	0	0
15.3010000000004	7.67399999999998	14.9519999999998	0	0
15.607	9.37300000000005	15.5889999999999	0	0
15.297	9.59400000000005	16.3670000000002	0	0
15.1660000000002	9.20899999999983	15.223	0	0
12.5550000000003	4.85199999999986	13.6210000000001	0	0
15.482	7.09400000000005	15.011	0	0
17.9400000000001	11.2159999999999	18.712	0	0
15.6170000000002	11.5039999999999	16.6210000000001	0	0
16.8340000000003	13.1709999999998	16.5220000000004	0	0
15.4519999999998	11.0439999999999	15.4929999999999	0	0
12.5080000000003	3.79299999999967	12.7760000000003	0	0
13.7980000000002	4.66400000000021	14.5010000000002	0	0
22.038	21.123	18.884	0	0
15.0050000000001	8.86499999999978	15.9879999999998	0	0
18.808	14.5329999999999	17.8609999999999	0	0
14.9290000000001	8.79700000000003	15.692	0	0
20.2829999999994	21.46	17.2700000000004	0	0
16.4669999999996	12.4490000000001	16.0599999999995	0	0
16.1199999999999	12.1320000000001	16.3429999999998	0	0
14.451	9.31500000000005	14.9269999999997	0	0
16.8670000000002	12.6239999999998	16.8360000000002	0	0
14.8149999999996	8.0029999999997	15.4619999999995	0	0
17.3889999999992	15.5599999999999	16.1360000000004	0	0
19.4179999999997	19.8310000000001	17.5039999999999	0	0
16.5219999999999	14.2910000000002	15.2659999999996	0	0
14.7200000000003	8.46799999999985	14.2959999999994	0	0
15.2880000000005	7.45499999999993	15.5689999999995	0	0
15.357	13.2670000000003	15.4549999999999	0	0
15.2000000000007	9.86400000000003	15.4709999999995	0	0
16.8220000000001	12.741	17.549	0	0
14.4579999999996	6.33799999999974	15.3940000000002	0	0
13.4830000000002	4.12199999999984	14.049	0	0
14.0720000000001	6.28800000000001	15.049	0	0
15.0280000000002	8.82400000000007	15.7380000000003	0	0
19.6120000000001	15.1610000000001	19.259	0	0
16.7999999999993	16.3379999999997	15.0900000000001	0	0
14.5560000000005	6.17200000000003	14.8800000000001	0	0
14.9809999999998	9.7489999999998	15.8149999999996	0	0
14.6409999999996	10.3539999999998	15.9039999999995	0	0
12.6099999999997	3.42500000000018	13.6059999999998	0	0
14.799	7.90499999999975	14.8969999999999	0	0
16.4409999999998	11.6010000000001	17.0540000000001	0	0
17.8519999999999	15.3290000000002	17.8680000000004	0	0
17.7870000000003	15.6240000000003	16.9459999999999	0	0
17.067	15.1579999999999	17.2030000000004	0	0
12.2129999999997	3.13100000000031	12.317	0	0
13.277	4.75600000000031	13.7750000000005	0	0
18.2799999999997	15.3319999999999	16.0159999999996	0	0
14.0070000000005	4.9699999999998	14.4290000000001	0	0
13.9920000000002	6.57899999999972	14.3299999999999	0	0
17.0550000000003	13.3890000000001	17.7609999999995	0	0
17.0650000000005	8.00199999999995	17.6419999999998	0	0
16.7299999999996	14.6320000000001	17.7349999999997	0	0
13.6859999999997	5.47000000000025	14.3229999999994	0	0
15.2640000000001	10.027	15.9990000000007	0	0
14.8910000000005	8.07200000000012	14.1959999999999	0	0
17.2479999999996	11.8140000000003	17.5619999999999	0	0
14.9399999999996	7.00699999999961	15.5379999999996	0	0
15.1059999999998	6.57099999999991	15.5570000000007	0	0
15.5879999999997	7.06400000000031	16.6599999999999	0	0
16.165	11.0929999999998	15.5020000000004	0	0
13.9470000000001	4.65299999999979	13.8589999999995	0	0
21.6049999999996	21.1509999999998	19.6679999999997	0	0
15.4769999999999	11.2950000000001	15.8459999999995	0	0
14.2629999999999	5.654	14.2060000000001	0	0
16.473	12.9609999999998	16.6869999999999	0	0
18.4849999999997	16.721	18.2530000000006	0	0
15.4359999999997	10.0239999999999	16.1239999999998	0	0
15.7189999999991	9.16599999999971	16.2839999999997	0	0
15.4610000000002	10.567	15.8550000000005	0	0
14.3040000000001	5.74499999999989	15.0779999999995	0	0
15.5789999999997	12.578	15.5920000000006	0	0
17.0020000000004	13.6320000000001	17.5279999999993	0	0
15.1270000000004	6.44000000000005	15.1220000000003	0	0
16.0439999999999	10.7190000000001	16.8119999999999	0	0
15.6409999999996	10.4090000000001	15.652	0	0
14.6130000000003	7.57899999999972	14.7630000000008	0	0
15.9009999999998	12.9470000000001	15.8299999999999	0	0
16.7309999999998	10.6750000000002	17.0649999999996	0	0
14.2659999999996	8.18099999999959	14.8810000000003	0	0
14.7190000000001	5.69399999999996	15.2650000000003	0	0
15.29	10.232	16.0610000000006	0	0
15.9529999999995	12.1880000000001	17.0330000000004	0	0
15.5860000000002	4.26999999999998	15.8310000000001	0	0
14.9490000000005	7.04299999999967	15.8680000000004	0	0
16.0150000000003	14.9690000000001	17.0169999999998	0	0
14.2280000000001	3.46799999999985	13.4160000000002	0	0
14.4839999999995	7.41399999999976	15.1550000000007	0	0
16.1060000000007	12.4099999999999	16.8470000000007	0	0
18.2089999999998	15.6899999999996	17.2759999999998	0	0
13.5880000000006	6.90899999999965	14.277	0	0
13.8969999999999	7.54200000000037	14.2629999999999	0	0
16.4209999999994	11.3230000000003	16.9399999999996	0	0
15.2969999999996	11.5429999999997	15.2769999999991	0	0
17.0150000000003	13.5780000000004	15.7809999999999	0	0
16.6989999999996	13.8239999999996	17.25	0	0
18.1539999999995	16.2289999999994	16.7579999999998	0	0
14.8299999999999	10.6909999999998	15.4629999999997	0	0
15.2460000000001	9.8110000000006	15.049	0	0
14.8380000000006	5.72500000000036	15.2380000000003	0	0
15.3540000000003	9.67700000000059	15.0309999999999	0	0
16.1379999999999	11.1760000000004	14.8360000000002	0	0
15.308	11.7740000000003	16.1710000000003	0	0
16.5350000000008	12.7920000000004	16.9400000000005	0	0
14.0929999999998	6.84400000000005	13.7960000000003	0	0
16.3490000000002	10.6820000000007	16.6410000000005	0	0
14.8090000000002	11.8189999999995	16.3150000000005	0	0
15.6490000000003	11.3019999999997	16.0449999999992	0	0
18.1350000000002	17.4119999999994	16.3829999999998	0	0
15.085	6.89199999999983	14.433	0	0
14.9009999999998	8.92299999999977	15.1710000000003	0	0
16.3799999999992	12.3339999999998	16.5619999999999	0	0
14.8779999999997	10.018	14.7719999999999	0	0
15.8760000000002	9.63200000000052	16.4630000000006	0	0
16.6209999999992	12.9250000000002	15.942	0	0
15.6189999999997	11.7370000000001	14.8220000000001	0	0
15.6729999999998	12.5870000000004	16.9449999999997	0	0
18.8819999999996	8.61899999999969	19.2200000000003	0	0
15.6540000000005	10.4759999999997	15.9390000000003	0	0
14.6859999999997	7.60500000000047	16.3620000000001	0	0
16.4880000000003	12.2839999999997	16.2969999999996	0	0
13.9989999999998	4.46900000000005	14.0290000000005	0	0
13.3070000000007	4.92500000000018	14.0570000000007	0	0
16.2210000000005	8.98999999999978	16.5889999999999	0	0
17.3440000000001	13.5960000000005	16.2159999999994	0	0
16.3729999999996	12.9720000000007	16.5739999999996	0	0
13.8830000000007	3.78799999999956	13.3339999999998	0	0
13.1140000000005	1.93599999999969	13.0659999999998	0	0
12.8109999999997	3.58200000000033	13.2570000000005	0	0
15.1360000000004	6.8119999999999	15.348	0	0
13.4830000000002	5.48099999999977	14.0569999999998	0	0
16.6419999999998	12.0799999999999	16.6200000000008	0	0
13.9480000000003	5.50699999999961	14.3150000000005	0	0
15.5770000000002	10.3499999999995	16.9429999999993	0	0
15.1800000000003	8.32999999999993	15.2489999999998	0	0
14.7470000000003	7.57099999999991	14.7520000000004	0	0
14.7160000000003	8.07200000000012	15.5869999999995	0	0
17.9369999999999	15.7920000000004	19.2190000000001	0	0
15.1770000000006	9.38000000000011	15.9450000000006	0	0
20.2960000000003	15.8149999999996	21.2909999999993	0	0
15.0339999999997	10.384	16.2889999999998	0	0
13.2920000000004	3.67699999999968	12.0999999999995	0	0
17.1380000000008	15.5869999999995	16.018	0	0
15.4410000000007	10.348	16.451	0	0
16.2290000000003	11.5149999999994	16.4799999999996	0	0
16.3730000000005	12.2230000000009	15.3850000000002	0	0
14.049	6.76999999999953	15.0169999999998	0	0
15.2860000000001	9.33399999999983	16.0830000000005	0	0
12.8249999999998	4.80199999999968	13.4690000000001	0	0
14.6529999999993	6.51199999999972	15.6619999999994	0	0
15.0699999999997	8.98799999999937	15.5749999999998	0	0
15.116	9.98300000000017	16.3160000000007	0	0
16.2080000000005	10.0200000000004	16.6759999999995	0	0
17.0390000000007	15.6289999999999	16.5899999999983	0	0
18.0830000000005	17.6700000000001	17.2569999999996	0	0
16.6919999999991	13.6509999999998	17.253999999999	0	0
14.4440000000013	5.11099999999988	14.3509999999987	0	0
18.012999999999	19.3969999999999	16.2939999999999	0	0
16.0789999999997	14.808	15.7260000000006	0	0
14.6700000000001	5.26900000000023	14.4789999999994	0	0
17.3889999999992	10.3499999999995	17.5639999999985	0	0
16.3629999999994	11.473	16.3549999999996	0	0
14.2749999999996	8.58200000000033	14.6040000000012	0	0
14.9970000000012	6.73599999999988	14.866	0	0
15.973	10.7109999999993	16.3940000000002	0	0
15.7440000000006	10.8609999999999	15.7960000000003	0	0
16.2950000000001	14.1570000000002	16.8690000000006	0	0
15.280999999999	8.46000000000004	15.7700000000004	0	0
16.8130000000001	13.0810000000001	17.2399999999998	0	0
15.2960000000003	7.69399999999951	15.6219999999994	0	0
18.0389999999989	19.0900000000001	17.3250000000007	0	0
16.8389999999999	12.7550000000001	17.271999999999	0	0
17.3960000000006	16.0639999999994	15.9449999999997	0	0
16.9719999999998	13.2269999999999	16.8430000000008	0	0
14.491	8.10199999999986	14.3310000000001	0	0
20.7379999999994	21.1620000000003	18.9179999999997	0	0
17.3259999999991	13.9980000000005	16.3089999999993	0	0
15.9319999999989	10.1309999999994	17.2169999999987	0	0
12.9459999999999	3.44499999999971	13.030999999999	0	0
13.0910000000003	4.79500000000007	13.2630000000008	0	0
14.4009999999998	8.22199999999975	15.0020000000004	0	0
14.0509999999995	5.6260000000002	14.5769999999993	0	0
17.9140000000007	4.94999999999982	17.7850000000017	0	0
15.8299999999999	10.6370000000006	17.0559999999987	0	0
18.3380000000016	16.0730000000003	17.4869999999992	0	0
14.5410000000011	7.71600000000035	14.7569999999996	0	0
14.0700000000015	4.78000000000065	14.5170000000016	0	0
14.4230000000007	6.2519999999995	15.1970000000001	0	0
15.8770000000004	12.9799999999996	16.9089999999997	0	0
15.3119999999999	7.16600000000017	16.5360000000001	0	0
13.6509999999998	4.00500000000011	14.494999999999	0	0
18.8449999999993	7.81099999999969	18.8770000000004	0	0
15.7800000000007	10.3299999999999	15.9250000000011	0	0
16.366	10.9210000000003	15.8179999999993	0	0
15.1630000000005	8.91100000000006	15.7659999999996	0	0
17.3209999999999	14.4290000000001	18.3370000000014	0	0
13.9799999999996	5.17599999999948	13.8029999999999	0	0
13.9589999999989	5.93299999999999	14.4889999999996	0	0
13.6859999999997	6.75099999999929	14.0740000000005	0	0
15.8950000000004	11.6840000000002	15.5619999999999	0	0
18.402	16.2939999999999	17.3670000000002	0	0
15.8160000000007	9.61700000000019	15.4290000000001	0	0
14.3180000000011	7.88200000000052	15.0279999999984	0	0
19.6230000000014	17.2870000000003	18.4479999999985	0	0
16.7920000000013	12.9940000000006	16.5609999999997	0	0
17.0059999999994	13.4849999999997	17.8899999999994	0	0
14.8040000000001	10.277	15.5670000000009	0	0
14.7090000000007	7.51699999999983	16.1849999999995	0	0
13.9480000000003	6.85099999999966	15.1719999999987	0	0
14.6080000000002	6.48300000000017	15.2579999999998	0	0
17.9459999999999	15.71	17.1799999999985	0	0
16.4080000000013	10.6370000000006	17.0889999999999	0	0
15.3790000000008	11.4290000000001	16.146999999999	0	0
15.3639999999996	8.2549999999992	16.2129999999997	0	0
14.8310000000001	6.77499999999964	15.473	0	0
13.719000000001	3.10599999999977	14.1220000000012	0	0
13.7860000000001	7.40300000000025	14.8860000000004	0	0
13.246000000001	5.16200000000026	13.2240000000002	0	0
15.3290000000015	11.4099999999999	15.5920000000006	0	0
15.9049999999988	12.9430000000002	15.7649999999994	0	0
14.0959999999995	5.61599999999999	15.0120000000006	0	0
16.2890000000007	11.0079999999998	16.9230000000007	0	0
13.6350000000002	5.35800000000017	14.8150000000005	0	0
17.4889999999996	15.9139999999998	16.3689999999988	0	0
16.2569999999996	14.7979999999998	17.1059999999998	0	0
16.9399999999987	13.6639999999998	18.0259999999998	0	0
17.9619999999995	18.1230000000005	17.8909999999996	0	0
13.2350000000006	4.75300000000061	13.9429999999993	0	0
16.1630000000005	14.0280000000002	17.3490000000002	0	0
16.8870000000006	12.6680000000006	15.9359999999997	0	0
15.7759999999998	12.1869999999999	15.5599999999995	0	0
18.3580000000002	15.9849999999997	17.5210000000006	0	0
16.3220000000001	12.5360000000001	16.4619999999995	0	0
16.4850000000006	12.8440000000001	17.1000000000004	0	0
14.0380000000005	5.34299999999985	14.1370000000006	0	0
14.0290000000005	7.21799999999985	14.371000000001	0	0
15.128999999999	7.15400000000045	15.1119999999992	0	0
14.1640000000007	8.98799999999937	14.9430000000011	0	0
18.1600000000017	14.0080000000007	16.3649999999998	0	0
20.4130000000005	17.4830000000002	18.6980000000003	0	0
18.2079999999987	15.5509999999995	17.616	0	0
15.7270000000008	9.51299999999992	16.3730000000014	0	0
16.4120000000003	14.1170000000002	15.9510000000009	0	0
17.6659999999993	14.8760000000002	17.148000000001	0	0
13.4880000000012	6.7489999999998	14.0690000000013	0	0
14.7869999999984	6.96300000000065	15.4150000000009	0	0
12.598	2.26800000000003	12.5150000000012	0	0
15.5679999999993	9.45700000000033	16.3299999999999	0	0
15.5470000000005	11.058	15.7150000000001	0	0
16.1350000000002	11.3890000000001	16.7019999999993	0	0
14.2820000000011	6.31700000000001	14.7030000000013	0	0
15.0630000000001	8.8139999999994	16.0410000000011	0	0
13.8060000000005	8.38999999999942	14.655999999999	0	0
14.1410000000014	5.93100000000049	14.4650000000001	0	0
14.857	10.893	14.9579999999987	0	0
17.2939999999999	15.9400000000005	16.7860000000001	0	0
17.5760000000009	18.9880000000003	16.7399999999998	0	0
21.2739999999994	23.0900000000001	19.0900000000001	0	0
15.5919999999987	11.5540000000001	15.0450000000001	0	0
16.5030000000006	13.9339999999993	17.1470000000008	0	0
14.9480000000003	8.31999999999971	14.5070000000014	0	0
16.0600000000013	12.2159999999994	16.5850000000009	0	0
14.7560000000012	9.98199999999997	14.6369999999988	0	0
17.1700000000001	14.3609999999999	16.2210000000014	0	0
15.6090000000004	11.2300000000005	15.8239999999987	0	0
17.4539999999997	14.9139999999998	17.0160000000014	0	0
16.5920000000006	12.951	16.0730000000003	0	0
17.598	12.6629999999996	16.3080000000009	0	0
15.5799999999999	10.9360000000006	16.8880000000008	0	0
14.2829999999994	4.99799999999959	13.8289999999997	0	0
16.0880000000016	12.0440000000008	16.0880000000016	0	0
17.134	13.357	16.4240000000009	0	0
18.6890000000003	17.8779999999997	17.3970000000008	0	0
14.9150000000009	10.1369999999997	15.8680000000004	0	0
15.3720000000012	10.451	15.6939999999995	0	0
20.862000000001	18.768	18.4290000000001	0	0
12.7459999999992	3.84599999999955	13.3040000000001	0	0
14.0240000000013	4.65700000000015	14.6489999999994	0	0
13.6080000000002	4.4360000000006	13.5220000000008	0	0
14.1090000000004	6.76800000000003	15.4929999999986	0	0
15.8159999999989	9.65099999999984	16.6620000000003	0	0
18.0929999999989	14.7979999999998	18.2779999999984	0	0
13.0399999999991	4.35599999999977	13.8770000000004	0	0
15.9409999999989	10.4110000000001	16.3490000000002	0	0
14.5389999999989	5.97099999999955	14.6930000000011	0	0
13.2510000000002	4.5	14.1579999999994	0	0
14.5439999999999	7.40599999999904	15.1490000000013	0	0
16.3990000000013	14.1990000000005	15.4959999999992	0	0
17.0360000000001	10.5059999999994	16.5689999999995	0	0
14.9750000000004	8.79999999999927	14.5480000000007	0	0
13.4009999999998	6.05400000000009	14.3409999999985	0	0
16.9760000000006	15.2010000000009	18.0529999999999	0	0
14.7479999999996	7.84299999999894	14.8979999999992	0	0
14.3069999999989	5.64999999999964	15.1729999999989	0	0
13.5390000000007	6.87300000000141	14.9539999999997	0	0
16.8899999999994	12.9399999999987	17.5590000000011	0	0
15.9200000000001	12.3940000000002	15.1820000000007	0	0
17.9120000000003	17.3809999999994	17.494999999999	0	0
17.0609999999997	13.5820000000003	17.1919999999991	0	0
15.9800000000014	11.396999999999	17.2560000000012	0	0
14.866	7.7489999999998	15.9130000000005	0	0
15.5030000000006	10.4349999999995	15.3240000000005	0	0
15.4479999999985	9.6239999999998	15.3140000000003	0	0
16.6380000000008	13.3439999999991	17.0689999999995	0	0
15.0869999999995	9.44300000000112	16.3060000000005	0	0
15.5360000000001	8.54700000000048	16.8510000000006	0	0
14.0700000000015	6.72400000000016	14.4590000000007	0	0
17.7019999999993	14.4470000000001	17.246000000001	0	0
15.5760000000009	10.280999999999	16.2430000000004	0	0
20.2510000000002	21.6190000000006	18.4240000000009	0	0
16.9609999999993	7.28799999999865	17.4589999999989	0	0
14.7309999999998	7.65800000000127	14.9220000000005	0	0
17.8369999999995	13.1629999999986	19.5579999999991	0	0
13.8169999999991	7.95499999999993	14.6790000000001	0	0
15.4890000000014	10.3979999999992	16.1720000000005	0	0
16.1949999999997	8.82799999999952	15.8029999999999	0	0
16.4369999999999	11.7749999999996	17.2910000000011	0	0
15.5419999999995	9.68100000000049	16.3560000000016	0	0
18.5059999999994	15.4840000000004	18.0329999999994	0	0
15.5630000000001	12.7759999999998	16.4049999999988	0	0
16.1059999999998	10.4809999999998	16.5920000000006	0	0
16.4789999999994	11.6660000000011	16.3190000000013	0	0
14.7100000000009	7.47999999999956	15.7219999999998	0	0
14.6859999999997	11.5030000000006	16.1010000000006	0	0
14.7450000000008	7.25799999999981	16.0460000000003	0	0
18.2290000000012	16.4009999999998	17.844000000001	0	0
14.857	7.59900000000016	14.6389999999992	0	0
16.5369999999984	13.6939999999995	15.5910000000003	0	0
16.0730000000003	9.48599999999897	16.0740000000005	0	0
15.027	8.31999999999971	15.0240000000013	0	0
17.1679999999997	12.8320000000003	16.4569999999985	0	0
17.1209999999992	10.3370000000014	16.8649999999998	0	0
19.5840000000007	13.1730000000007	19.2150000000001	0	0
15.8310000000001	10.0400000000009	16.0450000000001	0	0
13.848	5.04500000000007	14.4740000000002	0	0
13.880000000001	5.91599999999926	13.768	0	0
16.5249999999996	11.3040000000001	16.6029999999992	0	0
16.8329999999987	18.5319999999992	15.5380000000005	0	0
16.4829999999984	13.9989999999998	16.7839999999997	0	0
13.0599999999995	3.39000000000124	13.3150000000005	0	0
14.3449999999993	5.33300000000054	15.3070000000007	0	0
18.7610000000004	13.4409999999989	18.3010000000013	0	0
14.259	7.40400000000045	14.7219999999998	0	0
14.8580000000002	7.83300000000054	14.9470000000001	0	0
14.8950000000004	5.88500000000022	15.3140000000003	0	0
18.1740000000009	15.1170000000002	17.8050000000003	0	0
13.9980000000014	4.00300000000061	14.3829999999998	0	0
18.9310000000005	18.0510000000013	18.0499999999993	0	0
13.2139999999999	3.79399999999987	13.246000000001	0	0
13.6620000000003	4.02199999999903	12.9309999999987	0	0
15.9950000000008	10.0529999999999	15.2530000000006	0	0
16.6349999999984	12.8310000000001	17.2170000000006	0	0
15.0840000000007	8.78800000000047	15.7530000000006	0	0
14.8379999999997	9.63699999999881	15.9140000000007	0	0
15.7829999999994	12.8150000000005	16.8109999999997	0	0
15.496000000001	11.3160000000007	15.3240000000005	0	0
15.6080000000002	10.8119999999999	15.9920000000002	0	0
14.1399999999994	4.67599999999948	14.2520000000004	0	0
14.5169999999998	6.01300000000083	14.5250000000015	0	0
15.6959999999999	11.8700000000008	16.9429999999993	0	0
14.0300000000007	6.71399999999994	14.4369999999999	0	0
12.6750000000011	4.94599999999991	13.3050000000003	0	0
16.0810000000001	10.0870000000014	17.0479999999989	0	0
13.8439999999991	4.47600000000057	14.3170000000009	0	0
14.8719999999994	8.29399999999987	15.7289999999994	0	0
19.8430000000008	19.7619999999988	18.2150000000001	0	0
15.241	9.875	16.2890000000007	0	0
14.5059999999994	6.01599999999962	14.5169999999998	0	0
14.7430000000004	8.14500000000044	15.5989999999983	0	0
14.6879999999983	6.56600000000071	15.5930000000008	0	0
14.4189999999999	7.36700000000019	15.0200000000004	0	0
18.023000000001	16.2160000000003	17.366	0	0
17.6900000000005	11.893	17.375	0	0
19.1049999999996	7.50199999999859	18.5380000000005	0	0
18.5419999999995	18.027	18.2549999999992	0	0
17.2250000000004	14.0860000000011	16.5680000000011	0	0
20.021999999999	22.2469999999994	17.5239999999994	0	0
13.8960000000006	6.98099999999977	14.4149999999991	0	0
12.75	2.22299999999996	12.6110000000008	0	0
13.598	5.07200000000012	14.0609999999997	0	0
17.1310000000012	12.8989999999994	16.4800000000014	0	0
17.8719999999994	13.7910000000011	17.4600000000009	0	0
13.6359999999986	3.97099999999955	14.2289999999994	0	0
15.1170000000002	9.67900000000009	15.3449999999993	0	0
18.4570000000003	15.6320000000014	17.9850000000006	0	0
14.3559999999998	5.86399999999958	14.3920000000016	0	0
17.264000000001	15.634	16.9849999999988	0	0
18.1689999999999	17.2649999999994	17.2579999999998	0	0
16.768	12.9809999999998	17.4459999999999	0	0
14.8399999999983	6.40499999999884	14.6949999999997	0	0
15.7980000000007	10.7909999999993	15.5059999999994	0	0
14.0599999999995	7.59200000000055	14.8739999999998	0	0
16.0799999999999	11.1060000000016	16.1829999999991	0	0
18.8850000000002	17.6770000000015	18.5490000000009	0	0
13.9449999999997	7.07099999999991	14.5460000000003	0	0
16.101999999999	10.146999999999	16.2109999999993	0	0
15.0900000000001	9.1299999999992	15.9309999999987	0	0
15.1589999999997	8.07799999999952	15.5610000000015	0	0
18.101999999999	17.1059999999998	17.119999999999	0	0
15.3869999999988	9.50900000000001	16.0750000000007	0	0
20.9120000000003	23.3250000000007	18.4889999999996	0	0
17.4209999999985	14.8389999999999	16.1570000000011	0	0
13.8580000000002	5.87700000000041	14.2690000000002	0	0
14.1510000000017	7.26699999999983	14.9750000000004	0	0
13.3780000000006	6.58400000000074	13.7440000000006	0	0
14.7459999999992	7.11300000000119	15.2849999999999	0	0
13.7720000000008	6.52100000000064	14.2139999999999	0	0
15.8759999999984	9.69700000000012	16.3959999999988	0	0
14.2240000000002	8.01200000000063	14.9060000000009	0	0
16.0799999999999	8.04399999999987	16.8959999999988	0	0
16.2860000000001	10.6309999999994	16.6440000000002	0	0
14.4249999999993	4.97400000000016	14.6710000000003	0	0
15.5010000000002	9.58499999999913	16.3340000000007	0	0
15.0689999999995	8.82300000000032	15.3060000000005	0	0
13.6610000000001	2.66899999999987	12.8690000000006	0	0
15.8559999999998	10.1639999999989	16.9149999999991	0	0
14.7099999999991	7.81999999999971	16.2039999999997	0	0
15.8639999999996	9.71600000000035	16.7739999999994	0	0
15.8190000000013	10.2839999999997	15.6049999999996	0	0
18.9430000000011	16.3869999999988	18.1869999999999	0	0
14.0740000000005	10.7150000000001	13.9649999999983	0	0
17.5519999999997	15.8280000000013	18.0130000000008	0	0
14.5390000000007	6.875	15.2039999999997	0	0
14.6729999999989	6.26399999999921	14.7200000000012	0	0
16.3140000000021	13.3520000000008	17.2599999999984	0	0
17.1470000000008	13.0390000000007	17.2270000000026	0	0
14.8849999999984	4.75900000000001	15.6929999999993	0	0
14.4650000000001	6.25300000000061	14.0550000000003	0	0
15.1970000000001	7.75300000000061	16.0349999999999	0	0
13.1349999999984	4.15899999999965	13.2780000000021	0	0
14.3630000000012	8.63699999999881	15.0019999999968	0	0
14.0499999999993	3.18400000000111	14.012999999999	0	0
16.8970000000008	11.6700000000001	15.9000000000015	0	0
16.9490000000005	15.8090000000011	16.6970000000001	0	0
14.7690000000002	7.65200000000004	15.4130000000005	0	0
14.2589999999982	3.64199999999983	14.5759999999973	0	0
17.1219999999994	13.5640000000003	18.0419999999976	0	0
14.9279999999999	12.3589999999986	14.5330000000031	0	0
13.9980000000032	9.02700000000004	14.5679999999993	0	0
13.4729999999981	4.22699999999895	13.2769999999982	0	0
13.0470000000023	3.09000000000015	13.6160000000018	0	0
13.1610000000001	4.87299999999959	13.3369999999995	0	0
17.257999999998	12.0550000000003	15.7520000000004	0	0
18.4210000000021	15.7219999999998	17.224000000002	0	0
15.1420000000035	8.52599999999984	15.8889999999992	0	0
15.3900000000031	10.4680000000008	15.7739999999976	0	0
14.4449999999997	6.9419999999991	14.4169999999976	0	0
15.2350000000006	10.3040000000001	15.2659999999996	0	0
17.0650000000023	6.65200000000004	16.6759999999995	0	0
13.7179999999971	1.96399999999994	13.3110000000015	0	0
13.7900000000009	7.73700000000099	14.6779999999999	0	0
14.0299999999988	6.63299999999981	14.2129999999997	0	0
15.8580000000002	8.99399999999878	15.400999999998	0	0
18.1679999999978	17.5870000000014	17.155999999999	0	0
18.2189999999973	14.8450000000012	18.6470000000008	0	0
20.9619999999995	21.8250000000007	17.9110000000001	0	0
15.0329999999994	7.6140000000014	14.6890000000021	0	0
18.1339999999982	5.00900000000001	16.9730000000018	0	0
20.0999999999985	15.7129999999997	19.2150000000001	0	0
15.0620000000017	7.57699999999932	14.5159999999996	0	0
18.4459999999999	9.33399999999892	17.369999999999	0	0
16.4750000000022	12.4459999999999	17.0149999999994	0	0
13.8630000000012	2.53199999999924	13.1929999999993	0	0
14.1549999999988	6.13299999999981	15.1029999999992	0	0
14.3420000000006	4.88999999999942	15.2100000000028	0	0
13.8079999999973	7.55600000000049	14.7860000000001	0	0
15.7839999999997	10.3380000000016	16.5889999999999	0	0
14.3510000000024	7.10000000000036	16.0600000000013	0	0
18.895999999997	17.5779999999995	17.5910000000003	0	0
15.4300000000003	11.8430000000008	15.3869999999988	0	0
19.1910000000025	18.9919999999984	17.9699999999975	0	0
14.0149999999994	9.79799999999886	14.5370000000003	0	0
16.4559999999983	11.9060000000009	16.6569999999992	0	0
14.7220000000016	10.0049999999992	15.9429999999993	0	0
15.7390000000014	11.6489999999994	16.7289999999994	0	0
14.4539999999979	5.38199999999961	15.2779999999984	0	0
15.7740000000013	9.20899999999892	16.3510000000024	0	0
16.5909999999967	10.762999999999	16.6119999999974	0	0
15.2330000000002	10.0079999999998	15.0809999999983	0	0
16.0850000000028	11.4449999999997	16.1890000000021	0	0
13.7020000000011	5.79399999999987	14.3369999999995	0	0
16.6840000000011	5.11299999999937	17.0589999999975	0	0
17.7880000000005	15.8109999999997	17.976999999999	0	0
14.5380000000005	12.0400000000009	15.3580000000002	0	0
13.8940000000002	6.86100000000079	13.617000000002	0	0
15.9979999999996	11.2510000000002	16.2560000000012	0	0
15.7119999999995	10.8359999999993	17.0770000000011	0	0
15.6029999999992	9.14199999999983	15.5400000000009	0	0
19.1920000000027	19.7720000000008	18.2569999999978	0	0
16.607	13.1010000000006	17.2890000000007	0	0
13.8009999999995	8.12800000000061	14.5550000000003	0	0
13.7770000000019	6.88800000000083	14.9660000000003	0	0
14.6139999999978	10.7999999999993	16.3640000000014	0	0
15.9039999999986	11.3680000000004	16.107	0	0
13.273000000001	3.72099999999955	13.1549999999988	0	0
16.0410000000011	12.5859999999993	16.9799999999996	0	0
13.5399999999972	3.38300000000163	13.5080000000016	0	0
19.0570000000007	17.6219999999994	18.018	0	0
14.0839999999989	6.94599999999991	14.7059999999983	0	0
15.3179999999993	10.5229999999992	15.4259999999995	0	0
13.7079999999987	6.32599999999911	13.3780000000006	0	0
13.3630000000012	2.68499999999949	12.9269999999997	0	0
13.3420000000006	3.39199999999983	12.5349999999999	0	0
15.4599999999991	8.88000000000102	14.7150000000001	0	0
14.5220000000008	5.2559999999994	14.7049999999981	0	0
18.7739999999976	20.4519999999993	18.1440000000002	0	0
13.7139999999999	6.66400000000067	14.5639999999985	0	0
14.5450000000019	8.53999999999905	15.6739999999991	0	0
14.5660000000025	8.35299999999916	15.3170000000027	0	0
15.0980000000018	10.3799999999992	15.4000000000015	0	0
17.2909999999974	17.5969999999998	15.6399999999994	0	0
17.6929999999993	15.3019999999997	17.8729999999996	0	0
19	17.9849999999988	18.6929999999993	0	0
15.3270000000011	11.0830000000005	15.6229999999996	0	0
14.976999999999	7.17400000000089	14.5160000000033	0	0
13.0810000000019	4.41399999999885	13.3999999999978	0	0
15.0660000000025	7.76100000000042	14.1489999999976	0	0
16.7109999999993	13.3709999999992	15.530999999999	0	0
15.8129999999983	12.0550000000003	16.5709999999999	0	0
19.0560000000005	16.5630000000001	18.8349999999991	0	0
13.7409999999982	4.34000000000015	13.8910000000033	0	0
15.2409999999982	8.34699999999975	15.3269999999975	0	0
15.3260000000009	9.33599999999933	15.8509999999987	0	0
13.5390000000007	4.58300000000054	14.5020000000004	0	0
12.9930000000022	2.74200000000019	13.5900000000001	0	0
15.5349999999999	9.15099999999984	14.9290000000001	0	0
19.0529999999999	18.4079999999994	18.1729999999989	0	0
17.9199999999983	13.5170000000016	17.362000000001	0	0
16.0329999999994	10.366	16.0109999999986	0	0
17.2649999999994	9.26000000000022	18.1700000000019	0	0
16.8729999999996	13.3289999999997	17.614999999998	0	0
17.4900000000016	14.7070000000003	17.2750000000015	0	0
14.405999999999	8.52599999999984	13.893	0	0
14.8950000000004	5.3760000000002	14.1970000000001	0	0
18.2459999999992	16.3739999999998	17.9459999999999	0	0
17.1290000000008	15.1440000000002	17.7069999999985	0	0
13.9089999999997	8.15300000000025	14.9830000000002	0	0
15.4089999999997	9.72599999999875	16.0199999999968	0	0
16.7789999999986	13.2970000000005	16.2700000000004	0	0
15.2049999999981	6.07899999999972	15.0089999999982	0	0
15.005000000001	5.78200000000106	15.7019999999975	0	0
14.7950000000019	10.3310000000001	16.6049999999996	0	0
14.1530000000021	8.48699999999917	15.1610000000001	0	0
14.1369999999988	4.58699999999953	14.768	0	0
13.8970000000008	6.3809999999994	13.7909999999974	0	0
15.400999999998	10.262999999999	14.5819999999985	0	0
13.1460000000006	3.92000000000007	13.1759999999995	0	0
14.4890000000014	10.5209999999988	14.8420000000006	0	0
18.2380000000012	18.396999999999	17.2410000000018	0	0
13.1549999999988	4.28699999999844	13.9029999999984	0	0
15.9019999999982	11.9310000000005	15.9429999999993	0	0
16.494999999999	14.3240000000005	17.25	0	0
14.8349999999991	9.08899999999994	15.1009999999987	0	0
18.887999999999	17.5479999999989	18.112000000001	0	0
14.0329999999994	6.69100000000071	14.4229999999989	0	0
20.9930000000022	19.6639999999989	18.405999999999	0	0
14.3259999999973	9.34000000000015	15.7009999999973	0	0
18.260000000002	16.598	17.1819999999971	0	0
18.1979999999967	18.384	17.3710000000028	0	0
20.9590000000026	19.6059999999998	19.5450000000019	0	0
14.4969999999994	8.76000000000022	14.3830000000016	0	0
17.9290000000001	12.143	17.9559999999983	0	0
12.8089999999975	4.61299999999937	13.094000000001	0	0
18.8999999999978	16.3059999999987	18.5459999999985	0	0
14.3389999999999	4.92900000000009	14.1919999999991	0	0
17.7239999999983	15.0660000000007	17.1529999999984	0	0
17.2119999999995	14.7540000000008	17.0970000000016	0	0
15.6409999999996	12.4200000000001	15.6399999999994	0	0
14.1290000000008	5.02499999999964	14.3090000000011	0	0
17.4249999999993	15.6839999999993	16.9210000000021	0	0
14.8549999999996	9.95000000000073	15.5169999999998	0	0
16.6160000000018	12.9359999999997	16.5540000000001	0	0
16.3509999999987	9.7489999999998	16.7259999999987	0	0
16.4079999999994	13.2520000000004	15.9070000000029	0	0
16.4799999999996	13.4560000000001	16.1219999999994	0	0
14.4619999999995	7.26999999999862	14.3810000000012	0	0
13.8799999999974	7.02700000000004	14.0120000000024	0	0
14.9639999999999	7.08500000000095	14.0459999999985	0	0
15.351999999999	10.7579999999998	15.6660000000011	0	0
14.4409999999989	8.4330000000009	15.1649999999972	0	0
19.5110000000022	16.7219999999998	18.6959999999999	0	0
16.0450000000019	11.3829999999998	16.7819999999992	0	0
15.7849999999999	13.5840000000007	15.268	0	0
14.6450000000004	6.70600000000013	15.1090000000004	0	0
12.8079999999973	3.47799999999916	13.5390000000007	0	0
15.7180000000008	12.3179999999993	16.1560000000027	0	0
18.7489999999998	8.94599999999991	17.7230000000018	0	0
19.3320000000022	19.0490000000009	18.3859999999986	0	0
14.5789999999979	9.3020000000015	14.1769999999997	0	0
15.1189999999988	8.68299999999908	14.5599999999977	0	0
14.0420000000013	6.46800000000076	14.7150000000001	0	0
16.1880000000019	11.6039999999994	16.9110000000001	0	0
18.2639999999992	16.3330000000005	17.9199999999983	0	0
15.4470000000001	8.17699999999968	15.4989999999998	0	0
15.9290000000001	12.6709999999985	16.6130000000012	0	0
14.3960000000006	7.96000000000095	14.762999999999	0	0
14.9089999999997	7.85900000000038	15.5490000000027	0	0
15.8309999999983	13.1419999999998	16.857	0	0
16.8949999999968	14.491	17.5469999999987	0	0
19.3019999999997	19.9839999999986	19.1130000000012	0	0
13.6529999999984	5.84000000000015	14.0629999999983	0	0
13.8739999999998	8.28799999999865	16.1589999999997	0	0
18.4080000000031	15.0470000000005	16.8660000000018	0	0
18.6090000000004	17.4179999999997	17.5159999999996	0	0
14.9699999999975	10.6740000000009	16.2780000000021	0	0
16.5669999999991	12.8490000000002	17.3120000000017	0	0
14.2189999999973	6.96499999999833	14.0299999999988	0	0
16.018	11.2250000000004	16.637999999999	0	0
16.0819999999985	11.6509999999998	15.8349999999991	0	0
16.7479999999996	13.5349999999999	16.3660000000018	0	0
16.844000000001	14.1779999999999	17.2959999999985	0	0
16.5900000000001	16.137999999999	16.7139999999999	0	0
18.0879999999997	14.7430000000004	17.1769999999997	0	0
15.3460000000014	7.87800000000061	15.8610000000008	0	0
14.9160000000011	9.32899999999972	14.9470000000001	0	0
14.4120000000003	9.62700000000041	15.4259999999995	0	0
13.2950000000019	3.59000000000015	13.5900000000001	0	0
13.9350000000013	5.1260000000002	14.7659999999996	0	0
14.607	7.84900000000016	15.637999999999	0	0
18.1219999999994	7.73500000000058	19.3260000000009	0	0
16.6239999999998	11.0169999999998	17.3120000000017	0	0
16.8199999999997	13.7399999999998	15.9840000000004	0	0
15.232	10.3349999999991	15.913999999997	0	0
15.0849999999991	8.55999999999949	15.3860000000022	0	0
18.994999999999	18.491	17.2860000000001	0	0
18.5880000000034	17.3690000000006	16.6140000000014	0	0
17.4300000000003	13.4399999999987	16.4619999999995	0	0
18.9939999999988	15.9079999999994	17.8590000000004	0	0
16.2010000000009	12.8590000000004	16.0970000000016	0	0
13.3350000000028	3.78099999999904	13.0429999999978	0	0
14.6939999999995	8.43299999999908	14.7729999999974	0	0
14.0889999999999	6.57899999999972	14.4099999999999	0	0
17.8069999999971	10.3209999999999	15.9789999999994	0	0
19.492000000002	15.8050000000003	16.5060000000012	0	0
14.4249999999993	5.28299999999945	14.8020000000033	0	0
18.6280000000006	15.5120000000006	18.2649999999994	0	0
15.0540000000001	8.66699999999946	15.5070000000014	0	0
14.6599999999999	6.59900000000016	15.9530000000013	0	0
14.8139999999985	7.0739999999987	15.7599999999984	0	0
17.3650000000016	15.0900000000001	16.0110000000022	0	0
13.1150000000016	5.76000000000022	13.994999999999	0	0
14.4209999999985	7.11800000000039	15.5139999999992	0	0
16.7739999999976	14.848	17.1150000000016	0	0
16.6099999999969	12.125	17.3250000000007	0	0
17.7999999999993	16.4639999999999	17.9380000000019	0	0
16.0519999999997	9.8799999999992	16.3420000000006	0	0
16.6790000000001	14.3490000000002	16.3840000000018	0	0
18.1080000000002	15.9189999999999	16.7410000000018	0	0
13.3660000000018	3.68000000000029	12.9089999999997	0	0
17.9830000000002	15.7600000000002	18.3389999999999	0	0
16.5499999999993	15.3559999999998	16.9110000000001	0	0
17.6239999999998	14.6280000000006	18.7170000000006	0	0
14.2049999999981	7.2450000000008	15.7739999999976	0	0
15.0699999999997	10.8080000000009	16.2959999999985	0	0
15.1970000000001	9.42299999999886	16.2459999999992	0	0
14.1009999999987	7.6190000000006	14.5360000000001	0	0
15.0580000000009	11.5240000000013	15.5750000000007	0	0
15.0540000000001	5.8179999999993	15.030999999999	0	0
13.9039999999986	5.39800000000105	14.9480000000003	0	0
16.6659999999974	14.5349999999999	16.4719999999979	0	0
15.6189999999988	11.2439999999988	15.9189999999981	0	0
15.4679999999971	12.8960000000006	16.364999999998	0	0
15.8469999999979	12.5280000000002	16.2960000000021	0	0
15.1610000000001	6.52399999999943	15.0519999999997	0	0
15.012999999999	9.1929999999993	15.0020000000004	0	0
17.232	9.30600000000049	17.4219999999987	0	0
13.1410000000033	7.20499999999993	14.4239999999991	0	0
17.1460000000006	10.7560000000012	16.0390000000007	0	0
15.9219999999987	14.4459999999999	16.8760000000002	0	0
13.9110000000001	6.35599999999977	14.8409999999967	0	0
15.5370000000003	9.03000000000065	15.900999999998	0	0
14.7900000000009	7.54300000000148	15.5840000000026	0	0
16.0580000000009	7.51800000000003	16.8530000000028	0	0
14.6399999999994	7.85399999999936	15.655999999999	0	0
13.8020000000033	7.38400000000001	14.8389999999999	0	0
18.5889999999999	14.3559999999998	16.1840000000011	0	0
17.1919999999991	7.4989999999998	17.6840000000011	0	0
14.4889999999978	10.0169999999998	15.4659999999967	0	0
14.6740000000027	6.40099999999984	14.3379999999997	0	0
16.6720000000023	11.6020000000008	16.2569999999978	0	0
13.1869999999981	4.00300000000061	13.8209999999999	0	0
15.6810000000005	10.4979999999996	16.9259999999995	0	0
13.4249999999993	4.0669999999991	13.6929999999993	0	0
14.6119999999974	8.746000000001	15.6540000000023	0	0
14.3659999999982	7.97099999999955	14.732	0	0
13.4129999999968	3.71199999999953	14.6320000000014	0	0
14.2029999999977	5.15200000000004	14.6530000000021	0	0
15.3369999999995	9.81700000000092	15.732	0	0
14.0669999999991	4.33799999999974	14.8319999999985	0	0
15.3040000000001	10.2579999999998	15.8689999999988	0	0
13.9269999999997	8.0510000000013	14.9120000000003	0	0
14.9300000000003	8.90999999999985	15.4310000000005	0	0
14.1140000000014	7.95199999999932	15.4939999999988	0	0
13.3870000000024	4.81800000000112	13.9089999999997	0	0
14.5829999999987	6.81099999999969	15.0339999999997	0	0
13.7789999999986	2.8130000000001	13.4960000000028	0	0
13.9459999999999	4.34100000000035	13.8029999999999	0	0
13.4029999999984	2.60599999999977	13.1409999999996	0	0
15.7189999999973	9.57600000000093	15.0460000000021	0	0
12.9360000000015	3.31600000000071	12.2619999999988	0	0
13.107	5.67500000000109	13.2180000000008	0	0
20.4919999999984	21.1900000000005	18.9699999999975	0	0
16.3159999999989	11.9409999999989	16.2199999999975	0	0
15.8040000000001	9.8739999999998	15.469000000001	0	0
14.2960000000021	7.03499999999985	15.0810000000019	0	0
13.7810000000027	5.64500000000044	13.5540000000001	0	0
16.8550000000032	12.0619999999981	16.6110000000008	0	0
14.4239999999991	5.97300000000178	14.6689999999981	0	0
17.9840000000004	15.1109999999971	16.1699999999983	0	0
16.5200000000004	14.7089999999989	17.6239999999998	0	0
16.7009999999973	13.0560000000005	17.6700000000019	0	0
19.7920000000013	21.6860000000015	18.6880000000019	0	0
14.5910000000003	3.92900000000009	13.625	0	0
14.0610000000015	7.02000000000044	14.3250000000007	0	0
16.4199999999983	12.0400000000009	16.4209999999985	0	0
15.6460000000006	7.68099999999686	15.6189999999988	0	0
16.1989999999969	14.3940000000002	16.9889999999978	0	0
14.5479999999989	7.71700000000055	14.7309999999998	0	0
15.3450000000012	7.44999999999709	15.6080000000002	0	0
18.4050000000025	14.7920000000013	17.3990000000013	0	0
18.1779999999999	13.2480000000032	16.3480000000018	0	0
16.7129999999997	13.1759999999995	17.4900000000016	0	0
16.8369999999995	13.0349999999999	16.7950000000019	0	0
16.2960000000021	14.9950000000026	15.8810000000012	0	0
15.8430000000008	12.8730000000032	16.255000000001	0	0
18.3109999999979	16.7200000000012	16.0999999999985	0	0
16.9170000000013	12.5289999999986	15.9390000000021	0	0
15.0059999999976	7.29999999999927	15.1579999999994	0	0
14.094000000001	6.00200000000041	15.0380000000005	0	0
13.9189999999981	7.00800000000163	14.864999999998	0	0
14.9330000000009	7.89199999999983	15.2849999999999	0	0
14.9550000000017	6.5089999999982	14.8120000000017	0	0
17.0890000000036	14.0070000000014	16.6409999999996	0	0
14.1999999999971	5.60699999999997	13.8450000000012	0	0
13.6239999999998	6.41300000000047	14.3820000000014	0	0
14.2390000000014	8.22499999999854	14.6490000000013	0	0
16.0299999999988	11.1450000000004	16.7920000000013	0	0
14.512999999999	9.84000000000015	15.5299999999988	0	0
13.8820000000014	5.55199999999968	14.2619999999988	0	0
15.3400000000001	9.10699999999997	15.385000000002	0	0
17.1119999999974	16.6980000000003	16.4590000000026	0	0
18.3940000000002	17.726999999999	18.8700000000026	0	0
15.0090000000018	8.27999999999884	15.5040000000008	0	0
16.3179999999993	12.6899999999987	16.5759999999973	0	0
18.7000000000007	10.1970000000001	18.0969999999979	0	0
14.1269999999968	5.36199999999735	14.711000000003	0	0
16.112000000001	11.6310000000012	15.5780000000013	0	0
16.0200000000004	10.6670000000013	17.0680000000029	0	0
13.7690000000002	4.42299999999886	14.0270000000019	0	0
14.4989999999998	9.69700000000012	15.8529999999992	0	0
13.6759999999995	3.8739999999998	14.023000000001	0	0
15.6779999999999	10.4160000000011	16.010000000002	0	0
14.2710000000006	6.00799999999799	13.7820000000029	0	0
17.3529999999992	15.4399999999987	17.232	0	0
16.607	9.55199999999968	16.1760000000031	0	0
16.0849999999991	11.9259999999995	16.6290000000008	0	0
17.0149999999994	15.5810000000019	17.4749999999985	0	0
13.8890000000029	6.09300000000076	13.8060000000005	0	0
15.0590000000011	4.91199999999662	15.3580000000002	0	0
14.518	7.90799999999945	14.2040000000015	0	0
17.2210000000014	12.9130000000005	17	0	0
14.7760000000017	7.75300000000061	15.887999999999	0	0
15.143	11.6409999999996	16.270999999997	0	0
14.5030000000006	10.1309999999976	15.5290000000023	0	0
16.9019999999982	13.4290000000001	17.0730000000003	0	0
15.8880000000026	10.7260000000024	17.0559999999969	0	0
15.2099999999991	8.69700000000012	14.5979999999981	0	0
18.5669999999991	16.9670000000006	16.9429999999993	0	0
15.6389999999992	11.0139999999992	16.6090000000004	0	0
16.9969999999994	11.1399999999994	17.020999999997	0	0
15.3230000000003	11.5720000000001	15.8009999999995	0	0
16.0630000000019	9.74800000000323	17.2520000000004	0	0
21.369999999999	25.257999999998	18.0609999999979	0	0
16.737000000001	12.5640000000021	17.0590000000011	0	0
18.275999999998	16.0670000000027	17.8640000000014	0	0
16.9560000000019	12.2230000000018	16.8509999999987	0	0
15.4409999999989	6.41299999999683	14.4569999999985	0	0
16.7559999999976	13.7740000000013	15.6670000000013	0	0
18.1929999999993	11.2250000000022	19.6810000000005	0	0
15.0809999999983	10.5149999999994	14.7249999999985	0	0
16.6440000000002	13.5150000000031	16.0060000000012	0	0
13.6560000000027	5.66700000000128	14.5959999999977	0	0
15.2249999999985	13.0019999999968	16.5760000000009	0	0
16.351999999999	12.6959999999999	15.6389999999992	0	0
18.5349999999999	17.0329999999994	17.3869999999988	0	0
17.6849999999977	16.0280000000021	16.7760000000017	0	0
14.0570000000007	6.50699999999779	14.6579999999994	0	0
16.7720000000008	13.7209999999977	16.8140000000021	0	0
14.7039999999979	8.43599999999788	15.0679999999993	0	0
15.257999999998	7.2960000000021	16.4280000000035	0	0
15.5339999999997	10.742000000002	15.2020000000011	0	0
14.7249999999985	8.26900000000023	15.0200000000004	0	0
13.5779999999977	2.81099999999788	13.2520000000004	0	0
15.5930000000008	7.67499999999927	16.0590000000011	0	0
15.8559999999998	12.1399999999994	17.2049999999981	0	0
13.3899999999994	6.10099999999875	14.8770000000004	0	0
13.726999999999	5.08599999999933	15.275999999998	0	0
14.3770000000004	5.56499999999869	14.8310000000019	0	0
13.773000000001	4.81000000000131	13.893	0	0
18.8330000000024	18.5289999999986	19.5289999999986	0	0
16.398000000001	10.5910000000003	16.8049999999967	0	0
14.3799999999974	7.09600000000137	15.0059999999976	0	0
15.9190000000017	10.262999999999	16.1860000000015	0	0
15.9789999999994	10.4979999999996	16.135000000002	0	0
19.2299999999996	18.7079999999987	17.6100000000006	0	0
16.2079999999987	13.4810000000034	15.5329999999994	0	0
16.377999999997	12.104000000003	16.5440000000017	0	0
17.9120000000003	10.5169999999998	16.5339999999997	0	0
16.6549999999988	15.0589999999975	16.1569999999992	0	0
14.7069999999985	8.5679999999993	15.1620000000003	0	0
14.6160000000018	4.94900000000052	15.3070000000007	0	0
15.5590000000011	9.46399999999994	16.2959999999985	0	0
14.1830000000009	7.13000000000102	14.8909999999996	0	0
19.3739999999998	17.5540000000001	18.5349999999999	0	0
15.4919999999984	9.95899999999892	16.5780000000013	0	0
14.7040000000015	10.1530000000021	15.3309999999983	0	0
15.1699999999983	8.8739999999998	16.3050000000003	0	0
15.4500000000007	11.3179999999993	15.5980000000018	0	0
15.5109999999986	11.755000000001	15.9269999999997	0	0
14.2220000000016	6.90699999999924	14.8960000000006	0	0
14.6729999999989	7.62299999999959	14.8220000000001	0	0
14.4709999999977	10.0240000000013	14.5839999999989	0	0
21.3810000000012	27.6320000000014	17.0519999999997	0	0
15.7900000000009	8.98199999999997	14.2769999999982	0	0
17.6759999999995	12.9850000000006	18.3250000000007	0	0
13.9720000000016	6.14399999999659	14.3350000000028	0	0
13.4419999999991	2.84999999999854	12.1909999999989	0	0
19.1840000000011	20.497000000003	17.3659999999982	0	0
19.3940000000002	24.6970000000001	17.9729999999981	0	0
17.7160000000003	20.1169999999984	16.7510000000002	0	0
12.6290000000008	8.42000000000189	12.2219999999979	0	0
15.6450000000004	19.4510000000009	13.8269999999975	0	0
13.8919999999998	8.88899999999921	11.3690000000024	0	0
16.0780000000013	20.252999999997	13.3389999999999	0	0
21.101999999999	30.6859999999979	16.7979999999989	0	0
12.5479999999989	14.9400000000023	12.1679999999978	0	0
15.0040000000008	15.737000000001	12.9170000000013	0	0
17.612000000001	18.3790000000008	14.6020000000026	0	0
20.8830000000016	29.4959999999992	14.9310000000005	0	0
15.4089999999997	19.0600000000013	13.0989999999983	0	0
13.2630000000026	10.2139999999999	12.4330000000009	0	0
16.4749999999985	15.1270000000004	14.5979999999981	0	0
14.4179999999978	14.2380000000012	13.5060000000012	0	0
15.7429999999986	14.6289999999972	14.1840000000011	0	0
15.9720000000016	22.607	14.9619999999995	0	0
16.0390000000007	23.0659999999989	14.6839999999975	0	0
18.1889999999985	26.1930000000029	14.1599999999999	0	0
15.4989999999998	16.3110000000015	12.1000000000022	0	0
20.357	28.0380000000005	13.7340000000004	0	0
15.6919999999991	17.7739999999976	12.2770000000019	0	0
17.7209999999977	25.4579999999987	15.5089999999982	0	0
15.1099999999969	15.1349999999984	14.0099999999984	0	0
16.1609999999964	22.3529999999992	11.992000000002	0	0
20.8840000000018	30.523000000001	14.8459999999977	0	0
17.5679999999993	21.9429999999993	13.1600000000035	0	0
20.0590000000011	28.9889999999978	14.6970000000001	0	0
22.5189999999966	35.4140000000007	15.5269999999982	0	0
15.0349999999999	19.4829999999965	13.2389999999978	0	0
13.4370000000017	7.38000000000102	11.3230000000003	0	0
18.7479999999996	28.5629999999983	15.4609999999993	0	0
16.2829999999994	19.1870000000017	13.4310000000005	0	0
21.2890000000007	34.8339999999989	16.6219999999994	0	0
19.0479999999989	28.8029999999999	14.8960000000006	0	0
11.9029999999984	3.52300000000105	9.72499999999854	0	0
15.7860000000001	21.5110000000022	13.8379999999997	0	0
14.7969999999987	16.885000000002	14.0600000000013	0	0
22.0439999999981	32.6319999999978	15.8119999999981	0	0
13.1089999999967	10.8549999999996	11.5600000000013	0	0
14.4350000000013	14.7700000000004	14.143	0	0
13.380000000001	15.0620000000017	12.737000000001	0	0
19.3330000000024	27.0409999999974	13.5910000000003	0	0
13.9599999999991	11.3459999999977	11.8610000000008	0	0
20.989999999998	30.405999999999	14.3979999999974	0	0
22.3899999999994	33.7369999999974	15.0410000000011	0	0
13.2230000000018	15.5119999999988	11.5390000000007	0	0
12.5499999999993	4.08400000000256	11.2839999999997	0	0
14.9900000000016	10.9580000000024	12.5689999999995	0	0
15.5290000000023	16.6049999999996	12.239999999998	0	0
16.6490000000013	16.2829999999994	12.7350000000006	0	0
