17.151	8.714	16.593	0	0
12.784	9.947	9.972	0	0
13.534	13.557	11.97	0	0
18.585	17.939	11.774	0	0
11.113	7.16600000000001	12.575	0	0
10.878	5.535	9.13799999999999	0	0
14.928	12.902	10.723	0	0
13.657	11.809	14.279	0	0
17.613	19.95	11.634	0	0
13.594	10.246	10.565	0	0
12.079	7.86500000000001	10.167	0	0
11.641	7.971	9.93299999999999	0	0
11.527	6.31299999999999	9.803	0	0
10.231	3.39600000000002	10.963	0	0
10.884	7.24599999999998	11.288	0	0
19.623	22.19	11.817	0	0
11.651	6.85700000000003	10.383	0	0
21.565	18.095	18.031	0	0
10.467	6.995	11.291	0	0
9.65600000000001	4.84800000000001	8.84300000000002	0	0
14.427	13.618	12.073	0	0
12.042	8.06999999999999	9.63900000000001	0	0
10.5899999999999	5.38999999999999	9.31799999999998	0	0
11.5060000000001	10.361	10.467	0	0
15.077	17.409	10.562	0	0
11.827	11.026	10.9250000000001	0	0
11.9	8.61900000000003	11.2239999999999	0	0
9.798	6.178	10.4240000000001	0	0
9.75	5.125	10.272	0	0
12.465	8.40100000000007	10.1500000000001	0	0
18.296	18.187	12.019	0	0
10.471	7.44099999999992	10.917	0	0
9.90099999999995	5.87399999999991	8.52100000000007	0	0
11.253	8.47400000000005	9.93799999999999	0	0
12.1319999999999	9.33600000000001	9.77800000000002	0	0
10.792	4.83300000000008	9.87400000000002	0	0
8.60199999999998	2.51599999999996	8.79600000000005	0	0
9.08799999999997	4.69200000000001	10.646	0	0
20.485	25.4209999999999	11.5260000000001	0	0
11.769	8.92999999999995	10.467	0	0
10.992	7.75199999999995	11.4640000000001	0	0
10.279	5.47000000000003	9.84899999999993	0	0
8.197	3.96900000000005	9.25900000000001	0	0
11.1469999999999	7.02500000000009	11.027	0	0
8.76099999999997	3.52099999999996	8.44200000000001	0	0
9.82600000000002	3.005	10.998	0	0
9.85899999999992	7.59000000000003	8.46500000000003	0	0
9.32300000000009	5.31299999999999	10.1310000000001	0	0
20.4880000000001	24.0369999999999	13.508	0	0
11.24	7.01300000000003	11.146	0	0
16.7330000000002	15.6360000000001	11.691	0	0
10.3210000000001	5.49299999999994	10.3099999999999	0	0
13.105	12.77	10.2629999999999	0	0
9.47399999999993	3.572	10.184	0	0
18.2459999999999	10.552	17.414	0	0
10.674	5.32399999999996	9.98000000000002	0	0
13.6110000000001	10.619	9.30600000000004	0	0
11.3219999999999	7.2829999999999	9.81500000000005	0	0
12.26	7.9079999999999	10.3429999999998	0	0
10.836	9.01100000000008	10.4449999999999	0	0
12.1460000000002	5.84299999999985	12.2339999999999	0	0
8.08000000000015	2.327	8.44100000000003	0	0
8.51099999999997	2.36500000000001	8.95499999999993	0	0
9.39899999999989	2.529	10.8899999999999	0	0
10.6959999999999	6.971	9.62400000000002	0	0
10.1590000000001	6.34400000000005	8.32999999999993	0	0
12.509	9.90300000000002	10.318	0	0
8.49499999999989	3.01900000000001	8.53999999999996	0	0
8.67100000000005	2.279	7.95600000000013	0	0
13.3349999999998	11.4960000000001	12.356	0	0
11.0160000000001	6.4860000000001	9.78999999999996	0	0
9.79600000000005	5.65100000000007	9.596	0	0
15.662	16.45	10.9010000000001	0	0
11.3509999999999	7.40599999999995	9.75999999999999	0	0
11.5810000000001	8.74500000000012	11.0039999999999	0	0
10.8020000000001	8.52700000000004	9.9860000000001	0	0
9.21399999999994	3.80600000000004	10.6490000000001	0	0
9.27400000000011	2.61699999999996	8.9530000000002	0	0
10.2569999999998	7.96899999999982	9.58200000000011	0	0
9.40499999999997	5.36200000000008	9.87199999999984	0	0
9.26099999999997	3.61300000000006	9.48599999999988	0	0
11.1559999999999	5.86500000000001	9.91000000000008	0	0
11.2829999999999	9.67399999999998	9.64800000000014	0	0
13.212	12.7339999999999	11.9849999999999	0	0
12.0540000000001	9.01900000000001	10.2329999999999	0	0
17.0649999999998	9.96100000000001	17.2830000000001	0	0
11.2460000000001	9.74400000000014	10.3610000000001	0	0
9.46599999999989	4.64100000000008	8.96900000000005	0	0
8.70499999999993	3.69499999999994	10.8779999999999	0	0
9.86699999999996	5.66800000000012	10.2179999999998	0	0
12.1580000000001	7.71699999999987	9.95399999999995	0	0
8.86900000000014	4.62099999999987	9.779	0	0
12.0659999999998	9.1400000000001	10.4189999999999	0	0
10.02	3.71299999999997	12.2640000000001	0	0
17.2020000000002	11.0060000000001	15.4660000000001	0	0
11.5720000000001	6.72700000000009	10.2560000000001	0	0
10.6239999999998	7.66400000000021	11.0639999999999	0	0
11.1210000000001	6.13100000000009	8.87999999999988	0	0
11.509	9.72499999999991	9.57799999999997	0	0
21.8800000000001	23.4300000000001	11.028	0	0
11.5540000000001	6.91300000000001	11.049	0	0
10.2329999999997	7.4079999999999	9.89699999999993	0	0
10.1439999999998	4.06400000000008	10.2740000000001	0	0
23.297	21.8579999999999	18.0529999999999	0	0
9.15499999999975	4.22199999999998	10.0909999999999	0	0
8.90599999999995	4.28899999999999	9.07299999999987	0	0
12.4459999999999	10.424	11.915	0	0
14.377	12.0710000000001	11.482	0	0
11.893	10.2830000000001	12.0630000000001	0	0
22.7350000000001	24.0539999999999	16.9989999999998	0	0
12.7800000000002	10.8139999999999	11.2509999999997	0	0
10.674	5.07000000000016	9.76600000000008	0	0
11.723	7.78800000000001	10.7469999999998	0	0
18.4859999999999	18.876	11.0650000000001	0	0
12.3409999999999	6.82600000000002	10.6629999999996	0	0
9.779	5.66799999999989	9.20499999999993	0	0
10.5339999999997	5.68799999999987	11.5340000000001	0	0
10.3070000000002	6.404	9.42099999999982	0	0
9.48599999999988	5.20100000000002	9.36199999999963	0	0
17.4379999999996	10.3499999999999	16.9119999999998	0	0
9.97000000000025	5.7199999999998	9.64800000000014	0	0
20.4559999999997	15.3110000000001	18.7640000000001	0	0
11.5340000000001	7.98800000000028	9.18299999999999	0	0
13.2250000000004	9.59099999999989	11.482	0	0
8.92200000000003	2.14699999999993	11.076	0	0
18.0409999999997	10.0650000000001	18.2310000000002	0	0
10.4880000000003	7.19799999999987	9.01400000000012	0	0
9.79500000000007	5.04500000000007	9.24000000000024	0	0
9.27399999999989	5.09999999999991	10.5220000000004	0	0
10.6410000000001	5.43199999999979	11.02	0	0
11.5879999999997	6.81800000000021	11.2840000000001	0	0
13.3629999999998	11.723	10.549	0	0
15.2469999999998	15.1860000000001	11.0679999999998	0	0
8.04300000000012	3.16100000000006	9.00999999999976	0	0
10.002	5.3090000000002	10.904	0	0
11.2420000000002	7.52600000000029	8.37999999999965	0	0
17.1570000000002	14.7669999999998	12.0390000000002	0	0
10.7179999999998	7.2180000000003	8.13499999999976	0	0
9.8119999999999	7.029	10.252	0	0
12.5819999999999	8.59799999999996	9.90200000000004	0	0
10.5599999999999	5.19200000000001	10.3409999999999	0	0
9.79800000000023	3.66899999999987	10.6569999999997	0	0
9.19700000000012	3.33600000000024	8.67300000000023	0	0
12.7579999999998	9.38300000000027	10.857	0	0
13.0119999999997	11.8270000000002	9.57799999999997	0	0
13.4059999999999	10.9050000000002	11.1440000000002	0	0
10.2339999999999	5.74499999999989	9.49699999999984	0	0
10.0340000000001	5.99900000000025	10.2550000000001	0	0
10.6599999999999	5.12099999999964	10.8670000000002	0	0
8.66499999999996	3.41400000000021	8.25300000000016	0	0
9.13700000000017	2.4380000000001	9.76400000000012	0	0
15.9730000000004	15.9200000000001	9.94700000000012	0	0
11.9369999999999	7.81500000000005	9.56399999999985	0	0
8.48700000000008	4.41600000000017	8.85199999999986	0	0
15.0889999999999	12.5070000000001	9.81299999999965	0	0
10.1399999999999	4.71500000000015	9.50500000000011	0	0
15.0999999999999	12.797	10.2370000000001	0	0
13.248	8.87800000000016	10.5740000000001	0	0
9.70599999999968	5.47699999999986	8.40700000000015	0	0
10.6689999999999	6.03900000000021	11.4180000000001	0	0
9.74600000000009	6.00099999999975	9.4699999999998	0	0
9.71300000000019	4.43000000000029	9.50499999999965	0	0
9.61299999999983	4.92200000000003	8.99699999999984	0	0
20.9830000000002	24.0459999999998	11.6509999999998	0	0
8.68599999999969	2.70199999999977	9.51099999999997	0	0
10.2949999999996	6.67499999999973	9.29899999999998	0	0
9.17300000000023	3.72699999999986	10.491	0	0
9.68499999999995	3.73099999999977	9.55100000000039	0	0
19.5720000000001	21.1839999999997	11.7190000000001	0	0
9.596	2.33899999999994	10.4410000000003	0	0
16.355	11.0300000000002	15.3759999999997	0	0
12.7550000000001	8.50900000000001	11.2019999999998	0	0
10.0149999999999	4.71299999999974	10.0740000000001	0	0
10.6659999999997	8.0590000000002	9.79600000000028	0	0
19.0500000000002	12.8660000000004	15.9879999999998	0	0
11.8919999999998	7.20399999999972	10.924	0	0
9.47400000000016	4.08800000000019	9.75300000000016	0	0
12.3439999999996	9.02199999999993	11.7449999999999	0	0
8.61000000000013	2.57299999999987	10.1700000000001	0	0
10.0549999999998	4.76599999999962	11.902	0	0
12.2420000000002	8.21000000000004	11.038	0	0
10.3119999999999	5.1220000000003	10.4589999999998	0	0
9.70699999999943	4.86299999999983	9.60800000000017	0	0
8.56099999999969	2.79500000000007	8.69599999999991	0	0
12.201	8.18299999999999	9.46000000000004	0	0
10.2109999999993	4.52100000000019	9.41999999999962	0	0
10.1849999999995	6.48599999999988	10.29	0	0
8.33899999999994	3.73399999999992	9.57300000000032	0	0
10.0120000000006	6.35400000000027	11.3119999999999	0	0
12.2460000000001	7.84799999999996	9.10399999999981	0	0
7.50799999999981	2.71099999999979	8.78500000000031	0	0
8.83299999999963	3.43300000000045	10.6089999999999	0	0
10.085	7.38800000000037	9.80700000000024	0	0
9.40900000000056	5.85899999999992	9.92999999999984	0	0
10.607	7.07700000000023	9.64399999999978	0	0
19.2370000000001	13.2290000000003	18.7220000000002	0	0
21.1410000000005	16.4349999999999	18.0039999999999	0	0
10.7239999999993	6.70800000000008	10.8449999999998	0	0
10.3040000000001	7.04700000000003	9.92500000000018	0	0
11.7309999999998	7.7170000000001	10.9100000000003	0	0
12.2390000000005	8.44100000000026	9.32300000000032	0	0
11.2240000000002	6.08100000000013	9.90200000000004	0	0
12.1009999999997	10.2370000000001	8.95499999999993	0	0
14.1700000000001	10.2289999999998	10.8870000000002	0	0
11.6610000000001	6.81399999999985	9.93600000000015	0	0
15.2020000000002	12.2689999999998	11.7049999999995	0	0
15.1199999999999	14.9339999999997	11.5149999999994	0	0
14.2539999999999	13.076	11.5599999999995	0	0
10.75	5.68499999999995	10.348	0	0
8.79199999999946	3.34299999999985	10.3100000000004	0	0
17.8239999999996	11.665	16.4830000000002	0	0
17.7840000000006	11.027	16.3000000000002	0	0
12.9080000000004	10.471	9.72699999999986	0	0
10.9520000000002	8.03800000000001	9.26000000000022	0	0
13.4100000000008	10.5169999999998	11.5479999999998	0	0
11.4680000000008	8.41499999999996	10.4499999999998	0	0
13.4560000000001	12.1670000000004	11.5369999999994	0	0
10.8029999999999	7.21599999999989	11.5330000000004	0	0
9.89199999999983	5.76800000000003	10.9139999999998	0	0
9.13699999999972	5.596	8.91499999999996	0	0
11.5789999999997	8.97600000000011	9.44000000000051	0	0
9.71299999999974	4.78400000000011	8.89999999999964	0	0
8.17900000000009	2.41800000000012	10.0040000000008	0	0
11.4979999999996	10.7599999999998	10.7039999999997	0	0
10.8000000000002	7.00399999999991	10.21	0	0
11.5690000000004	8.04199999999992	10.9769999999999	0	0
13.3850000000002	12.4519999999998	10.7049999999999	0	0
12.4700000000003	7.20699999999988	9.66600000000017	0	0
16.6509999999998	18.9150000000004	11.0969999999998	0	0
12.6840000000002	9.84000000000015	10.5870000000004	0	0
15.8100000000004	13.4749999999999	11.6020000000008	0	0
10.3980000000001	6.72799999999961	10.6700000000001	0	0
23.9380000000001	22.645	21.5700000000006	0	0
10.54	6.02399999999989	12.5919999999996	0	0
10.8540000000003	6.53899999999976	10.9560000000001	0	0
10.6679999999997	2.71699999999964	11.0339999999997	0	0
10.7420000000002	6.20000000000027	9.75600000000031	0	0
17.3490000000002	17.067	11.1109999999999	0	0
11.9169999999995	7.91300000000001	11.9960000000001	0	0
9.22199999999975	4.74900000000025	11.0550000000003	0	0
11.5839999999998	7.70699999999988	10.3250000000007	0	0
12.0120000000006	10.1379999999999	9.66600000000017	0	0
18.192	12.6849999999999	17.1139999999996	0	0
9.55000000000018	3.46100000000024	12.1319999999996	0	0
11.1000000000004	6.50199999999995	12.1570000000002	0	0
9.94700000000012	4.83499999999958	9.16399999999976	0	0
11.6610000000001	7.98199999999997	9.71900000000005	0	0
12.6489999999994	11.5810000000001	9.24599999999919	0	0
11.1330000000007	6.54600000000028	10.9789999999994	0	0
18.8740000000007	10.0799999999999	18.6880000000001	0	0
11.3119999999999	8.88799999999992	10.2689999999993	0	0
12.2860000000001	12.078	11.1779999999999	0	0
9.36700000000019	3.60399999999936	10.7799999999997	0	0
9.41399999999976	3.6869999999999	9.1860000000006	0	0
14.0550000000003	10.2929999999997	9.32099999999991	0	0
11.375	7.52899999999954	9.48999999999978	0	0
16.5869999999995	17.4740000000002	11.9229999999998	0	0
9.9429999999993	3.47499999999945	9.8159999999998	0	0
9.29699999999957	3.24699999999939	9.99200000000019	0	0
7.89999999999964	2.04799999999977	10.076	0	0
11.5429999999997	7.40200000000004	11.7250000000004	0	0
9.6880000000001	6.92300000000068	8.77700000000004	0	0
10.1210000000001	6.34299999999985	9.59699999999975	0	0
10.6820000000007	9.46999999999935	10.0499999999993	0	0
9.39599999999973	4.45600000000013	9.5019999999995	0	0
10.8019999999997	6.02700000000004	9.21299999999974	0	0
11.9070000000002	5.82799999999952	9.82300000000032	0	0
9.34700000000066	3.85600000000068	9.47099999999955	0	0
10.4499999999998	5.89399999999932	10.7579999999998	0	0
10.1700000000001	7.00700000000052	9.94399999999951	0	0
16.5410000000002	10.7629999999999	15.8859999999995	0	0
12.8900000000003	10.0159999999996	9.51199999999972	0	0
9.35999999999967	4.53900000000067	9.22699999999986	0	0
11.223	7.63299999999981	10.473	0	0
12.3559999999998	9.49000000000069	11.4119999999994	0	0
9.1239999999998	3.64100000000053	9.83899999999994	0	0
8.89699999999993	3.63299999999981	9.31600000000071	0	0
14.2790000000005	10.2660000000005	11.6670000000004	0	0
9.36799999999948	4.77400000000034	8.70800000000054	0	0
12.6680000000006	12.277	10.3829999999998	0	0
11.4979999999996	9.02199999999993	9.21799999999985	0	0
8.49799999999959	3.89500000000044	8.43900000000031	0	0
12.0900000000001	11.0770000000002	9.34000000000015	0	0
11.6150000000007	8.42600000000039	10.7250000000004	0	0
9.96900000000005	4.79300000000057	9.36899999999969	0	0
11.4499999999998	8.01800000000003	10.4639999999999	0	0
12.1419999999998	10.2510000000002	9.91399999999976	0	0
11.2330000000002	8.86800000000039	9.94499999999971	0	0
12.0999999999995	9.88799999999992	10.2970000000005	0	0
9.86099999999988	4.40999999999985	10.7179999999998	0	0
11.2390000000005	8.19700000000012	8.44700000000012	0	0
8.93599999999969	3.6239999999998	9.54299999999967	0	0
9.21299999999974	3.81700000000001	10.0569999999998	0	0
9.94800000000032	4.0590000000002	9.9340000000002	0	0
10.0069999999996	4.8130000000001	10.2379999999994	0	0
15.2360000000008	13.9639999999999	10.4889999999996	0	0
11.8680000000004	9.45499999999993	11.375	0	0
12.7449999999999	9.16599999999926	9.47400000000016	0	0
11.924	6.17599999999948	11.5540000000001	0	0
19.0630000000001	13.8869999999997	15.6970000000001	0	0
15.7040000000006	14.2599999999993	11.174	0	0
12.7870000000003	8.97000000000025	10.5150000000003	0	0
10.3789999999999	5.33399999999983	9.90300000000025	0	0
9.70200000000023	3.6279999999997	9.74300000000039	0	0
11.8299999999999	5.95299999999952	11.723	0	0
8.44800000000032	3.24900000000071	9.6909999999998	0	0
11.1399999999994	7.01500000000033	9.64399999999932	0	0
11.9760000000006	8.78899999999976	9.29999999999927	0	0
11.9670000000006	8.22800000000007	9.57899999999972	0	0
8.67399999999998	3.57700000000023	7.94700000000012	0	0
16.2340000000004	17.143	10.2479999999996	0	0
17.1599999999999	12.0609999999997	18.0590000000002	0	0
9.1190000000006	4.36499999999978	10.1599999999999	0	0
8.06800000000021	3.64000000000033	8.35599999999977	0	0
11.2339999999995	7.12199999999939	9.41600000000017	0	0
10.3599999999997	6.05499999999938	9.54500000000007	0	0
9.48300000000017	4.48300000000017	8.58500000000004	0	0
12.2529999999997	10.2020000000002	10.8639999999996	0	0
13.4790000000003	10.1300000000001	9.16399999999976	0	0
11.9080000000004	7.51499999999942	10.0699999999997	0	0
8.7519999999995	3.79399999999987	7.91799999999967	0	0
10.357	6.91399999999976	10.5370000000003	0	0
9.67100000000028	4.82700000000023	10.8939999999993	0	0
9.84200000000055	5.48400000000038	9.98800000000028	0	0
8.52599999999984	3.01200000000063	10.2610000000004	0	0
14.3500000000004	12.4790000000003	10.5900000000001	0	0
10.433	6.52900000000045	9.46700000000055	0	0
15.4179999999997	17.0959999999995	11.6820000000007	0	0
14.2529999999997	10.7660000000005	10.5419999999995	0	0
13.2089999999998	12.6180000000004	11.2640000000001	0	0
13.5500000000002	9.6899999999996	10.1219999999994	0	0
11.8499999999995	8.46700000000055	11.7079999999996	0	0
13.3130000000001	11.3440000000001	9.64100000000053	0	0
12.7300000000005	9.53699999999935	10.7470000000003	0	0
11.424	6.90099999999984	10.692	0	0
12.9050000000007	11.1689999999999	12.6660000000002	0	0
20.6959999999999	17.1360000000004	17.4970000000003	0	0
12.076	6.47400000000016	10.4840000000004	0	0
10.9920000000002	5.89500000000044	9.19399999999951	0	0
9.14100000000053	3.96600000000035	10.4319999999998	0	0
10.1149999999998	6.15900000000056	9.54100000000017	0	0
13.5340000000006	11.4169999999995	10.7040000000006	0	0
11.2029999999995	8.58600000000024	9.20200000000023	0	0
13.3829999999998	10.4990000000007	11.1850000000004	0	0
10.0300000000007	5.55799999999999	9.94400000000041	0	0
16.6090000000004	16.1480000000001	12.5029999999997	0	0
11.3209999999999	7.66799999999967	8.93100000000049	0	0
16.1559999999999	14.6390000000001	12.6469999999999	0	0
10.9220000000005	6.53300000000036	10.4409999999998	0	0
10.1880000000001	3.86499999999978	9.63599999999951	0	0
10.3339999999998	4.34400000000005	10.4200000000001	0	0
10.0370000000003	5.48099999999977	9.81400000000031	0	0
12.8870000000006	10.0460000000003	12.1289999999999	0	0
12.54	8.39200000000073	9.58600000000024	0	0
8.98900000000049	3.20200000000023	8.4360000000006	0	0
12.7669999999998	10.5280000000002	10.933	0	0
8.44799999999941	3.84799999999996	9.63699999999972	0	0
14.7510000000002	11.5010000000002	12.2250000000004	0	0
11.6350000000002	10.2700000000004	9.22900000000027	0	0
10.0219999999999	5.44700000000012	9.16200000000026	0	0
10.7290000000003	8.96599999999944	9.11200000000008	0	0
10.5460000000003	6.22800000000007	10.5940000000001	0	0
10.759	6.64799999999923	10.3470000000007	0	0
14.6779999999999	14.2530000000006	12.9179999999997	0	0
9.15500000000065	4.66199999999935	8.77599999999984	0	0
11.3449999999993	7.22100000000046	9.84600000000046	0	0
12.3379999999997	10.174	9.89499999999953	0	0
10.9240000000009	5.24000000000069	10.0519999999997	0	0
9.33600000000115	6.20600000000013	9.4340000000002	0	0
9.63299999999981	4.03499999999985	10.7850000000008	0	0
8.74700000000121	3.52300000000014	9.99399999999969	0	0
9.50500000000102	3.9350000000004	8.97099999999955	0	0
10.5239999999994	4.99399999999969	10.0640000000003	0	0
19.6320000000014	13.1940000000004	18.2880000000005	0	0
12.7100000000009	10.7509999999993	10.3379999999997	0	0
13.719000000001	13.152	11.674	0	0
9.90899999999965	4.6880000000001	11.527	0	0
21.8949999999986	17.1729999999998	19.6940000000004	0	0
12.5300000000007	10.4639999999999	10.8820000000005	0	0
11.5569999999989	7.22100000000046	9.78799999999956	0	0
11.4979999999996	7.80400000000009	9.62100000000009	0	0
14.1419999999998	12.777	10.759	0	0
10.8720000000012	7.78800000000047	9.76600000000053	0	0
18.3950000000004	12.5420000000004	16.3580000000002	0	0
10.103000000001	3.77399999999943	10.259	0	0
12.7120000000014	11.4160000000002	10.8710000000001	0	0
10.6620000000003	4.80300000000079	10.7759999999998	0	0
12.3189999999995	7.45100000000002	10.3720000000003	0	0
19.4120000000003	13.2379999999994	16.058	0	0
13.030999999999	8.49600000000009	10.0129999999999	0	0
11.509	7.34600000000046	10.7919999999995	0	0
11.9430000000011	8.58000000000084	8.64599999999973	0	0
11.9470000000001	7.15500000000065	10.5389999999998	0	0
8.61799999999857	2.71699999999964	8.40300000000025	0	0
20.6099999999988	15.7660000000005	16.4929999999995	0	0
13.4619999999995	10.1479999999992	10.3230000000003	0	0
10.8230000000003	6.02099999999973	11.3220000000001	0	0
11.1360000000004	8.80799999999999	10.5360000000001	0	0
9.69300000000112	5.9940000000006	9.38199999999961	0	0
9.06400000000031	4.58300000000054	9.75500000000011	0	0
12.0120000000006	10.6129999999994	10.625	0	0
11.3540000000012	7.55000000000018	9.55299999999988	0	0
9.67199999999866	3.30799999999999	9.49200000000019	0	0
11.7900000000009	7.33200000000033	9.97000000000025	0	0
10.9699999999993	6.28200000000015	10.1719999999996	0	0
9.01000000000022	2.51499999999942	9.53099999999995	0	0
12.353000000001	8.08099999999922	11.067	0	0
11.4750000000004	7.11299999999937	10.2610000000004	0	0
12.0880000000016	8.4369999999999	11.1510000000007	0	0
12.5410000000011	8.23300000000017	10.3789999999999	0	0
11.9600000000009	9.17200000000048	10.7150000000001	0	0
16.2899999999991	16.0199999999995	9.97400000000016	0	0
16.2420000000002	15.3159999999998	12.0210000000006	0	0
9.78300000000127	3.75799999999981	11.8950000000004	0	0
11.3690000000006	7.66499999999996	10.5720000000001	0	0
18.5919999999987	12.9549999999999	17.3340000000007	0	0
10.1919999999991	5.3179999999993	10.4159999999993	0	0
16.732	16.6049999999996	11.6179999999986	0	0
12.8389999999999	9.27100000000064	10.4040000000005	0	0
10.4359999999997	5.77999999999975	10.6650000000009	0	0
13.3990000000013	9.5679999999993	10.8170000000009	0	0
10.5529999999999	5.70899999999983	8.18299999999908	0	0
19.9920000000002	21.4080000000004	11.4470000000001	0	0
11.8310000000001	8.30400000000009	11.496000000001	0	0
11.6810000000005	6.67399999999998	11.4319999999989	0	0
9.46600000000035	2.40700000000015	10.6679999999997	0	0
9.44900000000052	4.04700000000048	9.79600000000028	0	0
11.3790000000008	10.2660000000005	9.54099999999926	0	0
18.5439999999999	13.0889999999999	16.2870000000003	0	0
13.5059999999994	11.1930000000002	9.89799999999923	0	0
11.2900000000009	9.72599999999966	9.93900000000031	0	0
9.58400000000074	5.27999999999975	8.66599999999926	0	0
10.7330000000002	4.30699999999979	10.6010000000006	0	0
20.505000000001	15.9740000000002	16.5930000000008	0	0
13.7139999999999	12.8429999999998	10.7489999999998	0	0
11.4400000000005	7.42500000000018	9.53700000000026	0	0
12.726999999999	6.48400000000038	11.009	0	0
20.116	14.4280000000008	20.1849999999995	0	0
12.0139999999992	8.67500000000018	11.8119999999999	0	0
17.857	14.2929999999997	15.0670000000009	0	0
10.9440000000013	5.91100000000006	10.2649999999994	0	0
15.1319999999996	11.2070000000003	11.7950000000001	0	0
12.0780000000013	7.24099999999999	10.9979999999996	0	0
9.84700000000157	4.69200000000001	10.4009999999998	0	0
11.1620000000003	6.29399999999987	11.0009999999984	0	0
13.8050000000003	9.06500000000051	11.6499999999996	0	0
24.5169999999998	21.4570000000003	18.3109999999997	0	0
11.3809999999994	7.76900000000023	10.0149999999994	0	0
9.10800000000017	5.13400000000001	9.38299999999981	0	0
9.03100000000086	3.03200000000015	10.226999999999	0	0
9.00500000000102	4.69700000000012	9.66699999999946	0	0
11.0390000000007	7.16600000000017	11.1649999999991	0	0
14.6479999999992	12.1980000000003	10.9719999999998	0	0
15.0120000000006	10.973	11.8299999999999	0	0
12.0450000000001	7.57899999999972	10.4849999999988	0	0
11.8050000000003	5.74099999999999	11.7880000000005	0	0
13.2729999999992	11.4160000000002	10.1020000000008	0	0
9.74200000000019	4.27000000000044	11.1829999999991	0	0
10.8520000000008	7.98599999999988	9.22899999999936	0	0
11.7009999999991	7.2510000000002	10.5909999999985	0	0
10.0409999999993	5.09199999999964	10.1649999999991	0	0
10.0869999999995	4.05099999999948	8.81700000000092	0	0
10.2700000000004	4.90799999999945	10.3330000000005	0	0
11.6940000000013	8.61200000000008	9.3809999999994	0	0
18.1669999999995	17.2889999999998	11.9359999999997	0	0
17.1740000000009	16.3789999999999	13.3680000000004	0	0
10.3159999999989	5.98300000000017	9.56900000000132	0	0
13.3019999999997	10.4110000000001	10.6589999999997	0	0
15.1499999999996	14.1089999999995	11.3099999999995	0	0
10.5079999999998	6.07499999999982	11.3230000000003	0	0
10.232	5.76500000000033	9.11699999999837	0	0
11.8279999999995	9.47000000000025	12.0590000000011	0	0
10.9799999999996	6.33200000000033	9.19800000000032	0	0
11.8450000000012	8.91499999999996	10.8449999999993	0	0
11.0419999999995	9.67000000000007	10.3420000000006	0	0
11.3060000000005	4.68499999999949	9.41700000000128	0	0
9.45900000000074	5.41599999999926	10.0159999999996	0	0
10.3410000000003	6.37100000000009	9.1299999999992	0	0
19.2379999999994	13.4170000000004	18.4400000000005	0	0
15.3780000000006	14.8419999999996	11.4840000000004	0	0
14.8160000000007	13.3739999999998	11.6219999999994	0	0
9.77100000000064	3.7559999999994	10.6899999999987	0	0
11.3999999999996	7.67699999999968	11.8389999999999	0	0
8.28499999999985	3.14699999999993	9.57800000000134	0	0
9.74200000000019	5.09799999999996	10.1239999999998	0	0
13.8639999999996	10.049	10.6329999999998	0	0
11.2139999999999	6.34099999999944	9.7559999999994	0	0
9.84600000000137	5.43900000000031	9.75799999999981	0	0
15.6370000000006	13.4260000000004	13.0859999999993	0	0
20.7340000000004	15.4299999999994	17.755000000001	0	0
15.6399999999994	13.4589999999998	10.8379999999997	0	0
9.19700000000012	5.11599999999999	8.10100000000057	0	0
10.8809999999994	7.25200000000041	10.0280000000002	0	0
14.0550000000003	12.1940000000004	9.45000000000073	0	0
12.1580000000013	8.25900000000001	9.76800000000003	0	0
9.10599999999977	2.81999999999971	8.96199999999953	0	0
11.1229999999996	6.73300000000017	10.987000000001	0	0
13.6409999999996	12.9610000000002	9.2400000000016	0	0
20.2350000000006	12.6559999999999	17.7830000000013	0	0
15.869999999999	14.0280000000002	11.5769999999993	0	0
11.8299999999999	9.40799999999945	10.244999999999	0	0
11.255000000001	8.02399999999943	9.31999999999971	0	0
13.6919999999991	11.8549999999996	10.3330000000005	0	0
11.6059999999998	6.31499999999869	10.4470000000001	0	0
9.96099999999933	4.97999999999956	10.7559999999994	0	0
10.9979999999996	5.50299999999879	10.9849999999988	0	0
10.6800000000003	6.00400000000081	9.27700000000004	0	0
19.2659999999996	13.6410000000014	13.5509999999995	0	0
13.8310000000001	12.5429999999997	10.6399999999994	0	0
9.25300000000061	4.67299999999886	10.2380000000012	0	0
9.85699999999997	3.98899999999958	10.7789999999986	0	0
17.0990000000002	10.9040000000005	16.4229999999989	0	0
9.9320000000007	5.03100000000086	8.04299999999967	0	0
12.6180000000004	8.85300000000097	11.0719999999983	0	0
13.6710000000003	10.6900000000005	11.1550000000007	0	0
18.0879999999997	10.232	16.1669999999995	0	0
15.4530000000013	16.3040000000001	10.369999999999	0	0
12.7939999999999	10.4570000000003	11.273000000001	0	0
8.49300000000039	3.32799999999952	9.40400000000045	0	0
11.4580000000005	7.47499999999854	12.478000000001	0	0
9.08499999999913	5.58100000000013	9.91899999999987	0	0
10.2489999999998	6.71600000000035	10.1759999999995	0	0
8.96000000000095	4.01199999999881	9.71299999999974	0	0
12.3360000000011	8.10200000000077	12.6859999999997	0	0
11.1140000000014	7.23600000000079	9.16699999999946	0	0
13.1970000000001	10.9930000000004	11.7960000000003	0	0
12.4130000000005	8.89900000000125	11.2090000000007	0	0
12.4589999999989	9.60000000000036	11.9439999999995	0	0
12.1909999999989	7.55599999999868	9.08899999999994	0	0
11.1049999999996	5.95399999999972	9.00799999999981	0	0
13.8690000000006	10.8239999999987	10.4700000000012	0	0
11.3999999999996	5.79800000000068	9.77599999999984	0	0
11.8089999999993	9.56999999999971	11.6999999999989	0	0
10.4680000000008	4.04700000000048	12.2309999999998	0	0
14.741	11.8130000000001	11.2489999999998	0	0
10.4549999999999	6.21500000000015	11.5689999999995	0	0
9.13400000000001	4.8809999999994	10.0250000000015	0	0
13.3150000000005	8.17100000000028	9.9330000000009	0	0
16.4579999999987	17.6769999999997	11.1670000000013	0	0
9.628999999999	5.16600000000108	9.58799999999974	0	0
12.4030000000002	10.9369999999999	9.92900000000009	0	0
9.32400000000052	4.62199999999939	10.0360000000001	0	0
11.0920000000006	6.05999999999949	11.1959999999999	0	0
10.1209999999992	4.89999999999964	10.9470000000001	0	0
11.1749999999993	7.35400000000118	10.5840000000007	0	0
25.7860000000001	23.4179999999997	17.7889999999989	0	0
12.3199999999997	11.0370000000003	9.57400000000052	0	0
12.0720000000001	5.29199999999946	12.6130000000012	0	0
10.6040000000012	9.09399999999914	8.89200000000164	0	0
13.110999999999	9.48300000000017	10.9989999999998	0	0
11.8150000000005	5.46799999999894	10.5820000000003	0	0
9.59200000000055	4.77300000000105	8.47400000000016	0	0
9.75900000000001	4.04900000000089	10.1790000000001	0	0
10.005000000001	4.74200000000019	10.8389999999999	0	0
11.9609999999993	6.49200000000019	12.9080000000013	0	0
13.0120000000006	9.15700000000106	9.72900000000118	0	0
9.2609999999986	3.02399999999943	10.4760000000006	0	0
10.2860000000001	6.15599999999904	9.86099999999897	0	0
9.66600000000108	4.39300000000003	9.75699999999961	0	0
9.36399999999958	4.05999999999949	10.1499999999996	0	0
11.6130000000012	8.19700000000012	11.4119999999984	0	0
9.32600000000093	4.97900000000118	11.1239999999998	0	0
10.4070000000011	7.1349999999984	9.67100000000028	0	0
10.655999999999	6.50199999999859	9.10800000000017	0	0
9.6929999999993	5.84000000000015	9.70199999999932	0	0
10.2950000000001	8.67400000000089	10.2299999999996	0	0
10.4030000000002	8.19999999999891	10.7520000000004	0	0
10.1100000000006	5.41599999999926	9.78900000000067	0	0
22.8959999999988	22.0120000000006	16.4120000000003	0	0
12.1119999999992	10.5659999999989	11.1380000000008	0	0
12.5519999999997	8.93199999999888	11.5249999999996	0	0
13.4389999999985	11.601999999999	12.0459999999985	0	0
12.496000000001	8.55500000000029	9.84900000000016	0	0
11.116	7.97500000000036	8.77700000000004	0	0
9.73700000000099	2.77700000000004	10.6059999999998	0	0
11.8430000000008	9.32800000000134	12.009	0	0
11.1360000000004	5.38400000000001	11.7139999999999	0	0
14.6499999999996	12.473	9.84499999999935	0	0
11.7080000000005	7.4989999999998	11.1540000000005	0	0
15.7379999999994	15.5249999999996	12.0920000000006	0	0
11.1100000000006	5.47899999999936	10.3580000000002	0	0
13.4970000000012	11.1170000000002	10.2010000000009	0	0
9.54900000000089	4.6869999999999	9.6929999999993	0	0
12.5259999999998	8.83899999999994	11.7600000000002	0	0
16.003999999999	5.6820000000007	17.2250000000004	0	0
10.2510000000002	5.3130000000001	9.82400000000052	0	0
11.3299999999999	7.65099999999984	11.1720000000005	0	0
8.23300000000017	2.02800000000025	9.38500000000022	0	0
12.0830000000005	7.32400000000052	10.8999999999996	0	0
22.277	18.9189999999999	15.8009999999995	0	0
13.255000000001	11.7420000000002	11.4129999999986	0	0
10.4499999999989	5.6880000000001	10.9750000000004	0	0
11.7889999999989	7.98300000000017	9.3809999999994	0	0
11.1049999999996	6.68900000000031	10.6909999999989	0	0
16.9400000000005	16.3020000000015	11.8919999999998	0	0
15.1409999999996	13.1399999999994	11.893	0	0
15.0969999999998	12.6779999999999	9.65300000000025	0	0
20.0570000000007	13.3220000000001	21.0240000000013	0	0
16.2109999999993	8.50500000000102	15.4360000000015	0	0
14.8379999999997	16.8109999999997	10.3720000000012	0	0
12.476999999999	7.98799999999937	10.2979999999989	0	0
9.25200000000041	5.01900000000023	9.23799999999937	0	0
11.2620000000006	6.31999999999971	9.92099999999846	0	0
10.5630000000001	6.25	10.3510000000006	0	0
13.5689999999995	10.1180000000004	11.2729999999992	0	0
12.9920000000002	9.96199999999953	9.74699999999939	0	0
12.7890000000007	8.61300000000119	9.878999999999	0	0
8.83799999999974	2.28399999999965	9.20200000000114	0	0
9.70999999999913	6.67300000000068	10.1720000000005	0	0
8.39500000000044	2.90899999999965	9.02399999999943	0	0
9.42199999999866	2.80500000000029	10.4540000000015	0	0
8.3849999999984	3.0049999999992	10.4479999999985	0	0
9.95100000000093	6.39700000000084	9.49700000000121	0	0
11.7959999999985	7.16699999999946	10.8500000000004	0	0
11.3360000000011	8.83299999999872	9.78499999999985	0	0
20.9549999999999	16.8999999999996	18.612000000001	0	0
8.94499999999971	3.63500000000022	8.29500000000007	0	0
10.2740000000013	5.25500000000102	9.25200000000041	0	0
10.6669999999995	5.4380000000001	10.5330000000013	0	0
21.6730000000007	25.8950000000004	13.3310000000001	0	0
9.28800000000047	3.42799999999988	9.30600000000049	0	0
10.8430000000008	6.03000000000065	10.9570000000003	0	0
8.66100000000006	3.85200000000077	8.63899999999921	0	0
11.3159999999989	7.38700000000063	9.60999999999876	0	0
8.97299999999996	2.33799999999974	9.88299999999981	0	0
11.4899999999998	8.50799999999981	10.9899999999998	0	0
10.0839999999989	5.97600000000057	9.30999999999949	0	0
9.45800000000054	3.07200000000012	9.72899999999936	0	0
15.8230000000003	16.2270000000008	11.3799999999992	0	0
12.1660000000011	9.76499999999942	10.4619999999995	0	0
11.1730000000007	9.07099999999991	9.83200000000033	0	0
9.29600000000028	3.94700000000012	10.9260000000013	0	0
9.14400000000023	3.80099999999948	12.0010000000002	0	0
9.45399999999972	3.48600000000079	11.0550000000003	0	0
10.0220000000008	5.375	9.8700000000008	0	0
15.652	11.8109999999997	11.4179999999997	0	0
11.3979999999992	9.92000000000007	10.4989999999998	0	0
10.7170000000006	4.91600000000108	11.2749999999996	0	0
9.45099999999911	4.25	9.15099999999984	0	0
9.33099999999831	6.14899999999943	9.48100000000159	0	0
9.96299999999974	6.70599999999831	8.88799999999901	0	0
12.0810000000001	7.14399999999841	11.884	0	0
10.1810000000005	6.31600000000071	9.35800000000017	0	0
10.5950000000012	5.91799999999967	9.67699999999968	0	0
12.0190000000002	10.0949999999993	9.65699999999924	0	0
21.8119999999999	16.4230000000007	18.1509999999998	0	0
9.64700000000084	4.58299999999872	9.48600000000079	0	0
16.3469999999998	14.3089999999993	10.8260000000009	0	0
12.9580000000005	9.91899999999987	9.85699999999997	0	0
9.04099999999926	2.56800000000112	9.84200000000055	0	0
11.9209999999985	8.01900000000023	9.62199999999939	0	0
11.0519999999997	4.95299999999952	10.5579999999991	0	0
11.6689999999999	6.3739999999998	10.2330000000002	0	0
14.2790000000005	10.5159999999996	11.5290000000005	0	0
14.5499999999993	12.0740000000005	10.6319999999996	0	0
10.0510000000013	3.90999999999985	9.24799999999959	0	0
17.996000000001	17.8880000000008	11.1620000000003	0	0
12.2639999999992	11.4480000000003	9.78600000000006	0	0
18.6099999999988	19.4500000000007	10.9620000000014	0	0
11.0949999999993	7.14800000000105	9.00799999999981	0	0
12.9330000000009	11.0680000000011	9.79600000000028	0	0
9.84600000000137	5.47100000000137	10.3139999999985	0	0
18.1589999999997	20.1549999999988	12.646999999999	0	0
12.8500000000004	11.6110000000008	10.7839999999997	0	0
13.9740000000002	11.1319999999996	11.0589999999993	0	0
11.3540000000012	8.66899999999987	9.69000000000051	0	0
10.7350000000006	7.34599999999955	8.3010000000013	0	0
12.2939999999999	8.01899999999841	10.1840000000011	0	0
11.0510000000013	9.32799999999952	10.5779999999995	0	0
13.6869999999999	11.1370000000006	12.2420000000002	0	0
8.35200000000077	3.79300000000148	8.27099999999882	0	0
13.389000000001	9.79600000000028	12.0570000000007	0	0
17.232	8.35900000000038	17.1460000000006	0	0
12.4030000000002	9.94100000000071	10.598	0	0
15.9899999999998	13.3490000000002	10.6830000000009	0	0
12.5879999999997	9.13900000000103	9.9429999999993	0	0
10.4210000000003	4.49399999999878	9.14700000000084	0	0
11.5419999999995	7.34599999999955	10.6409999999996	0	0
10.1479999999992	6.20299999999952	9.28299999999945	0	0
12.2330000000002	7.29099999999926	11.1530000000002	0	0
13.1489999999994	9.13900000000103	11.6919999999991	0	0
13.2690000000002	10.9120000000003	10.7140000000018	0	0
16.0010000000002	13.8619999999992	10.7139999999999	0	0
10.8230000000003	5.45200000000114	11.5	0	0
15.4670000000006	18.3150000000005	11.0880000000016	0	0
10.4709999999995	6.02800000000025	9.375	0	0
9.73400000000038	6.57099999999991	10.0599999999995	0	0
16.5640000000003	10.0499999999993	16.8270000000011	0	0
9.73300000000017	4.78499999999985	9.99499999999898	0	0
10.7690000000002	6.03600000000006	10.1509999999998	0	0
11.5149999999994	8.91400000000067	11.2649999999994	0	0
9.87200000000121	3.89099999999962	10.4470000000001	0	0
14.6800000000003	12.402	11.0399999999991	0	0
9.97700000000077	5.72899999999936	9.39900000000125	0	0
10.5419999999995	5.11300000000119	10.4380000000001	0	0
11.1599999999999	7.48199999999997	9.21099999999933	0	0
9.97699999999895	5.33200000000033	10.4699999999993	0	0
8.30899999999929	3.78200000000106	8.65500000000065	0	0
10.7929999999997	7.80299999999988	9.53600000000006	0	0
13.1990000000005	10.6389999999992	10.3359999999993	0	0
17.5810000000001	9.35200000000077	17.107	0	0
17.3910000000014	16.8379999999997	11.2060000000001	0	0
8.21500000000015	2.79100000000108	9.6780000000017	0	0
13.3029999999999	9.12599999999838	13.3469999999998	0	0
9.76999999999862	4.97800000000097	10.7970000000005	0	0
10.9740000000002	8.3179999999993	10.2119999999995	0	0
9.90400000000045	5.07899999999972	8.95800000000054	0	0
13.8960000000006	13.1149999999998	9.9380000000001	0	0
10.8559999999998	5.59000000000015	11.0970000000016	0	0
13.0770000000011	10.4899999999998	10.5220000000008	0	0
17.3820000000014	14.4560000000001	13.0149999999994	0	0
11.2900000000009	5.96999999999935	9.15500000000065	0	0
14.5149999999994	11.7810000000009	12.1679999999997	0	0
9.01699999999983	2.72500000000036	8.97199999999975	0	0
11.8109999999997	10.3880000000008	10.371000000001	0	0
12.9410000000007	9.02099999999882	11.1459999999988	0	0
10.8119999999999	6.97699999999895	9.27100000000064	0	0
9.33599999999933	4.71099999999933	10.4989999999998	0	0
23.0799999999999	19.2659999999996	16.616	0	0
15.0889999999999	15.0889999999999	9.73599999999897	0	0
10.8809999999976	6.58300000000054	10.8069999999989	0	0
10.7870000000003	6.58499999999913	11.027	0	0
11.1620000000003	6.43499999999949	10.3089999999993	0	0
8.98899999999776	2.65699999999924	10.7160000000003	0	0
11.6699999999983	8.95200000000114	9.79300000000148	0	0
11.3680000000022	8.04299999999967	10.652	0	0
10.2109999999993	5.83899999999994	9.89099999999962	0	0
10.7249999999985	8.50299999999879	9.75799999999981	0	0
9.59899999999834	3.24900000000162	10.4680000000008	0	0
13.9320000000007	11.1679999999997	11.0920000000006	0	0
11.2560000000012	4.71300000000156	10.5509999999995	0	0
15.4429999999993	15.1229999999996	11.2209999999995	0	0
10.0109999999986	2.90099999999984	9.63500000000022	0	0
10.1689999999981	4.47299999999996	11.4740000000002	0	0
10.5580000000009	5.76200000000063	12.7079999999987	0	0
11.0099999999984	5.33600000000115	10.5659999999989	0	0
10.5550000000003	4.60000000000036	11.0379999999986	0	0
10.9490000000005	5.7489999999998	10.8819999999996	0	0
10.6570000000029	6.3130000000001	10.4279999999999	0	0
12.2419999999984	10.1020000000008	10.4319999999989	0	0
12.4260000000031	7.69000000000051	10.6860000000015	0	0
9.41100000000006	4.95799999999872	9.20600000000013	0	0
12.2410000000018	9.08599999999933	10.2579999999998	0	0
13.4099999999999	11.7459999999992	11.4009999999998	0	0
11.9029999999984	7.77199999999903	11.2219999999998	0	0
8.90999999999985	4.53700000000026	9.50699999999961	0	0
20.3160000000025	15.3450000000012	16.244999999999	0	0
10.5319999999992	7.56399999999849	8.76900000000023	0	0
19.9089999999997	23.1260000000002	11.875	0	0
12.9429999999993	9.32700000000114	12.2579999999998	0	0
11.8090000000011	8.07999999999993	9.96299999999974	0	0
8.73800000000119	2.65799999999945	10.232	0	0
11.9110000000001	10.369999999999	11.5370000000003	0	0
11.7530000000006	8.91499999999905	10.4080000000013	0	0
23.9539999999979	21.2479999999996	19.3339999999989	0	0
8.5089999999982	3.27400000000125	9.4369999999999	0	0
9.96599999999671	7.65999999999985	10.2079999999987	0	0
12.4929999999986	10.1470000000008	10.3690000000006	0	0
10.25	5.52799999999843	10.1580000000013	0	0
9.72400000000198	3.30400000000009	10.0460000000003	0	0
9.44100000000253	2.95399999999972	9.43100000000049	0	0
10.7210000000014	8.35000000000036	10.2970000000005	0	0
14.7050000000017	12.8350000000009	10.527	0	0
12.0610000000015	8.9380000000001	11.3260000000009	0	0
11.0159999999996	6.54199999999946	9.52299999999923	0	0
9.19700000000012	3.13500000000022	9.53000000000065	0	0
15.7419999999984	13.5500000000011	11.134	0	0
10.380000000001	6.34599999999955	10.1389999999992	0	0
9.74799999999959	5.46000000000095	9.07200000000012	0	0
12.2390000000014	9.3119999999999	10.9420000000009	0	0
12.4720000000016	8.96800000000076	10.1739999999991	0	0
12.1610000000001	10.625	9.44400000000132	0	0
11.7639999999992	5.74499999999898	8.95700000000033	0	0
10.8889999999992	6.02199999999903	10.5840000000007	0	0
12.1380000000026	8.05500000000029	12.5689999999995	0	0
11.9039999999986	8.6260000000002	9.22800000000097	0	0
8.74300000000221	4.53800000000047	8.80899999999929	0	0
10.3359999999993	6.11499999999978	10.1839999999993	0	0
9.58400000000256	3.72899999999936	10.2020000000011	0	0
9.34799999999814	4.80199999999968	9.86899999999878	0	0
9.7019999999975	4.26200000000063	10.9440000000013	0	0
10.4909999999982	6.99300000000039	9.73899999999958	0	0
10.887999999999	9.41400000000067	9.99699999999939	0	0
12.0390000000007	7.28900000000067	8.71000000000095	0	0
9.15799999999945	5.80099999999948	9.49300000000039	0	0
11.849000000002	8.15599999999904	12.2600000000002	0	0
12.9910000000018	10.8420000000006	11.8680000000004	0	0
10.25	4.40800000000127	10.6449999999986	0	0
12.2510000000002	8.82599999999911	9.98199999999997	0	0
12.482	10.598	10.7150000000001	0	0
13.9500000000007	13.9850000000006	12.0550000000003	0	0
12.0269999999982	9.56700000000092	10.5790000000015	0	0
11.1510000000017	5.95600000000013	11.7900000000009	0	0
13.9950000000026	10.5559999999987	12.021999999999	0	0
14.6219999999994	11.8540000000012	10.9750000000004	0	0
10.8209999999999	5.52900000000045	9.50200000000041	0	0
9.27700000000186	3.95299999999952	8.84099999999853	0	0
10.7349999999969	5.08300000000054	11.4189999999999	0	0
20.7150000000001	22.5560000000005	12.6810000000005	0	0
10.1779999999999	4.79500000000007	10.4069999999992	0	0
11.6579999999994	7.01900000000023	9.53700000000026	0	0
15.7440000000024	16.7259999999987	10.6980000000003	0	0
12.8289999999979	10.2089999999989	9.6190000000006	0	0
17.8889999999992	17.3079999999991	10.646999999999	0	0
11.0449999999983	7.7559999999994	10.1239999999998	0	0
10.8100000000013	4.64199999999983	11.1470000000008	0	0
11.9510000000009	9.45999999999913	11.0120000000006	0	0
9.21999999999753	4.33200000000033	10.1359999999986	0	0
13.8029999999999	12.3510000000006	11.2630000000008	0	0
20.1569999999992	14.3490000000002	18.1920000000009	0	0
11.8640000000014	8.00300000000061	9.69599999999991	0	0
12.0570000000007	11.3639999999996	9.40900000000147	0	0
8.96700000000055	4.95499999999993	9.03000000000065	0	0
9.23700000000099	6.60999999999876	9.29600000000028	0	0
15.982	7.71200000000135	14.598	0	0
25.0730000000003	23.0259999999998	18.1859999999997	0	0
11.9490000000005	7.27900000000045	10.7299999999996	0	0
13.4680000000008	12.2100000000009	10.0529999999999	0	0
20.7770000000019	12.8439999999991	19.3379999999997	0	0
11.0020000000004	7.33799999999974	9.61499999999796	0	0
8.90399999999863	3.26600000000144	10.6290000000008	0	0
10.114999999998	6.60599999999977	10.7669999999998	0	0
9.29699999999866	2.50400000000081	10.1589999999997	0	0
15.6749999999993	16.8189999999995	10.4789999999994	0	0
16.6870000000017	8.53299999999945	18.0299999999988	0	0
9.17600000000311	5.8809999999994	8.65299999999843	0	0
11.5749999999971	8.14300000000003	10.594000000001	0	0
9.54999999999927	6.04399999999987	9.84699999999793	0	0
15.1939999999995	11.1499999999996	12.9019999999982	0	0
13.523000000001	10.6369999999988	10.0279999999984	0	0
9.76800000000003	5.59699999999975	10.6589999999997	0	0
8.38300000000163	2.66499999999905	10.5550000000003	0	0
15.7129999999997	7.90099999999984	16.1439999999966	0	0
9.49299999999857	3.14999999999964	9.12199999999939	0	0
9.10800000000017	3.18599999999969	9.83699999999953	0	0
15.3099999999977	4.71500000000015	17.3099999999977	0	0
8.58799999999974	3.26400000000103	9.21299999999974	0	0
10.4840000000004	6.74599999999919	10.6520000000019	0	0
10.7799999999988	7.44700000000012	11.5730000000003	0	0
15.5080000000016	13.8220000000001	11.5380000000005	0	0
14.7540000000008	12.494999999999	10.893	0	0
11.010000000002	5.12900000000081	9.56200000000172	0	0
9.99600000000282	5.78900000000067	10.5250000000015	0	0
11.5709999999999	6	11.1749999999993	0	0
14.5289999999986	13.2289999999994	12.4120000000003	0	0
17.2049999999981	9.6299999999992	15.9840000000004	0	0
10.2530000000006	5.35599999999977	10.7920000000013	0	0
24.8790000000008	22.4670000000006	19.1290000000008	0	0
15.4510000000009	15.3389999999999	11.6900000000023	0	0
8.68400000000111	2.70299999999952	10.1179999999986	0	0
11.393	8.7450000000008	10.8729999999996	0	0
10.8029999999999	5.93599999999969	8.67799999999988	0	0
10.9089999999997	4.003999999999	11.5689999999995	0	0
12.3530000000028	9.23800000000119	9.5199999999968	0	0
12.7279999999992	9.95499999999993	11.0379999999968	0	0
12.4390000000021	7.94700000000012	10.9079999999994	0	0
10.7129999999997	5.46000000000095	8.64099999999962	0	0
9.58099999999831	5.35299999999916	9.4539999999979	0	0
9.21100000000297	5.02700000000004	8.35599999999977	0	0
10.5260000000017	6.09200000000055	9.49900000000343	0	0
10.6380000000026	7.10699999999997	10.5139999999992	0	0
10.6190000000024	7.31099999999969	10.1679999999978	0	0
11.6330000000016	6.64800000000105	11.5839999999989	0	0
14.2350000000006	12.7970000000005	11.8159999999989	0	0
10.737000000001	6.40300000000025	10.1689999999981	0	0
10.2180000000008	5.64399999999841	8.15000000000146	0	0
9.67399999999907	4.65399999999863	9.78600000000006	0	0
10.3009999999995	5.74799999999959	9.81400000000212	0	0
9.92500000000291	3.81599999999889	9.89500000000044	0	0
12.7649999999994	9.3760000000002	11.0819999999985	0	0
13.6830000000009	11.0820000000003	9.98699999999735	0	0
10.4300000000003	7.8859999999986	10.7769999999982	0	0
11.3909999999996	7.10999999999876	10.2019999999975	0	0
10.7239999999983	6.04399999999987	9.78399999999965	0	0
11.4510000000009	7.98000000000138	9.34799999999814	0	0
8.92299999999886	2.28700000000026	9.90500000000247	0	0
12.5159999999996	10.8210000000017	9.44099999999889	0	0
9.91899999999805	4.29700000000048	9.46999999999753	0	0
16.0560000000005	8.73199999999997	16.4989999999998	0	0
10.0840000000026	5.56000000000131	8.41400000000067	0	0
17.0790000000015	9.67699999999968	16.6270000000004	0	0
10.1039999999994	3.34899999999834	10.4239999999991	0	0
9.51400000000285	2.15099999999984	11.2220000000016	0	0
15.2079999999987	13.3809999999994	10.3410000000003	0	0
10.5580000000009	6.81700000000092	10.9670000000006	0	0
10.7920000000013	7.28999999999905	10.0119999999988	0	0
10.6579999999994	5.47500000000036	12.1749999999993	0	0
14.4200000000019	12.8940000000002	10.1949999999997	0	0
12.729000000003	11.4650000000001	9.55600000000049	0	0
10.4540000000015	6.31599999999889	9.08199999999852	0	0
9.8179999999993	2.51900000000023	9.78299999999945	0	0
11.2800000000025	8.12099999999919	9.42699999999968	0	0
10.3119999999981	4.51199999999881	10.7659999999996	0	0
8.69900000000052	3.67799999999988	9.19800000000032	0	0
10.7120000000032	4.1299999999992	10.0089999999982	0	0
9.48500000000058	4.11700000000019	10.3209999999999	0	0
19.1849999999977	12.5589999999993	17.9599999999991	0	0
10.5560000000005	5.07899999999972	10.9010000000017	0	0
24.3410000000003	20.3790000000008	17.9860000000008	0	0
10.6879999999983	5.58799999999974	11.5639999999985	0	0
13.7530000000006	14.2309999999998	12.2949999999983	0	0
21.0399999999972	14.0110000000004	19.625	0	0
9.41300000000047	6.40300000000025	10.1210000000028	0	0
13.1059999999998	11.7000000000007	11.9160000000011	0	0
10.4359999999979	5.56800000000112	10.0840000000026	0	0
11.8060000000005	8.14300000000003	9.9910000000018	0	0
12.8220000000001	10.6569999999992	10.6800000000003	0	0
8.90799999999945	2.96699999999873	9.54400000000169	0	0
11.3230000000003	7.11800000000039	11.755000000001	0	0
12.7740000000013	8.76399999999921	12.0120000000024	0	0
9.22600000000239	5.56099999999969	9.31599999999889	0	0
9.24099999999817	4.28799999999865	10.5149999999994	0	0
9.20100000000093	3.41899999999987	8.81100000000151	0	0
11.5629999999983	7.6929999999993	12.898000000001	0	0
9.65599999999904	3.84799999999996	11.0720000000001	0	0
16.2740000000013	7.77599999999984	18.2260000000024	0	0
14.4420000000027	14.1750000000011	9.88799999999901	0	0
26.3240000000005	23.1910000000007	18.4700000000012	0	0
11.7959999999985	7.73699999999917	11.1849999999977	0	0
14.400999999998	13.7199999999993	9.23500000000058	0	0
10.8130000000019	7.44499999999971	9.88200000000143	0	0
13.2950000000019	11.8290000000015	10.242000000002	0	0
17.1959999999999	7.7549999999992	16.4190000000017	0	0
10.2720000000008	6.15799999999945	10.1419999999998	0	0
10.7000000000007	6.79500000000007	11.0779999999977	0	0
10.4719999999979	5.08300000000054	11.7739999999976	0	0
15.5390000000007	12.2720000000008	10.4730000000018	0	0
18.1369999999988	18.6549999999988	11.8639999999978	0	0
11.6240000000034	7.66200000000026	9.42299999999886	0	0
13.5390000000007	10.8539999999994	11.8199999999997	0	0
19.0879999999997	11.4669999999987	16.9079999999994	0	0
12.2439999999988	8.21700000000055	11.3789999999972	0	0
17.9540000000015	10.7170000000006	16.7350000000006	0	0
16.5280000000021	16.2600000000002	11.6579999999994	0	0
11.5910000000003	7.57899999999972	10.7030000000013	0	0
11.0459999999985	5.8799999999992	10.518	0	0
8.36899999999878	3.13400000000001	10.6990000000005	0	0
9.02299999999741	5.003999999999	9.74599999999919	0	0
16.8349999999991	15.1329999999998	12.1610000000001	0	0
13.375	12.6939999999995	10.3709999999992	0	0
12.607	11.4430000000011	10.8469999999979	0	0
8.98700000000099	3.29299999999967	10.6360000000022	0	0
8.61200000000099	3.36199999999917	9.73500000000058	0	0
18.8780000000006	11.2939999999999	17.869999999999	0	0
18.8919999999998	12.9130000000005	17.344000000001	0	0
11.3709999999992	6.95099999999911	10.112000000001	0	0
10.0839999999989	3.45299999999952	10.6619999999966	0	0
10.9550000000017	6.39500000000044	9.94499999999971	0	0
12.0980000000018	7.96299999999974	11.8310000000019	0	0
18.1740000000027	9.52800000000025	17.3130000000019	0	0
10.7710000000006	7.5049999999992	11.030999999999	0	0
8.59399999999732	3.55500000000029	8.97500000000218	0	0
19.630000000001	12.0419999999995	18.9189999999981	0	0
11.0190000000002	7.58700000000135	8.85300000000279	0	0
14.0709999999999	12.2690000000002	11.1529999999984	0	0
10.7659999999996	8.06000000000131	10.4660000000003	0	0
10.2970000000023	6.58799999999974	9.2400000000016	0	0
20.8369999999995	23.3999999999996	13.0870000000032	0	0
20.0329999999994	12.3299999999999	19.9279999999999	0	0
10.9379999999983	6.15500000000065	10.0790000000015	0	0
7.71099999999933	2.40899999999965	6.71900000000096	0	0
10.2909999999974	7.24200000000019	8.08300000000236	0	0
9.31599999999889	4.49699999999939	7.74599999999919	0	0
14.3960000000006	6.89300000000003	13.0859999999993	0	0
8.03700000000026	2.67499999999927	7.99699999999939	0	0
7.7029999999977	3.63000000000102	7.23500000000058	0	0
8.45099999999729	2.4989999999998	8.35599999999977	0	0
10.7489999999998	7.59300000000076	8.45800000000236	0	0
9.00699999999779	6.03700000000026	8.65199999999822	0	0
9.20300000000134	4.21100000000115	8.56000000000131	0	0
9.73599999999715	5.26100000000042	8.00300000000061	0	0
9.01299999999901	3.40800000000127	9.03700000000026	0	0
9.84699999999793	4.9260000000013	7.60800000000017	0	0
8.51300000000265	5.62800000000061	8.4210000000021	0	0
7.9890000000014	3.76699999999983	6.87199999999939	0	0
9.20300000000134	4.96999999999935	8.75399999999718	0	0
9.73400000000038	5.38400000000001	7.91300000000047	0	0
10.226999999999	6.27700000000004	8.09400000000096	0	0
8.63299999999799	5.45499999999993	8.50300000000061	0	0
8.22799999999916	4.00799999999981	9.02400000000125	0	0
9.32200000000012	4.33200000000033	9.4429999999993	0	0
7.9210000000021	2.17300000000068	7.38999999999942	0	0
13.1359999999986	9.76200000000063	8.46799999999712	0	0
11.3189999999995	6.9890000000014	8.58399999999892	0	0
9.07400000000052	5.53600000000006	8.15500000000247	0	0
9.28299999999945	5.12699999999859	7.75	0	0
8.55400000000009	2.62700000000041	7.96900000000096	0	0
9.24099999999817	2.70600000000013	8.20200000000114	0	0
10.3640000000014	5.15800000000127	8.61100000000079	0	0
9.59000000000015	6.95499999999993	8.2489999999998	0	0
8.91200000000026	4.47700000000077	6.83399999999892	0	0
9.76599999999962	7.40400000000045	8.54999999999927	0	0
8.34100000000035	3.28499999999985	7.89800000000105	0	0
8.46500000000015	4.61700000000019	7.86000000000058	0	0
8.14400000000023	3.28099999999904	8.27399999999761	0	0
7.80499999999665	2.98199999999997	7.36900000000242	0	0
17.8559999999998	10.9099999999999	13.1309999999976	0	0
8.7970000000023	6.10599999999977	8.48400000000038	0	0
19.4950000000026	12.4439999999995	13.3539999999994	0	0
8.67900000000009	5.55299999999988	8.51800000000003	0	0
