5.249	0.185	6.323	0	0
2.251	0.099	2.349	0	0
2.181	0.165	2.424	0	0
2.11	0.127	2.211	0	0
2.049	0.123	2.174	0	0
2.104	0.0940000000000003	2.226	0	0
2.164	0.105	2.271	0	0
2.079	0.116	2.19499999999999	0	0
2.088	0.127	2.217	0	0
2.09800000000001	0.131	2.229	0	0
2.236	0.148	2.30500000000001	0	0
6.095	0.279	6.377	0	0
2.10900000000001	0.0999999999999996	2.211	0	0
2.14800000000001	0.143	2.26600000000001	0	0
2.127	0.0889999999999995	2.23099999999999	0	0
4.548	0.282	4.84099999999999	0	0
2.217	0.143000000000001	2.36099999999999	0	0
2.229	0.101	2.32900000000001	0	0
2.28499999999998	0.177	2.41499999999999	0	0
2.38	0.249	2.60500000000002	0	0
2.19200000000001	0.093	2.286	0	0
2.07499999999999	0.0960000000000001	2.179	0	0
2.22399999999999	0.245999999999999	2.458	0	0
2.06100000000001	0.112	2.18600000000001	0	0
2.59099999999998	0.093	2.685	0	0
2.08500000000001	0.0889999999999986	2.17600000000002	0	0
6.892	1.303	8.11499999999998	0	0
2.43200000000002	0.194000000000001	2.47200000000001	0	0
2.44200000000001	0.271000000000001	2.59999999999999	0	0
4.89499999999998	0.804	5.41299999999998	0	0
2.185	0.112	2.297	0	0
2.21199999999999	0.108000000000001	2.32400000000001	0	0
2.191	0.116	2.30799999999999	0	0
2.22	0.112000000000002	2.33199999999999	0	0
2.12	0.112000000000002	2.37700000000001	0	0
4.53200000000001	0.364999999999998	4.81400000000002	0	0
2.738	0.120999999999999	2.85999999999996	0	0
2.22	0.103999999999999	2.32600000000002	0	0
2.21300000000002	0.112000000000002	2.32500000000005	0	0
2.49299999999999	0.391000000000002	2.726	0	0
2.339	0.0940000000000012	2.53499999999997	0	0
2.76400000000001	0.132000000000001	3.00199999999995	0	0
2.22899999999998	0.108000000000001	2.33800000000002	0	0
2.22199999999998	0.106999999999999	2.37699999999995	0	0
4.41700000000003	0.186	4.60300000000001	0	0
2.24400000000003	0.0839999999999996	2.32800000000003	0	0
2.23699999999997	0.088000000000001	2.32600000000002	0	0
2.19	0.120000000000001	2.31	0	0
2.28000000000003	0.0839999999999996	2.70500000000004	0	0
2.28399999999999	0.233000000000001	2.69299999999998	0	0
2.21200000000005	0.101000000000003	2.31299999999999	0	0
2.24600000000004	0.105	2.34399999999999	0	0
2.44099999999997	0.417999999999999	2.79699999999997	0	0
2.42600000000004	0.210000000000001	2.43099999999998	0	0
2.17600000000004	0.103999999999999	2.28399999999999	0	0
2.17900000000003	0.128999999999998	2.29699999999997	0	0
2.387	0.355	2.62	0	0
2.19599999999997	0.119999999999997	2.31900000000002	0	0
2.21499999999997	0.109000000000002	2.32299999999998	0	0
2.173	0.157	2.30899999999997	0	0
2.25299999999999	0.103000000000002	2.45400000000001	0	0
2.226	0.107999999999997	2.334	0	0
2.22899999999998	0.126999999999999	2.37300000000005	0	0
2.25	0.109000000000002	2.37400000000002	0	0
2.19299999999998	0.111999999999998	2.30100000000004	0	0
2.28899999999999	0.0919999999999987	2.38400000000001	0	0
2.202	0.116	2.31799999999998	0	0
2.22699999999998	0.0909999999999975	2.34599999999995	0	0
2.16500000000002	0.126999999999999	2.31099999999998	0	0
2.21100000000001	0.113	2.32300000000004	0	0
2.22199999999998	0.0800000000000018	2.303	0	0
2.202	0.108000000000001	2.39200000000005	0	0
4.45600000000002	0.356999999999999	4.75899999999996	0	0
2.34400000000005	0.262999999999998	2.60900000000004	0	0
2.21700000000004	0.111999999999998	2.32900000000001	0	0
2.21199999999999	0.100999999999999	2.31299999999999	0	0
4.387	0.224000000000004	4.61199999999997	0	0
2.20800000000003	0.111999999999995	2.32000000000005	0	0
2.20600000000002	0.116000000000007	2.322	0	0
2.29500000000002	0.100999999999999	2.39499999999998	0	0
2.21600000000001	0.0839999999999961	2.29999999999995	0	0
2.23399999999998	0.116999999999997	2.35000000000002	0	0
2.20400000000001	0.100000000000001	2.30499999999995	0	0
2.19	0.119999999999997	2.31100000000004	0	0
2.18400000000008	0.104999999999997	2.31200000000001	0	0
2.17899999999997	0.116	2.303	0	0
2.19600000000003	0.100000000000001	2.29700000000003	0	0
2.21300000000008	0.104999999999997	2.32999999999993	0	0
2.73900000000003	0.128	2.86700000000008	0	0
2.19900000000007	0.113	2.31200000000001	0	0
2.202	0.112000000000002	2.31400000000008	0	0
2.22799999999995	0.0960000000000036	2.32499999999993	0	0
2.71899999999994	0.121000000000002	2.83899999999994	0	0
2.25999999999999	0.0760000000000005	2.33600000000001	0	0
4.38300000000004	0.234999999999999	4.64600000000007	0	0
2.30200000000002	0.319000000000003	2.64200000000005	0	0
2.09799999999996	0.132000000000005	2.2410000000001	0	0
2.09300000000007	0.0720000000000027	2.16599999999994	0	0
2.09000000000003	0.0959999999999965	2.1869999999999	0	0
2.09300000000007	0.0919999999999987	2.18700000000001	0	0
2.09199999999998	0.0959999999999965	2.19000000000005	0	0
4.27599999999995	0.43	4.56000000000006	0	0
2.04300000000001	0.119999999999997	2.16300000000001	0	0
2.06899999999996	0.0999999999999943	2.16899999999998	0	0
2.07000000000005	0.103999999999999	2.17399999999998	0	0
2.23799999999994	0.277999999999999	2.49899999999991	0	0
2.26699999999994	0.108000000000004	2.39400000000001	0	0
2.29599999999994	0.185000000000002	2.476	0	0
2.21799999999996	0.088000000000001	2.38699999999994	0	0
2.09999999999991	0.100000000000001	2.30499999999995	0	0
2.30399999999997	0.132000000000005	2.43499999999995	0	0
4.39400000000001	0.231999999999999	4.62700000000007	0	0
2.03699999999992	0.116	2.154	0	0
2.06399999999996	0.0929999999999964	2.15700000000004	0	0
2.03499999999997	0.103999999999999	2.13999999999999	0	0
2.10000000000002	0.111000000000004	2.23399999999992	0	0
2.08199999999999	0.107999999999997	2.19200000000001	0	0
2.14100000000008	0.222000000000001	2.27600000000007	0	0
2.25400000000002	0.0929999999999964	2.46600000000001	0	0
2.12799999999993	0.088000000000001	2.447	0	0
2.41699999999992	0.335999999999999	2.65700000000004	0	0
2.06000000000006	0.107999999999997	2.16899999999998	0	0
2.06999999999994	0.136000000000003	2.21500000000003	0	0
2.07500000000005	0.0970000000000013	2.17100000000005	0	0
2.06999999999994	0.102999999999994	2.17600000000004	0	0
2.10299999999995	0.0960000000000036	2.21500000000003	0	0
2.32100000000003	0.255000000000003	2.47000000000003	0	0
2.178	0.173000000000002	2.26400000000001	0	0
6.18399999999997	0.339999999999996	6.51199999999994	0	0
2.06700000000001	0.0999999999999943	2.19899999999996	0	0
2.06899999999996	0.103999999999999	2.173	0	0
2.10699999999997	0.0840000000000032	2.20500000000004	0	0
2.096	0.116	2.21100000000001	0	0
2.08299999999997	0.100000000000001	2.18600000000004	0	0
2.178	0.134999999999998	2.30700000000002	0	0
4.3130000000001	0.295000000000002	4.66700000000003	0	0
4.06200000000001	0.223999999999997	4.28499999999997	0	0
2.09799999999996	0.0919999999999987	2.19299999999998	0	0
2.09100000000001	0.103999999999999	2.18899999999996	0	0
2.06799999999998	0.0889999999999986	2.15700000000004	0	0
2.03699999999992	0.108000000000004	2.14600000000007	0	0
2.04500000000007	0.119999999999997	2.16599999999994	0	0
2.07400000000007	0.105000000000004	2.19100000000003	0	0
2.10000000000002	0.161000000000001	2.43799999999999	0	0
2.06000000000006	0.0990000000000038	2.20500000000004	0	0
2.05700000000002	0.116	2.17500000000007	0	0
2.04300000000001	0.111999999999995	2.15699999999993	0	0
2.06299999999999	0.0960000000000036	2.16000000000008	0	0
2.58600000000001	0.0919999999999987	2.67899999999997	0	0
2.07799999999997	0.0839999999999961	2.16399999999999	0	0
2.27199999999993	0.175000000000004	2.47000000000003	0	0
2.25999999999999	0.231000000000002	2.51300000000003	0	0
2.32599999999991	0.236999999999995	2.54499999999996	0	0
3.08899999999994	0.408999999999999	3.44100000000003	0	0
2.24200000000008	0.0959999999999965	2.33999999999992	0	0
4.42000000000007	0.208999999999996	4.62899999999991	0	0
9.12099999999998	0.420999999999999	9.54199999999992	0	0
2.22500000000002	0.103999999999999	2.32899999999995	0	0
2.29599999999994	0.198	2.45499999999993	0	0
2.20500000000004	0.116	2.32200000000012	0	0
2.22299999999996	0.103999999999999	2.34299999999985	0	0
4.14199999999994	0.201000000000001	4.37999999999988	0	0
2.09699999999998	0.088000000000001	2.18599999999992	0	0
2.11399999999992	0.0999999999999943	2.22399999999993	0	0
2.61099999999999	0.10799999999999	2.73099999999999	0	0
2.09000000000003	0.0919999999999987	2.18399999999997	0	0
2.08399999999995	0.108000000000004	2.19299999999998	0	0
2.08500000000004	0.0800000000000125	2.23900000000003	0	0
2.07899999999995	0.0999999999999943	2.17900000000009	0	0
2.09299999999996	0.0769999999999982	2.16899999999987	0	0
2.06999999999994	0.0960000000000036	2.16600000000017	0	0
2.08400000000006	0.0880000000000081	2.173	0	0
4.16600000000017	0.159000000000006	4.61099999999988	0	0
2.08999999999992	0.134999999999991	2.27399999999989	0	0
2.25399999999991	0.376000000000005	2.62800000000016	0	0
2.34699999999998	0.489999999999995	2.74800000000005	0	0
2.04899999999998	0.10799999999999	2.1579999999999	0	0
2.06999999999994	0.0999999999999943	2.17200000000003	0	0
2.14200000000005	0.0919999999999987	2.23400000000015	0	0
2.43600000000015	0.0810000000000031	2.54999999999995	0	0
2.34399999999982	0.203000000000003	2.65200000000004	0	0
2.39200000000005	0.192000000000007	2.73800000000006	0	0
2.39999999999986	0.12700000000001	2.56299999999987	0	0
2.38500000000022	0.215999999999994	2.60100000000011	0	0
2.17599999999993	0.0999999999999943	2.27600000000007	0	0
2.37900000000013	0.233999999999995	2.49700000000007	0	0
2.21399999999994	0.0939999999999941	2.43799999999987	0	0
5.11599999999999	0.507999999999996	5.4369999999999	0	0
2.18900000000008	0.111999999999995	2.30100000000016	0	0
2.20100000000002	0.0840000000000032	2.28600000000006	0	0
2.19100000000003	0.10799999999999	2.29899999999998	0	0
2.19100000000003	0.103999999999999	2.29499999999985	0	0
2.24299999999994	0.108000000000004	2.35200000000009	0	0
2.202	0.116	2.31700000000001	0	0
4.40800000000013	0.173000000000002	4.69800000000009	0	0
4.35699999999997	0.212000000000003	4.56999999999994	0	0
2.15499999999997	0.191000000000003	2.40100000000007	0	0
2.06099999999992	0.120000000000005	2.18100000000004	0	0
2.08899999999994	0.135999999999996	2.22499999999991	0	0
2.07199999999989	0.0919999999999987	2.16499999999996	0	0
2.06700000000001	0.116000000000014	2.18299999999999	0	0
2.10699999999997	0.0919999999999987	2.20000000000005	0	0
2.08299999999986	0.111999999999995	2.19700000000012	0	0
2.14499999999998	0.0960000000000036	2.24199999999996	0	0
4.1400000000001	0.203999999999994	4.34699999999998	0	0
2.09699999999998	0.0960000000000036	2.19299999999998	0	0
2.06600000000003	0.116	2.19899999999984	0	0
2.08500000000004	0.0919999999999987	2.17800000000011	0	0
2.07799999999997	0.0999999999999943	2.18000000000006	0	0
2.10300000000007	0.104000000000013	2.20900000000006	0	0
4.33799999999997	0.236000000000004	4.5619999999999	0	0
2.44999999999982	0.296999999999997	2.65200000000004	0	0
2.23000000000002	0.103999999999999	2.33500000000004	0	0
4.36200000000008	0.215999999999994	4.57799999999997	0	0
2.07200000000012	0.10799999999999	2.17999999999984	0	0
2.06000000000017	0.113	2.17399999999998	0	0
2.07500000000005	0.0970000000000084	2.17200000000003	0	0
2.05899999999997	0.0960000000000036	2.15499999999997	0	0
2.06099999999992	0.131999999999991	2.19499999999994	0	0
2.0440000000001	0.122	2.21600000000012	0	0
4.29599999999982	0.322999999999993	4.56100000000015	0	0
2.08399999999983	0.083999999999989	2.1690000000001	0	0
2.49300000000017	0.447000000000003	2.86200000000008	0	0
2.19799999999987	0.111999999999995	2.30899999999997	0	0
2.28600000000006	0.103999999999999	2.3900000000001	0	0
2.20399999999995	0.0960000000000036	2.30000000000018	0	0
2.202	0.116	2.31899999999996	0	0
2.22199999999998	0.10799999999999	2.32899999999995	0	0
4.38900000000012	0.211999999999989	4.60200000000009	0	0
4.37699999999995	0.24199999999999	4.66100000000006	0	0
4.38699999999994	0.224000000000004	4.6110000000001	0	0
2.22500000000014	0.0959999999999894	2.32099999999991	0	0
2.24000000000001	0.0999999999999943	2.33999999999992	0	0
2.24300000000017	0.0879999999999939	2.3309999999999	0	0
2.21900000000005	0.108000000000004	2.32799999999997	0	0
2.19399999999996	0.100000000000009	2.29500000000007	0	0
2.23399999999992	0.0959999999999894	2.3309999999999	0	0
2.28899999999999	0.307000000000002	2.5	0	0
4.36500000000001	0.188000000000002	4.55300000000011	0	0
2.19699999999989	0.0999999999999943	2.29700000000003	0	0
4.40599999999995	0.23599999999999	4.64200000000005	0	0
2.2059999999999	0.143999999999991	2.35799999999995	0	0
2.18700000000013	0.0999999999999943	2.28800000000001	0	0
2.18799999999987	0.0959999999999894	2.28399999999988	0	0
2.42499999999995	0.387999999999991	2.69499999999994	0	0
4.37199999999984	0.22399999999999	4.59699999999998	0	0
2.21199999999999	0.116	2.32899999999995	0	0
2.37300000000005	0.259	2.50900000000001	0	0
2.26299999999992	0.0919999999999987	2.35599999999999	0	0
2.27999999999997	0.218000000000004	2.44699999999989	0	0
2.17499999999995	0.103999999999999	2.279	0	0
2.20700000000011	0.0949999999999989	2.31699999999978	0	0
2.20699999999988	0.13600000000001	2.34399999999982	0	0
2.20299999999997	0.112000000000009	2.31500000000005	0	0
2.21299999999997	0.100000000000009	2.31399999999985	0	0
2.21499999999992	0.100000000000009	2.31700000000001	0	0
2.20500000000015	0.111999999999995	2.31700000000001	0	0
4.375	0.224000000000004	4.59999999999991	0	0
2.20399999999995	0.116	2.31999999999994	0	0
2.24399999999991	0.0840000000000032	2.32799999999997	0	0
2.24400000000014	0.128	2.37200000000007	0	0
4.39200000000005	0.204999999999998	4.59699999999998	0	0
2.19200000000001	0.111999999999995	2.30500000000006	0	0
2.18200000000002	0.128	2.31700000000001	0	0
2.17900000000009	0.11999999999999	2.31899999999996	0	0
2.29700000000003	0.100000000000009	2.39699999999993	0	0
2.22299999999996	0.0960000000000036	2.32099999999991	0	0
2.2360000000001	0.100999999999999	2.39899999999989	0	0
2.202	0.116	2.31799999999998	0	0
2.26200000000017	0.132000000000005	2.39499999999998	0	0
2.26999999999998	0.221999999999994	2.44899999999984	0	0
2.24099999999999	0.0919999999999987	2.33900000000017	0	0
4.4369999999999	0.221000000000004	4.65699999999993	0	0
2.21199999999999	0.112000000000009	2.32400000000007	0	0
2.22799999999984	0.0919999999999987	2.31999999999994	0	0
2.28700000000003	0.103999999999999	2.38999999999987	0	0
2.19100000000003	0.0919999999999987	2.28300000000013	0	0
2.20399999999995	0.103999999999999	2.30700000000002	0	0
4.46800000000007	0.207999999999998	4.67699999999991	0	0
2.21299999999997	0.0879999999999939	2.29999999999995	0	0
2.19499999999994	0.0949999999999989	2.37599999999998	0	0
2.32500000000005	0.0889999999999986	2.47299999999996	0	0
2.20799999999986	0.106999999999999	2.37400000000002	0	0
2.17699999999991	0.116	2.29299999999989	0	0
2.22399999999993	0.0869999999999891	2.327	0	0
2.21000000000004	0.0999999999999943	2.31700000000001	0	0
2.24600000000009	0.111999999999995	2.35799999999995	0	0
4.35500000000002	0.207999999999998	4.57799999999997	0	0
2.41899999999987	0.242999999999995	2.61900000000014	0	0
2.25699999999983	0.0910000000000082	2.37200000000007	0	0
4.34300000000007	0.227999999999994	4.57100000000014	0	0
2.28699999999981	0.159000000000006	2.49399999999991	0	0
2.21299999999997	0.111999999999995	2.32500000000005	0	0
4.35400000000004	0.207999999999998	4.5619999999999	0	0
4.35599999999999	0.212000000000003	4.56799999999998	0	0
2.22300000000018	0.103999999999999	2.32799999999997	0	0
2.27199999999993	0.108000000000004	2.37999999999988	0	0
2.21500000000015	0.116	2.3309999999999	0	0
2.24099999999999	0.0879999999999939	2.32799999999997	0	0
4.42200000000003	0.236000000000004	4.65800000000013	0	0
2.23899999999981	0.083999999999989	2.32299999999987	0	0
2.24700000000007	0.0960000000000036	2.34299999999985	0	0
2.14100000000008	0.189999999999998	2.25800000000004	0	0
2.24600000000009	0.245999999999995	2.43499999999995	0	0
2.221	0.269000000000005	2.41000000000008	0	0
2.09500000000003	0.13600000000001	2.23099999999999	0	0
2.08999999999992	0.108999999999995	2.20000000000005	0	0
2.16399999999999	0.0919999999999987	2.25600000000009	0	0
2.08600000000001	0.0929999999999893	2.17800000000011	0	0
2.08699999999999	0.0919999999999987	2.18000000000006	0	0
2.06600000000003	0.100999999999999	2.16700000000014	0	0
2.10500000000002	0.111999999999995	2.21799999999985	0	0
2.25499999999988	0.191999999999993	2.48900000000003	0	0
2.20100000000002	0.103999999999999	2.30500000000006	0	0
2.18399999999997	0.119	2.32199999999989	0	0
2.22299999999996	0.0840000000000032	2.30799999999999	0	0
2.19599999999991	0.0910000000000082	2.28899999999999	0	0
4.40100000000007	0.293000000000006	4.64800000000014	0	0
2.78100000000018	0.10799999999999	2.88999999999987	0	0
2.23000000000002	0.10799999999999	2.47499999999991	0	0
2.24200000000019	0.12299999999999	2.36599999999999	0	0
2.20699999999988	0.113	2.31899999999996	0	0
2.173	0.113	2.28600000000006	0	0
2.23399999999992	0.0959999999999894	2.33000000000038	0	0
2.26800000000003	0.108000000000004	2.375	0	0
2.20000000000005	0.124000000000009	2.32400000000007	0	0
2.22900000000004	0.0930000000000035	2.32099999999991	0	0
2.23299999999995	0.113	2.42099999999982	0	0
2.2829999999999	0.0999999999999943	2.38300000000027	0	0
2.21900000000005	0.116	2.33500000000004	0	0
4.33399999999983	0.23599999999999	4.57199999999966	0	0
2.279	0.0880000000000081	2.45100000000002	0	0
2.38599999999997	0.131	2.47699999999986	0	0
2.85499999999979	0.403999999999996	3.20799999999963	0	0
2.15499999999997	0.120000000000005	2.36400000000003	0	0
2.09699999999998	0.090999999999994	2.19000000000005	0	0
2.32400000000007	0.158000000000001	2.48099999999977	0	0
2.13999999999987	0.0959999999999894	2.23699999999963	0	0
2.09900000000016	0.0919999999999987	2.19200000000001	0	0
2.08000000000015	0.120000000000005	2.20099999999957	0	0
2.1569999999997	0.124000000000009	2.28200000000015	0	0
2.07000000000016	0.108000000000004	2.19700000000012	0	0
2.05399999999963	0.120000000000005	2.17500000000018	0	0
2.38999999999987	0.353999999999999	2.58800000000019	0	0
4.08200000000033	0.207999999999998	4.29100000000017	0	0
2.06899999999996	0.100000000000023	2.16999999999962	0	0
2.19100000000026	0.132000000000005	2.64399999999978	0	0
2.20900000000029	0.221000000000004	2.66800000000012	0	0
2.25300000000016	0.212999999999994	2.40800000000036	0	0
2.36499999999978	0.251000000000005	2.54699999999957	0	0
2.20799999999963	0.103999999999985	2.3119999999999	0	0
2.26700000000028	0.147999999999996	2.39400000000023	0	0
2.18600000000015	0.103999999999985	2.28999999999996	0	0
2.2829999999999	0.113	2.39600000000019	0	0
4.34900000000016	0.22399999999999	4.57300000000032	0	0
4.36300000000028	0.231999999999999	4.5949999999998	0	0
2.21000000000004	0.108000000000004	2.346	0	0
2.23499999999967	0.119999999999976	2.35500000000002	0	0
2.23199999999997	0.127999999999986	2.36000000000013	0	0
2.32099999999991	0.0800000000000125	2.40000000000009	0	0
2.47900000000027	0.363	2.70499999999993	0	0
2.32199999999966	0.211000000000013	2.47400000000016	0	0
2.22200000000021	0.0919999999999845	2.31400000000031	0	0
4.63099999999986	0.423000000000002	5.0319999999997	0	0
2.23100000000022	0.0839999999999748	2.31500000000005	0	0
2.29199999999992	0.108000000000004	2.40000000000009	0	0
2.19600000000037	0.113	2.30899999999974	0	0
2.21300000000019	0.126000000000005	2.34100000000035	0	0
2.06700000000001	0.10299999999998	2.17099999999982	0	0
2.04799999999977	0.114999999999981	2.16699999999992	0	0
2.04500000000007	0.111999999999995	2.18099999999959	0	0
2.0590000000002	0.127999999999986	2.17900000000009	0	0
2.0630000000001	0.146999999999991	2.1880000000001	0	0
2.07799999999997	0.09699999999998	2.17500000000018	0	0
2.07600000000002	0.0999999999999943	2.17599999999993	0	0
2.27500000000009	0.206999999999994	2.36400000000003	0	0
2.28099999999995	0.239000000000004	2.45600000000013	0	0
2.16100000000006	0.14500000000001	2.37100000000009	0	0
2.17799999999988	0.164999999999992	2.23199999999997	0	0
2.30700000000024	0.283999999999992	2.62800000000016	0	0
2.07600000000002	0.0879999999999939	2.16600000000017	0	0
2.05899999999974	0.116000000000014	2.16100000000006	0	0
2.09900000000016	0.111999999999995	2.21199999999999	0	0
2.06999999999971	0.108000000000004	2.17799999999988	0	0
2.0659999999998	0.116000000000014	2.18399999999974	0	0
4.18499999999995	0.187999999999988	4.375	0	0
2.06600000000026	0.120000000000005	2.1869999999999	0	0
2.07700000000023	0.108000000000004	2.18499999999995	0	0
2.65599999999995	0.139999999999986	2.79700000000003	0	0
4.06799999999976	0.219999999999999	4.29199999999992	0	0
2.10100000000011	0.115999999999985	2.21900000000005	0	0
2.06700000000001	0.108000000000004	2.17500000000018	0	0
4.08300000000008	0.201999999999998	4.31700000000001	0	0
2.07100000000037	0.0840000000000032	2.15700000000015	0	0
4.18100000000004	0.200000000000017	4.38400000000001	0	0
2.04899999999998	0.120000000000005	2.17000000000007	0	0
2.07300000000032	0.108000000000004	2.18199999999979	0	0
2.05799999999999	0.120000000000005	2.17900000000009	0	0
2.60800000000017	0.092000000000013	2.70100000000002	0	0
2.09400000000005	0.09699999999998	2.19100000000026	0	0
2.07900000000018	0.115000000000009	2.19500000000016	0	0
2.38299999999981	0.312999999999988	2.54899999999998	0	0
2.2140000000004	0.132000000000005	2.34500000000025	0	0
4.85600000000022	0.687000000000012	5.42300000000023	0	0
2.1909999999998	0.14700000000002	2.38999999999987	0	0
2.69999999999982	0.143000000000001	3.04899999999998	0	0
2.19500000000016	0.111999999999995	2.30699999999979	0	0
2.24300000000039	0.0840000000000032	2.32600000000002	0	0
2.27700000000004	0.119	2.57100000000037	0	0
2.34899999999971	0.181999999999988	2.45699999999988	0	0
2.24099999999999	0.262	2.41399999999976	0	0
2.14000000000033	0.116000000000014	2.25699999999961	0	0
2.07500000000027	0.120000000000005	2.20100000000002	0	0
2.11400000000003	0.120000000000005	2.23800000000028	0	0
2.08100000000013	0.108000000000004	2.19100000000026	0	0
2.08800000000019	0.0999999999999943	2.18899999999985	0	0
4.08200000000033	0.207999999999998	4.29300000000012	0	0
2.07999999999993	0.100999999999999	2.16300000000001	0	0
2.16400000000021	0.294000000000011	2.46399999999994	0	0
4.67399999999998	0.563000000000017	5.20600000000013	0	0
5.01500000000033	0.874000000000024	5.78499999999985	0	0
2.43100000000004	0.289999999999992	2.62100000000009	0	0
2.25500000000011	0.120000000000005	2.375	0	0
2.22499999999991	0.111999999999995	2.33699999999999	0	0
2.45999999999958	0.235000000000014	2.67700000000013	0	0
2.35500000000002	0.417000000000002	2.55899999999974	0	0
2.30099999999993	0.195999999999998	2.63799999999992	0	0
4.33500000000004	0.353000000000009	4.60599999999977	0	0
2.10500000000002	0.136000000000024	2.24299999999994	0	0
4.07799999999997	0.22399999999999	4.30499999999984	0	0
2.11400000000003	0.139999999999986	2.25399999999991	0	0
2.28600000000006	0.225999999999999	2.46500000000015	0	0
2.26299999999992	0.233000000000004	2.6260000000002	0	0
4.96599999999989	0.717999999999989	5.7510000000002	0	0
2.42000000000007	0.173000000000002	2.56899999999996	0	0
2.36599999999999	0.451999999999998	2.63499999999976	0	0
2.27599999999984	0.20999999999998	2.44800000000032	0	0
4.15200000000004	0.182999999999993	4.44799999999987	0	0
2.71300000000019	0.085000000000008	2.82300000000032	0	0
2.09699999999975	0.10899999999998	2.20699999999988	0	0
2.09400000000005	0.103999999999985	2.19900000000007	0	0
2.15700000000015	0.189999999999998	2.23500000000013	0	0
2.05999999999995	0.0930000000000177	2.1550000000002	0	0
2.06200000000035	0.100999999999999	2.22400000000016	0	0
2.46399999999994	0.361999999999995	2.67799999999988	0	0
2.23999999999978	0.0919999999999845	2.33300000000008	0	0
2.24000000000024	0.0900000000000034	2.37199999999984	0	0
4.75800000000027	0.620000000000005	5.471	0	0
2.21300000000019	0.104000000000013	2.404	0	0
2.16999999999962	0.111999999999995	2.2829999999999	0	0
2.35199999999986	0.304000000000002	2.72800000000007	0	0
2.22399999999971	0.123999999999995	2.34799999999996	0	0
2.78800000000001	0.115999999999985	2.9050000000002	0	0
4.38000000000011	0.197000000000003	4.63800000000037	0	0
2.22600000000011	0.10499999999999	2.33100000000013	0	0
6.55300000000034	0.323999999999984	6.87800000000016	0	0
2.1880000000001	0.123999999999995	2.3119999999999	0	0
2.21399999999994	0.144000000000005	2.33099999999968	0	0
2.74800000000005	0.132000000000005	2.88400000000001	0	0
4.38400000000001	0.188999999999993	4.57099999999991	0	0
2.25300000000016	0.120000000000005	2.3739999999998	0	0
2.16800000000012	0.131999999999977	2.30000000000018	0	0
2.20200000000023	0.0960000000000036	2.29899999999998	0	0
2.21499999999969	0.103999999999985	2.31899999999996	0	0
2.20100000000002	0.108000000000004	2.30799999999999	0	0
4.39299999999957	0.204000000000008	4.61200000000008	0	0
2.21600000000035	0.109000000000009	2.32400000000007	0	0
2.21699999999964	0.108000000000004	2.32099999999991	0	0
2.16100000000006	0.234000000000009	2.36499999999978	0	0
2.18200000000024	0.201999999999998	2.32499999999982	0	0
2.2510000000002	0.177000000000021	2.38600000000042	0	0
2.05099999999993	0.112000000000023	2.16300000000001	0	0
2.07000000000016	0.0960000000000036	2.16800000000012	0	0
2.09400000000005	0.115999999999985	2.21099999999979	0	0
4.16800000000012	0.218999999999994	4.38999999999987	0	0
4.13500000000022	0.207999999999998	4.33299999999963	0	0
2.12900000000036	0.0810000000000173	2.27300000000014	0	0
2.05099999999993	0.100000000000023	2.15100000000029	0	0
4.17899999999963	0.248999999999995	4.44699999999966	0	0
2.60700000000043	0.676999999999992	2.99199999999973	0	0
2.20800000000008	0.191000000000003	2.41999999999962	0	0
2.21399999999994	0.236999999999995	2.42600000000039	0	0
2.06099999999969	0.115999999999985	2.17799999999988	0	0
2.09299999999985	0.0840000000000032	2.17799999999988	0	0
2.07899999999972	0.120000000000005	2.19999999999982	0	0
2.09699999999975	0.0880000000000223	2.18700000000035	0	0
2.08800000000019	0.108000000000004	2.19699999999966	0	0
2.07700000000023	0.0889999999999986	2.16600000000017	0	0
2.09700000000021	0.120000000000005	2.21699999999964	0	0
2.07299999999987	0.111999999999995	2.18499999999995	0	0
4.52799999999979	0.608000000000004	5.23099999999977	0	0
4.37300000000005	0.407999999999987	4.88200000000006	0	0
2.08600000000024	0.100000000000023	2.21000000000004	0	0
2.05499999999984	0.0960000000000036	2.15200000000004	0	0
2.06200000000035	0.147999999999996	2.21199999999999	0	0
2.07299999999987	0.140000000000015	2.21399999999994	0	0
2.11100000000033	0.0999999999999943	2.21199999999999	0	0
2.02300000000014	0.127999999999986	2.15200000000004	0	0
2.04999999999973	0.115999999999985	2.18700000000035	0	0
2.07199999999966	0.103999999999985	2.17700000000013	0	0
2.09400000000005	0.0910000000000082	2.1880000000001	0	0
2.07400000000007	0.108000000000004	2.18299999999999	0	0
2.08799999999974	0.0919999999999845	2.18100000000004	0	0
2.07400000000007	0.0880000000000223	2.16300000000001	0	0
2.16599999999971	0.0800000000000125	2.24699999999984	0	0
2.0949999999998	0.0840000000000032	2.18100000000004	0	0
2.09799999999996	0.115000000000009	2.26400000000012	0	0
2.06800000000021	0.112000000000023	2.18100000000004	0	0
2.07699999999977	0.108000000000004	2.18600000000015	0	0
2.08899999999994	0.106999999999999	2.20400000000018	0	0
2.08400000000029	0.0960000000000036	2.19399999999996	0	0
2.10199999999986	0.128000000000014	2.23100000000022	0	0
2.04599999999982	0.111999999999995	2.15900000000011	0	0
2.15000000000009	0.23599999999999	2.32999999999993	0	0
2.596	0.0960000000000036	2.69399999999996	0	0
2.0649999999996	0.100000000000023	2.16599999999971	0	0
2.18399999999974	0.239999999999981	2.3420000000001	0	0
2.05600000000004	0.120000000000005	2.17599999999993	0	0
2.03999999999996	0.12299999999999	2.16400000000021	0	0
2.0939999999996	0.092000000000013	2.17800000000034	0	0
2.09100000000035	0.139999999999986	2.23200000000043	0	0
2.17099999999982	0.0939999999999941	2.30899999999974	0	0
2.29700000000003	0.263999999999982	2.55999999999995	0	0
2.25	0.219000000000023	2.50600000000031	0	0
2.24099999999999	0.108000000000004	2.3390000000004	0	0
2.78200000000015	0.103999999999985	2.88700000000017	0	0
2.22699999999986	0.113	2.40700000000015	0	0
2.21500000000015	0.0999999999999943	2.31500000000005	0	0
2.30600000000004	0.116000000000014	2.42300000000023	0	0
4.39800000000014	0.176000000000016	4.57400000000007	0	0
2.30099999999993	0.222000000000008	2.46000000000004	0	0
2.17900000000009	0.127999999999986	2.30600000000004	0	0
2.20100000000002	0.0960000000000036	2.29700000000003	0	0
2.23199999999997	0.0799999999999841	2.3119999999999	0	0
2.23700000000008	0.0879999999999939	2.32500000000027	0	0
2.23000000000002	0.0840000000000032	2.31299999999965	0	0
2.25099999999975	0.116000000000014	2.36599999999999	0	0
4.36700000000019	0.219999999999999	4.58699999999999	0	0
4.35500000000002	0.204000000000008	4.5590000000002	0	0
2.19999999999982	0.123999999999995	2.32400000000007	0	0
2.21599999999989	0.111999999999995	2.36000000000013	0	0
4.3720000000003	0.197000000000003	4.56800000000021	0	0
2.25099999999975	0.0960000000000036	2.3720000000003	0	0
2.20700000000033	0.103999999999985	2.31099999999969	0	0
2.74099999999999	0.0879999999999939	2.82900000000018	0	0
2.22599999999966	0.092000000000013	2.31800000000021	0	0
7.09500000000025	0.311999999999983	7.4079999999999	0	0
2.21300000000019	0.0820000000000221	2.39400000000023	0	0
2.18899999999985	0.11699999999999	2.30499999999984	0	0
4.4369999999999	0.260999999999996	4.67500000000018	0	0
2.20600000000013	0.103999999999985	2.30999999999995	0	0
2.23999999999978	0.0919999999999845	2.34999999999991	0	0
3.01000000000022	0.231999999999999	3.35500000000002	0	0
2.22600000000011	0.236999999999995	2.36999999999989	0	0
2.24600000000009	0.183999999999997	2.49099999999999	0	0
2.08500000000004	0.0910000000000082	2.18100000000004	0	0
2.23100000000022	0.326999999999998	2.46000000000004	0	0
2.07500000000027	0.0919999999999845	2.19100000000026	0	0
2.11099999999988	0.120000000000005	2.23199999999997	0	0
2.10599999999977	0.106999999999999	2.29400000000032	0	0
2.08399999999983	0.0720000000000027	2.15599999999995	0	0
4.11500000000024	0.212999999999994	4.3390000000004	0	0
2.33400000000029	0.204999999999984	2.36799999999994	0	0
4.50399999999991	0.669000000000011	5.14499999999998	0	0
2.24399999999969	0.187999999999988	2.46199999999999	0	0
2.08799999999974	0.0870000000000175	2.17900000000009	0	0
2.60799999999972	0.111999999999995	2.71900000000005	0	0
4.36299999999983	0.24799999999999	4.53900000000021	0	0
2.20399999999972	0.12700000000001	2.41399999999976	0	0
2.20499999999993	0.10499999999999	2.30899999999974	0	0
2.20400000000018	0.115999999999985	2.32000000000016	0	0
2.29499999999962	0.103999999999985	2.40000000000009	0	0
2.22500000000036	0.115999999999985	2.34099999999989	0	0
2.47499999999991	0.360000000000014	2.67799999999988	0	0
2.19299999999976	0.111999999999995	2.30499999999984	0	0
4.60300000000007	0.605999999999995	5.06800000000021	0	0
2.22399999999971	0.132000000000005	2.35599999999977	0	0
2.24800000000005	0.113999999999976	2.38699999999972	0	0
2.28499999999985	0.103000000000009	2.38900000000012	0	0
2.23999999999978	0.0960000000000036	2.33600000000024	0	0
2.21099999999979	0.119	2.32999999999993	0	0
2.30099999999993	0.111999999999995	2.41300000000001	0	0
2.21900000000005	0.111999999999995	2.33100000000013	0	0
2.36400000000003	0.240000000000009	2.57299999999987	0	0
4.39499999999998	0.200000000000017	4.596	0	0
2.29099999999971	0.132000000000005	2.42399999999998	0	0
2.23199999999997	0.108000000000004	2.34000000000015	0	0
2.20499999999993	0.123999999999995	2.30799999999999	0	0
2.1909999999998	0.111999999999995	2.30400000000009	0	0
2.36600000000044	0.275000000000006	2.57200000000012	0	0
2.22900000000027	0.108000000000004	2.33800000000019	0	0
2.22800000000007	0.0879999999999939	2.31700000000001	0	0
2.19100000000026	0.103999999999985	2.29500000000007	0	0
2.17099999999982	0.135999999999996	2.29600000000028	0	0
2.1869999999999	0.146999999999991	2.32799999999997	0	0
2.21399999999994	0.0759999999999934	2.29100000000017	0	0
2.23100000000022	0.131999999999977	2.36400000000003	0	0
2.25599999999986	0.128000000000014	2.38599999999997	0	0
2.72899999999981	0.108000000000004	2.83799999999974	0	0
2.20799999999963	0.120000000000005	2.32900000000018	0	0
2.2829999999999	0.103999999999985	2.38799999999992	0	0
2.79599999999982	0.0809999999999889	2.96100000000024	0	0
2.23000000000002	0.0999999999999943	2.33000000000038	0	0
2.39300000000003	0.203000000000003	2.54599999999982	0	0
2.22699999999986	0.108000000000004	2.33599999999979	0	0
2.16600000000017	0.124000000000024	2.28900000000021	0	0
2.21100000000024	0.10899999999998	2.37699999999995	0	0
2.23299999999972	0.0999999999999943	2.33399999999983	0	0
2.52599999999984	0.40100000000001	2.74099999999999	0	0
2.31299999999965	0.0970000000000084	2.38700000000017	0	0
2.41999999999962	0.389999999999986	2.66200000000026	0	0
4.4369999999999	0.21599999999998	4.654	0	0
4.35899999999992	0.212000000000018	4.57099999999991	0	0
2.21699999999964	0.111999999999995	2.32899999999972	0	0
4.35000000000036	0.23599999999999	4.57500000000027	0	0
2.24699999999984	0.12299999999999	2.47600000000011	0	0
2.17700000000013	0.253999999999991	2.50799999999981	0	0
2.11899999999969	0.242999999999995	2.32099999999991	0	0
2.26299999999992	0.122000000000014	2.60500000000002	0	0
2.09299999999985	0.0809999999999889	2.24400000000014	0	0
4.26699999999983	0.270999999999987	4.47600000000011	0	0
2.13000000000011	0.063999999999993	2.19500000000016	0	0
2.08500000000004	0.111999999999995	2.21799999999985	0	0
2.66100000000006	0.0960000000000036	2.78399999999965	0	0
2.07400000000007	0.120000000000005	2.19399999999996	0	0
2.0630000000001	0.123999999999995	2.19000000000005	0	0
2.16899999999987	0.338999999999999	2.42100000000028	0	0
2.12099999999964	0.111000000000018	2.24699999999984	0	0
2.10899999999992	0.103999999999985	2.20800000000008	0	0
2.36500000000024	0.169000000000011	2.57900000000018	0	0
2.27199999999993	0.217999999999989	2.38999999999987	0	0
4.16499999999996	0.187999999999988	4.35500000000002	0	0
2.33399999999983	0.242000000000019	2.56899999999996	0	0
2.30400000000009	0.183999999999997	2.41800000000012	0	0
2.22300000000041	0.111999999999995	2.33500000000004	0	0
2.21900000000005	0.111999999999995	2.33100000000013	0	0
2.28400000000011	0.100999999999999	2.40000000000009	0	0
2.5	0.199999999999989	2.79599999999982	0	0
2.23300000000017	0.103999999999985	2.33699999999999	0	0
2.1869999999999	0.128000000000014	2.31500000000005	0	0
2.38499999999976	0.271000000000015	2.59599999999955	0	0
2.21499999999969	0.104000000000013	2.32000000000062	0	0
2.20100000000002	0.116000000000014	2.30200000000059	0	0
2.20499999999993	0.128000000000014	2.33299999999963	0	0
2.25	0.120000000000005	2.41399999999976	0	0
2.2180000000003	0.127999999999986	2.40299999999934	0	0
2.51500000000033	0.394999999999982	2.85699999999997	0	0
2.19100000000026	0.343999999999994	2.4380000000001	0	0
2.4079999999999	0.292000000000002	2.66299999999956	0	0
2.25399999999991	0.0759999999999934	2.32999999999993	0	0
2.22300000000041	0.111999999999995	2.33500000000004	0	0
2.11400000000003	0.121000000000009	2.4399999999996	0	0
2.20600000000013	0.104000000000013	2.31099999999969	0	0
2.221	0.0840000000000032	2.30499999999938	0	0
2.36899999999969	0.368000000000023	2.64999999999964	0	0
2.07200000000012	0.104000000000013	2.17699999999968	0	0
2.10600000000022	0.0919999999999845	2.19899999999961	0	0
2.09500000000025	0.108000000000004	2.20500000000084	0	0
2.08800000000019	0.0800000000000125	2.17000000000007	0	0
4.12699999999995	0.207999999999998	4.32499999999982	0	0
2.12100000000009	0.115999999999985	2.23899999999958	0	0
2.14199999999983	0.115999999999985	2.33799999999974	0	0
4.19799999999987	0.204000000000008	4.40299999999934	0	0
2.08699999999999	0.103999999999985	2.19200000000001	0	0
2.07400000000007	0.120000000000005	2.19400000000041	0	0
2.09099999999989	0.0800000000000125	2.17199999999957	0	0
2.07499999999982	0.108000000000004	2.1840000000002	0	0
2.07899999999972	0.0989999999999895	2.20300000000043	0	0
2.18799999999965	0.0999999999999943	2.28700000000026	0	0
2.57699999999977	0.106999999999999	2.6850000000004	0	0
2.06799999999976	0.111999999999995	2.18000000000029	0	0
2.07700000000023	0.104000000000013	2.18100000000049	0	0
2.07500000000027	0.0879999999999939	2.16399999999976	0	0
2.05000000000018	0.131999999999977	2.1820000000007	0	0
4.8119999999999	0.757999999999981	5.36999999999989	0	0
2.59899999999971	0.391999999999996	2.78900000000067	0	0
2.29800000000023	0.140999999999963	2.3159999999998	0	0
2.2829999999999	0.164999999999964	2.65000000000055	0	0
2.22399999999971	0.132000000000005	2.35599999999977	0	0
2.32099999999991	0.257000000000005	2.49299999999948	0	0
2.19799999999987	0.103000000000009	2.35900000000038	0	0
2.19200000000001	0.112000000000023	2.30500000000029	0	0
4.41399999999976	0.196000000000026	4.61200000000008	0	0
2.3439999999996	0.19599999999997	2.46399999999994	0	0
2.57099999999991	0.333000000000027	2.89600000000064	0	0
2.21700000000055	0.123999999999967	2.34100000000035	0	0
2.21100000000024	0.104000000000042	2.31500000000051	0	0
2.23800000000028	0.103999999999985	2.34299999999985	0	0
6.69200000000001	0.649999999999977	7.23999999999978	0	0
2.10599999999977	0.120000000000005	2.22699999999986	0	0
2.09999999999945	0.111999999999966	2.21199999999953	0	0
4.35300000000007	0.363	4.90899999999965	0	0
2.21900000000005	0.0999999999999659	2.31899999999951	0	0
2.23599999999988	0.108000000000004	2.34299999999985	0	0
2.1909999999998	0.107999999999947	2.30499999999938	0	0
2.20499999999993	0.100000000000023	2.30499999999938	0	0
2.22000000000025	0.120000000000005	2.34100000000035	0	0
2.17100000000028	0.105000000000018	2.52599999999984	0	0
2.21300000000065	0.111999999999966	2.32099999999991	0	0
2.27400000000034	0.0930000000000177	2.54199999999946	0	0
2.17700000000059	0.115999999999985	2.29200000000037	0	0
2.21900000000005	0.115999999999985	2.33500000000004	0	0
2.10199999999986	0.101999999999975	2.29100000000017	0	0
2.75799999999981	0.282000000000039	2.99799999999959	0	0
2.0619999999999	0.12299999999999	2.26500000000033	0	0
2.05600000000049	0.108000000000004	2.16399999999976	0	0
2.09799999999996	0.0919999999999845	2.19300000000021	0	0
2.05500000000029	0.0960000000000036	2.15099999999984	0	0
2.07999999999993	0.0880000000000223	2.16799999999967	0	0
4.625	0.206999999999994	4.84399999999914	0	0
4.1840000000002	0.188000000000045	4.3730000000005	0	0
2.06600000000071	0.112000000000023	2.17900000000009	0	0
2.17000000000007	0.226999999999975	2.34099999999944	0	0
2.08100000000013	0.0920000000000414	2.17500000000018	0	0
2.24499999999989	0.143000000000029	2.48400000000038	0	0
4.64400000000023	0.696000000000026	5.03399999999965	0	0
2.10199999999986	0.100000000000023	2.20200000000023	0	0
2.49900000000071	0.480000000000018	2.83600000000024	0	0
4.47900000000027	0.175999999999988	4.89499999999953	0	0
2.19500000000062	0.127999999999986	2.32200000000012	0	0
2.19500000000062	0.115999999999985	2.31099999999969	0	0
2.21799999999985	0.108000000000004	2.32699999999932	0	0
2.21900000000005	0.108000000000004	2.32700000000023	0	0
2.23499999999967	0.0840000000000032	2.35300000000007	0	0
4.36200000000008	0.22399999999999	4.58600000000024	0	0
2.21000000000004	0.0960000000000036	2.30599999999959	0	0
2.23199999999997	0.0840000000000032	2.3159999999998	0	0
2.54800000000068	0.54000000000002	2.90299999999934	0	0
2.21300000000065	0.103999999999985	2.31800000000021	0	0
2.2489999999998	0.112000000000023	2.36200000000008	0	0
4.36400000000049	0.220000000000027	4.58399999999983	0	0
2.18599999999969	0.123999999999967	2.3090000000002	0	0
2.22600000000057	0.100000000000023	2.32600000000002	0	0
2.19899999999961	0.112000000000023	2.3119999999999	0	0
2.23899999999958	0.112000000000023	2.34999999999945	0	0
4.92100000000028	0.204000000000008	5.1260000000002	0	0
2.2510000000002	0.0840000000000032	2.33599999999933	0	0
2.22499999999945	0.0960000000000036	2.32099999999991	0	0
2.24499999999989	0.103999999999985	2.42499999999927	0	0
2.26199999999972	0.0960000000000036	2.35800000000017	0	0
2.22999999999956	0.107000000000028	2.33799999999974	0	0
2.32399999999961	0.391999999999996	2.66999999999916	0	0
2.1309999999994	0.0840000000000032	2.21599999999944	0	0
2.06999999999971	0.124000000000024	2.19500000000062	0	0
2.38000000000011	0.211000000000013	2.53000000000065	0	0
2.30299999999988	0.177999999999997	2.4429999999993	0	0
2.2440000000006	0.269999999999982	2.39999999999964	0	0
2.22299999999996	0.25200000000001	2.54500000000007	0	0
2.13299999999981	0.0960000000000036	2.22900000000027	0	0
6.27899999999954	0.393000000000029	6.74199999999928	0	0
2.07899999999972	0.104999999999961	2.1929999999993	0	0
4.10000000000036	0.196000000000026	4.39599999999973	0	0
2.62100000000009	0.0960000000000036	2.71799999999985	0	0
2.09499999999935	0.100000000000023	2.19599999999991	0	0
2.08799999999974	0.0920000000000414	2.17999999999938	0	0
2.10499999999956	0.0900000000000318	2.36399999999958	0	0
2.07399999999961	0.0800000000000409	2.15800000000036	0	0
2.04699999999957	0.106999999999971	2.15499999999975	0	0
2.08500000000004	0.0850000000000364	2.17000000000007	0	0
2.05099999999948	0.144000000000005	2.1880000000001	0	0
2.09999999999945	0.112000000000023	2.21299999999974	0	0
4.61999999999989	0.232000000000028	4.85400000000027	0	0
2.16899999999987	0.0840000000000032	2.25399999999991	0	0
2.08300000000054	0.103000000000009	2.18700000000081	0	0
2.09799999999996	0.112000000000023	2.21199999999953	0	0
4.05099999999948	0.232000000000028	4.28499999999985	0	0
2.09200000000055	0.0840000000000032	2.17699999999968	0	0
2.09000000000015	0.128000000000043	2.21799999999985	0	0
2.05100000000039	0.108000000000004	2.15900000000056	0	0
2.05099999999948	0.112000000000023	2.16499999999996	0	0
4.64000000000033	0.241000000000042	4.88300000000072	0	0
2.03899999999976	0.144000000000005	2.18399999999929	0	0
2.10599999999977	0.0870000000000459	2.28699999999935	0	0
2.17500000000018	0.0879999999999654	2.26400000000012	0	0
4.10599999999977	0.192000000000007	4.29799999999977	0	0
2.07899999999972	0.110000000000014	2.33599999999933	0	0
2.06099999999969	0.107000000000028	2.19700000000012	0	0
2.03399999999965	0.115999999999985	2.15099999999984	0	0
2.06999999999971	0.0960000000000036	2.16700000000037	0	0
2.08100000000013	0.0989999999999895	2.18100000000049	0	0
2.16699999999946	0.0800000000000409	2.26600000000053	0	0
2.23700000000008	0.0939999999999941	2.36999999999989	0	0
2.09299999999985	0.0879999999999654	2.1820000000007	0	0
2.03899999999976	0.120000000000005	2.16100000000006	0	0
4.53799999999956	0.579999999999984	4.95400000000063	0	0
4.36499999999978	0.216000000000008	4.58899999999994	0	0
2.22600000000057	0.108000000000004	2.33299999999963	0	0
2.23800000000028	0.0880000000000223	2.32600000000002	0	0
4.35999999999967	0.204000000000008	4.5630000000001	0	0
2.22400000000016	0.108000000000004	2.33200000000033	0	0
2.24200000000019	0.113999999999976	2.44800000000032	0	0
2.41899999999987	0.226999999999975	2.65700000000015	0	0
4.40499999999975	0.346000000000004	4.93299999999999	0	0
2.94100000000071	0.37700000000001	3.36299999999937	0	0
2.38299999999981	0.315999999999974	2.64499999999953	0	0
2.42399999999998	0.20599999999996	2.52400000000034	0	0
2.23199999999997	0.197000000000003	2.39600000000064	0	0
2.20699999999943	0.108000000000004	2.3159999999998	0	0
2.20100000000002	0.107999999999947	2.3110000000006	0	0
2.21100000000024	0.100000000000023	2.3119999999999	0	0
2.22900000000027	0.136000000000024	2.36499999999978	0	0
2.41299999999956	0.203000000000031	2.5590000000002	0	0
4.48099999999977	0.319000000000017	4.71500000000015	0	0
4.40599999999995	0.22399999999999	4.63000000000011	0	0
2.19999999999982	0.112000000000023	2.32200000000012	0	0
2.20100000000002	0.115999999999985	2.31800000000021	0	0
2.21799999999985	0.100000000000023	2.31900000000041	0	0
2.21599999999944	0.0989999999999895	2.34100000000035	0	0
2.19699999999921	0.113	2.3100000000004	0	0
2.23000000000047	0.0920000000000414	2.32200000000012	0	0
2.22000000000025	0.0840000000000032	2.30400000000009	0	0
2.18199999999979	0.124000000000024	2.30600000000049	0	0
2.42000000000007	0.262999999999977	2.61799999999948	0	0
2.21299999999974	0.108000000000004	2.32099999999991	0	0
2.28299999999945	0.268000000000029	2.42000000000007	0	0
4.10800000000017	0.211999999999989	4.33799999999974	0	0
2.08299999999963	0.115999999999985	2.20100000000002	0	0
2.07999999999993	0.0919999999999845	2.17299999999977	0	0
2.05200000000059	0.132000000000005	2.1850000000004	0	0
2.26700000000073	0.24799999999999	2.47200000000066	0	0
2.40099999999984	0.357000000000028	2.77499999999964	0	0
4.99600000000009	0.901999999999987	5.67500000000018	0	0
2.1820000000007	0.161999999999978	2.29300000000057	0	0
2.27799999999934	0.345000000000027	2.45899999999983	0	0
2.16100000000006	0.350999999999999	2.49099999999999	0	0
2.41200000000026	0.478999999999985	2.68299999999999	0	0
2.09000000000015	0.0919999999999845	2.18299999999999	0	0
2.02099999999973	0.128000000000043	2.15200000000004	0	0
2.05600000000049	0.108000000000004	2.16499999999996	0	0
2.09000000000015	0.0919999999999845	2.1850000000004	0	0
2.0619999999999	0.128000000000043	2.1909999999998	0	0
2.10199999999986	0.0920000000000414	2.20000000000073	0	0
2.09699999999975	0.0920000000000414	2.18900000000031	0	0
2.0590000000002	0.111999999999966	2.17200000000048	0	0
2.08399999999983	0.112000000000023	2.19700000000012	0	0
2.10899999999947	0.104000000000042	2.21299999999974	0	0
2.13200000000052	0.112000000000023	2.24399999999969	0	0
2.06900000000041	0.120000000000005	2.19200000000001	0	0
2.07999999999993	0.120000000000005	2.19999999999982	0	0
2.09199999999964	0.0840000000000032	2.17600000000039	0	0
4.13799999999992	0.187999999999988	4.34799999999996	0	0
2.1860000000006	0.242000000000019	2.35900000000038	0	0
4.13700000000063	0.183999999999969	4.32200000000012	0	0
2.07199999999921	0.0919999999999845	2.16399999999976	0	0
2.08600000000024	0.132000000000005	2.21799999999985	0	0
2.47800000000007	0.388000000000034	2.72599999999966	0	0
2.21200000000044	0.0920000000000414	2.30500000000029	0	0
2.26400000000012	0.120000000000005	2.38500000000022	0	0
4.34900000000016	0.218999999999994	4.56800000000021	0	0
4.3779999999997	0.199999999999989	4.58299999999963	0	0
2.24300000000039	0.0960000000000036	2.33799999999974	0	0
4.33899999999994	0.24799999999999	4.58799999999974	0	0
2.27599999999984	0.242000000000019	2.47500000000036	0	0
2.45699999999943	0.221000000000004	2.58100000000013	0	0
2.18599999999969	0.120000000000005	2.30599999999959	0	0
2.24499999999989	0.0960000000000036	2.34100000000035	0	0
2.20799999999963	0.108000000000004	2.31700000000001	0	0
2.20899999999983	0.125	2.32699999999932	0	0
2.1869999999999	0.11099999999999	2.31099999999969	0	0
2.21799999999985	0.0999999999999659	2.31999999999971	0	0
2.21500000000015	0.108000000000004	2.33100000000013	0	0
2.25500000000011	0.26600000000002	2.59799999999996	0	0
2.22599999999966	0.123999999999967	2.35000000000036	0	0
2.19300000000021	0.100000000000023	2.29199999999946	0	0
2.22400000000016	0.0999999999999659	2.32399999999961	0	0
2.23499999999967	0.0799999999999841	2.31500000000051	0	0
2.21299999999974	0.107000000000028	2.46600000000035	0	0
2.25800000000072	0.104999999999961	2.1909999999998	0	0
2.23799999999937	0.120000000000005	2.15400000000045	0	0
2.3730000000005	0.124000000000024	2.27099999999973	0	0
2.32200000000012	0.137999999999977	2.29299999999967	0	0
3.09500000000025	0.331000000000017	2.95399999999972	0	0
6.74399999999969	0.539999999999964	6.37899999999991	0	0
2.29899999999998	0.231999999999971	2.10100000000057	0	0
2.33899999999994	0.206999999999994	2.11299999999937	0	0
2.32600000000002	0.255999999999972	2.14400000000023	0	0
2.38199999999961	0.168999999999983	2.1239999999998	0	0
4.60099999999966	0.469000000000051	4.17999999999938	0	0
2.52000000000044	0.235000000000014	2.27400000000034	0	0
2.33100000000013	0.196000000000026	2.09199999999964	0	0
2.45499999999993	0.24799999999999	2.24300000000039	0	0
4.85699999999997	0.480000000000018	4.41399999999976	0	0
2.49300000000039	0.204000000000008	2.22999999999956	0	0
4.86499999999978	0.442000000000007	4.47100000000046	0	0
4.82699999999932	0.338999999999999	4.43199999999979	0	0
2.45499999999993	0.180000000000007	2.20700000000033	0	0
2.35099999999966	0.22399999999999	2.12800000000061	0	0
2.4989999999998	0.172000000000025	2.22199999999975	0	0
2.43599999999969	0.175000000000011	2.21199999999953	0	0
2.40699999999924	0.199999999999989	2.1279999999997	0	0
2.3139999999994	0.180000000000007	2.14500000000044	0	0
2.34500000000025	0.226999999999975	2.17900000000009	0	0
4.79899999999998	0.379000000000019	4.29500000000007	0	0
2.33299999999963	0.22399999999999	2.10400000000027	0	0
2.36599999999999	0.20799999999997	2.14100000000053	0	0
6.88900000000012	0.57099999999997	6.28200000000015	0	0
2.40399999999954	0.175999999999988	2.14800000000014	0	0
2.32100000000082	0.27600000000001	2.14500000000044	0	0
2.34199999999964	0.20799999999997	2.12400000000071	0	0
2.39800000000014	0.216000000000008	2.17999999999938	0	0
2.95499999999993	0.231999999999971	2.72600000000057	0	0
4.79399999999987	0.463999999999999	4.40200000000004	0	0
2.45299999999952	0.199000000000012	2.22499999999945	0	0
2.47400000000016	0.162999999999954	2.21000000000004	0	0
2.43000000000029	0.211999999999989	2.21300000000065	0	0
4.82100000000082	0.468000000000018	4.38199999999961	0	0
2.3779999999997	0.199999999999989	2.13200000000052	0	0
2.38500000000022	0.197000000000003	2.14800000000014	0	0
2.3090000000002	0.231999999999971	2.10899999999947	0	0
2.35100000000057	0.180000000000007	2.10699999999997	0	0
2.36999999999989	0.182999999999993	2.14699999999993	0	0
2.40099999999984	0.20799999999997	2.17799999999988	0	0
4.5679999999993	0.442999999999984	4.25	0	0
2.37700000000041	0.172000000000025	2.10999999999967	0	0
4.75799999999981	0.451999999999998	4.31700000000001	0	0
2.95100000000002	0.204000000000008	2.73700000000008	0	0
7.11700000000019	0.704000000000008	6.50200000000041	0	0
2.97799999999916	0.220000000000027	2.75999999999931	0	0
2.45499999999993	0.220000000000027	2.24399999999969	0	0
2.40300000000025	0.232000000000028	2.21800000000076	0	0
2.33199999999943	0.204000000000008	2.09300000000076	0	0
2.3100000000004	0.228000000000009	2.10199999999986	0	0
2.29100000000017	0.295999999999992	2.11700000000019	0	0
2.34600000000046	0.184000000000026	2.08899999999994	0	0
2.34699999999975	0.21999999999997	2.10699999999997	0	0
2.43099999999959	0.23599999999999	2.23599999999988	0	0
4.65700000000015	0.430000000000007	4.21000000000004	0	0
2.27000000000044	0.248999999999967	2.10199999999986	0	0
2.92500000000018	0.254999999999995	2.80899999999929	0	0
2.32499999999982	0.185000000000002	2.10500000000047	0	0
4.69599999999991	0.412000000000035	4.28600000000006	0	0
2.31400000000031	0.226999999999975	2.10800000000017	0	0
2.38400000000001	0.168000000000006	2.11999999999989	0	0
2.33200000000033	0.231999999999971	2.13299999999981	0	0
2.33399999999983	0.232000000000028	2.1260000000002	0	0
2.38799999999992	0.20799999999997	2.14599999999973	0	0
2.46500000000015	0.163999999999987	2.19899999999961	0	0
2.32099999999991	0.197000000000003	2.14099999999962	0	0
2.31800000000021	0.215999999999951	2.10500000000047	0	0
2.39800000000014	0.200999999999965	2.16200000000026	0	0
2.44499999999971	0.19199999999995	2.19599999999991	0	0
2.41799999999967	0.214999999999975	2.20799999999963	0	0
2.38400000000001	0.204000000000008	2.16399999999976	0	0
4.6269999999995	0.439999999999998	4.1889999999994	0	0
2.27700000000004	0.26400000000001	2.11599999999999	0	0
2.8769999999995	0.189000000000021	2.63500000000022	0	0
2.34599999999955	0.139999999999986	2.21299999999974	0	0
2.28400000000056	0.108000000000004	2.20300000000043	0	0
2.50399999999991	0.24799999999999	2.29500000000007	0	0
2.47000000000025	0.20799999999997	2.2470000000003	0	0
2.47099999999955	0.228000000000009	2.26599999999962	0	0
2.52400000000034	0.684000000000026	2.35899999999947	0	0
2.36699999999928	0.241000000000042	2.1880000000001	0	0
2.30299999999988	0.228000000000009	2.10500000000047	0	0
4.5659999999998	0.427999999999997	4.14100000000053	0	0
2.30500000000029	0.24799999999999	2.10500000000047	0	0
4.60600000000068	0.404000000000053	4.15200000000004	0	0
2.4989999999998	0.177000000000021	2.22500000000036	0	0
4.81700000000001	0.387	4.34000000000015	0	0
2.27299999999923	0.211999999999989	2.08399999999983	0	0
2.91300000000047	0.180000000000007	2.66100000000006	0	0
2.29799999999977	0.20599999999996	2.1220000000003	0	0
2.28500000000076	0.178999999999974	2.16399999999976	0	0
4.55499999999938	0.369000000000028	4.19200000000001	0	0
2.3100000000004	0.220000000000027	2.09799999999996	0	0
2.89799999999923	0.243999999999971	2.71000000000004	0	0
2.64900000000034	0.272000000000048	2.39399999999932	0	0
2.51600000000053	0.221000000000004	2.27800000000025	0	0
2.44300000000021	0.227000000000032	2.23300000000017	0	0
2.59699999999975	0.192000000000007	2.32999999999993	0	0
2.3769999999995	0.192000000000007	2.13400000000001	0	0
2.50300000000061	0.192000000000007	2.25900000000001	0	0
2.46400000000085	0.224000000000046	2.25500000000011	0	0
2.52000000000044	0.211000000000013	2.27999999999975	0	0
2.40300000000025	0.255999999999972	2.22700000000077	0	0
2.50600000000031	0.183999999999969	2.2489999999998	0	0
2.45299999999952	0.23599999999999	2.2450000000008	0	0
2.42100000000028	0.23599999999999	2.22699999999986	0	0
4.8779999999997	0.475999999999999	4.43099999999959	0	0
2.9380000000001	0.215999999999951	2.73099999999977	0	0
2.32000000000062	0.216999999999985	2.16799999999967	0	0
2.3130000000001	0.22399999999999	2.08899999999994	0	0
2.4369999999999	0.21999999999997	2.22000000000025	0	0
2.53800000000047	0.200999999999965	2.29399999999987	0	0
2.28199999999924	0.256000000000029	2.10600000000068	0	0
2.40200000000004	0.23599999999999	2.1869999999999	0	0
2.39599999999973	0.159999999999968	2.09799999999996	0	0
2.84899999999925	0.211999999999989	2.61299999999937	0	0
2.53999999999996	0.271999999999991	2.29199999999946	0	0
2.4340000000002	0.21999999999997	2.1869999999999	0	0
2.30100000000039	0.208000000000027	2.08199999999943	0	0
2.33100000000013	0.204000000000008	2.11099999999988	0	0
2.32200000000012	0.255999999999972	2.11499999999978	0	0
2.32800000000043	0.208000000000027	2.11699999999928	0	0
2.32899999999972	0.183999999999969	2.08500000000004	0	0
2.34000000000015	0.19599999999997	2.10999999999967	0	0
2.29800000000068	0.212000000000046	2.08199999999943	0	0
2.38000000000011	0.180000000000007	2.11599999999999	0	0
2.3720000000003	0.232000000000028	2.18299999999999	0	0
2.32999999999993	0.204000000000008	2.10400000000027	0	0
