8.191	2.665	10.933	0	0
8.327	4.683	12.826	0	0
7.851	3.497	10.424	0	0
6.415	2.24	10.901	0	0
9.596	6.951	12.349	0	0
7.348	3.77399999999999	10.452	0	0
7.423	3.957	11.914	0	0
8.97999999999999	6.953	11.82	0	0
8.577	6.19	13.666	0	0
7.20600000000002	2.27500000000001	11.54	0	0
6.99100000000001	2.53899999999999	10.429	0	0
9.65099999999998	5.626	12.194	0	0
7.34800000000001	3.73099999999999	11.684	0	0
6.715	2.405	9.55500000000001	0	0
7.76400000000001	3.318	11.081	0	0
7.46000000000001	2.45	11.649	0	0
11.23	9.94	14.212	0	0
8.23599999999999	4.96099999999998	12.585	0	0
6.49600000000004	1.31	10.362	0	0
10.41	8.83700000000002	13.276	0	0
7.42000000000002	2.16999999999999	10.052	0	0
7.91999999999996	4.06999999999999	11.301	0	0
7.38499999999999	3.715	10.247	0	0
12.676	5.65100000000001	17.786	0	0
8.96799999999996	5.77600000000001	12.308	0	0
6.60400000000004	2.42800000000003	10.672	0	0
10.046	7.81900000000002	11.7140000000001	0	0
6.84499999999997	1.91500000000002	11.937	0	0
7.81600000000003	3.07500000000002	11.131	0	0
8.22399999999999	4.566	11.319	0	0
7.42699999999996	3.613	10.6369999999999	0	0
7.43299999999999	2.50299999999999	11.081	0	0
6.75099999999998	1.77100000000002	12.0309999999999	0	0
7.608	2.822	12.575	0	0
7.92200000000003	3.95699999999999	10.3390000000001	0	0
8.30099999999993	4.97199999999998	12.64	0	0
6.46699999999998	2.19499999999999	9.61800000000005	0	0
10.403	8.76099999999997	14.0039999999999	0	0
7.10299999999995	2.68900000000002	10.644	0	0
7.78200000000004	3.74099999999999	11.755	0	0
7.20900000000006	1.66800000000001	10.973	0	0
7.01200000000006	2.40499999999997	10.634	0	0
8.33300000000008	4.09099999999995	11.2430000000001	0	0
7.09799999999996	2.50600000000003	9.654	0	0
6.774	2.81899999999996	12.1180000000001	0	0
7.80000000000007	4.55000000000001	11.842	0	0
8.36799999999994	5.39600000000002	12.5179999999999	0	0
8.51099999999997	4.36000000000001	13.057	0	0
7.66300000000001	4.70099999999996	11.042	0	0
6.46199999999999	1.16300000000001	10.8030000000001	0	0
7.33600000000001	3.72800000000001	10.0060000000001	0	0
6.68299999999999	2.31099999999998	9.98800000000006	0	0
6.75900000000001	0.508000000000038	10.0060000000001	0	0
7.90000000000009	4.84199999999998	11.644	0	0
8.17899999999997	5.04200000000003	12.95	0	0
7.92500000000007	3.41300000000001	12.2259999999999	0	0
8.697	5.315	10.6790000000001	0	0
7.88499999999999	3.553	11.2139999999999	0	0
6.70299999999997	2.66699999999997	9.827	0	0
7.7940000000001	3.72800000000001	10.2649999999999	0	0
6.33800000000008	1.39799999999997	8.99099999999999	0	0
11.365	10.577	11.8779999999999	0	0
7.41300000000001	1.536	12.8010000000002	0	0
6.83900000000006	1.96599999999995	9.17900000000009	0	0
8.08600000000001	5.279	11.7469999999998	0	0
8.38799999999992	5.81999999999999	12.3980000000001	0	0
6.63900000000001	2.27300000000002	11.9169999999999	0	0
7.34099999999989	2.75199999999995	11.4570000000001	0	0
8.18899999999996	5.68299999999999	12.5229999999999	0	0
7.71399999999994	3.43599999999992	10.6860000000001	0	0
6.90200000000004	2.68700000000001	10.97	0	0
6.96900000000005	1.64300000000003	9.65099999999984	0	0
7.93100000000004	3.13300000000004	11.1780000000001	0	0
8.49900000000002	5.98099999999999	11.8309999999999	0	0
7.80899999999997	4.16700000000003	11.701	0	0
6.37899999999991	1.97400000000005	8.90099999999984	0	0
7.26300000000015	3.56799999999998	11.7429999999999	0	0
8.01900000000001	4.19500000000005	10.877	0	0
6.39400000000001	1.79999999999995	10.059	0	0
9.64700000000016	6.58199999999999	13.529	0	0
7.27700000000004	3.26099999999997	11.3149999999998	0	0
10.2170000000001	8.89300000000003	13.377	0	0
6.30700000000002	1.19399999999996	9.49400000000014	0	0
6.92999999999984	2.95299999999997	9.76299999999992	0	0
9.59199999999987	6.7940000000001	12.1179999999999	0	0
9.50099999999998	8.00099999999998	11.653	0	0
7.55799999999999	1.78700000000003	9.72000000000003	0	0
7.50399999999991	2.58100000000002	9.55400000000009	0	0
8.47499999999991	5.78099999999995	10.921	0	0
8.88199999999983	5.89699999999993	12.2510000000002	0	0
6.48700000000008	1.87300000000005	10.068	0	0
7.07600000000002	2.06499999999994	9.39800000000014	0	0
6.63599999999997	2.26199999999994	9.14999999999986	0	0
7.06100000000015	1.2349999999999	10.3229999999999	0	0
6.22199999999998	1.346	8.49300000000017	0	0
9.23700000000008	7.38100000000009	13.211	0	0
6.48799999999983	0.826999999999998	9.68599999999992	0	0
7.91399999999999	5.30500000000006	11.5919999999999	0	0
7.69000000000005	3.53599999999994	11.1030000000001	0	0
8.87100000000009	6.82799999999997	11.5170000000003	0	0
8.52500000000009	6.00400000000002	11.2049999999999	0	0
9.06899999999996	6.22500000000002	11.2090000000003	0	0
7.71800000000007	3.601	12.0770000000002	0	0
8.60400000000004	4.67400000000009	13.4670000000001	0	0
6.98000000000002	3.42700000000002	11.5249999999996	0	0
7.03899999999999	0.891000000000076	10.4069999999997	0	0
8.81299999999987	6.79200000000003	12.7939999999999	0	0
6.7320000000002	1.95100000000002	9.10200000000032	0	0
6.654	1.66199999999992	9.32600000000002	0	0
7.77099999999996	4.88499999999999	11.3400000000001	0	0
7.40300000000002	2.05000000000007	12.0219999999999	0	0
7.90300000000002	4.15899999999999	12.0949999999998	0	0
9.202	5.221	12.8920000000003	0	0
6.38900000000012	1.42499999999995	11.1669999999999	0	0
6.40300000000002	0.838000000000079	8.89300000000003	0	0
6.78999999999996	1.625	9.78800000000001	0	0
7.35799999999995	3.36500000000001	10.8720000000003	0	0
7.55399999999986	2.5100000000001	11.0880000000002	0	0
7.87599999999998	3.81600000000003	11.4269999999997	0	0
9.82500000000005	6.68799999999999	11.5309999999999	0	0
7.15300000000002	3.05499999999995	8.7829999999999	0	0
7.15699999999993	2.35800000000006	11.3490000000002	0	0
7.59199999999987	3.12300000000005	11.0219999999999	0	0
6.89400000000001	2.55899999999997	10.5320000000002	0	0
7.58600000000001	1.87900000000002	11.444	0	0
7.375	3.21000000000004	10.027	0	0
8.4380000000001	5.67500000000007	11.527	0	0
7.65999999999985	3.29700000000003	11.942	0	0
7.04300000000012	3.26300000000003	10.5949999999998	0	0
11.019	8.99300000000005	12.8850000000002	0	0
7.21599999999989	2.41500000000008	10.308	0	0
7.59500000000003	4.08299999999997	10.9769999999999	0	0
6.46199999999999	1.45499999999993	10.8250000000003	0	0
6.86899999999991	2.66499999999996	11.375	0	0
7.42900000000009	2.33500000000004	10.8150000000001	0	0
7.01999999999998	2.99699999999996	10.1489999999999	0	0
6.94100000000003	1.78200000000004	10.8390000000004	0	0
6.92699999999991	1.70100000000002	11.6100000000001	0	0
7.09799999999996	3.13099999999997	10.607	0	0
7.43499999999995	2.5920000000001	11.346	0	0
7.32500000000005	4.28499999999985	10.7130000000002	0	0
7.20399999999995	1.49000000000001	9.61300000000028	0	0
6.80499999999984	2.14099999999985	9.5	0	0
6.75199999999995	0.913000000000011	10.3799999999997	0	0
8.88400000000001	6.42099999999982	11.8720000000003	0	0
13.2440000000001	13.3800000000001	14.326	0	0
7.31899999999996	2.80100000000016	10.904	0	0
7.38099999999986	3.13400000000001	11.0840000000003	0	0
7.76800000000003	3.1099999999999	12.4830000000002	0	0
9.8739999999998	7.53700000000003	11.9719999999998	0	0
8.0010000000002	2.87599999999998	11.0119999999997	0	0
6.6260000000002	1.85599999999999	10.6990000000001	0	0
8.59799999999996	6.53200000000015	11.4069999999997	0	0
8.21299999999974	3.97500000000014	11.2560000000003	0	0
8.2199999999998	4.32099999999991	11.0529999999999	0	0
8.36999999999989	3.55200000000013	12.114	0	0
6.45199999999977	1.34000000000015	8.7199999999998	0	0
6.67100000000028	1.68000000000006	10.6479999999997	0	0
6.66399999999976	1.97700000000009	9.28300000000036	0	0
9.69700000000012	8.18900000000008	14.047	0	0
7.43100000000004	1.73199999999997	12.1530000000002	0	0
6.44000000000005	1.37800000000016	9.6239999999998	0	0
7.09199999999964	2.40800000000013	11.703	0	0
6.61999999999989	2.34100000000012	10.3339999999998	0	0
6.28500000000031	0.993999999999915	9.24299999999994	0	0
6.55000000000018	1.58200000000011	8.30899999999974	0	0
6.76800000000003	1.88799999999992	9.96500000000015	0	0
7.16400000000021	1.34500000000003	12.6019999999999	0	0
6.53899999999976	1.62000000000012	9.03900000000021	0	0
7.404	2.03199999999993	11.1669999999999	0	0
8.38900000000012	5.90699999999993	13.2600000000002	0	0
7.64600000000019	3.00199999999995	10.2460000000001	0	0
6.53999999999996	1.85500000000002	11.4200000000001	0	0
7.00300000000016	2.69100000000003	10.3410000000003	0	0
6.97500000000036	3.38300000000004	9.17699999999968	0	0
11.6099999999997	11.3620000000001	13.3719999999998	0	0
9.6880000000001	7.9369999999999	12.3309999999997	0	0
9.16600000000017	6.73199999999997	11.8470000000002	0	0
7.25	1.82899999999995	11.2739999999999	0	0
7.17000000000007	2.64899999999989	10.7710000000002	0	0
7.654	3.31400000000008	11.6280000000002	0	0
6.75399999999991	2.59100000000012	9.54099999999971	0	0
9.52600000000029	6.45799999999986	12.3910000000001	0	0
9.16199999999981	6.55100000000016	12.4609999999998	0	0
9.51299999999992	7.56699999999978	13.3579999999997	0	0
7.68100000000004	2.33200000000011	10.6080000000002	0	0
6.80799999999999	2.40599999999995	11.4470000000001	0	0
7.07499999999982	2.61099999999988	9.76200000000017	0	0
7.69300000000021	3.05399999999986	10.0039999999999	0	0
8.904	4.44000000000005	11.5210000000002	0	0
6.65599999999995	1.92799999999988	10.8609999999999	0	0
6.76899999999978	2.30099999999993	10.2580000000003	0	0
8.58199999999988	4.50499999999988	11.1849999999999	0	0
7.02500000000009	3.83799999999997	10.509	0	0
8.53699999999981	3.76099999999997	12.2279999999996	0	0
8.07499999999982	4.58100000000013	10.29	0	0
8.04400000000032	3.86200000000008	11.2110000000002	0	0
6.56800000000021	1.64199999999983	9.61699999999973	0	0
8.56100000000015	3.96899999999982	11.8150000000001	0	0
6.16800000000012	0.615000000000009	9.21099999999979	0	0
6.76299999999992	0.933999999999969	11.2130000000002	0	0
6.85999999999967	2.56600000000003	10.4350000000004	0	0
7.25700000000006	3.70700000000011	11.2219999999998	0	0
6.30299999999988	1.75199999999995	9.51400000000012	0	0
7.47699999999986	3.92399999999998	11.1819999999998	0	0
6.95799999999963	1.68499999999995	9.73899999999958	0	0
9.66699999999992	7.86500000000001	12.241	0	0
8.92799999999988	5.18399999999997	13.0039999999999	0	0
8.72300000000041	5.83699999999999	9.61599999999999	0	0
7.06999999999971	1.33799999999997	10.1260000000002	0	0
7.96300000000019	4.42999999999984	11.2529999999997	0	0
9.07300000000032	6.55799999999999	13.0690000000004	0	0
8.00199999999995	6.02600000000007	9.63199999999961	0	0
6.96599999999989	3.66600000000017	12.0559999999996	0	0
7.24200000000019	1.673	10.6210000000001	0	0
6.21099999999979	1.28199999999993	8.70700000000033	0	0
7.03400000000011	1.18299999999999	11.741	0	0
6.43299999999999	0.99799999999982	11.0170000000007	0	0
7.61400000000003	2.72700000000009	10.2539999999999	0	0
6.35100000000011	1.53899999999999	8.77300000000014	0	0
7.91100000000006	4.13699999999994	12.8380000000006	0	0
6.83099999999968	2.52999999999997	9.16399999999976	0	0
6.61599999999999	1.88699999999994	9.88900000000012	0	0
8.18799999999965	5.10599999999999	10.6000000000004	0	0
8.40999999999985	5.68799999999987	11.0379999999996	0	0
9.23500000000013	4.85000000000014	12.8540000000003	0	0
8.43000000000029	5.31899999999996	12.6990000000005	0	0
7.30999999999995	2.06099999999992	9.68299999999999	0	0
7.1550000000002	2.84799999999996	11.1559999999999	0	0
7.846	3.06799999999998	11.7880000000005	0	0
6.48900000000003	1.72299999999996	11.1800000000003	0	0
7.23799999999983	3.02099999999996	11.5680000000002	0	0
7.04399999999987	3	11.509	0	0
8.22399999999971	3.39200000000005	11.6030000000001	0	0
6.36099999999988	0.878000000000156	10.0470000000005	0	0
6.97800000000007	0.773999999999887	11.2200000000003	0	0
7.83500000000004	3.8130000000001	10.241	0	0
7.48900000000003	2.10400000000004	11.0330000000004	0	0
6.90199999999959	2.01800000000003	11.259	0	0
6.8119999999999	2.25400000000013	10.3539999999994	0	0
8.41199999999981	5.52799999999979	12.0470000000005	0	0
6.69600000000037	1.51099999999997	9.78300000000036	0	0
6.82000000000016	2.78999999999996	8.94399999999951	0	0
7.12000000000035	2.49299999999994	9.42600000000039	0	0
8.89800000000014	6.096	11.1190000000006	0	0
6.29300000000012	0.798000000000002	10.4200000000001	0	0
7.07900000000018	1.83400000000006	11.1359999999995	0	0
6.98300000000017	2.85200000000009	10.3319999999994	0	0
10.797	8.79399999999987	13.9840000000004	0	0
7.92500000000018	4.25699999999983	10.8829999999998	0	0
8.06700000000001	3.077	11.0259999999998	0	0
7.01499999999987	2.32799999999997	10.3410000000003	0	0
7.77799999999979	2.56500000000005	10.6689999999999	0	0
8.25199999999995	5.09900000000016	10.9059999999999	0	0
6.89899999999989	1.13199999999983	10.5540000000001	0	0
8.02100000000019	5.01999999999998	10.2260000000006	0	0
9.55099999999993	6.65100000000007	13.7790000000005	0	0
7.31200000000035	3.22599999999989	10.9030000000002	0	0
5.9409999999998	0.763000000000147	10.7960000000003	0	0
7.26399999999967	1.82200000000012	12.4229999999998	0	0
7.82299999999987	4.68600000000015	11.2800000000007	0	0
6.88000000000011	1.49299999999994	10.0569999999998	0	0
6.76299999999992	1.75999999999999	9.98799999999937	0	0
7.07200000000012	1.69299999999998	11.6199999999999	0	0
8.87899999999991	7.34999999999991	10.6979999999994	0	0
8.07500000000027	3.77099999999996	11.018	0	0
7.93799999999965	4.70500000000015	9.82099999999991	0	0
7.08899999999994	1.99399999999991	10.3200000000006	0	0
7.1579999999999	2.79199999999992	9.84600000000046	0	0
8.84900000000016	6.00099999999998	12.9989999999998	0	0
7.25099999999975	2.05700000000002	9.6889999999994	0	0
8.1880000000001	4.72000000000003	11.5080000000007	0	0
7.20399999999972	1.98700000000008	9.72000000000025	0	0
7.44299999999976	1.45899999999983	10.4450000000006	0	0
9.01099999999997	7.13100000000009	11.5390000000007	0	0
7.971	2.82599999999979	12.0869999999995	0	0
7.68600000000015	3.98599999999988	11.107	0	0
7.53500000000031	1.75999999999999	11.0829999999996	0	0
6.39599999999973	1.87099999999987	9.94800000000032	0	0
7.66399999999976	2.59899999999993	10.9290000000001	0	0
8.1609999999996	5.80200000000013	10.9920000000002	0	0
7.26699999999983	2.05600000000004	9.91499999999996	0	0
6.81800000000021	3.00199999999995	9.77300000000014	0	0
7.529	2.76299999999992	11.1559999999999	0	0
10.2179999999998	8.60599999999999	13.0240000000003	0	0
8.18499999999995	3.83999999999992	11.3180000000002	0	0
8.01999999999953	4.81800000000021	9.85199999999986	0	0
7.27300000000014	2.79399999999987	11.4110000000001	0	0
6.77700000000004	2.80400000000009	10.5219999999999	0	0
9.2510000000002	6.10399999999981	11.3679999999995	0	0
8.31200000000081	4.15200000000004	9.71000000000004	0	0
9.87100000000009	7.30500000000029	14.3199999999997	0	0
7.45199999999932	3.79899999999998	11.5900000000001	0	0
8.51299999999992	3.36499999999978	11.1800000000003	0	0
7.53000000000065	4.07900000000018	9.03399999999965	0	0
7.3130000000001	2.03700000000026	12.8530000000001	0	0
7.08399999999983	2.93899999999985	10.8200000000006	0	0
7.17399999999998	1.31899999999996	10.4269999999997	0	0
6.59199999999964	2.06899999999996	9.06800000000021	0	0
8.46399999999994	4.6550000000002	12.2380000000003	0	0
6.98100000000068	3.95599999999968	11.5410000000002	0	0
8.30299999999988	4.35299999999961	12.473	0	0
6.78999999999996	2.16399999999976	10.5450000000001	0	0
9.76900000000023	7.32400000000007	14.0319999999992	0	0
8.52599999999984	5.60300000000007	12.0720000000001	0	0
7.63299999999981	4.34400000000005	9.73700000000008	0	0
6.59799999999996	2.0329999999999	9.39100000000053	0	0
9.67900000000009	7.02300000000014	13.6359999999995	0	0
7.05699999999979	3.23500000000013	9.10599999999977	0	0
7.46999999999935	3.1220000000003	11.4499999999998	0	0
6.58799999999974	2.13000000000011	9.70499999999993	0	0
7.13600000000042	3.71599999999989	9.72800000000007	0	0
6.79599999999937	2.17300000000023	11.2960000000003	0	0
7.52899999999954	3.65300000000025	10.6660000000002	0	0
6.97000000000025	2.76700000000028	10.4669999999996	0	0
12.6860000000006	11.3690000000001	14.3620000000001	0	0
8.05500000000029	4.95500000000038	12.0969999999998	0	0
7.53699999999935	3.16800000000012	11.3009999999995	0	0
9.40099999999984	7.08800000000019	13.0039999999999	0	0
9.88000000000011	6.63699999999972	12.0720000000001	0	0
7.76000000000022	3.779	11.5770000000002	0	0
7.1239999999998	1.48399999999992	11.0889999999999	0	0
7.44699999999921	4.48699999999963	11.1779999999999	0	0
7.49099999999999	2.39100000000008	10.7489999999998	0	0
10.7160000000003	9.90299999999979	12.8710000000001	0	0
8.77199999999993	4.68299999999999	11.0719999999992	0	0
7.76100000000042	3.94999999999982	11.2290000000003	0	0
8.35699999999997	3.98199999999997	11.2579999999998	0	0
6.7510000000002	2.26399999999967	9.11300000000028	0	0
8.44000000000051	3.42200000000003	13.1930000000002	0	0
7.77000000000044	5.20699999999988	11.7570000000005	0	0
10.9430000000002	9.28099999999995	13.723	0	0
6.50099999999929	1.20200000000023	9.61700000000019	0	0
6.99600000000009	0.872000000000298	9.95299999999952	0	0
6.44499999999971	1.78400000000011	10.0619999999999	0	0
7.75799999999981	2.76099999999997	11.2840000000006	0	0
9.51400000000012	6.65599999999995	10.9929999999995	0	0
9.22099999999955	5.88900000000012	13.3810000000003	0	0
7.36300000000028	4.11900000000014	10.7619999999997	0	0
8.81800000000021	4.10099999999966	12.5899999999992	0	0
7.22800000000007	2.54599999999982	10.8850000000002	0	0
7.53099999999995	2.69200000000001	10.7560000000003	0	0
7.27600000000075	3.1260000000002	11.366	0	0
8.1869999999999	3.97199999999975	11.9529999999995	0	0
6.45300000000043	1.90499999999975	8.5659999999998	0	0
7.38599999999951	2.69599999999991	11.2339999999995	0	0
6.80699999999979	2.5010000000002	11.0969999999998	0	0
8.19400000000041	2.84699999999975	12.7449999999999	0	0
9.43700000000081	7.17599999999993	13.3470000000007	0	0
12.0959999999995	10.9559999999997	16.9520000000002	0	0
6.79099999999926	2.94800000000032	11.665	0	0
9.17100000000028	6.09099999999989	12.7330000000002	0	0
6.96700000000055	2.64499999999998	10.1700000000001	0	0
7.6820000000007	2.36599999999999	10.2139999999999	0	0
7.82300000000032	4.01099999999997	10.8810000000003	0	0
7.91399999999976	2.04799999999977	10.6279999999997	0	0
6.66299999999956	1.81799999999976	10.1869999999999	0	0
7.60899999999947	2.03099999999995	11.0290000000005	0	0
6.27199999999993	0.831000000000131	9.57399999999961	0	0
6.70400000000063	1.71399999999994	10.085	0	0
7.09600000000046	2.51900000000023	10.067	0	0
7.11499999999978	2.48300000000017	11.5529999999999	0	0
6.97099999999955	2.40200000000004	10.4279999999999	0	0
7.09000000000015	2.00999999999976	10.9870000000001	0	0
6.21799999999985	1.42200000000003	9.80300000000079	0	0
6.92199999999957	1.33300000000008	10.1869999999999	0	0
8.47199999999975	5.51300000000037	12.1929999999993	0	0
7.70899999999983	3.00199999999995	11.3829999999998	0	0
9.48199999999997	7.77399999999989	12.1170000000002	0	0
10.5879999999997	8.32400000000007	14.0649999999996	0	0
7.51199999999972	3.3159999999998	12.1679999999997	0	0
9.06999999999971	5.79800000000023	13.8819999999996	0	0
8.66200000000026	6.96399999999994	11.8249999999998	0	0
8.70999999999913	5.48700000000008	12.0540000000001	0	0
6.61799999999948	2.28700000000026	10.9350000000004	0	0
7.4350000000004	1.96199999999999	10.7650000000003	0	0
6.97599999999966	2.69700000000012	10.424	0	0
7.28399999999965	1.83699999999999	10.3090000000002	0	0
7.76700000000073	4.0949999999998	11.3500000000004	0	0
7.20100000000002	2.80799999999999	11.4050000000007	0	0
7.02799999999934	2.39499999999998	9.89999999999964	0	0
9.41499999999996	6.45799999999963	12.6109999999999	0	0
6.64100000000053	1.77400000000034	10.8179999999993	0	0
7.87700000000041	2.86599999999999	12.2709999999997	0	0
9.72600000000057	7.42000000000007	11.8190000000004	0	0
7.54100000000017	2.05099999999993	11.1700000000001	0	0
7.53699999999935	4.27399999999989	11.692	0	0
7.93299999999999	3.17499999999973	11.5260000000007	0	0
7.41800000000057	2.98300000000017	11.4379999999992	0	0
7.83500000000004	3.36900000000014	12.9719999999998	0	0
6.63000000000011	2.11099999999988	11.3149999999996	0	0
7.09500000000025	1.60099999999966	11.6689999999999	0	0
6.56400000000031	1.70100000000002	10.0859999999993	0	0
8.23599999999988	3.85899999999992	12.924	0	0
8.1220000000003	5.32600000000002	11.7190000000001	0	0
7.4369999999999	2.67699999999968	12.4169999999995	0	0
7.88700000000063	3.89599999999973	9.61299999999937	0	0
8.24200000000019	3.95400000000018	12.3189999999995	0	0
7.13799999999992	2.10300000000007	10.2149999999992	0	0
8.21900000000005	4.05000000000018	12.7849999999999	0	0
6.77099999999973	2.40300000000025	9.38199999999961	0	0
7.03500000000076	1.62000000000035	10.8929999999991	0	0
6.85900000000038	3.12899999999991	11.5949999999993	0	0
7.30600000000049	2.03900000000021	10.1149999999998	0	0
6.69599999999991	1.7829999999999	10.1029999999992	0	0
8.39300000000003	3.78900000000021	12.4879999999994	0	0
8.3730000000005	5.72299999999996	11.8579999999984	0	0
7.64699999999993	3.05299999999988	12.7639999999992	0	0
7.02699999999913	2.03800000000001	11.0250000000015	0	0
7.9369999999999	2.37699999999995	12.0339999999997	0	0
6.31500000000051	1.31200000000035	9.68900000000031	0	0
8.71699999999964	4.69200000000001	12.2079999999987	0	0
6.69599999999991	2.13699999999972	9.86000000000058	0	0
7.21100000000024	1.82200000000012	9.97899999999936	0	0
7.50900000000001	3.57600000000002	11.0660000000007	0	0
10.4200000000001	7.79300000000012	12.8060000000005	0	0
7.1869999999999	3.48900000000003	10.5380000000005	0	0
9.79700000000048	6.69799999999987	12.7510000000002	0	0
7.57800000000043	4.15899999999965	11.0610000000015	0	0
9.31900000000041	6.19799999999987	12.018	0	0
7.0010000000002	2.04500000000007	9.94599999999991	0	0
9.20600000000013	5.85300000000007	12.8949999999986	0	0
6.98300000000017	2.81500000000005	11.3050000000003	0	0
7.8090000000002	3.49099999999999	11.7299999999996	0	0
6.59000000000015	1.35800000000017	9.8760000000002	0	0
7.58900000000085	2.74099999999999	11.2459999999992	0	0
7.90200000000004	4.64699999999993	11.8140000000003	0	0
8.07000000000062	3.95800000000008	12.2820000000011	0	0
8.28999999999996	4.95900000000029	10.8279999999995	0	0
7.01499999999942	1.97500000000036	10.4910000000018	0	0
7.61000000000058	4.04300000000012	12.0510000000013	0	0
12.1959999999999	10.5319999999997	14.5669999999991	0	0
8.64400000000023	5.78600000000006	11.7260000000006	0	0
7.76699999999983	3.02399999999989	12.3580000000002	0	0
7.69400000000041	3.30999999999995	10.3490000000002	0	0
7.40799999999945	2.20100000000002	10.9649999999983	0	0
6.89500000000044	3.07500000000027	11.6260000000002	0	0
6.875	1.44799999999987	12.9920000000002	0	0
6.50200000000041	1.8130000000001	10.1000000000004	0	0
9.21500000000015	5.57000000000016	14.143	0	0
6.56999999999971	2.0649999999996	12.8400000000001	0	0
12.2219999999998	4.32999999999993	19.125	0	0
8.53700000000026	4.55299999999988	10.6180000000004	0	0
11.2280000000001	8.67599999999993	14.2870000000003	0	0
6.70199999999932	2.67300000000023	10.5	0	0
7.15799999999945	1.92300000000023	11.3819999999996	0	0
9.58500000000004	7.92800000000034	12.4089999999997	0	0
7.58200000000033	2.39000000000033	11.5010000000002	0	0
7.41200000000026	4.32600000000002	10.7090000000007	0	0
7.7440000000006	2.83599999999979	11.1569999999992	0	0
6.58799999999974	1.33299999999963	9.92499999999927	0	0
9.01099999999951	5.41800000000012	12.473	0	0
7.01300000000083	2.39599999999973	9.9369999999999	0	0
7.51500000000033	2.23599999999988	9.68499999999949	0	0
6.89100000000053	2.59400000000005	9.8739999999998	0	0
7.75500000000011	2.88700000000017	11.0100000000002	0	0
6.98199999999997	1.93100000000004	11.9709999999995	0	0
6.81200000000081	1.57600000000002	11.0740000000005	0	0
7.17499999999927	3.20800000000008	10.3940000000002	0	0
6.88199999999961	1.50699999999961	11.393	0	0
6.71900000000005	2.15000000000009	10.8590000000004	0	0
7.41599999999926	3.09000000000015	10.8379999999997	0	0
7.28800000000047	2.95000000000027	11.6949999999997	0	0
7.12100000000009	1.25099999999975	11.375	0	0
11.8450000000003	4.33999999999969	18.1409999999996	0	0
6.55199999999968	1.69000000000005	9.53600000000006	0	0
7.41100000000006	1.50999999999976	12.4930000000004	0	0
6.51600000000053	2.56800000000021	11.5380000000005	0	0
8.35499999999956	4.26999999999998	11.3259999999991	0	0
7.49799999999959	3.29100000000017	11.8760000000002	0	0
8.26999999999953	3.65299999999979	11.1509999999998	0	0
6.80099999999948	1.90200000000004	10.1059999999998	0	0
9.27099999999973	6.36400000000003	12.7109999999993	0	0
10.8209999999999	9.59500000000025	12.7700000000004	0	0
8.65700000000015	5.03899999999976	11.6899999999987	0	0
6.59199999999964	2.54299999999967	9.48800000000119	0	0
7.35300000000007	1.68399999999974	11.2840000000015	0	0
6.34799999999996	0.692000000000007	9.54100000000108	0	0
6.8809999999994	1.32899999999972	10.9330000000009	0	0
8.88900000000012	5.55099999999993	11.7720000000008	0	0
9.34699999999975	7.00900000000001	12.7529999999988	0	0
7.04200000000037	2.78699999999981	10.8310000000001	0	0
8.72599999999966	4.99199999999973	10.1180000000004	0	0
10.3540000000003	8.19699999999966	13.3199999999997	0	0
7.80000000000018	2.53600000000006	11.5600000000013	0	0
7.94599999999991	4.45100000000002	11.6799999999985	0	0
7.23500000000058	1.50999999999976	11.4650000000001	0	0
6.77000000000044	1.51300000000037	10.0810000000001	0	0
9.04299999999967	6.18599999999969	12.0640000000003	0	0
11.96	12.5839999999998	14.5190000000002	0	0
7.83499999999913	3.53200000000015	10.0859999999993	0	0
7.61899999999969	4.55099999999993	9.875	0	0
7.78999999999996	3.20299999999997	12.2340000000004	0	0
7.15599999999995	2.654	11.2900000000009	0	0
7.67699999999968	2.44800000000032	11.4809999999998	0	0
10.2659999999996	7.85199999999986	13.7639999999992	0	0
7.83400000000074	2.94300000000021	11.8679999999986	0	0
6.97099999999955	2.67100000000028	11.3829999999998	0	0
8.39900000000034	4.41499999999996	12.5789999999997	0	0
6.78499999999985	2.19000000000005	10.9560000000001	0	0
7.53200000000015	3.1579999999999	10.9419999999991	0	0
8.94599999999991	5.27199999999993	11.7430000000004	0	0
8.04699999999957	3.73100000000022	10.9799999999996	0	0
7.39800000000014	3.34900000000016	12.0869999999995	0	0
7.37700000000041	2.05999999999995	10.1589999999997	0	0
8.4970000000003	5.85100000000011	11.5490000000009	0	0
7.55299999999988	3.44299999999976	12.9389999999985	0	0
7.99300000000039	4.46799999999985	11.4789999999994	0	0
8.00399999999991	3.01999999999998	12.4519999999993	0	0
7.92599999999948	3.63499999999976	11.7309999999998	0	0
8.20800000000054	4.82200000000012	11.7010000000009	0	0
10.4139999999998	9.26299999999992	14.0610000000015	0	0
7.4369999999999	1.74600000000009	11.857	0	0
6.6869999999999	1.83799999999974	8.85900000000038	0	0
9.35899999999947	5.5659999999998	12.2089999999989	0	0
6.66600000000017	1.42700000000013	10.4310000000005	0	0
8.04899999999998	3.59100000000035	12.134	0	0
9.23899999999958	7.22299999999996	11.6880000000001	0	0
7.10800000000017	1.39400000000023	11.4930000000004	0	0
8.59600000000046	6.05600000000004	11.3790000000008	0	0
8.71500000000015	5.61200000000008	12.25	0	0
6.41700000000037	1.73399999999992	10.0190000000002	0	0
10.0799999999999	7.66199999999981	12.7620000000006	0	0
6.46000000000004	1.221	8.63500000000022	0	0
7.04700000000048	0.581000000000131	11.741	0	0
7.06899999999951	2.56399999999985	11.3560000000016	0	0
8.03900000000067	4.77499999999964	12.0499999999993	0	0
7.65299999999934	3.21500000000015	11.1189999999988	0	0
8.08100000000013	4.99800000000005	12.2360000000008	0	0
7.01800000000003	3.28999999999996	11.0410000000011	0	0
7.01099999999951	1.22799999999961	11.5889999999999	0	0
6.93299999999999	1.76400000000012	10.4789999999994	0	0
7.35499999999956	2.55400000000009	10.273000000001	0	0
7.05000000000018	2.096	8.73999999999978	0	0
7.83899999999994	3.48099999999977	11.634	0	0
6.27999999999975	1.58800000000019	9.44000000000051	0	0
7.35899999999947	1.4050000000002	11.5960000000014	0	0
7.74499999999989	4.28800000000001	11.253999999999	0	0
8.05500000000029	3.93899999999985	11.8619999999992	0	0
7.59400000000005	4.00500000000011	12.5149999999994	0	0
8.45700000000033	3.90499999999975	10.9210000000003	0	0
6.59299999999985	1.72499999999991	9.80799999999908	0	0
9.97599999999966	6.97499999999991	12.4279999999999	0	0
6.88400000000001	1.91899999999987	11.7739999999994	0	0
8.21000000000004	3.58400000000029	13.8220000000001	0	0
7.13200000000052	2.39600000000019	9.98499999999876	0	0
7.34400000000005	1.65999999999985	8.8130000000001	0	0
7.70299999999952	4.35699999999997	9.61200000000099	0	0
7.84599999999955	3.81400000000031	12.9009999999998	0	0
8.38000000000011	5.34400000000005	10.5229999999992	0	0
8.9409999999998	5.58500000000004	13.6919999999991	0	0
7.25200000000041	3.3760000000002	10.8310000000001	0	0
7.76700000000073	2.94399999999996	10.5820000000003	0	0
8.47000000000025	5.61000000000013	10.6759999999995	0	0
9.07600000000002	5.81500000000005	13.2060000000001	0	0
6.80999999999949	1.5630000000001	10.648000000001	0	0
11.3000000000002	9.1840000000002	15.9500000000007	0	0
7.75500000000011	4.06300000000056	11.2870000000003	0	0
8.00399999999991	4.21600000000035	11.8709999999992	0	0
8.07700000000023	4.86099999999988	10.0910000000003	0	0
7.10699999999997	1.80400000000009	9.9489999999987	0	0
7.35099999999966	2.41400000000067	10.7579999999998	0	0
10.5089999999991	8.10799999999927	13.2240000000002	0	0
7.47400000000016	3.33399999999983	11.6129999999994	0	0
9.52500000000055	5.76599999999962	12.9869999999992	0	0
7.34799999999996	2.6230000000005	10.3860000000004	0	0
7.6899999999996	2.24299999999948	11.4430000000011	0	0
6.62799999999879	2.25099999999929	9.73899999999958	0	0
7.92499999999927	3.80899999999929	12.8559999999998	0	0
7.31399999999849	2.4399999999996	10.6910000000007	0	0
7.7559999999994	2.8730000000005	11.3189999999995	0	0
7.45100000000093	3.02300000000014	10.4309999999987	0	0
8.20300000000134	3.88299999999981	12.4279999999999	0	0
6.60299999999916	1.59400000000005	10.1510000000017	0	0
8.04299999999967	3.58600000000024	11.0220000000008	0	0
9.37800000000061	7.64899999999943	11.9340000000011	0	0
9.91599999999926	7.55000000000018	13.5330000000013	0	0
6.28700000000026	0.53899999999976	10.3330000000005	0	0
6.65699999999924	1.03200000000015	9.99200000000019	0	0
9.65600000000086	7.6200000000008	12.637999999999	0	0
8.79100000000108	5.375	11.9510000000009	0	0
6.55400000000009	1.76000000000022	8.77499999999964	0	0
10.0910000000003	6.22999999999956	11.7389999999996	0	0
7.60699999999997	3.61700000000019	9.53399999999965	0	0
8.40600000000086	3.51500000000033	13.1309999999994	0	0
7.06600000000071	2.26600000000053	11.228000000001	0	0
9.25699999999961	5.98799999999937	13.5059999999994	0	0
8.09199999999873	4.76500000000033	9.86399999999958	0	0
7.02800000000025	1.46100000000024	8.97600000000057	0	0
6.40400000000045	1.11099999999988	9.625	0	0
7.39099999999962	2.23199999999997	11.1599999999999	0	0
6.94200000000092	2.61599999999999	9.49699999999939	0	0
6.92299999999886	1.93100000000049	10.5329999999994	0	0
7.53600000000006	3.71600000000035	11.0390000000007	0	0
9.70100000000093	7.51899999999932	12.2060000000001	0	0
6.81100000000151	2.63500000000022	9.55699999999888	0	0
7.6260000000002	2.48900000000049	12.9789999999994	0	0
7.91699999999946	5.44400000000041	12.3260000000009	0	0
10.0709999999999	8.02999999999975	13.1650000000009	0	0
8.11700000000019	4.40299999999934	10.7910000000011	0	0
7.92799999999988	2.72300000000087	11.9940000000006	0	0
6.45399999999972	1.8110000000006	9.72999999999956	0	0
7.92599999999948	4.2489999999998	12.0920000000006	0	0
6.76900000000023	0.715000000000146	11.0929999999989	0	0
6.5109999999986	1.1850000000004	8.66400000000067	0	0
7.14799999999923	1.64300000000003	10.5989999999983	0	0
8.10499999999956	5.44900000000052	11.9110000000001	0	0
7.46300000000156	2.78999999999996	10.4760000000006	0	0
6.18199999999888	1.32600000000002	9.34500000000116	0	0
7.51400000000103	1.88400000000001	11.4920000000002	0	0
8.48799999999937	4.39400000000023	12.3949999999986	0	0
9.18399999999929	3.9369999999999	12.9659999999985	0	0
8.30999999999949	3.52500000000055	11.7860000000001	0	0
9.83899999999994	8.71699999999964	11.4919999999984	0	0
8.5580000000009	3.77199999999993	11.6119999999992	0	0
7.0580000000009	2.15000000000055	9.97899999999936	0	0
8.71500000000015	5.17599999999948	12.6119999999992	0	0
6.60899999999856	2.22699999999986	9.46099999999933	0	0
8.20499999999993	4.11500000000069	11.3019999999997	0	0
7.04500000000007	2.4989999999998	11.1440000000002	0	0
7.09400000000096	1.72299999999996	10.8339999999989	0	0
9.03799999999865	5.9399999999996	13.2209999999995	0	0
7.34100000000035	2.83600000000024	12.9200000000001	0	0
7.1820000000007	2.9350000000004	10.3230000000003	0	0
7.61499999999978	1.92200000000048	11.491	0	0
7.90099999999984	4.40499999999975	11.8780000000006	0	0
6.83599999999933	1.10000000000036	9.96900000000096	0	0
7.26599999999962	3.67900000000009	11.0900000000001	0	0
6.59200000000055	0.649999999999636	9.76300000000083	0	0
7.1869999999999	1.47400000000016	11.8019999999997	0	0
7.06999999999971	2.89599999999973	9.84100000000035	0	0
6.42000000000007	1.14999999999964	11.6660000000011	0	0
6.88299999999981	0.80199999999968	10.1350000000002	0	0
6.32699999999932	1.29699999999957	9.28099999999904	0	0
6.93599999999969	1.24200000000019	11.8960000000006	0	0
6.34000000000015	1.32000000000062	10.1779999999999	0	0
6.99200000000019	2.12199999999939	11.7909999999993	0	0
8.01800000000003	3.96400000000085	11.1550000000007	0	0
8.09200000000055	3.44700000000012	13.2360000000008	0	0
7.24699999999939	3.35300000000007	11.7279999999992	0	0
9.03000000000065	4.64599999999973	13.1579999999994	0	0
6.70999999999913	1.95399999999972	9.23700000000099	0	0
7.53900000000067	2.86700000000019	10.2220000000016	0	0
7.10599999999977	3.1850000000004	10.732	0	0
8.6239999999998	6.28099999999995	12.3080000000009	0	0
6.70299999999952	1.15800000000036	10.8249999999989	0	0
7.42499999999927	1.80500000000029	11.0650000000005	0	0
8.02099999999882	4.28000000000065	12.6679999999997	0	0
7.18099999999868	1.4340000000002	10.2109999999993	0	0
6.79500000000007	2.29200000000037	8.67299999999886	0	0
7.1880000000001	1.85599999999977	10.3439999999991	0	0
8.05299999999988	4.67500000000018	12.1990000000005	0	0
7.55000000000109	3.19800000000032	11.7020000000011	0	0
6.72500000000036	1.8110000000006	10.3439999999991	0	0
7.64099999999962	3.01299999999992	11.5939999999991	0	0
7.51900000000023	4.29100000000017	11.7849999999999	0	0
7.1359999999986	1.42299999999977	11.4560000000001	0	0
8.3119999999999	4.5010000000002	11.1090000000004	0	0
7.11299999999937	1.9989999999998	11.101999999999	0	0
6.28600000000006	0.769999999999527	10.4899999999998	0	0
7.09000000000015	1.49499999999989	10.0720000000001	0	0
6.30799999999908	0.436000000000604	10.9570000000003	0	0
6.6830000000009	1.40200000000004	9.47199999999975	0	0
6.81700000000092	1.76400000000012	10.4760000000006	0	0
6.9950000000008	2.65200000000004	10.2650000000012	0	0
7.58699999999953	2.31700000000001	12.4920000000002	0	0
7.07899999999972	3.36599999999999	11.8279999999995	0	0
7.09699999999975	1.38000000000011	11.7420000000002	0	0
6.35599999999977	1.44499999999971	9.72600000000057	0	0
6.97700000000077	1.56800000000021	9.40999999999985	0	0
8.17100000000028	4.75	10.514000000001	0	0
8.97099999999955	5.52099999999973	12.4300000000003	0	0
7.19100000000071	4.11700000000019	10.3009999999995	0	0
6.98300000000017	1.30400000000009	10.9270000000015	0	0
6.73899999999958	2.81500000000051	10.1280000000006	0	0
8.08200000000033	5.09600000000046	11.7960000000003	0	0
6.47199999999975	1.08300000000054	8.43500000000131	0	0
9.66200000000026	8.23499999999967	13.6550000000007	0	0
9.09199999999873	6.58399999999983	12.0470000000005	0	0
8.40300000000025	5.14499999999953	13.4639999999999	0	0
6.55199999999968	1.26100000000042	10.844000000001	0	0
8.48600000000079	4.65100000000075	10.8869999999988	0	0
8.41200000000026	3.48499999999967	10.75	0	0
7.13299999999981	1.53900000000067	9.84200000000055	0	0
9.09300000000076	4.70800000000054	10.387999999999	0	0
7.22799999999916	1.63300000000072	11.4580000000005	0	0
6.98800000000119	2.98700000000008	10.9390000000003	0	0
8.04299999999967	4.16499999999996	12.2530000000006	0	0
8.39400000000023	4.92799999999988	12.6759999999995	0	0
8.3760000000002	4.13799999999992	11.6980000000003	0	0
7.26000000000022	2.18399999999929	10.0390000000007	0	0
7.54799999999886	2.74299999999948	10.0949999999993	0	0
9.30899999999929	6.22100000000046	10.5889999999999	0	0
11.7039999999997	11.6639999999998	14.3209999999999	0	0
6.94900000000052	2.0659999999998	9.06999999999971	0	0
7.49300000000039	3.01900000000023	10.7030000000013	0	0
7.89000000000124	3.33700000000044	11.652	0	0
6.46700000000055	1.57999999999993	10.5450000000001	0	0
7.54299999999967	1.49200000000019	10.3270000000011	0	0
8.72699999999895	6.27999999999975	12.8640000000014	0	0
8.52000000000044	4.00699999999961	12.3010000000013	0	0
6.96600000000035	1.90099999999984	9.88400000000001	0	0
7.24099999999999	2.82200000000012	11.7339999999986	0	0
6.56400000000031	1.60499999999956	8.79300000000148	0	0
7.39999999999964	3.01299999999992	10.7160000000003	0	0
6.6830000000009	2.05799999999999	10.3860000000004	0	0
7.10399999999936	1.18000000000029	11.8209999999999	0	0
6.51999999999862	0.865999999999985	9.15700000000106	0	0
7.76499999999942	2.69700000000012	11.6820000000007	0	0
6.41499999999905	1.03200000000015	9.65999999999985	0	0
6.69200000000092	1.7470000000003	9.80199999999968	0	0
7.38500000000022	2.57200000000012	10.1639999999989	0	0
6.03399999999965	0.605999999999767	9.45099999999911	0	0
6.90799999999945	1.82700000000023	11.5529999999999	0	0
8.75900000000001	6.625	11.6310000000012	0	0
7.54699999999866	2.72199999999975	11.5880000000016	0	0
6.39400000000023	1.22600000000057	9.16899999999987	0	0
10.5010000000002	7.32700000000023	12.389000000001	0	0
7.77499999999964	4.65599999999995	11.0810000000001	0	0
7.2559999999994	3.03099999999995	11.9189999999999	0	0
9.1869999999999	6.03700000000026	12.2759999999998	0	0
8.54399999999987	4.78099999999995	11.5280000000002	0	0
7.5049999999992	1.75399999999991	10.8510000000006	0	0
7.19100000000071	2.93100000000049	11.3490000000002	0	0
7.76600000000144	3.61499999999978	12.3880000000008	0	0
9.3640000000014	6.87599999999929	11.8490000000002	0	0
7.69100000000071	2.75900000000001	12.1849999999995	0	0
8.94400000000132	7.05100000000039	11.1740000000009	0	0
6.55799999999908	0.876000000000204	10.7790000000005	0	0
7.28699999999844	3.4399999999996	8.88900000000103	0	0
8.36100000000079	4.60000000000036	12.3200000000015	0	0
7.59300000000076	4.37400000000071	10.987000000001	0	0
8.71399999999994	4.69499999999971	11.4149999999991	0	0
6.64099999999962	2.51500000000033	10.6180000000004	0	0
7.18000000000029	1.85800000000017	10.8819999999996	0	0
10.0569999999989	9.36700000000019	13.0199999999986	0	0
8.4419999999991	5.72199999999975	12.8279999999995	0	0
10.4459999999999	8.97699999999986	15.1569999999992	0	0
7.08300000000054	2.54400000000078	10.4459999999999	0	0
10.7579999999998	8.35199999999986	11.8309999999983	0	0
7.95499999999993	5.15599999999995	11.4140000000007	0	0
7.83400000000074	3.70300000000043	11.2970000000005	0	0
7.14400000000023	3.26600000000053	11.5209999999988	0	0
7.59699999999975	3.06700000000001	11.0159999999996	0	0
10.8959999999988	9.97800000000007	13.4470000000001	0	0
11.1980000000003	10.3299999999999	14.8130000000001	0	0
6.5510000000013	1.11599999999999	9.78499999999985	0	0
7.86399999999958	5.19499999999971	14.0569999999989	0	0
7.49599999999919	2.6869999999999	10.7540000000008	0	0
6.53100000000086	1.03600000000006	11.137999999999	0	0
7.19200000000092	1.49200000000019	11.2929999999997	0	0
6.47400000000016	1.33699999999953	9.29799999999886	0	0
6.55400000000009	1.20600000000013	9.48500000000058	0	0
8.47600000000057	4.09299999999985	13.3500000000004	0	0
6.52799999999843	2.11300000000028	8.70900000000074	0	0
6.73800000000119	0.453999999999724	12.4529999999995	0	0
6.41600000000108	1.27300000000014	10.393	0	0
9.87700000000041	8.41100000000006	12.1890000000003	0	0
9.79199999999946	7.37099999999919	13.8540000000012	0	0
7.88699999999881	5.14300000000003	12.4539999999997	0	0
9.86700000000019	6.65499999999975	11.7559999999994	0	0
9.5	6.55899999999929	10.6020000000008	0	0
9.14800000000105	4.82499999999982	12.2529999999988	0	0
8.54900000000089	4.7510000000002	11.655999999999	0	0
7.01600000000144	2.34000000000015	10.8790000000008	0	0
10.2649999999994	7.23700000000008	15.3679999999986	0	0
9.1830000000009	6.76199999999972	11.5	0	0
7.88299999999981	3.01400000000012	11.0660000000007	0	0
7.02100000000064	2.95300000000043	10.2189999999991	0	0
7.89499999999862	4.35699999999997	11.1929999999993	0	0
8.6780000000017	4.99600000000009	11.6449999999986	0	0
6.69900000000052	1.91899999999987	10.764000000001	0	0
10.893	9.34900000000016	14.6359999999986	0	0
7.08899999999994	2.94800000000032	11.1490000000013	0	0
7.59200000000055	2.72699999999986	10.5719999999983	0	0
7.00300000000061	1.58300000000054	9.8239999999987	0	0
7.29100000000108	4.21500000000015	10.5100000000002	0	0
7.80899999999929	2.27600000000075	11.9580000000005	0	0
8.53499999999985	4.45200000000023	11.8790000000008	0	0
8.20099999999911	3.75399999999991	11.7129999999997	0	0
7.88299999999981	4.35300000000007	11.3690000000006	0	0
7.64600000000064	3.28699999999935	12.2829999999994	0	0
7.22000000000116	2.77799999999934	9.52400000000125	0	0
7.19100000000071	3.77400000000034	10.0609999999997	0	0
7.20899999999892	1.79500000000007	10.3310000000001	0	0
8.43299999999908	6.11700000000019	10.6279999999988	0	0
9.4989999999998	6.10499999999956	12.1499999999996	0	0
8.16100000000006	4.94999999999982	10.2199999999993	0	0
7.14700000000084	3.61700000000019	9.10499999999956	0	0
8.48699999999917	3.6200000000008	10.5740000000005	0	0
7.30799999999908	1.71600000000035	9.07300000000032	0	0
8.41200000000026	3.58500000000004	10.6959999999999	0	0
7.92699999999968	3.75799999999981	13.3199999999997	0	0
6.94599999999991	2.60599999999977	10.4159999999993	0	0
8.14500000000044	2.66799999999967	12.4600000000009	0	0
7.51399999999921	4.60500000000047	10.9760000000006	0	0
8.15699999999924	3.34000000000015	11.9609999999993	0	0
8.5679999999993	3.80299999999988	11.8819999999996	0	0
7.8799999999992	3.97999999999956	10.223	0	0
8.253999999999	3.70299999999952	11.9169999999995	0	0
8.49799999999959	5.54899999999998	11.512999999999	0	0
7.1880000000001	1.80799999999999	10.6800000000003	0	0
9.09000000000015	5.44200000000001	12.6919999999991	0	0
6.89599999999882	2.26800000000003	10.8889999999992	0	0
8.22299999999996	3.33699999999953	11.0649999999987	0	0
7.03899999999885	3.41400000000067	10.2619999999988	0	0
7.5619999999999	2.98999999999978	9.94900000000052	0	0
7.57400000000052	3.27599999999984	11.7170000000006	0	0
8.82899999999972	6.86099999999988	11.2869999999966	0	0
7.94399999999951	2.58799999999974	10.1059999999998	0	0
7.13600000000042	3.15999999999985	9.79100000000108	0	0
8.02800000000025	4.27099999999973	11.7520000000004	0	0
8.48199999999997	3.6239999999998	10.4310000000005	0	0
8.46399999999994	4.58100000000013	11.1189999999988	0	0
7.22099999999955	3.18299999999999	11.351999999999	0	0
7.8010000000013	3.36299999999937	12.1290000000008	0	0
6.51000000000022	1.69999999999982	8.27899999999863	0	0
6.94499999999971	2.37899999999991	10.4749999999985	0	0
8.4950000000008	4.01400000000012	11.7270000000026	0	0
8.3070000000007	4.63699999999972	11.112000000001	0	0
8.11800000000039	4.28600000000006	13.2479999999996	0	0
7.6820000000007	2.11300000000028	10.4969999999994	0	0
7.43399999999929	3.03999999999996	11.5900000000001	0	0
7.0619999999999	1.4369999999999	10.8339999999989	0	0
7.85900000000038	4.51699999999983	11.9349999999977	0	0
6.82500000000073	1.25200000000041	9.95799999999872	0	0
6.94300000000112	2.96900000000005	9.42099999999846	0	0
8.10699999999997	4.26500000000033	11.9629999999997	0	0
7.78399999999965	3.09699999999975	13.6080000000002	0	0
9.55599999999868	7.45700000000033	12.2970000000023	0	0
9.94300000000112	7.46799999999985	13.4409999999989	0	0
6.40999999999985	0.940999999999804	9.04100000000108	0	0
6.41799999999967	0.698999999999614	10.2299999999996	0	0
7.23099999999977	1.43199999999979	10.2949999999983	0	0
6.35099999999875	0.903000000000247	10.4219999999987	0	0
7.07300000000032	2.12100000000009	11.4249999999993	0	0
6.6919999999991	2.19700000000012	11.2560000000012	0	0
7.43500000000131	3.10199999999986	10.0420000000013	0	0
6.76699999999983	2.07899999999972	9.375	0	0
7.90899999999965	3.70300000000043	13.2560000000012	0	0
7.27700000000004	1.15999999999985	10.7549999999974	0	0
11.0699999999997	9.42099999999937	12.5740000000005	0	0
8.3119999999999	4.49499999999989	12.5679999999993	0	0
6.91799999999967	2.29399999999987	9.56100000000151	0	0
7.36099999999897	3.23300000000017	9.94900000000052	0	0
8.93400000000111	4.11999999999989	13.0920000000006	0	0
6.35599999999977	1.28400000000056	9.75599999999758	0	0
9.8809999999994	6.77300000000014	13.1939999999995	0	0
6.52099999999882	1.9980000000005	10.0470000000023	0	0
7.21500000000015	2.70200000000023	9.41499999999724	0	0
7.67500000000109	2.94700000000012	11.257999999998	0	0
9.50900000000001	7.51099999999951	11.5900000000001	0	0
7.1200000000008	3.75500000000011	11.6970000000001	0	0
10.4169999999995	9.17000000000007	13.7429999999986	0	0
7.41599999999926	2.35499999999956	10.8660000000018	0	0
9.13400000000001	6.08799999999974	12.6930000000029	0	0
7.37800000000061	4.00800000000072	11.6290000000008	0	0
7.01699999999983	2.51199999999972	10.2860000000001	0	0
8.60000000000036	3.97800000000007	12.6389999999992	0	0
7.15599999999904	2.81800000000021	11.3549999999996	0	0
10.0229999999992	7.4369999999999	13.9779999999992	0	0
12.1509999999998	11.8590000000004	13.8580000000002	0	0
7.58699999999953	3.92700000000059	11.1539999999986	0	0
8.88299999999981	4.2510000000002	12.982	0	0
7.57999999999993	3.85999999999967	11.9130000000005	0	0
6.88700000000063	1.26900000000023	10.3760000000002	0	0
7.18100000000049	2.77000000000044	12.2609999999986	0	0
7.46500000000015	3.73300000000017	11.8539999999994	0	0
9.12099999999919	5.75699999999961	13.1940000000031	0	0
8.71200000000135	6.10300000000007	12.474000000002	0	0
11.8580000000002	10.7309999999998	14.2820000000029	0	0
7.95000000000073	4.79799999999977	12.0169999999998	0	0
6.62199999999939	1.50700000000052	10.898000000001	0	0
7.09400000000096	1.6850000000004	11.367000000002	0	0
8.28199999999924	4.79500000000007	11.1320000000014	0	0
7.29900000000089	1.44100000000071	9.48299999999654	0	0
8.47999999999956	4.54600000000028	13.5870000000032	0	0
7.35000000000036	3.21100000000024	10.7860000000001	0	0
7.69999999999891	3.16100000000006	13.0749999999971	0	0
7.68100000000049	4.15999999999985	11.5210000000006	0	0
8.96299999999974	6.11599999999999	13.5669999999991	0	0
7.77100000000064	3.16899999999987	12.4510000000009	0	0
7.73600000000079	4.40200000000004	11.1820000000007	0	0
7.72500000000036	2.84400000000005	10.7410000000018	0	0
6.57200000000012	0.560999999999694	10.1700000000019	0	0
6.85100000000057	2.61499999999978	10.6390000000029	0	0
8.02000000000044	3.36300000000028	10.8120000000017	0	0
7.28600000000006	3.32899999999972	10.4439999999995	0	0
8.0010000000002	4.43499999999949	10.768	0	0
7.19399999999951	1.57999999999993	12.012999999999	0	0
7.67900000000009	3.8149999999996	11.244999999999	0	0
6.96999999999935	2.11899999999969	10.8600000000006	0	0
8.09600000000137	3.91700000000037	10.4220000000023	0	0
8.23199999999997	6.00200000000041	10.1959999999999	0	0
8.24799999999959	4.78400000000056	11.7510000000002	0	0
9.02000000000044	6.29500000000007	12.1599999999999	0	0
6.9940000000006	2.82600000000002	10.6860000000015	0	0
8.97199999999975	4.77299999999923	13.2220000000016	0	0
10.6640000000007	9.14000000000033	12.0839999999989	0	0
8.86800000000039	3.63799999999992	11.012999999999	0	0
10.9540000000015	9.19900000000052	13.9589999999989	0	0
7.61100000000079	3.6220000000003	9.98699999999735	0	0
10.6759999999995	8.28199999999924	13.4840000000004	0	0
6.80999999999949	2.24600000000009	10.7870000000003	0	0
6.81000000000131	2.21399999999994	10.732	0	0
8.76699999999983	4.59100000000035	12.3060000000005	0	0
7.94300000000112	2.64699999999993	10.893	0	0
11.6930000000011	11.0460000000003	12.719000000001	0	0
8.33600000000115	3.86099999999988	12.7740000000013	0	0
7.14300000000003	3.86599999999999	11.3269999999975	0	0
7.83299999999872	4.37899999999991	9.45799999999872	0	0
9.96000000000095	5.875	12.3139999999985	0	0
7.47600000000057	2.26499999999942	9.82300000000032	0	0
8.07300000000032	4.86799999999948	12.7950000000019	0	0
9.34599999999955	6.05299999999988	12.3539999999994	0	0
6.70100000000093	2.80400000000009	11.474000000002	0	0
11.5100000000002	9.38100000000031	14.2109999999993	0	0
8.02199999999903	4.46100000000024	13.0800000000017	0	0
7.55299999999988	3.28300000000036	12.2700000000004	0	0
7.86000000000058	3.19999999999982	11.7659999999996	0	0
9.32599999999911	7.62100000000009	14.4440000000031	0	0
7.23099999999977	3.40799999999945	10.3729999999996	0	0
7.81600000000071	3.57000000000062	12.4959999999992	0	0
8.37200000000121	4.95100000000002	11.8420000000006	0	0
7.15899999999965	2.90899999999965	11.497000000003	0	0
7.55400000000009	2.8700000000008	10.2849999999999	0	0
6.60999999999876	1.88500000000022	9.69700000000012	0	0
7.11499999999978	3.04100000000017	10.7250000000022	0	0
8.12800000000061	3.06400000000031	10.6709999999985	0	0
7.26599999999962	1.79600000000028	10.349000000002	0	0
7.59500000000116	3.94899999999961	10.862000000001	0	0
7.65599999999904	2.73300000000017	11.1939999999995	0	0
8.88100000000122	5.44399999999951	11.9960000000028	0	0
9.84900000000016	7.77800000000025	11.2350000000006	0	0
7.10599999999977	2.33599999999933	10.112000000001	0	0
8.5049999999992	4.4989999999998	10.8970000000008	0	0
6.75300000000061	3.09500000000025	10.9520000000011	0	0
6.46800000000076	1.68900000000031	8.58399999999892	0	0
7.71399999999994	4.00699999999961	12.280999999999	0	0
7.16499999999905	3.11700000000019	9.94399999999951	0	0
10.1170000000002	9.0649999999996	13.9599999999991	0	0
8.03100000000086	2.64300000000003	11.5649999999987	0	0
6.56099999999969	1.70399999999972	9.80899999999747	0	0
12.2189999999991	10.3739999999998	14.4069999999992	0	0
8.99299999999857	5.38100000000031	12.3899999999994	0	0
7.66499999999905	4.14200000000073	10.2739999999976	0	0
8.8119999999999	5.50900000000001	12.9470000000001	0	0
8.73500000000058	4.75799999999981	11.1710000000021	0	0
9.59400000000096	7.10600000000068	12.1989999999969	0	0
6.84699999999975	1.8119999999999	11.3679999999986	0	0
7.4940000000006	2.51500000000033	10.5139999999992	0	0
8.40799999999945	5.9340000000002	11.6540000000023	0	0
8.86599999999999	6.82099999999991	10.7289999999994	0	0
7.79399999999987	2.96799999999985	10.739999999998	0	0
7.16300000000047	2.96900000000005	10.0299999999988	0	0
7.58799999999974	2.51199999999972	11.1579999999994	0	0
6.37800000000061	0.86200000000008	11.4860000000008	0	0
8.02199999999903	3.86699999999928	10.726999999999	0	0
9.26300000000083	5.0019999999995	11.3990000000013	0	0
8.45799999999872	5.79899999999998	12.25	0	0
6.52599999999984	1.5639999999994	9.7019999999975	0	0
6.125	0.789999999999964	10.9110000000001	0	0
5.84000000000015	1.12099999999919	9.52199999999721	0	0
6.70000000000073	0.692000000000007	10.9290000000001	0	0
7.02200000000084	3.04399999999987	10.5720000000001	0	0
11.1610000000001	10.5209999999997	14.6180000000022	0	0
8.75900000000001	6.07299999999941	13.2789999999986	0	0
10.4670000000006	8.21599999999944	11.6620000000003	0	0
8.29800000000068	4.15099999999984	12.0339999999997	0	0
10.6599999999999	9.91199999999935	14.1820000000007	0	0
7.71699999999873	3.34600000000046	9.63200000000143	0	0
6.4989999999998	1.375	9.68600000000151	0	0
7.19000000000051	2.89900000000034	9.85899999999674	0	0
6.58500000000095	2.11399999999958	10.4660000000003	0	0
6.99799999999959	1.52999999999975	11.2920000000013	0	0
6.93500000000131	2.94999999999982	8.57700000000114	0	0
7.02700000000004	2.92000000000007	11.2309999999998	0	0
6.25300000000061	1.06999999999971	9.68600000000151	0	0
7.3169999999991	2.58399999999983	11.268	0	0
7.5630000000001	2.81500000000051	11.4710000000014	0	0
6.77999999999884	2.94599999999991	9.44800000000032	0	0
6.3130000000001	1.29699999999957	8.54400000000169	0	0
10.2659999999996	8.4970000000003	12.2139999999999	0	0
7.15699999999924	3.28600000000006	10.0829999999987	0	0
7.73799999999937	4.30799999999999	10.5420000000013	0	0
7.09900000000016	2.21900000000005	9.7510000000002	0	0
7.95800000000054	5.41400000000067	10.219000000001	0	0
6.27400000000125	0.639999999999418	6.15200000000186	0	0
6.98099999999977	1.28099999999995	8.59799999999814	0	0
8.60699999999997	6.12100000000009	9.67499999999927	0	0
7.35800000000017	3.30599999999959	8.2510000000002	0	0
7.02000000000044	2.72000000000025	8.17699999999968	0	0
8.04799999999886	4.52599999999984	8.67299999999886	0	0
7.31600000000071	2.4970000000003	8.13000000000102	0	0
6.8179999999993	2.51000000000022	8.95300000000134	0	0
8.51400000000103	5.88400000000001	10.7710000000006	0	0
7.08400000000074	2.02300000000014	8.07400000000052	0	0
7.14700000000084	2.52700000000004	8.20499999999811	0	0
5.61000000000058	0.365999999999985	7.29200000000128	0	0
7.07899999999972	2.04100000000017	9.09800000000178	0	0
