2.64	0.24	2.881	0	0
2.274	0.248	2.522	0	0
2.283	0.224	2.507	0	0
3.05099999999999	0.219	3.284	0	0
2.248	0.264	2.512	0	0
2.286	0.232	2.541	0	0
2.252	0.244	2.496	0	0
2.309	0.228	2.538	0	0
2.261	0.235	2.49799999999999	0	0
2.312	0.268	2.581	0	0
2.51400000000001	0.276000000000001	2.791	0	0
2.49799999999999	0.327000000000001	2.855	0	0
2.592	0.231999999999999	2.824	0	0
2.294	0.315	2.649	0	0
3.03700000000001	0.311999999999999	3.34899999999999	0	0
4.47800000000001	0.464	4.952	0	0
2.301	0.24	2.53999999999999	0	0
2.512	0.26	2.77100000000002	0	0
2.48099999999999	0.279	2.77199999999999	0	0
2.29299999999998	0.219999999999999	2.51300000000001	0	0
2.28299999999999	0.220000000000001	2.50300000000001	0	0
2.267	0.24	2.50700000000001	0	0
2.261	0.247999999999999	2.50899999999999	0	0
2.28899999999999	0.220000000000001	2.50899999999999	0	0
3.05100000000002	0.208000000000002	3.27100000000002	0	0
2.274	0.231999999999999	2.506	0	0
2.315	0.179000000000002	2.535	0	0
2.27500000000001	0.216000000000001	2.49100000000001	0	0
2.27000000000001	0.252000000000002	2.52199999999999	0	0
2.285	0.235999999999997	2.53099999999998	0	0
2.273	0.216000000000001	2.49000000000001	0	0
2.24200000000002	0.244	2.48599999999999	0	0
2.33199999999999	0.189	2.52100000000002	0	0
2.28399999999999	0.239999999999998	2.559	0	0
2.23699999999999	0.259999999999998	2.54300000000001	0	0
2.23699999999999	0.244	2.482	0	0
2.24000000000001	0.251999999999999	2.49200000000002	0	0
2.26400000000001	0.244000000000003	2.50900000000001	0	0
2.274	0.219999999999999	2.49399999999997	0	0
2.31	0.204000000000001	2.51499999999999	0	0
2.23499999999999	0.244	2.53400000000005	0	0
2.27100000000002	0.231999999999999	2.50400000000002	0	0
2.29299999999995	0.242999999999999	2.548	0	0
2.25400000000002	0.239999999999998	2.49400000000003	0	0
2.24800000000005	0.232000000000003	2.48000000000002	0	0
2.25800000000004	0.248000000000001	2.52100000000002	0	0
2.28900000000004	0.207000000000001	2.49700000000001	0	0
2.30400000000003	0.244	2.548	0	0
2.24599999999998	0.259999999999998	2.50599999999997	0	0
3.05199999999996	0.219000000000001	3.28199999999998	0	0
2.32599999999996	0.244	2.601	0	0
2.26299999999998	0.228000000000002	2.49199999999996	0	0
2.262	0.231999999999999	2.50900000000001	0	0
2.29599999999999	0.199999999999996	2.49599999999998	0	0
2.26500000000004	0.212000000000003	2.47700000000003	0	0
2.26299999999998	0.231999999999999	2.52600000000001	0	0
2.286	0.204000000000001	2.52100000000002	0	0
2.27500000000003	0.219999999999999	2.495	0	0
2.29999999999995	0.315999999999995	2.61599999999999	0	0
2.26499999999999	0.228000000000002	2.49200000000002	0	0
2.26500000000004	0.235999999999997	2.50200000000001	0	0
2.32600000000002	0.216000000000001	2.54300000000001	0	0
2.24700000000001	0.255000000000003	2.50200000000001	0	0
2.26100000000002	0.239999999999995	2.50099999999998	0	0
2.25399999999996	0.223999999999997	2.47899999999998	0	0
2.26900000000001	0.235999999999997	2.50600000000003	0	0
2.27500000000003	0.227000000000004	2.51900000000001	0	0
2.25600000000003	0.251000000000005	2.50900000000001	0	0
2.262	0.231999999999999	2.495	0	0
2.25299999999999	0.219000000000001	2.47300000000001	0	0
2.262	0.231999999999999	2.50600000000003	0	0
2.262	0.235999999999997	2.53199999999998	0	0
2.30700000000002	0.177	2.51600000000002	0	0
2.43399999999997	0.292000000000002	2.74900000000002	0	0
2.80200000000002	0.948999999999998	3.44600000000003	0	0
2.74800000000005	1.10400000000001	3.423	0	0
2.53400000000005	0.913000000000004	3.1930000000001	0	0
2.50099999999998	0.259	2.70699999999999	0	0
2.51299999999998	0.244	2.75699999999995	0	0
2.553	0.223999999999997	2.77699999999993	0	0
2.25800000000004	0.244	2.50199999999995	0	0
2.21699999999998	0.228000000000002	2.50900000000001	0	0
2.18799999999999	0.219999999999999	2.40899999999999	0	0
2.18700000000001	0.210999999999999	2.39899999999989	0	0
2.17099999999994	0.244	2.41499999999996	0	0
2.96199999999999	0.192	3.154	0	0
2.20800000000008	0.219999999999999	2.42700000000002	0	0
2.21600000000001	0.299999999999997	2.51699999999994	0	0
2.19100000000003	0.235999999999997	2.42600000000004	0	0
2.19499999999994	0.244	2.44000000000005	0	0
2.31700000000001	0.262999999999998	2.58900000000006	0	0
2.37	0.244000000000007	2.61400000000003	0	0
2.19999999999993	0.211999999999996	2.41200000000003	0	0
2.21299999999997	0.211999999999996	2.42499999999995	0	0
2.18999999999994	0.239999999999995	2.42999999999995	0	0
2.16499999999996	0.235999999999997	2.40100000000007	0	0
2.21000000000004	0.228000000000002	2.43700000000001	0	0
2.20699999999999	0.208000000000006	2.41599999999994	0	0
2.19799999999998	0.216000000000008	2.41399999999999	0	0
2.4849999999999	0.22399999999999	2.71000000000004	0	0
2.404	0.25200000000001	2.65600000000006	0	0
2.22000000000003	0.200000000000003	2.41999999999996	0	0
2.19599999999991	0.207999999999998	2.404	0	0
2.20899999999995	0.195999999999998	2.404	0	0
2.91500000000008	0.236000000000004	3.14999999999998	0	0
2.17500000000007	0.227999999999994	2.404	0	0
2.14599999999996	0.260000000000005	2.40600000000006	0	0
2.18100000000004	0.219999999999999	2.40099999999995	0	0
2.16600000000005	0.239999999999995	2.40500000000009	0	0
2.18600000000004	0.231999999999999	2.41800000000001	0	0
2.15600000000006	0.23599999999999	2.39099999999996	0	0
2.17599999999993	0.231999999999999	2.40800000000002	0	0
2.26499999999999	0.248000000000005	2.51300000000003	0	0
2.16800000000001	0.23599999999999	2.404	0	0
2.21299999999997	0.204000000000008	2.41800000000001	0	0
2.173	0.227999999999994	2.40200000000004	0	0
2.173	0.211999999999989	2.38499999999999	0	0
2.13900000000001	0.231999999999999	2.37200000000007	0	0
2.14300000000003	0.23599999999999	2.37900000000002	0	0
2.15000000000009	0.244	2.39400000000001	0	0
2.14699999999993	0.200000000000003	2.34699999999998	0	0
2.16899999999998	0.203999999999994	2.37400000000002	0	0
2.154	0.227999999999994	2.38200000000006	0	0
2.15100000000007	0.231999999999999	2.38200000000006	0	0
2.15499999999997	0.224000000000004	2.37900000000002	0	0
2.08699999999999	0.256	2.34299999999996	0	0
2.14800000000002	0.302999999999997	2.45299999999997	0	0
2.14600000000007	0.210999999999999	2.35800000000006	0	0
2.14599999999996	0.213000000000008	2.35799999999995	0	0
2.154	0.216000000000008	2.37	0	0
2.14800000000002	0.212000000000003	2.35900000000004	0	0
2.10900000000004	0.23599999999999	2.35299999999995	0	0
2.13499999999999	0.22399999999999	2.36000000000001	0	0
2.10800000000006	0.251999999999995	2.3599999999999	0	0
2.14199999999994	0.232000000000014	2.37400000000002	0	0
2.14100000000008	0.207999999999998	2.34900000000005	0	0
2.16200000000003	0.183000000000007	2.346	0	0
2.2109999999999	0.250999999999991	2.46299999999997	0	0
2.15500000000009	0.210999999999999	2.36700000000008	0	0
2.2059999999999	0.289000000000001	2.49400000000003	0	0
2.2410000000001	0.242999999999995	2.48500000000001	0	0
2.322	0.215000000000003	2.53800000000001	0	0
2.14599999999996	0.212000000000003	2.35900000000004	0	0
2.13300000000004	0.227999999999994	2.36200000000008	0	0
2.14499999999998	0.228000000000009	2.37400000000002	0	0
2.16999999999996	0.180000000000007	2.35000000000002	0	0
2.14700000000005	0.219999999999999	2.38900000000001	0	0
2.13999999999999	0.227999999999994	2.36799999999994	0	0
2.15900000000011	0.212000000000003	2.37099999999998	0	0
2.85900000000004	0.215999999999994	3.07600000000002	0	0
2.12900000000002	0.241	2.37	0	0
2.16100000000006	0.292999999999992	2.45400000000006	0	0
2.15700000000004	0.215999999999994	2.37300000000005	0	0
2.16699999999992	0.287999999999997	2.45600000000002	0	0
2.17200000000003	0.268000000000001	2.44100000000003	0	0
2.13	0.227999999999994	2.35800000000006	0	0
2.12800000000004	0.308000000000007	2.43700000000001	0	0
2.13400000000001	0.227999999999994	2.36199999999997	0	0
2.83799999999997	0.236000000000004	3.07500000000005	0	0
2.14499999999998	0.224000000000004	2.36999999999989	0	0
2.13200000000006	0.224000000000004	2.35699999999997	0	0
2.13499999999999	0.224000000000004	2.36000000000013	0	0
2.86599999999999	0.22399999999999	3.09099999999989	0	0
2.14599999999996	0.211999999999989	2.35699999999997	0	0
2.16800000000001	0.192000000000007	2.36000000000013	0	0
2.173	0.200000000000003	2.37300000000005	0	0
2.16800000000001	0.200000000000003	2.36800000000017	0	0
2.14299999999992	0.212000000000003	2.35500000000002	0	0
2.12900000000002	0.227999999999994	2.35699999999997	0	0
2.11899999999991	0.239999999999995	2.35900000000015	0	0
2.15599999999995	0.296000000000006	2.45299999999997	0	0
2.16699999999992	0.216000000000008	2.38400000000001	0	0
2.14599999999996	0.208000000000013	2.35500000000002	0	0
2.14600000000007	0.208000000000013	2.35500000000002	0	0
2.11299999999994	0.248000000000005	2.3610000000001	0	0
2.18599999999992	0.200000000000003	2.38599999999997	0	0
2.173	0.188000000000002	2.36099999999988	0	0
2.125	0.219999999999999	2.346	0	0
2.12699999999995	0.240000000000009	2.36800000000017	0	0
2.15700000000015	0.295999999999992	2.452	0	0
2.13200000000006	0.212000000000003	2.34400000000005	0	0
2.16100000000006	0.194999999999993	2.35699999999997	0	0
2.14699999999993	0.219999999999999	2.36699999999996	0	0
2.125	0.245000000000005	2.37000000000012	0	0
2.29200000000014	0.251999999999995	2.5440000000001	0	0
2.37699999999995	0.279999999999987	2.65700000000015	0	0
2.25899999999979	0.256	2.51600000000008	0	0
2.28400000000011	0.352000000000004	2.63599999999997	0	0
2.15899999999988	0.22399999999999	2.38299999999981	0	0
2.14799999999991	0.195999999999998	2.34400000000005	0	0
2.12300000000005	0.23599999999999	2.35900000000015	0	0
2.14699999999993	0.231999999999999	2.37999999999988	0	0
2.18600000000015	0.183999999999997	2.37000000000012	0	0
2.20299999999997	0.228000000000009	2.43100000000004	0	0
2.13199999999983	0.211999999999989	2.34400000000005	0	0
2.11400000000003	0.231999999999999	2.346	0	0
2.16300000000001	0.219999999999999	2.38300000000004	0	0
2.14200000000005	0.231999999999999	2.37400000000002	0	0
2.88400000000001	0.207999999999998	3.0920000000001	0	0
2.11699999999996	0.239999999999995	2.35599999999999	0	0
2.15300000000002	0.228000000000009	2.38200000000006	0	0
2.125	0.24799999999999	2.37200000000007	0	0
2.13500000000022	0.244	2.38000000000011	0	0
2.15300000000002	0.284000000000006	2.4380000000001	0	0
2.16499999999996	0.207999999999998	2.37300000000005	0	0
2.14300000000003	0.227999999999994	2.37100000000009	0	0
2.18200000000002	0.256	2.4380000000001	0	0
2.24600000000009	0.344000000000008	2.58900000000017	0	0
2.19000000000005	0.244000000000014	2.43399999999997	0	0
2.14600000000019	0.212000000000018	2.35799999999995	0	0
2.09099999999989	0.26400000000001	2.35599999999999	0	0
2.17899999999986	0.192000000000007	2.37100000000009	0	0
2.1400000000001	0.203999999999979	2.34400000000005	0	0
2.1690000000001	0.204000000000008	2.37200000000007	0	0
2.14999999999986	0.206999999999994	2.35799999999995	0	0
2.11699999999996	0.336000000000013	2.4530000000002	0	0
2.12799999999993	0.240000000000009	2.36900000000014	0	0
2.11999999999989	0.228000000000009	2.34899999999993	0	0
2.15899999999988	0.204000000000008	2.36300000000006	0	0
2.15000000000009	0.218999999999994	2.37000000000012	0	0
2.17100000000005	0.21599999999998	2.38699999999994	0	0
3.5150000000001	0.227000000000004	3.74499999999989	0	0
2.34799999999996	0.256	2.60300000000007	0	0
2.14599999999996	0.216000000000008	2.36199999999985	0	0
2.11999999999989	0.234999999999985	2.35799999999995	0	0
2.17499999999995	0.184000000000026	2.36000000000013	0	0
2.85699999999997	0.231999999999999	3.08899999999994	0	0
2.14999999999986	0.207999999999998	2.35799999999995	0	0
2.12400000000002	0.23599999999999	2.3610000000001	0	0
2.125	0.231999999999999	2.35699999999997	0	0
2.14899999999989	0.307999999999993	2.45800000000008	0	0
2.15200000000004	0.292000000000002	2.44599999999991	0	0
2.15600000000018	0.203999999999979	2.3599999999999	0	0
2.1099999999999	0.24799999999999	2.35799999999995	0	0
2.15099999999984	0.230999999999995	2.38299999999981	0	0
2.14499999999998	0.239999999999981	2.38699999999994	0	0
2.26199999999994	0.223000000000013	2.50199999999995	0	0
2.34400000000005	0.195999999999998	2.54099999999994	0	0
2.43199999999979	0.259999999999991	2.69299999999998	0	0
2.46000000000004	0.234999999999985	2.7059999999999	0	0
2.27200000000016	0.251000000000005	2.53799999999978	0	0
2.29299999999989	0.251999999999981	2.54600000000005	0	0
2.31600000000003	0.219999999999999	2.53600000000006	0	0
2.32100000000014	0.228000000000009	2.54900000000021	0	0
2.30300000000011	0.23599999999999	2.53899999999999	0	0
2.32199999999989	0.212000000000018	2.53400000000011	0	0
2.32100000000014	0.216000000000008	2.53700000000003	0	0
2.30399999999986	0.25200000000001	2.55600000000004	0	0
2.31600000000003	0.328000000000003	2.67699999999991	0	0
2.28899999999999	0.252999999999986	2.57500000000005	0	0
2.29000000000019	0.244	2.53499999999985	0	0
2.31100000000015	0.239999999999981	2.58400000000006	0	0
3.05600000000004	0.26400000000001	3.32000000000016	0	0
2.25199999999995	0.280000000000001	2.5329999999999	0	0
2.279	0.259999999999991	2.55399999999986	0	0
2.31099999999992	0.23599999999999	2.548	0	0
2.298	0.22399999999999	2.53800000000001	0	0
2.44200000000001	0.283999999999992	2.72699999999986	0	0
2.46199999999999	0.248000000000019	2.74299999999994	0	0
2.29500000000007	0.343999999999994	2.6400000000001	0	0
2.33600000000001	0.292000000000002	2.62699999999995	0	0
2.3119999999999	0.230999999999995	2.5440000000001	0	0
2.31400000000008	0.316000000000003	2.64099999999985	0	0
2.31700000000001	0.23599999999999	2.58600000000001	0	0
2.3130000000001	0.222999999999985	2.53800000000001	0	0
2.30300000000011	0.234999999999985	2.53899999999999	0	0
2.33600000000001	0.301999999999992	2.61999999999989	0	0
2.31699999999978	0.24799999999999	2.56499999999983	0	0
2.3420000000001	0.194999999999993	2.53899999999999	0	0
2.28399999999988	0.25200000000001	2.54600000000005	0	0
2.29700000000003	0.241000000000014	2.53800000000001	0	0
2.28999999999996	0.251999999999981	2.54300000000012	0	0
2.47299999999996	0.244	2.71799999999985	0	0
2.44100000000003	0.268000000000001	2.75300000000016	0	0
2.4860000000001	0.25200000000001	2.75900000000001	0	0
2.29100000000017	0.259999999999991	2.55200000000013	0	0
2.29899999999998	0.218999999999994	2.55799999999999	0	0
2.2940000000001	0.25200000000001	2.54700000000003	0	0
2.35699999999997	0.35499999999999	2.71500000000015	0	0
2.32299999999987	0.224000000000018	2.54700000000003	0	0
2.55499999999984	0.295999999999992	2.85099999999989	0	0
2.61399999999981	0.231999999999999	2.846	0	0
2.68200000000002	0.239999999999981	2.92399999999998	0	0
2.53199999999993	0.383999999999986	2.91700000000014	0	0
2.2829999999999	0.236999999999995	2.51900000000001	0	0
2.32999999999993	0.228000000000009	2.55799999999999	0	0
2.28599999999983	0.259999999999991	2.54700000000003	0	0
2.31700000000001	0.216000000000008	2.62400000000002	0	0
2.279	0.25200000000001	2.53199999999993	0	0
2.29700000000003	0.244	2.5809999999999	0	0
2.29499999999985	0.244	2.53899999999999	0	0
2.26499999999987	0.259999999999991	2.52500000000009	0	0
2.28999999999996	0.268000000000001	2.5590000000002	0	0
2.596	0.360000000000014	3.00600000000009	0	0
2.6110000000001	0.311999999999983	2.923	0	0
2.32100000000014	0.224000000000018	2.57899999999995	0	0
2.61000000000013	0.393000000000001	3.00199999999995	0	0
2.46100000000001	0.27200000000002	2.74800000000005	0	0
2.32799999999997	0.207999999999998	2.53599999999983	0	0
2.32400000000007	0.223000000000013	2.54700000000003	0	0
2.30199999999991	0.230999999999995	2.54999999999995	0	0
2.29099999999994	0.231999999999999	2.52300000000014	0	0
2.30899999999997	0.240000000000009	2.577	0	0
2.68900000000008	0.340000000000003	3.02999999999997	0	0
2.69599999999991	0.259999999999991	2.95699999999988	0	0
2.67200000000003	0.268000000000001	2.94000000000005	0	0
2.28800000000001	0.259999999999991	2.548	0	0
2.31099999999992	0.248000000000019	2.5920000000001	0	0
2.41799999999989	0.475999999999999	2.82600000000002	0	0
2.30099999999993	0.239000000000004	2.54099999999994	0	0
2.31100000000015	0.239999999999981	2.55199999999991	0	0
2.298	0.256	2.56500000000005	0	0
2.3119999999999	0.239999999999981	2.55199999999991	0	0
2.279	0.248000000000019	2.54199999999992	0	0
2.32900000000018	0.304000000000002	2.63400000000001	0	0
2.37200000000007	0.227000000000004	2.59999999999991	0	0
2.32799999999997	0.224000000000018	2.55300000000011	0	0
2.30299999999988	0.219999999999999	2.52300000000014	0	0
2.31600000000003	0.240000000000009	2.55700000000024	0	0
2.33899999999994	0.211999999999989	2.55199999999968	0	0
2.32600000000002	0.236999999999995	2.5630000000001	0	0
2.29700000000003	0.239999999999981	2.53699999999981	0	0
2.28899999999999	0.25200000000001	2.54199999999992	0	0
2.32400000000007	0.228000000000009	2.55300000000034	0	0
2.33699999999999	0.231999999999999	2.56900000000041	0	0
2.32899999999995	0.300000000000011	2.62999999999965	0	0
2.29700000000003	0.244	2.54100000000017	0	0
2.30799999999999	0.244	2.55199999999968	0	0
2.3599999999999	0.192000000000007	2.55299999999988	0	0
2.26999999999998	0.268999999999977	2.53900000000021	0	0
2.29300000000012	0.24799999999999	2.54100000000017	0	0
2.27199999999993	0.268000000000001	2.53999999999996	0	0
2.36400000000003	0.207000000000022	2.61500000000024	0	0
2.31700000000001	0.219999999999999	2.53800000000001	0	0
2.30099999999993	0.23599999999999	2.55299999999988	0	0
2.30099999999993	0.240000000000009	2.54100000000017	0	0
2.30300000000011	0.24799999999999	2.55099999999993	0	0
2.31400000000008	0.224999999999994	2.53900000000021	0	0
2.35100000000011	0.244	2.5949999999998	0	0
2.45499999999993	0.259999999999991	2.71500000000015	0	0
2.45100000000002	0.280000000000001	2.73199999999997	0	0
2.29299999999989	0.24799999999999	2.53999999999996	0	0
2.27600000000007	0.266999999999996	2.55999999999995	0	0
2.29500000000007	0.256	2.55200000000013	0	0
2.30600000000004	0.244	2.55099999999993	0	0
2.29899999999998	0.228000000000009	2.529	0	0
2.31299999999987	0.222999999999985	2.53999999999996	0	0
2.29600000000005	0.244	2.54100000000017	0	0
2.32400000000007	0.231999999999999	2.55599999999959	0	0
2.30700000000002	0.216000000000008	2.52299999999968	0	0
2.33299999999986	0.22799999999998	2.56100000000015	0	0
2.3430000000003	0.22799999999998	2.57199999999966	0	0
2.38799999999992	0.296000000000021	2.68499999999995	0	0
2.32899999999972	0.251999999999981	2.58300000000008	0	0
2.28500000000031	0.256	2.55600000000004	0	0
2.33399999999983	0.319999999999993	2.66100000000006	0	0
2.346	0.341000000000008	2.81399999999985	0	0
2.30299999999988	0.239999999999981	2.54299999999967	0	0
2.29500000000007	0.24799999999999	2.55400000000009	0	0
2.28500000000031	0.259999999999991	2.54600000000028	0	0
2.29700000000003	0.259000000000015	2.5619999999999	0	0
2.31400000000031	0.240000000000009	2.56999999999971	0	0
2.33100000000013	0.244	2.77299999999968	0	0
2.37899999999991	0.240000000000009	2.68000000000029	0	0
2.49300000000039	0.28400000000002	2.77800000000025	0	0
2.42000000000007	0.228000000000009	2.64800000000014	0	0
2.33099999999968	0.242999999999995	2.66000000000031	0	0
2.30200000000013	0.239999999999981	2.57500000000027	0	0
2.33299999999963	0.316000000000003	2.64900000000034	0	0
2.28200000000015	0.256	2.53800000000001	0	0
2.30600000000004	0.251000000000005	2.70499999999993	0	0
2.28800000000001	0.251000000000005	2.53900000000021	0	0
2.3439999999996	0.207999999999998	2.55300000000034	0	0
2.32400000000007	0.212000000000018	2.53699999999981	0	0
2.28399999999965	0.256	2.54299999999967	0	0
2.30799999999999	0.236000000000018	2.54499999999962	0	0
2.3119999999999	0.240000000000009	2.55200000000013	0	0
2.30200000000013	0.218999999999994	2.52299999999968	0	0
2.32399999999961	0.228000000000009	2.55300000000034	0	0
2.3119999999999	0.224000000000018	2.5359999999996	0	0
2.36000000000013	0.216000000000008	2.57600000000002	0	0
2.35900000000038	0.231999999999999	2.59000000000015	0	0
2.55499999999984	0.371999999999986	2.95899999999983	0	0
2.45600000000013	0.256	2.77100000000019	0	0
2.3119999999999	0.240000000000009	2.55200000000013	0	0
2.26900000000023	0.256	2.52699999999959	0	0
2.33600000000024	0.216000000000008	2.56399999999985	0	0
2.31500000000005	0.218999999999994	2.53600000000006	0	0
2.30099999999993	0.220000000000027	2.52199999999993	0	0
2.37699999999995	0.207000000000022	2.60100000000011	0	0
2.33300000000008	0.295999999999992	2.66100000000006	0	0
2.29300000000012	0.256	2.55000000000018	0	0
2.40000000000009	0.259999999999991	2.66199999999981	0	0
2.28900000000021	0.248000000000019	2.54800000000023	0	0
2.32799999999997	0.231999999999999	2.55999999999995	0	0
2.31299999999965	0.239999999999981	2.55300000000034	0	0
2.31700000000001	0.236000000000018	2.5630000000001	0	0
2.33300000000008	0.23599999999999	2.59400000000005	0	0
2.30299999999988	0.244	2.54700000000003	0	0
2.50600000000031	0.236000000000018	2.74299999999994	0	0
2.6850000000004	0.302999999999997	2.99200000000019	0	0
2.61500000000024	0.27600000000001	2.89200000000028	0	0
2.31899999999996	0.235000000000014	2.5659999999998	0	0
2.32799999999997	0.227000000000004	2.596	0	0
2.346	0.204000000000008	2.54999999999973	0	0
2.36300000000028	0.251999999999981	2.61599999999999	0	0
2.51800000000003	0.269000000000005	2.89499999999998	0	0
2.47799999999961	0.300000000000011	2.77799999999979	0	0
2.32200000000012	0.22799999999998	2.55000000000018	0	0
2.31500000000005	0.224000000000018	2.53999999999996	0	0
2.33600000000024	0.199999999999989	2.53600000000006	0	0
2.31999999999971	0.216000000000008	2.53600000000006	0	0
2.31899999999996	0.219999999999999	2.53999999999996	0	0
2.28800000000001	0.247000000000014	2.53499999999985	0	0
2.32299999999987	0.228000000000009	2.55199999999968	0	0
2.29899999999998	0.248000000000019	2.54700000000003	0	0
2.29700000000003	0.271000000000015	2.56900000000041	0	0
2.33799999999974	0.316000000000031	2.6550000000002	0	0
2.32200000000012	0.228000000000009	2.55000000000018	0	0
2.28699999999981	0.268000000000029	2.55600000000004	0	0
2.36200000000008	0.300000000000011	2.66199999999981	0	0
2.31100000000015	0.231999999999971	2.58500000000004	0	0
2.29700000000003	0.250999999999976	2.54800000000023	0	0
2.28500000000031	0.268000000000029	2.55400000000009	0	0
2.3420000000001	0.211999999999989	2.55499999999984	0	0
2.29600000000028	0.243999999999971	2.54000000000042	0	0
2.33300000000008	0.259999999999991	2.59400000000005	0	0
2.32600000000002	0.224000000000046	2.55099999999993	0	0
2.33699999999999	0.22399999999999	2.56100000000015	0	0
2.30000000000018	0.243999999999971	2.54399999999987	0	0
2.31200000000035	0.23599999999999	2.54799999999977	0	0
2.33500000000004	0.216000000000008	2.55099999999993	0	0
2.29200000000037	0.243999999999971	2.53700000000026	0	0
2.29199999999992	0.244000000000028	2.53499999999985	0	0
2.30799999999999	0.24799999999999	2.55600000000004	0	0
2.35399999999981	0.29200000000003	2.64599999999973	0	0
2.35399999999981	0.23599999999999	2.59099999999989	0	0
2.30299999999988	0.331999999999994	2.64499999999998	0	0
2.31500000000005	0.23599999999999	2.55099999999993	0	0
2.3760000000002	0.27600000000001	2.65299999999979	0	0
2.52099999999973	0.291999999999973	2.8130000000001	0	0
2.52199999999993	0.283999999999992	2.80600000000004	0	0
2.61499999999978	0.399999999999977	2.93700000000035	0	0
2.32999999999993	0.220000000000027	2.55000000000018	0	0
2.28900000000021	0.260000000000048	2.54899999999998	0	0
2.65000000000009	0.316000000000031	2.96699999999964	0	0
2.66400000000021	0.324000000000012	2.98799999999983	0	0
2.63500000000022	0.271999999999991	2.92099999999982	0	0
2.32200000000012	0.271999999999991	2.59400000000005	0	0
3.11299999999983	0.323000000000036	3.44800000000032	0	0
2.29399999999987	0.22399999999999	2.5630000000001	0	0
2.27999999999975	0.255999999999972	2.57099999999991	0	0
2.29399999999987	0.25200000000001	2.54700000000003	0	0
2.33099999999968	0.209000000000003	2.53900000000021	0	0
2.29599999999982	0.24799999999999	2.55499999999984	0	0
2.31899999999996	0.220000000000027	2.53800000000001	0	0
2.37899999999991	0.270999999999958	2.69599999999991	0	0
2.31200000000035	0.25200000000001	2.57999999999993	0	0
2.32600000000002	0.220000000000027	2.54599999999982	0	0
2.33600000000024	0.303999999999974	2.67299999999977	0	0
3.07100000000037	0.242999999999995	3.31600000000026	0	0
2.30200000000013	0.244000000000028	2.54600000000028	0	0
2.41699999999992	0.296000000000049	2.71399999999994	0	0
2.60899999999992	0.279999999999973	2.88900000000012	0	0
2.47599999999966	0.267999999999972	2.74499999999989	0	0
2.33699999999999	0.228000000000009	2.56600000000026	0	0
2.33500000000004	0.228000000000009	2.5630000000001	0	0
2.29399999999987	0.23599999999999	2.53099999999995	0	0
3.06099999999969	0.261000000000024	3.32299999999987	0	0
2.43599999999969	0.231000000000051	2.66699999999992	0	0
2.54599999999982	0.285000000000025	2.84100000000035	0	0
2.5	0.287000000000035	2.83400000000029	0	0
2.27599999999984	0.26400000000001	2.53900000000021	0	0
2.30300000000034	0.243999999999971	2.54700000000003	0	0
2.34099999999989	0.22399999999999	2.5659999999998	0	0
2.35600000000022	0.232000000000028	2.58799999999974	0	0
2.30299999999988	0.240000000000009	2.54400000000032	0	0
2.35800000000017	0.17999999999995	2.53999999999996	0	0
2.30999999999995	0.236000000000047	2.54600000000028	0	0
2.32700000000023	0.328000000000031	2.65599999999995	0	0
2.31799999999976	0.21999999999997	2.53800000000001	0	0
2.30500000000029	0.236000000000047	2.55699999999979	0	0
2.29300000000012	0.243999999999971	2.53699999999981	0	0
2.38499999999976	0.216000000000008	2.60100000000011	0	0
2.35300000000007	0.30400000000003	2.65700000000015	0	0
2.35399999999981	0.283999999999992	2.63699999999972	0	0
2.5590000000002	0.256000000000029	2.87100000000009	0	0
2.51099999999997	0.240000000000009	2.7529999999997	0	0
2.48399999999992	0.291999999999973	2.83100000000013	0	0
2.30600000000004	0.231000000000051	2.53899999999976	0	0
2.35599999999977	0.287999999999954	2.64499999999998	0	0
2.31100000000015	0.238999999999976	2.56100000000015	0	0
2.34800000000041	0.23599999999999	2.58399999999983	0	0
2.30599999999959	0.267999999999972	2.57400000000007	0	0
2.32900000000018	0.331999999999994	2.66100000000006	0	0
2.30399999999963	0.240000000000009	2.61400000000003	0	0
2.29899999999998	0.242999999999995	2.54199999999992	0	0
2.33999999999969	0.231999999999971	2.57200000000012	0	0
2.32200000000012	0.232000000000028	2.55499999999984	0	0
2.5329999999999	0.291999999999973	2.82499999999982	0	0
2.52500000000009	0.299999999999955	2.88299999999981	0	0
2.30500000000029	0.336000000000013	2.67000000000007	0	0
2.29999999999973	0.268000000000029	2.56700000000001	0	0
2.29400000000032	0.259999999999991	2.60799999999972	0	0
2.30599999999959	0.231999999999971	2.53900000000021	0	0
2.32200000000012	0.232000000000028	2.55499999999984	0	0
2.3119999999999	0.228000000000009	2.55099999999993	0	0
2.29099999999971	0.259999999999991	2.55100000000039	0	0
2.53999999999996	0.303999999999974	2.84400000000005	0	0
2.54199999999992	0.253000000000043	2.79399999999987	0	0
2.32400000000007	0.23599999999999	2.5920000000001	0	0
2.34799999999996	0.291999999999973	2.64100000000008	0	0
2.33399999999983	0.204000000000008	2.53899999999976	0	0
2.31999999999971	0.262999999999977	2.5949999999998	0	0
2.33500000000004	0.290999999999997	2.64200000000028	0	0
2.29100000000017	0.24799999999999	2.56899999999996	0	0
2.41400000000021	0.379999999999995	2.72400000000016	0	0
2.31500000000005	0.23599999999999	2.55000000000018	0	0
2.29899999999998	0.240000000000009	2.53900000000021	0	0
2.38999999999987	0.24799999999999	2.63900000000012	0	0
2.38400000000001	0.251999999999953	2.63699999999972	0	0
2.34900000000016	0.216000000000008	2.56500000000005	0	0
2.29499999999962	0.240000000000009	2.53700000000026	0	0
2.29700000000003	0.257000000000005	2.5630000000001	0	0
2.31799999999976	0.23599999999999	2.55600000000004	0	0
2.32700000000023	0.240000000000009	2.5659999999998	0	0
2.31800000000021	0.220000000000027	2.53899999999976	0	0
2.3430000000003	0.208000000000027	2.55199999999968	0	0
2.36099999999988	0.297000000000025	2.65800000000036	0	0
2.34999999999991	0.248000000000047	2.59900000000016	0	0
2.34900000000016	0.224000000000046	2.5949999999998	0	0
2.53499999999985	0.283999999999992	2.81999999999971	0	0
2.52200000000039	0.275000000000034	2.79800000000023	0	0
2.32999999999993	0.23599999999999	2.56700000000001	0	0
2.31299999999965	0.220000000000027	2.53399999999965	0	0
2.31800000000021	0.324999999999989	2.64300000000003	0	0
2.29500000000007	0.25200000000001	2.5590000000002	0	0
2.33400000000029	0.211000000000013	2.54600000000028	0	0
2.51299999999992	0.25200000000001	2.78200000000015	0	0
2.52700000000004	0.283999999999992	2.8130000000001	0	0
2.30100000000039	0.25200000000001	2.55299999999988	0	0
2.33099999999968	0.236000000000047	2.56700000000001	0	0
2.35599999999977	0.260000000000048	2.61699999999973	0	0
2.62000000000035	0.376000000000033	3.01800000000003	0	0
4.92599999999993	0.588000000000022	5.51699999999983	0	0
2.33099999999968	0.216000000000008	2.54800000000023	0	0
2.279	0.266999999999996	2.54800000000023	0	0
2.29700000000003	0.25200000000001	2.54899999999998	0	0
2.60400000000027	0.275999999999954	2.88200000000006	0	0
2.54300000000012	0.243999999999971	2.78700000000026	0	0
2.63400000000001	0.271999999999991	2.90599999999995	0	0
2.3130000000001	0.239000000000033	2.55400000000009	0	0
2.30400000000009	0.255999999999972	2.56100000000015	0	0
2.39199999999983	0.247000000000014	2.66600000000017	0	0
2.43000000000029	0.227999999999952	2.65900000000011	0	0
2.45499999999993	0.33299999999997	2.82600000000002	0	0
2.27599999999984	0.251000000000033	2.53800000000001	0	0
2.32299999999987	0.22399999999999	2.54700000000003	0	0
2.30999999999995	0.228000000000009	2.53900000000021	0	0
2.32400000000007	0.235000000000014	2.56099999999969	0	0
2.32299999999987	0.224000000000046	2.54700000000003	0	0
2.37699999999995	0.299999999999955	2.67799999999988	0	0
2.28900000000021	0.259999999999991	2.54899999999998	0	0
2.33100000000013	0.206999999999994	2.53999999999996	0	0
2.2819999999997	0.251000000000033	2.53499999999985	0	0
2.3149999999996	0.23599999999999	2.55200000000013	0	0
3.09900000000016	0.240000000000009	3.33899999999994	0	0
2.33000000000038	0.21999999999997	2.55099999999993	0	0
2.36599999999999	0.300000000000011	2.66699999999992	0	0
2.34299999999985	0.236000000000047	2.57899999999972	0	0
2.29899999999998	0.240000000000009	2.55000000000018	0	0
2.28800000000001	0.268000000000029	2.55600000000004	0	0
2.31899999999996	0.240000000000009	2.5590000000002	0	0
2.32099999999991	0.328000000000031	2.69700000000012	0	0
2.31400000000031	0.22399999999999	2.57200000000012	0	0
2.34699999999975	0.206999999999994	2.5920000000001	0	0
2.61800000000039	0.293000000000006	2.95299999999997	0	0
2.62900000000036	0.291999999999973	2.92200000000003	0	0
2.28600000000006	0.278999999999996	2.56700000000001	0	0
2.36099999999988	0.283999999999992	2.64499999999998	0	0
2.35699999999997	0.319999999999993	2.67699999999968	0	0
3.09400000000005	0.236000000000047	3.34199999999964	0	0
2.33999999999969	0.423999999999978	2.69300000000021	0	0
2.28800000000001	0.256000000000029	2.54400000000032	0	0
2.30699999999979	0.259999999999991	2.56800000000021	0	0
2.31200000000035	0.228000000000009	2.54199999999992	0	0
2.3090000000002	0.255999999999972	2.5659999999998	0	0
2.33800000000019	0.231999999999971	2.56999999999971	0	0
2.31500000000005	0.237000000000023	2.56299999999965	0	0
2.30799999999999	0.228999999999985	2.56899999999996	0	0
2.29600000000028	0.243999999999971	2.53900000000021	0	0
2.28999999999996	0.236999999999966	2.55699999999979	0	0
2.30299999999988	0.258999999999958	2.5630000000001	0	0
2.30299999999988	0.244000000000028	2.5630000000001	0	0
2.34199999999964	0.208000000000027	2.54999999999973	0	0
2.28699999999981	0.25200000000001	2.53800000000001	0	0
2.346	0.228000000000009	2.57399999999961	0	0
2.29300000000012	0.247000000000014	2.55099999999993	0	0
2.39399999999978	0.298999999999978	2.71900000000005	0	0
2.30799999999999	0.20799999999997	2.51699999999983	0	0
2.36000000000013	0.300000000000011	2.67499999999973	0	0
2.36599999999999	0.244000000000028	2.60899999999992	0	0
3.35899999999992	0.291999999999973	3.69599999999991	0	0
2.42099999999982	0.315999999999974	2.73799999999983	0	0
2.28900000000021	0.25200000000001	2.54099999999971	0	0
3.10600000000022	0.247000000000014	3.36400000000003	0	0
2.30500000000029	0.243999999999971	2.54899999999998	0	0
2.346	0.21999999999997	2.5659999999998	0	0
2.3390000000004	0.244000000000028	2.59299999999985	0	0
2.30200000000013	0.230999999999995	2.53499999999985	0	0
2.2859999999996	0.27600000000001	2.56200000000035	0	0
2.36200000000008	0.29200000000003	2.65499999999975	0	0
3.06899999999996	0.26400000000001	3.34400000000005	0	0
2.28699999999981	0.25200000000001	2.53899999999976	0	0
2.32199999999966	0.211999999999989	2.53400000000011	0	0
2.29999999999973	0.247000000000014	2.55899999999974	0	0
2.31100000000015	0.25200000000001	2.5630000000001	0	0
2.36299999999983	0.239000000000033	2.61400000000003	0	0
2.79599999999982	0.367999999999995	3.23900000000003	0	0
2.69300000000021	0.267999999999972	2.96199999999999	0	0
2.44600000000037	0.291999999999973	2.76800000000003	0	0
2.33599999999979	0.259999999999991	2.59699999999975	0	0
2.54999999999973	0.281000000000006	2.85300000000007	0	0
2.27800000000025	0.250999999999976	2.53099999999995	0	0
2.32800000000043	0.316000000000031	2.64499999999953	0	0
2.33899999999994	0.336000000000013	2.67500000000018	0	0
2.26200000000017	0.25200000000001	2.51500000000033	0	0
2.35899999999992	0.316000000000031	2.81099999999969	0	0
2.3119999999999	0.244000000000028	2.59700000000066	0	0
2.31500000000005	0.244000000000028	2.5590000000002	0	0
2.32600000000002	0.300999999999988	2.62700000000041	0	0
2.29800000000023	0.242999999999995	2.59099999999944	0	0
2.31600000000026	0.238999999999976	2.58899999999994	0	0
2.28600000000006	0.239999999999952	2.52599999999984	0	0
2.36099999999988	0.25200000000001	2.61399999999958	0	0
2.57799999999997	0.272999999999968	2.85400000000027	0	0
2.1579999999999	0.267999999999972	2.42600000000039	0	0
2.16199999999981	0.19599999999997	2.35900000000038	0	0
2.28999999999996	0.25200000000001	2.54200000000037	0	0
3.55299999999988	0.25200000000001	3.80599999999959	0	0
2.29199999999992	0.30400000000003	2.59600000000046	0	0
2.19999999999982	0.250999999999976	2.46399999999994	0	0
3.13700000000017	0.216000000000008	3.33199999999943	0	0
2.31799999999976	0.311999999999955	2.63000000000011	0	0
2.28699999999981	0.254999999999995	2.55499999999938	0	0
2.30199999999968	0.259999999999991	2.5619999999999	0	0
2.27600000000029	0.24799999999999	2.55600000000049	0	0
2.34900000000016	0.214999999999975	2.59699999999975	0	0
2.31700000000001	0.228000000000009	2.54700000000048	0	0
2.26099999999997	0.259999999999991	2.55400000000009	0	0
2.3130000000001	0.24799999999999	2.5619999999999	0	0
2.30300000000034	0.243999999999971	2.54799999999977	0	0
3.14400000000023	0.259999999999991	3.41999999999916	0	0
2.346	0.211999999999989	2.55799999999999	0	0
2.35400000000027	0.23599999999999	2.59100000000035	0	0
2.35500000000002	0.20799999999997	2.5619999999999	0	0
2.27699999999959	0.243999999999971	2.59299999999985	0	0
2.34899999999971	0.199999999999989	2.55000000000018	0	0
2.29500000000007	0.242999999999995	2.53799999999956	0	0
2.279	0.238999999999976	2.53399999999965	0	0
2.33799999999974	0.231999999999971	2.56999999999971	0	0
2.30699999999979	0.240000000000009	2.54699999999957	0	0
3.08500000000004	0.224999999999966	3.34199999999964	0	0
2.32499999999982	0.220000000000027	2.54599999999937	0	0
2.30299999999988	0.238999999999976	2.55300000000079	0	0
2.28999999999996	0.250999999999976	2.54199999999946	0	0
2.4989999999998	0.27600000000001	2.77500000000055	0	0
2.51999999999998	0.27600000000001	2.81500000000051	0	0
2.29899999999998	0.26400000000001	2.56400000000031	0	0
3.13700000000017	0.204000000000008	3.34100000000035	0	0
2.32600000000002	0.336000000000013	2.66399999999976	0	0
2.31100000000015	0.240000000000009	2.63999999999942	0	0
2.34299999999985	0.21999999999997	2.5630000000001	0	0
2.31500000000005	0.259999999999991	2.57499999999982	0	0
2.27399999999989	0.260000000000048	2.53399999999965	0	0
2.30400000000009	0.24799999999999	2.55199999999968	0	0
3.43600000000015	0.27600000000001	3.74099999999999	0	0
2.53699999999981	0.243999999999971	2.82999999999993	0	0
2.32699999999977	0.22399999999999	2.55199999999968	0	0
2.30799999999999	0.249000000000024	2.58600000000024	0	0
2.2510000000002	0.271999999999991	2.52299999999923	0	0
2.32999999999993	0.215000000000032	2.5639999999994	0	0
2.346	0.237000000000023	2.58300000000054	0	0
2.29099999999971	0.24799999999999	2.53999999999996	0	0
2.31899999999951	0.21999999999997	2.53999999999996	0	0
2.33200000000033	0.22399999999999	2.55499999999938	0	0
3.12800000000061	0.319000000000017	3.48300000000017	0	0
2.31999999999971	0.231999999999971	2.55400000000009	0	0
2.38699999999972	0.271000000000015	2.67900000000009	0	0
2.30999999999949	0.256000000000029	2.5659999999998	0	0
2.28499999999985	0.235000000000014	2.52199999999993	0	0
2.35999999999967	0.228000000000009	2.58799999999974	0	0
2.32700000000023	0.232000000000028	2.57600000000002	0	0
3.14400000000023	0.220000000000027	3.36599999999999	0	0
2.36000000000058	0.283999999999992	2.64499999999953	0	0
2.3159999999998	0.228000000000009	2.54500000000007	0	0
2.3130000000001	0.256000000000029	2.56999999999971	0	0
2.31700000000001	0.22399999999999	2.54100000000017	0	0
2.30599999999959	0.23599999999999	2.54199999999946	0	0
2.32699999999932	0.231999999999971	2.5590000000002	0	0
2.28700000000026	0.28000000000003	2.56800000000021	0	0
2.35499999999956	0.307999999999993	2.70499999999993	0	0
2.31900000000041	0.231999999999971	2.55100000000039	0	0
2.33899999999994	0.249000000000024	2.58799999999974	0	0
2.32700000000023	0.30800000000005	2.63600000000042	0	0
2.34799999999996	0.220000000000027	2.5679999999993	0	0
2.33199999999943	0.23599999999999	2.56900000000041	0	0
2.30400000000009	0.23599999999999	2.57399999999961	0	0
2.33800000000065	0.29200000000003	2.63100000000031	0	0
2.33199999999943	0.211000000000013	2.57600000000002	0	0
3.13000000000011	0.22399999999999	3.35500000000047	0	0
2.30699999999979	0.243999999999971	2.55199999999968	0	0
2.34899999999925	0.294999999999959	2.65599999999995	0	0
2.42899999999918	0.291999999999973	2.73599999999988	0	0
2.47400000000016	0.268000000000029	2.7559999999994	0	0
2.47400000000016	0.291999999999973	2.82300000000032	0	0
2.36700000000019	0.187999999999988	2.58700000000044	0	0
2.31400000000031	0.24799999999999	2.5619999999999	0	0
2.3739999999998	0.271999999999991	2.64599999999973	0	0
2.31800000000021	0.23599999999999	2.56400000000031	0	0
2.32600000000002	0.21999999999997	2.54600000000028	0	0
2.26699999999983	0.255999999999972	2.55699999999979	0	0
2.34799999999996	0.267999999999972	2.61300000000028	0	0
2.49900000000071	0.239999999999952	2.73900000000049	0	0
2.56400000000031	0.271999999999991	2.83600000000024	0	0
2.30599999999959	0.250999999999976	2.56800000000021	0	0
2.3119999999999	0.232000000000028	2.55999999999949	0	0
2.38599999999951	0.245000000000005	2.63000000000011	0	0
2.35399999999936	0.228000000000009	2.6260000000002	0	0
2.32799999999952	0.21999999999997	2.54799999999977	0	0
3.10000000000036	0.24799999999999	3.34799999999996	0	0
2.33799999999974	0.216000000000008	2.55400000000009	0	0
2.34099999999944	0.20799999999997	2.54800000000068	0	0
2.33399999999983	0.204000000000008	2.53700000000026	0	0
2.27900000000045	0.271999999999991	2.56099999999969	0	0
2.32099999999991	0.323000000000036	2.68599999999969	0	0
3.11300000000028	0.309000000000026	3.48800000000028	0	0
2.29600000000028	0.239999999999952	2.53600000000006	0	0
2.30599999999959	0.243999999999971	2.56099999999969	0	0
2.27800000000025	0.244000000000028	2.52300000000014	0	0
2.32099999999991	0.220000000000027	2.54099999999926	0	0
2.30100000000039	0.279999999999973	2.58199999999943	0	0
2.29100000000017	0.238999999999976	2.53099999999995	0	0
2.31999999999971	0.220000000000027	2.53899999999976	0	0
2.28999999999996	0.259999999999991	2.55099999999948	0	0
3.09900000000016	0.228000000000009	3.32700000000023	0	0
2.34199999999964	0.218999999999994	2.57600000000002	0	0
2.41499999999996	0.232000000000028	2.64800000000014	0	0
2.50500000000011	0.271999999999991	2.77799999999934	0	0
2.40099999999984	0.26400000000001	2.66600000000017	0	0
2.36800000000039	0.30400000000003	2.67200000000048	0	0
2.3159999999998	0.213000000000022	2.55200000000059	0	0
2.51900000000023	0.319999999999993	2.83899999999994	0	0
2.55400000000009	0.285000000000025	2.88199999999961	0	0
2.55999999999949	0.295999999999992	2.85599999999977	0	0
2.25	0.27600000000001	2.52499999999964	0	0
2.32400000000052	0.23599999999999	2.57099999999991	0	0
2.30899999999929	0.243999999999971	2.55299999999988	0	0
2.58100000000013	0.303999999999974	2.88799999999992	0	0
2.44800000000032	0.279999999999973	2.73000000000047	0	0
2.29899999999998	0.248999999999967	2.54700000000048	0	0
2.34199999999964	0.305000000000007	2.66299999999956	0	0
2.3119999999999	0.243999999999971	2.55500000000029	0	0
2.27800000000025	0.271000000000015	2.55099999999948	0	0
2.30499999999938	0.24799999999999	2.55200000000059	0	0
3.13400000000001	0.228999999999985	3.39800000000014	0	0
2.30299999999988	0.251999999999953	2.55500000000029	0	0
2.35500000000047	0.29200000000003	2.64699999999993	0	0
2.33600000000024	0.230999999999995	2.61099999999988	0	0
2.28299999999945	0.255999999999972	2.53899999999976	0	0
2.33700000000044	0.228000000000009	2.5649999999996	0	0
2.33399999999983	0.244000000000028	2.59100000000035	0	0
3.33000000000084	0.24799999999999	3.57799999999952	0	0
2.27899999999954	0.261000000000024	2.53900000000067	0	0
2.33799999999974	0.239000000000033	2.58899999999994	0	0
3.14099999999962	0.231999999999971	3.37299999999959	0	0
2.28799999999956	0.259999999999991	2.54799999999977	0	0
2.32300000000032	0.232000000000028	2.55600000000049	0	0
2.33700000000044	0.228000000000009	2.56600000000071	0	0
2.29299999999967	0.23599999999999	2.52900000000045	0	0
2.3119999999999	0.255999999999972	2.59100000000035	0	0
2.35400000000027	0.211000000000013	2.56700000000001	0	0
3.10399999999936	0.232000000000028	3.36099999999988	0	0
2.33399999999983	0.240000000000009	2.57500000000073	0	0
2.3119999999999	0.238999999999976	2.55200000000059	0	0
3.47100000000046	0.316000000000031	3.78799999999956	0	0
4.58300000000054	0.44399999999996	5.02800000000025	0	0
2.34400000000005	0.211999999999989	2.58899999999994	0	0
2.29500000000007	0.338999999999999	2.63599999999951	0	0
2.33100000000013	0.231999999999971	2.5639999999994	0	0
2.33299999999963	0.23599999999999	2.56899999999951	0	0
2.32400000000052	0.247000000000014	2.57300000000032	0	0
2.29299999999967	0.24799999999999	2.54200000000037	0	0
2.32900000000063	0.323999999999955	2.65400000000045	0	0
2.32799999999952	0.211999999999989	2.53999999999996	0	0
2.32099999999991	0.227000000000032	2.55199999999968	0	0
2.30699999999979	0.24799999999999	2.55599999999959	0	0
2.32300000000032	0.216000000000008	2.53899999999976	0	0
2.27499999999964	0.259999999999991	2.53600000000006	0	0
2.38999999999942	0.26400000000001	2.65400000000045	0	0
2.28700000000026	0.246999999999957	2.53499999999985	0	0
2.3070000000007	0.24799999999999	2.55499999999938	0	0
2.33600000000024	0.231999999999971	2.56899999999951	0	0
2.28200000000015	0.256000000000029	2.53800000000047	0	0
2.31900000000041	0.345000000000027	2.67900000000009	0	0
2.29300000000057	0.259999999999991	2.55400000000009	0	0
2.28400000000056	0.256000000000029	2.54100000000017	0	0
2.34099999999944	0.208000000000027	2.54999999999927	0	0
2.3119999999999	0.23599999999999	2.54899999999998	0	0
2.32500000000073	0.199000000000012	2.55699999999979	0	0
2.3119999999999	0.25200000000001	2.59699999999975	0	0
2.32700000000023	0.236000000000047	2.56400000000031	0	0
2.29899999999998	0.241000000000042	2.55400000000009	0	0
2.32299999999941	0.228000000000009	2.55199999999968	0	0
2.28299999999945	0.26400000000001	2.54800000000068	0	0
2.30200000000059	0.218999999999994	2.52100000000064	0	0
2.32300000000032	0.228000000000009	2.55100000000039	0	0
2.32799999999952	0.21999999999997	2.54899999999998	0	0
2.30000000000018	0.23599999999999	2.53600000000006	0	0
2.31999999999971	0.324000000000069	2.7470000000003	0	0
2.31099999999969	0.23599999999999	2.54799999999977	0	0
2.31899999999951	0.250999999999976	2.60800000000017	0	0
2.32999999999993	0.211999999999989	2.54500000000007	0	0
2.34699999999975	0.211999999999989	2.5600000000004	0	0
2.27999999999975	0.252000000000066	2.5649999999996	0	0
2.36399999999958	0.288000000000011	2.68499999999949	0	0
2.31600000000071	0.230999999999995	2.54800000000068	0	0
2.3110000000006	0.224000000000046	2.56700000000001	0	0
2.30000000000018	0.23599999999999	2.56700000000001	0	0
2.5619999999999	0.247999999999934	2.8110000000006	0	0
2.47999999999956	0.280000000000086	2.76299999999992	0	0
2.52800000000025	0.264999999999986	2.79300000000057	0	0
2.33600000000024	0.228000000000065	2.57899999999972	0	0
2.33600000000024	0.288000000000011	2.625	0	0
2.30400000000009	0.32000000000005	2.6230000000005	0	0
2.29700000000048	0.255999999999972	2.55299999999988	0	0
2.58299999999963	0.26400000000001	2.84799999999996	0	0
2.55699999999979	0.230999999999995	2.80100000000039	0	0
2.58600000000024	0.271999999999935	2.85800000000017	0	0
2.30000000000018	0.236000000000104	2.56800000000021	0	0
2.33500000000004	0.232000000000085	2.56700000000001	0	0
2.32800000000043	0.219999999999914	2.54799999999977	0	0
2.30300000000079	0.232000000000085	2.53499999999985	0	0
2.28300000000036	0.250999999999976	2.54500000000007	0	0
2.35000000000036	0.204000000000065	2.55500000000029	0	0
2.28999999999996	0.239999999999895	2.54599999999937	0	0
2.32399999999961	0.231999999999971	2.55500000000029	0	0
2.34799999999996	0.230999999999995	2.57999999999993	0	0
3.13699999999972	0.208000000000084	3.34599999999955	0	0
2.28300000000036	0.252000000000066	2.53399999999965	0	0
2.27700000000004	0.271000000000072	2.55899999999929	0	0
3.13100000000031	0.225000000000023	3.35499999999956	0	0
2.37700000000041	0.351999999999975	2.74399999999969	0	0
2.34400000000005	0.200000000000045	2.54500000000007	0	0
2.29600000000028	0.248000000000047	2.61800000000039	0	0
2.31999999999971	0.240000000000009	2.56099999999969	0	0
2.30999999999949	0.247999999999934	2.55799999999999	0	0
2.28300000000036	0.252000000000066	2.53600000000006	0	0
2.27099999999973	0.263000000000034	2.54599999999937	0	0
2.36700000000019	0.276000000000067	2.64399999999932	0	0
2.3179999999993	0.316000000000031	2.64499999999953	0	0
2.30100000000039	0.247000000000071	2.58500000000004	0	0
2.32900000000063	0.287999999999897	2.61700000000019	0	0
2.27099999999973	0.223999999999933	2.49600000000009	0	0
2.24499999999989	0.299999999999955	2.54499999999916	0	0
2.26500000000033	0.243000000000052	2.51900000000023	0	0
2.6269999999995	0.288000000000011	2.91599999999926	0	0
2.66300000000047	0.271000000000072	2.93599999999969	0	0
2.61999999999989	0.29200000000003	2.91100000000006	0	0
2.26299999999992	0.227999999999952	2.52199999999993	0	0
2.27800000000025	0.313000000000102	2.59000000000015	0	0
2.29500000000007	0.203999999999951	2.52899999999954	0	0
2.23699999999917	0.247999999999934	2.50099999999929	0	0
2.21000000000004	0.275999999999954	2.48599999999988	0	0
2.28300000000036	0.211999999999989	2.49399999999969	0	0
2.25399999999991	0.215999999999894	2.47099999999955	0	0
2.28200000000015	0.231999999999971	2.52400000000034	0	0
2.34299999999985	0.211999999999989	2.55600000000049	0	0
2.27200000000084	0.220000000000027	2.49200000000019	0	0
2.26299999999992	0.230999999999995	2.50900000000001	0	0
2.30199999999968	0.299999999999955	2.60199999999986	0	0
2.26699999999983	0.226999999999975	2.53400000000056	0	0
2.3139999999994	0.203999999999951	2.51699999999983	0	0
2.27499999999964	0.231999999999971	2.50900000000001	0	0
2.2489999999998	0.247999999999934	2.52600000000075	0	0
2.27800000000025	0.303999999999974	2.58299999999963	0	0
2.29699999999957	0.248000000000047	2.6190000000006	0	0
2.22699999999986	0.271999999999935	2.5	0	0
2.26699999999983	0.23599999999999	2.54299999999967	0	0
2.27099999999973	0.250999999999976	2.55400000000009	0	0
2.26500000000033	0.224000000000046	2.48900000000049	0	0
2.54200000000037	0.220000000000027	2.77800000000025	0	0
2.4940000000006	0.26400000000001	2.75900000000001	0	0
2.27800000000025	0.218999999999937	2.51499999999942	0	0
2.26800000000003	0.242999999999938	2.53600000000006	0	0
2.25399999999991	0.251999999999953	2.50699999999961	0	0
2.26000000000022	0.23599999999999	2.50699999999961	0	0
2.26400000000012	0.240000000000009	2.50399999999991	0	0
2.26400000000012	0.244000000000028	2.51800000000003	0	0
2.24600000000009	0.270000000000095	2.63700000000063	0	0
2.25900000000001	0.232000000000085	2.49099999999999	0	0
2.27499999999964	0.227999999999952	2.51400000000012	0	0
2.27300000000014	0.215000000000032	2.48999999999978	0	0
2.58299999999963	0.512000000000057	3.03699999999935	0	0
2.48199999999997	0.280000000000086	2.76200000000063	0	0
2.27399999999943	0.216000000000008	2.48999999999978	0	0
2.26299999999992	0.244000000000028	2.50700000000052	0	0
2.28999999999996	0.244000000000028	2.53399999999965	0	0
2.50699999999961	0.29200000000003	2.88400000000001	0	0
2.4340000000002	0.272000000000048	2.70700000000033	0	0
2.41100000000006	0.244000000000028	2.65600000000086	0	0
2.23800000000028	0.255999999999972	2.4940000000006	0	0
2.29700000000048	0.224000000000046	2.52199999999993	0	0
2.30199999999968	0.296000000000049	2.59899999999925	0	0
2.27300000000014	0.211999999999989	2.50200000000041	0	0
2.26000000000022	0.231999999999971	2.49200000000019	0	0
2.3119999999999	0.227999999999952	2.55699999999979	0	0
2.27399999999943	0.227999999999952	2.5029999999997	0	0
2.25500000000011	0.247999999999934	2.5029999999997	0	0
2.26400000000012	0.243999999999915	2.52199999999993	0	0
2.25	0.240000000000009	2.48999999999978	0	0
2.30999999999949	0.288000000000011	2.59900000000016	0	0
2.28299999999945	0.228000000000065	2.51100000000042	0	0
2.2470000000003	0.243000000000052	2.50099999999929	0	0
2.25200000000041	0.251999999999953	2.50399999999991	0	0
2.28800000000047	0.220000000000027	2.50900000000001	0	0
2.26199999999972	0.236000000000104	2.4989999999998	0	0
2.27399999999943	0.247999999999934	2.52199999999993	0	0
2.28200000000015	0.219999999999914	2.50200000000041	0	0
2.23900000000049	0.256999999999948	2.49600000000009	0	0
2.3139999999994	0.196000000000026	2.51100000000042	0	0
2.27599999999984	0.232000000000085	2.50799999999981	0	0
2.29199999999946	0.240000000000009	2.53200000000015	0	0
2.41799999999967	0.296000000000049	2.71399999999994	0	0
2.42799999999988	0.331999999999994	2.76699999999983	0	0
2.27799999999934	0.244000000000028	2.53200000000015	0	0
2.25699999999961	0.247999999999934	2.50500000000011	0	0
2.29100000000017	0.214999999999918	2.50700000000052	0	0
2.24499999999989	0.247999999999934	2.50399999999991	0	0
2.27400000000034	0.231999999999971	2.50700000000052	0	0
2.29499999999916	0.319999999999936	2.61599999999999	0	0
2.21999999999935	0.276000000000067	2.49600000000009	0	0
2.28200000000015	0.231999999999971	2.51499999999942	0	0
2.34200000000055	0.192000000000007	2.55000000000018	0	0
2.4389999999994	0.236000000000104	2.67699999999968	0	0
2.45399999999972	0.231999999999971	2.6869999999999	0	0
2.27800000000025	0.255999999999972	2.53499999999985	0	0
2.23099999999977	0.259999999999991	2.49099999999999	0	0
2.30499999999938	0.211999999999989	2.51900000000023	0	0
2.22599999999966	0.273000000000025	2.4980000000005	0	0
2.26500000000033	0.220000000000027	2.48599999999988	0	0
2.29100000000017	0.224000000000046	2.51599999999962	0	0
3.05099999999948	0.227999999999952	3.27900000000045	0	0
2.32099999999991	0.196000000000026	2.52399999999943	0	0
2.3100000000004	0.288000000000011	2.54200000000037	0	0
2.28899999999976	0.243999999999915	2.54399999999987	0	0
2.24699999999939	0.228000000000065	2.47500000000036	0	0
2.29899999999998	0.219999999999914	2.51900000000023	0	0
2.27400000000034	0.228000000000065	2.5029999999997	0	0
2.29700000000048	0.20900000000006	2.51699999999983	0	0
2.2519999999995	0.244000000000028	2.49600000000009	0	0
2.28099999999995	0.225000000000023	2.50500000000011	0	0
2.35499999999956	0.252000000000066	2.60800000000017	0	0
2.49900000000071	0.299999999999955	2.79899999999998	0	0
2.44999999999982	0.254999999999995	2.70699999999943	0	0
2.28699999999935	0.208000000000084	2.5049999999992	0	0
2.25500000000011	0.240000000000009	2.49600000000009	0	0
2.28299999999945	0.23599999999999	2.51900000000023	0	0
2.30899999999929	0.235000000000014	2.57099999999991	0	0
2.32099999999991	0.243999999999915	2.56500000000051	0	0
2.36499999999978	0.268000000000029	2.63400000000001	0	0
2.24300000000039	0.231999999999971	2.47499999999945	0	0
2.27700000000004	0.222999999999956	2.51199999999972	0	0
2.29100000000017	0.222999999999956	2.51499999999942	0	0
2.2510000000002	0.240000000000009	2.52299999999923	0	0
2.28499999999985	0.216000000000008	2.50099999999929	0	0
2.25	0.248000000000047	2.4989999999998	0	0
2.2559999999994	0.231999999999971	2.48900000000049	0	0
2.27500000000055	0.228000000000065	2.51299999999992	0	0
2.28799999999956	0.216000000000008	2.50400000000081	0	0
2.23700000000008	0.251999999999953	2.48800000000028	0	0
2.51199999999972	0.271999999999935	2.78300000000036	0	0
2.71000000000004	0.296000000000049	3.0059999999994	0	0
2.42900000000009	0.26400000000001	2.81700000000001	0	0
2.42200000000048	0.275999999999954	2.69799999999941	0	0
2.2489999999998	0.252000000000066	2.5019999999995	0	0
2.28799999999956	0.200000000000045	2.4989999999998	0	0
2.29899999999998	0.239999999999895	2.53799999999956	0	0
2.32499999999982	0.276000000000067	2.61099999999988	0	0
2.26499999999942	0.228000000000065	2.52499999999964	0	0
2.2559999999994	0.252000000000066	2.50800000000072	0	0
2.27099999999973	0.211999999999989	2.51500000000033	0	0
2.29199999999946	0.231999999999971	2.52499999999964	0	0
2.3070000000007	0.216000000000008	2.52400000000034	0	0
2.40900000000056	0.272000000000048	2.6820000000007	0	0
2.27700000000004	0.308999999999969	2.58600000000024	0	0
2.26100000000042	0.23599999999999	2.4989999999998	0	0
3.03600000000006	0.220000000000027	3.25700000000052	0	0
2.27300000000014	0.23700000000008	2.53999999999996	0	0
2.27800000000025	0.240000000000009	2.51800000000003	0	0
