17.003	4.442	17.308	0	0
17.823	6.274	17.394	0	0
18.265	3.695	18.066	0	0
18.634	6.299	18.755	0	0
18.482	2.89700000000001	18.03	0	0
18.103	3.723	17.485	0	0
18.46	4.54499999999999	18.471	0	0
18.358	4.39400000000001	18.601	0	0
17.553	5.303	17.52	0	0
18.1660000000001	8.38500000000001	18.548	0	0
20.042	7.751	18.997	0	0
19.203	6.45899999999999	19.082	0	0
20.173	5.986	20.297	0	0
18.155	2.857	18.73	0	0
18.005	3.578	18.164	0	0
19.297	7.511	19.996	0	0
18.0029999999999	2.56299999999999	17.862	0	0
18.7249999999999	6.46000000000001	18.045	0	0
18.527	6.363	18.592	0	0
17.9209999999999	3.702	17.4530000000001	0	0
19.278	5.857	19.217	0	0
17.667	2.256	17.1709999999999	0	0
17.3739999999999	4.30900000000003	17.706	0	0
20.266	6.27300000000002	20.516	0	0
17.7380000000001	6.053	17.748	0	0
17.819	3.87000000000003	18.254	0	0
17.205	1.65699999999998	17.4359999999999	0	0
16.749	2.82300000000004	16.14	0	0
17.878	4.447	16.5759999999999	0	0
16.8899999999999	2.32900000000001	16.1259999999999	0	0
17.412	4.69400000000002	16.3230000000001	0	0
17.3629999999998	5.971	17.212	0	0
18.511	5.89100000000002	17.7060000000001	0	0
19.336	9.935	18.4870000000001	0	0
17.9289999999999	2.137	17.6959999999999	0	0
17.2950000000001	4.24099999999999	17.2549999999999	0	0
18.982	7.63200000000001	18.04	0	0
18.9060000000002	5.91399999999999	18.3119999999999	0	0
19.1559999999999	7.351	18.5699999999999	0	0
19.8639999999998	2.30000000000001	20.1610000000001	0	0
18.0469999999998	4.86899999999997	17.7619999999999	0	0
18.1299999999999	5.875	17.759	0	0
17.6490000000001	3.27099999999996	17.5919999999999	0	0
17.596	3.64700000000005	18.317	0	0
17.912	4.60300000000001	18.837	0	0
17.0490000000002	2.88799999999998	16.913	0	0
18.559	7.25200000000001	18.3120000000001	0	0
19.3300000000002	7.24599999999998	17.8720000000001	0	0
18.5900000000001	6.786	17.0159999999998	0	0
20.4829999999999	7.40300000000002	19.0840000000001	0	0
18.0940000000001	4.26300000000003	18.1700000000001	0	0
18.808	3.601	18.6809999999998	0	0
18.0910000000001	3.18100000000004	17.953	0	0
18.3969999999999	5.3549999999999	18.386	0	0
19.2670000000001	3.7650000000001	19.5160000000001	0	0
17.1790000000001	2.57600000000002	16.883	0	0
17.3030000000001	3.41199999999992	17.085	0	0
17.9939999999999	5.80800000000011	17.9059999999999	0	0
20.3679999999999	7.74299999999994	19.883	0	0
16.8519999999999	3.971	17.1410000000001	0	0
19.8990000000003	8.18700000000001	19.2980000000002	0	0
17.1989999999996	2.54499999999996	16.672	0	0
17.7460000000001	2.99900000000002	17.5999999999999	0	0
20.6329999999998	7.7410000000001	20.538	0	0
17.6039999999998	4.80400000000009	16.8400000000001	0	0
18.6849999999999	4.26699999999994	18.3820000000001	0	0
17.8290000000002	5.4799999999999	17.819	0	0
18.0129999999999	4.10899999999992	18.3149999999996	0	0
18.3000000000002	6.0139999999999	18.2660000000001	0	0
18.3469999999998	6.34800000000007	18.529	0	0
17.0529999999999	4.40300000000002	16.5629999999996	0	0
18.018	5.60599999999999	17.3700000000003	0	0
17.6370000000002	3.31600000000003	16.6290000000004	0	0
16.7150000000001	3.87	17.1579999999999	0	0
19.6770000000001	5.62899999999991	18.895	0	0
18.576	5.77099999999996	18.2460000000001	0	0
16.5920000000001	4.04499999999996	15.5239999999999	0	0
18.134	5.58899999999994	17.5280000000002	0	0
18.9029999999998	4.30700000000002	18.5740000000001	0	0
16.982	2.67000000000007	17.0420000000004	0	0
18.8969999999999	7.87400000000002	18.3220000000001	0	0
18.1820000000002	7.06499999999994	17.4839999999999	0	0
19.2070000000003	3.21000000000004	18.9989999999998	0	0
17.634	3.73099999999999	17.6370000000002	0	0
17.5650000000001	3.60500000000002	17.1689999999999	0	0
17.683	2.32799999999997	17.7850000000003	0	0
16.8960000000002	3.46100000000001	16.5050000000001	0	0
19.3800000000001	9.54300000000001	17.538	0	0
17.6370000000002	3.20699999999999	16.6819999999998	0	0
17.2729999999997	3.702	16.8179999999998	0	0
19.674	7.39300000000003	19.527	0	0
19.4789999999998	6.68299999999999	19.0720000000001	0	0
19.2750000000001	4.70100000000002	18.9400000000001	0	0
16.8250000000003	4.26900000000001	17.337	0	0
18.3250000000003	8.20299999999997	17.3879999999999	0	0
18.6440000000002	4.69600000000003	18.232	0	0
18.5879999999997	4.94299999999998	18.7350000000001	0	0
18.5650000000001	4.14600000000007	18.52	0	0
19.6480000000001	6.36500000000001	18.7459999999996	0	0
17.6390000000001	5.09299999999996	17.4670000000001	0	0
17.0659999999998	3.71100000000001	17.2419999999997	0	0
18.125	4.04700000000003	18.672	0	0
18.6040000000003	3.05700000000002	18.7629999999999	0	0
19.5830000000001	7.11500000000001	19.3110000000001	0	0
18.8249999999998	4.72999999999979	18.2709999999997	0	0
17.8200000000002	4.15699999999993	17.7060000000001	0	0
17.808	4.9849999999999	18.433	0	0
19.0459999999998	10.0309999999999	18.2919999999999	0	0
18.9489999999996	6.83300000000008	17.538	0	0
19.7689999999998	6.75999999999999	18.665	0	0
18.2979999999998	3.60299999999984	18.4459999999999	0	0
19.2170000000001	8.23399999999992	18.9209999999998	0	0
18.8740000000003	6.25300000000016	18.4349999999999	0	0
19.6300000000001	7.64599999999996	19.7339999999999	0	0
18.2239999999997	4.51599999999985	17.9809999999998	0	0
18.047	5.20399999999995	18.107	0	0
18.0460000000003	5.40499999999997	17.8879999999999	0	0
18.047	4.65300000000002	18.259	0	0
19.9859999999999	8.779	19.1559999999999	0	0
17.6780000000008	4.86999999999989	17.6610000000001	0	0
18.5370000000003	7.15899999999988	18.0839999999998	0	0
18.6769999999997	5.65599999999995	18.4139999999998	0	0
19.1220000000003	3.83199999999988	19.0910000000003	0	0
20.5149999999994	5.94700000000012	20.2160000000003	0	0
17.1610000000001	4.37300000000005	16.9249999999993	0	0
17.9569999999994	7.17900000000009	16.9809999999998	0	0
17.0259999999998	4.76299999999992	17.0800000000008	0	0
19.7480000000005	7.70799999999986	19.6009999999997	0	0
18.1939999999995	5.7940000000001	18.2210000000005	0	0
18.0510000000004	4.48199999999997	17.741	0	0
16.8580000000002	2.21499999999992	16.6089999999995	0	0
18.9710000000005	7.03399999999988	17.3650000000007	0	0
17.9250000000002	4.05200000000013	17.9099999999999	0	0
18.2719999999999	4.22199999999998	18.3389999999999	0	0
17.9529999999995	2.56400000000008	17.7040000000006	0	0
17.8490000000002	4.63300000000004	17.3100000000004	0	0
17.7179999999998	5.91499999999996	17.607	0	0
18.027	4.39400000000001	17.1049999999996	0	0
16.973	4.48700000000008	15.942	0	0
17.7039999999997	5.32600000000002	17.4459999999999	0	0
20.1910000000007	9.41999999999985	18.0930000000008	0	0
17.9409999999998	5.69200000000001	16.9870000000001	0	0
17.1670000000004	4.95100000000002	18.0060000000003	0	0
18.4409999999998	5.64100000000008	18.1000000000004	0	0
17.5810000000001	5.79900000000021	16.8000000000002	0	0
16.241	4.68900000000008	15.9110000000001	0	0
18.3689999999997	6.89499999999998	17.0029999999997	0	0
18.6989999999996	5.44799999999987	18.6270000000004	0	0
17.2909999999993	3.98299999999995	17.1549999999997	0	0
17.3310000000001	4.63600000000019	17.1790000000001	0	0
17.4449999999997	3.28899999999999	17.9939999999997	0	0
17.4429999999993	3.9860000000001	16.7579999999998	0	0
17.7880000000005	6.37199999999984	16.9650000000001	0	0
18.2030000000004	5.22799999999984	18.6709999999994	0	0
18.2160000000003	4.75700000000006	18.1670000000004	0	0
18.0930000000008	3.51800000000003	17.7519999999995	0	0
17.1700000000001	3.65900000000011	16.3450000000003	0	0
16.4130000000005	2.00600000000009	15.902	0	0
17.8899999999994	5.20100000000002	17.1480000000001	0	0
19.4649999999992	7.19200000000001	18.2839999999997	0	0
20.1020000000008	9.00900000000001	19.1080000000002	0	0
18.6289999999999	7.15899999999988	18.5479999999998	0	0
17.9200000000001	4.43000000000006	17.79	0	0
17.6440000000002	4.58400000000006	16.1230000000005	0	0
17.5140000000001	4.46600000000012	16.7060000000001	0	0
18.1180000000004	6.52600000000007	16.7640000000001	0	0
17.9539999999997	5.11599999999999	17.3150000000005	0	0
18.6670000000004	8.10799999999995	17.0599999999995	0	0
18.7240000000002	9.18200000000002	17.4660000000003	0	0
18.3310000000001	5.83600000000001	17.8420000000006	0	0
19.1989999999996	8.34500000000003	19.5349999999999	0	0
17.7139999999999	3.19999999999982	17.808	0	0
18.9759999999997	5.5329999999999	19.2689999999993	0	0
19.0599999999995	2.923	19.2269999999999	0	0
17.7870000000003	6.91799999999989	16.6080000000002	0	0
17.8990000000003	2.7639999999999	17.2619999999997	0	0
18.527	3.05199999999991	19.0119999999997	0	0
18.7080000000005	4.51100000000019	18.4120000000003	0	0
17.0529999999999	3.58100000000013	16.2240000000002	0	0
18.3450000000003	5.30300000000011	17.9520000000002	0	0
17.2240000000002	2.125	17.4059999999999	0	0
18.2780000000002	4.6880000000001	18.9049999999997	0	0
18.8829999999998	7.90699999999993	17.8719999999994	0	0
20.0529999999999	10.491	17.8389999999999	0	0
18.6109999999999	5.83999999999992	17.451	0	0
18.3299999999999	7.03099999999995	17.2269999999999	0	0
20.4809999999998	6.59500000000003	20.1970000000001	0	0
18.0560000000005	3.20700000000011	17.6669999999995	0	0
18.0889999999999	2.88099999999986	18.0380000000005	0	0
18.5290000000005	5.55099999999993	18.7920000000004	0	0
19.6519999999991	5.36800000000017	19.3000000000002	0	0
18.1229999999996	4.78800000000001	17.9019999999991	0	0
17.9090000000006	2.30600000000004	17.8220000000001	0	0
17.8779999999997	3.71799999999985	17.7150000000001	0	0
18.5949999999993	4.18499999999995	18.4949999999999	0	0
16.5150000000003	3.27399999999989	16.7699999999995	0	0
18.71	4.173	18.8320000000003	0	0
18.2250000000004	3.57100000000014	18.3729999999996	0	0
18.5910000000003	5.52099999999973	18.5749999999998	0	0
17.6489999999994	2.43299999999999	18.098	0	0
19.482	7.85199999999986	19.1120000000001	0	0
19.0619999999999	7.28700000000026	18.6080000000002	0	0
18.2699999999995	4.55499999999984	18.2280000000001	0	0
17.991	2.80600000000004	17.7849999999999	0	0
18.0060000000003	5.63699999999972	17.3829999999998	0	0
17.0039999999999	3.95899999999983	16.6730000000007	0	0
18.3649999999998	1.86900000000014	18.2330000000002	0	0
17.7700000000004	3.82400000000007	17.3670000000002	0	0
18.518	3.56600000000026	18.2919999999995	0	0
18.2460000000001	5.35599999999977	18.4979999999996	0	0
17.5829999999996	2.51200000000017	17.4780000000001	0	0
17.9959999999992	2.22699999999986	17.6139999999996	0	0
17.7759999999998	3.48299999999972	17.5210000000006	0	0
18.7629999999999	2.49099999999999	18.6750000000002	0	0
17.9610000000002	4.17700000000013	18.3620000000001	0	0
17.6190000000006	3.73299999999972	17.9019999999991	0	0
17.4560000000001	5.54500000000007	17.5970000000007	0	0
17.8119999999999	2.76199999999972	18.46	0	0
18.0800000000008	3.89200000000028	18.0190000000002	0	0
17.857	2.73399999999992	18.6210000000001	0	0
18.1660000000002	4.79099999999971	18.5990000000002	0	0
19.4459999999999	5.29300000000012	19.8980000000001	0	0
18.1000000000004	3.69399999999996	18.3000000000002	0	0
16.9619999999995	3.99900000000025	17.5060000000003	0	0
18.3599999999997	6.76199999999972	18.8800000000001	0	0
18.3539999999994	2.56999999999971	19.1899999999996	0	0
17.5019999999995	3.31500000000005	17.9070000000002	0	0
17.6280000000006	2.78099999999995	17.9269999999997	0	0
18.5919999999996	5.03600000000006	18.1320000000005	0	0
18.3699999999999	4.64799999999968	18.3590000000004	0	0
17.0819999999994	3.42799999999988	17.116	0	0
18.6890000000003	3.69900000000007	18.7970000000005	0	0
17.4710000000005	3.14100000000008	17.5010000000002	0	0
17.8560000000007	3.41699999999992	17.6179999999995	0	0
17.9499999999998	5.61200000000008	17.5540000000001	0	0
18.5300000000007	8.85200000000032	17.7110000000002	0	0
18.7789999999986	5.90999999999985	18.7930000000006	0	0
19.0990000000002	8.0329999999999	18.1460000000006	0	0
17.6129999999994	4.52800000000025	17.8600000000006	0	0
18.5020000000004	4.39000000000033	18.3910000000014	0	0
19.2600000000002	4.29100000000017	20.0990000000002	0	0
17.8580000000002	3.22600000000011	17.884	0	0
19.494999999999	8.77299999999968	18.6679999999997	0	0
21.607	4.03500000000031	21.5950000000012	0	0
21.2559999999994	4.45400000000018	21.7819999999992	0	0
19.1080000000002	6.27300000000014	18.1329999999998	0	0
14.8690000000006	3.83699999999999	16.1150000000016	0	0
17.6270000000004	2.17599999999993	17.7720000000008	0	0
20.8450000000012	10.404	20.3260000000009	0	0
18.1939999999995	2.19599999999991	18.4670000000006	0	0
18.7169999999987	3.86700000000019	18.9090000000015	0	0
19.1959999999999	3.79099999999971	19.6440000000002	0	0
18.7379999999994	3.48599999999988	19.2309999999998	0	0
18.5190000000002	2.68499999999995	18.3180000000011	0	0
17.880000000001	3.05200000000013	17.5549999999985	0	0
18.8179999999993	7.24099999999999	18.6049999999996	0	0
19.1580000000013	2.63599999999997	19.2360000000008	0	0
16.8509999999987	2.66100000000006	17.268	0	0
19.0650000000005	6.82099999999991	19.6829999999991	0	0
18.728000000001	4.61799999999994	19.2150000000001	0	0
19.1139999999996	6.57100000000037	19.0529999999999	0	0
18.2289999999994	5.51600000000008	18.6149999999998	0	0
18.273000000001	3.98800000000028	18.2260000000006	0	0
18.4449999999997	3.61399999999958	18.5400000000009	0	0
18.7200000000012	7.46000000000004	18.4290000000001	0	0
21.5169999999998	7.529	20.7790000000005	0	0
17.7520000000004	4.06900000000041	18.0919999999987	0	0
17.7160000000003	1.70699999999988	17.3580000000002	0	0
19.5130000000008	4.36099999999988	19.5280000000002	0	0
18.3310000000001	4.49600000000009	18.2440000000006	0	0
17.732	3.28600000000006	17.655999999999	0	0
19.0040000000008	5.27099999999973	18.7910000000011	0	0
18.9980000000014	9.00700000000006	18.5660000000007	0	0
17.0760000000009	5.54300000000012	17.5700000000015	0	0
18.4310000000005	4.44000000000005	18.8199999999997	0	0
18.0339999999997	3.50999999999976	18.0229999999992	0	0
19.628999999999	5.86499999999978	19.8680000000004	0	0
18.4519999999993	3.7529999999997	18.3819999999996	0	0
18.2000000000007	4.71100000000024	18.1670000000013	0	0
18.4480000000003	5.42700000000013	17.880000000001	0	0
19.0169999999998	6.60100000000011	19.8089999999993	0	0
18.4280000000017	4.69900000000007	18.9849999999988	0	0
19.4959999999992	3.27999999999975	20.130000000001	0	0
18.7849999999999	3.9989999999998	19.4100000000017	0	0
18.5010000000002	5.15899999999965	18.4699999999993	0	0
18.5889999999999	4.45100000000002	18.719000000001	0	0
18.8449999999993	7.88999999999987	18.996000000001	0	0
18.4300000000003	3.39699999999993	18.469000000001	0	0
18.2260000000006	4.92599999999993	18.0029999999988	0	0
18.3229999999985	3.28900000000021	18.4749999999985	0	0
18.6550000000007	5.86099999999988	18.9320000000007	0	0
19.1550000000007	6.54199999999992	19.3979999999992	0	0
18.7440000000006	4.63000000000011	18.3350000000009	0	0
17.8269999999993	4.37699999999995	18.3999999999996	0	0
18.107	4.16699999999992	17.982	0	0
19.6540000000005	6.85500000000002	19.3809999999994	0	0
18.755000000001	4.89199999999983	19.1209999999992	0	0
17.1299999999992	3.65599999999995	17.6359999999986	0	0
17.8580000000002	5.35300000000007	18.0139999999992	0	0
17.8680000000004	3.50500000000011	18.0259999999998	0	0
18.228000000001	5.46699999999964	18.0900000000001	0	0
18.5549999999985	6.41100000000006	18.7549999999992	0	0
17.8390000000018	4.84799999999996	18.2889999999989	0	0
18.012999999999	2.76399999999967	18.6180000000004	0	0
18.726999999999	5.94000000000005	18.884	0	0
18.2119999999995	3.44000000000005	18.2429999999986	0	0
17.982	2.64300000000003	17.9830000000002	0	0
18.9519999999993	3.95200000000023	18.9410000000007	0	0
18.9259999999995	7.96499999999969	19.0560000000005	0	0
17.9950000000008	4.64099999999962	18.0390000000007	0	0
18.6059999999998	5.69000000000005	18.8050000000003	0	0
18.982	4.81100000000015	18.8349999999991	0	0
17.4250000000011	3.22199999999975	18.0259999999998	0	0
18.375	4.53999999999996	18.232	0	0
18.5609999999997	3.05699999999979	18.4789999999994	0	0
19.7060000000001	4.65499999999975	19.6840000000011	0	0
18.8279999999995	3.91199999999981	18.902	0	0
18.741	3.55499999999984	19.2729999999992	0	0
18.5600000000013	3.08599999999979	19.1800000000003	0	0
18.3739999999998	5.29800000000023	18.3159999999989	0	0
18.9639999999999	5.79299999999967	18.5250000000015	0	0
18.7780000000002	4.87400000000025	18.6579999999994	0	0
18.2139999999999	3.61499999999978	18.2420000000002	0	0
19.3090000000011	2.36599999999999	19.1700000000001	0	0
16.630000000001	4.03800000000001	16.0149999999994	0	0
20.3459999999995	9.73299999999972	19.7020000000011	0	0
17.2230000000018	2.91899999999987	17.1990000000005	0	0
19.491	7.33500000000004	19.3999999999996	0	0
20.4259999999995	7.02099999999973	19.976999999999	0	0
21.232	5.0949999999998	21.0789999999997	0	0
19.0900000000001	6.04800000000023	19.3310000000001	0	0
18.2160000000003	3.34500000000025	18.6440000000002	0	0
18.7969999999987	3.05700000000024	18.3670000000002	0	0
19.2799999999988	5.48399999999992	19.0840000000007	0	0
20.5849999999991	4.37599999999975	20.3720000000012	0	0
19.3420000000006	9.55400000000009	17.7379999999994	0	0
18.7299999999996	5.10599999999977	18.8029999999999	0	0
18.4750000000004	5.44599999999991	18.098	0	0
18.3459999999995	5.29599999999982	17.7070000000003	0	0
19.3730000000014	8.19999999999982	18.6219999999994	0	0
20.0479999999989	9.95100000000002	19.380000000001	0	0
17.9600000000009	6.16600000000017	17.2060000000001	0	0
19.0749999999989	6.15899999999965	19.2540000000008	0	0
20.0589999999993	10.194	17.884	0	0
17.4710000000014	3.80299999999988	17.8950000000004	0	0
17.851999999999	2.00900000000001	17.8430000000008	0	0
18.0540000000001	3.67999999999984	17.9429999999993	0	0
18.8040000000001	5.74400000000014	18.4570000000003	0	0
18.8360000000011	3.13000000000011	18.6239999999998	0	0
19.75	7.63799999999992	18.7700000000004	0	0
18.4920000000002	3.09500000000025	18.4549999999999	0	0
17.2039999999997	1.92099999999982	17.0870000000014	0	0
17.6319999999996	3.41200000000026	17.7579999999998	0	0
17.3199999999997	1.79600000000028	16.893	0	0
18.7219999999998	5.85500000000002	18.5740000000005	0	0
18.2690000000002	3.65599999999995	18.2170000000006	0	0
19.6550000000007	7.44399999999996	18.7530000000006	0	0
18.2790000000005	3.33699999999999	18.1010000000006	0	0
18.2439999999988	5.30200000000013	17.9709999999995	0	0
17.7020000000011	5.13400000000001	17.3869999999988	0	0
18.0849999999991	7.77399999999989	18.3050000000003	0	0
20.3220000000001	4.71799999999985	20.1399999999994	0	0
17.1299999999992	5.41599999999971	17.7710000000006	0	0
18.3760000000002	3.52500000000009	19.2749999999996	0	0
18.8970000000008	4.2810000000004	19.4930000000004	0	0
18.0149999999994	4.89700000000039	17.9130000000005	0	0
17.4639999999999	2.48199999999997	16.482	0	0
18.4560000000001	5.15299999999979	18.6710000000003	0	0
18.4150000000009	4.32999999999993	18.1510000000017	0	0
20.0810000000001	7.81600000000026	19.9140000000007	0	0
18.4810000000016	5.00700000000006	18.4619999999995	0	0
19.3770000000004	6.4069999999997	18.777	0	0
18.6810000000005	7.11300000000028	18.3089999999993	0	0
20.1760000000013	8.88799999999992	19.8430000000008	0	0
18.259	6.32700000000023	18.4970000000012	0	0
17.8719999999994	5.05299999999988	18.116	0	0
18.0190000000002	3.05099999999993	18.2309999999998	0	0
17.5740000000005	2.84699999999975	17.7929999999997	0	0
18.4199999999983	3.66300000000001	18.246000000001	0	0
19.875	7.529	20.0609999999997	0	0
19.1399999999994	6.91100000000006	18.9760000000006	0	0
17.6840000000011	3.92200000000003	18.1620000000003	0	0
17.3590000000004	2.029	17.7459999999992	0	0
20.6940000000013	7.91699999999992	20.4639999999999	0	0
18.134	4.3420000000001	18.262999999999	0	0
17.7950000000001	4.14699999999993	17.6309999999994	0	0
17.4229999999989	3.90599999999995	18.5349999999999	0	0
17.5840000000007	3.56600000000026	17.7690000000002	0	0
17.4300000000003	4.17700000000013	17.0439999999999	0	0
19.1819999999989	5.28800000000001	19.0970000000016	0	0
18.9429999999993	7.64699999999993	19.0679999999993	0	0
18.8119999999999	5.43100000000004	18.8680000000004	0	0
18.6729999999989	7.56399999999985	18.0670000000009	0	0
18.634	6.37599999999975	19.0079999999998	0	0
17.6800000000003	4.65099999999984	17.6239999999998	0	0
19.2350000000006	4.5619999999999	19.0040000000008	0	0
17.8919999999998	5.1909999999998	18.503999999999	0	0
18.6729999999989	4.67100000000028	18.7740000000013	0	0
18.380000000001	8.4970000000003	18.607	0	0
18.4799999999996	6.47800000000007	17.9650000000001	0	0
15.384	3.94399999999996	15.2559999999994	0	0
18.012999999999	3.98700000000008	18.9390000000003	0	0
20.9359999999997	9.85199999999986	20.6260000000002	0	0
19.741	6.16399999999976	19.7519999999986	0	0
18.6450000000004	5.11400000000003	18.6849999999995	0	0
18.387999999999	3.40099999999984	18.0740000000005	0	0
18.6880000000001	6.41499999999996	18.2849999999999	0	0
16.8189999999995	2.27099999999973	16.7610000000004	0	0
16.9189999999999	2.94400000000041	16.7200000000012	0	0
18.9809999999998	3.83300000000054	18.6710000000003	0	0
19.4889999999996	9.17100000000028	18.8959999999988	0	0
18.130000000001	3.60599999999977	18.0469999999987	0	0
21.1919999999991	4.05799999999999	21.5920000000006	0	0
19.3199999999997	7.48899999999958	18.7899999999991	0	0
18.2960000000003	2.23299999999927	18.0150000000012	0	0
20.985999999999	4.79600000000028	20.9380000000001	0	0
18.1329999999998	4.19599999999991	18.1560000000009	0	0
18.8670000000002	5.42000000000007	19.353000000001	0	0
19.8809999999994	6.34299999999985	19.8079999999991	0	0
19.7600000000002	7.10500000000047	19.3240000000005	0	0
18.4079999999994	3.1869999999999	18.5839999999989	0	0
17.7200000000012	4.69400000000041	17.4899999999998	0	0
27.2080000000005	7.53099999999995	27.6040000000012	0	0
18.7440000000006	3.6899999999996	18.9549999999999	0	0
18.7010000000009	4.44799999999941	18.4339999999993	0	0
18.0610000000015	3.86299999999937	17.741	0	0
19.3359999999993	4.73799999999937	19.0820000000003	0	0
18.018	6.3760000000002	17.9880000000012	0	0
18.0989999999983	7.14999999999964	16.5479999999989	0	0
19.2689999999984	9.45300000000043	17.7870000000003	0	0
20.7129999999997	5.38100000000031	20.5320000000011	0	0
19.0559999999987	5.8149999999996	18.9739999999983	0	0
17.6530000000002	3.59500000000025	17.482	0	0
18.3329999999987	6.50500000000011	17.3599999999988	0	0
19.7720000000008	6.3119999999999	19.3410000000003	0	0
18.7270000000008	4.15099999999984	19.0680000000011	0	0
16.8819999999996	4.28699999999935	17.0079999999998	0	0
17.8199999999997	5.31500000000051	17.5349999999999	0	0
19.2090000000007	6.64199999999983	18.5699999999997	0	0
17.7200000000012	3.44999999999982	17.3950000000004	0	0
18.4509999999991	4.81700000000001	17.9490000000005	0	0
17.1880000000001	3.53699999999935	16.9989999999998	0	0
20.777	4.3720000000003	20.2789999999986	0	0
17.8950000000004	4.79699999999957	18.494999999999	0	0
18.2430000000004	3.81899999999951	18.0259999999998	0	0
17.1129999999994	2.34500000000025	16.1370000000006	0	0
17.5799999999999	3.13799999999992	18.6620000000003	0	0
17.0130000000008	2.38699999999972	16.991	0	0
18.3719999999994	4.61099999999988	18.3539999999994	0	0
18.8909999999996	5.40499999999975	18.764000000001	0	0
18.8909999999996	7.61499999999978	17.3160000000007	0	0
17.5580000000009	3.75	17.1529999999984	0	0
19.1110000000008	8.58299999999963	16.7279999999992	0	0
17.9980000000014	2.38500000000022	17.1890000000003	0	0
17.4339999999993	4.14900000000034	17.5509999999995	0	0
18.8559999999998	7.04899999999998	18.4399999999987	0	0
16.8690000000006	3.34100000000035	16.6840000000011	0	0
18.8790000000008	5.92699999999968	18.7019999999993	0	0
19.7489999999998	4.67599999999948	19.6910000000007	0	0
20.8450000000012	6.75800000000072	19.6899999999987	0	0
16.8420000000006	3.26199999999972	16.8299999999999	0	0
18.378999999999	5.30999999999949	19.2459999999992	0	0
17.7439999999988	4.34600000000046	17.5460000000003	0	0
20.7180000000008	8.33100000000013	20.0889999999999	0	0
18.639000000001	4.04300000000057	18.3549999999996	0	0
20.491	4.44000000000051	20.4840000000004	0	0
17.6229999999996	3.4380000000001	17.378999999999	0	0
19.3830000000016	7.62100000000009	19.2209999999995	0	0
16.9650000000001	3.16499999999996	16.5769999999993	0	0
17.5319999999992	2.92699999999968	17.5369999999984	0	0
18.400999999998	4.95699999999943	18.4220000000005	0	0
20.3080000000009	10.5749999999998	19.0660000000007	0	0
17.8230000000003	3.31400000000031	17.7170000000006	0	0
18.9110000000001	10.0920000000006	18.4140000000007	0	0
17.9120000000003	4.91600000000017	17.5659999999989	0	0
19.3220000000001	7.95100000000002	18.3240000000005	0	0
20.1959999999999	9.99200000000019	19.351999999999	0	0
17.9939999999988	5.60800000000017	17.913999999997	0	0
17.862000000001	4.29400000000078	17.8509999999987	0	0
17.6080000000002	4.02999999999975	18.0770000000011	0	0
18.9420000000027	7.32600000000002	18.5239999999976	0	0
18.8790000000008	3.95299999999952	18.9520000000011	0	0
18.6570000000029	8.64599999999973	17.7139999999999	0	0
19.7160000000003	7.14800000000014	20.362000000001	0	0
17.5799999999981	5.14900000000034	17.6869999999981	0	0
18.6460000000006	3.49299999999948	18.7129999999997	0	0
21.9390000000021	7.59000000000015	20.8580000000002	0	0
17.1460000000006	3.43900000000031	16.8119999999981	0	0
17.8069999999971	6.66400000000067	17.357	0	0
18.2999999999993	3.51400000000012	18.0159999999996	0	0
20.0819999999985	11.4170000000004	18.3269999999975	0	0
17.7799999999988	4.17199999999957	17.4719999999979	0	0
19.6640000000007	7.36599999999999	19.5310000000027	0	0
19.1029999999992	6.08600000000024	19.018	0	0
18.0439999999981	5.84400000000005	18.357	0	0
19.5740000000005	5.1820000000007	19.3129999999983	0	0
18.7379999999976	4.07200000000012	18.880000000001	0	0
18.9490000000005	6.22299999999996	18.3250000000007	0	0
18.7799999999988	5.98700000000008	17.8029999999999	0	0
18.3739999999998	7.30799999999999	17.0499999999993	0	0
18.0689999999995	4.16199999999935	17.3790000000008	0	0
20.1600000000035	7.24300000000039	19.0849999999991	0	0
17.8739999999998	3.48799999999937	18.1110000000008	0	0
17.643	5.52100000000064	16.4340000000011	0	0
18.849000000002	6.19599999999991	17.5590000000011	0	0
18.6640000000007	5.20200000000023	18.4719999999979	0	0
17.494999999999	4.71500000000015	17.0879999999997	0	0
19.1570000000029	6.02199999999993	18.4169999999976	0	0
17.9110000000001	4.48399999999947	18.0260000000017	0	0
17.9079999999994	1.77300000000014	17.5509999999995	0	0
18.5770000000011	6.10600000000068	17.4330000000009	0	0
18.0420000000013	3.75200000000041	17.7750000000015	0	0
20.7439999999988	8.90900000000056	20.0740000000005	0	0
18.7330000000002	5.65299999999934	19.1969999999965	0	0
19.1620000000003	6.05500000000029	18.8719999999994	0	0
16.4130000000005	2.39899999999943	16.2180000000008	0	0
19.9310000000005	9.02099999999973	18.5640000000021	0	0
16.9609999999993	3.0659999999998	17.2949999999983	0	0
17.5550000000003	4.79499999999916	18.0590000000011	0	0
18.6569999999992	5.31500000000051	18.7139999999999	0	0
18.4719999999979	6.63699999999972	17.887999999999	0	0
18.8089999999975	5.47299999999996	18.4940000000024	0	0
19.5670000000027	5.875	19.7429999999986	0	0
19.9210000000021	2.83500000000004	20.3590000000004	0	0
19.0210000000006	3.02199999999993	19.0119999999988	0	0
20.0020000000004	8.4340000000002	19.489999999998	0	0
18.882999999998	3.14100000000053	19.1009999999987	0	0
19.9429999999993	5.58300000000054	20.4609999999993	0	0
16.3250000000007	3.125	17	0	0
16.8450000000012	3.30600000000049	15.5450000000019	0	0
17.2609999999986	4.63199999999961	16.1000000000022	0	0
18.6139999999978	7.41499999999996	17.4160000000011	0	0
19.7099999999991	9.53099999999995	16.875	0	0
17.0119999999988	3.11099999999988	16.018	0	0
17.3630000000012	2.46000000000004	16.6759999999995	0	0
18.8030000000035	7.50800000000072	17.1039999999994	0	0
19.3069999999971	10.924	17.0849999999991	0	0
19.4739999999983	10.5949999999993	17.3060000000005	0	0
19.5730000000003	8.78600000000006	17.117000000002	0	0
18.0580000000009	5.1279999999997	15.9120000000003	0	0
18.3680000000022	7.16600000000017	16.7090000000026	0	0
18.6519999999982	7.5600000000004	16.3919999999998	0	0
19.8159999999989	10.6950000000006	17.5249999999978	0	0
17.6140000000014	3.56899999999951	16.3609999999971	0	0
18.0609999999979	7.78899999999976	16.9000000000015	0	0
19.3869999999988	10.4490000000005	16.7309999999998	0	0
16.8389999999999	4.19899999999961	16.1900000000023	0	0
19.3220000000001	11.2309999999998	16.9300000000003	0	0
18.6970000000001	7.38500000000022	16.7639999999992	0	0
17.9249999999993	5.97100000000046	16.7930000000015	0	0
18.4400000000023	7.41399999999976	16.8369999999995	0	0
17.5879999999997	6.04799999999977	16.0449999999983	0	0
17.8719999999994	4.45599999999922	16.7580000000016	0	0
16.7039999999979	4.02500000000055	16.2020000000011	0	0
16.5960000000014	3.13799999999992	16.3489999999983	0	0
16.492000000002	4.90900000000056	16.8329999999987	0	0
16.8909999999996	3.4940000000006	16.6929999999993	0	0
18.5839999999989	7.83100000000013	16.3129999999983	0	0
17.2520000000004	5.61999999999989	16.1369999999988	0	0
18.4310000000005	8.17700000000059	17.0610000000015	0	0
18.5869999999995	8.29700000000048	16.9660000000003	0	0
18.0849999999991	5.93199999999979	16.6190000000024	0	0
16.9140000000007	3.97100000000046	15.9989999999998	0	0
18.5009999999966	6.65399999999954	16.9229999999989	0	0
17.018	4.90700000000015	15.9110000000001	0	0
17.2839999999997	2.92799999999988	16.5149999999994	0	0
17.7209999999977	6.86400000000049	17.2610000000022	0	0
16.7020000000011	3.90899999999965	17.0210000000006	0	0
17.5459999999985	5.32799999999952	16.1500000000015	0	0
17.6440000000002	5.97400000000016	16.2089999999989	0	0
17.8610000000008	4.53399999999965	16.6719999999987	0	0
17.1840000000011	4.69000000000051	16.8169999999991	0	0
17.6650000000009	6.73000000000047	16.864999999998	0	0
17.155999999999	6.27300000000014	17.762999999999	0	0
17.7369999999974	6.73300000000017	16.8530000000028	0	0
15.6680000000015	4.18199999999979	16.3209999999999	0	0
16.6049999999996	3.8769999999995	16.3730000000032	0	0
17.0319999999992	4.05400000000009	16.9290000000001	0	0
19.0830000000024	9.58799999999974	18.2249999999985	0	0
17.2000000000007	3.25399999999991	16.5260000000017	0	0
17.7119999999995	4.11800000000039	16.9850000000006	0	0
17.3889999999992	4.52099999999973	17.0300000000025	0	0
16.6819999999971	2.90800000000036	16.1479999999974	0	0
16.9490000000005	3.36000000000058	16.1399999999994	0	0
18.1160000000018	3.92600000000039	17.6790000000001	0	0
17.1049999999996	2.25799999999981	16.2950000000019	0	0
17.007999999998	2.54300000000057	16.8840000000018	0	0
17.3719999999994	3.76400000000012	17.0729999999967	0	0
16.3619999999974	3.54999999999927	15.9230000000025	0	0
18.0689999999995	4.83300000000054	17.2210000000014	0	0
17.5630000000019	2.38900000000012	17.4039999999986	0	0
17.5220000000008	3.05100000000039	17.0489999999991	0	0
17.1049999999996	5.09500000000025	16.5020000000004	0	0
15.9890000000014	2.91499999999996	15.9929999999986	0	0
17.3840000000018	5.77599999999984	16.7380000000012	0	0
17.7620000000024	4.25600000000031	17.229000000003	0	0
17.7489999999998	5.69200000000001	16.4419999999991	0	0
17.5489999999991	5.77400000000034	16.0279999999984	0	0
20.1689999999981	12.3280000000004	17.232	0	0
19.5190000000002	8.31999999999971	17.3810000000012	0	0
17.3180000000029	3.46100000000024	15.9930000000022	0	0
17.9170000000013	2.65599999999995	17.0780000000013	0	0
16.5689999999995	1.70599999999922	16.2109999999993	0	0
17.8849999999984	6.49699999999939	17.3160000000025	0	0
18.0780000000013	3.85099999999966	16.9619999999995	0	0
18.4519999999975	5.73599999999988	17.5659999999989	0	0
17.3099999999977	4.76900000000023	16.9290000000001	0	0
17.2619999999988	5.96500000000015	16.3019999999997	0	0
17.6129999999976	5.72499999999945	16.6709999999985	0	0
17.7350000000006	4.80999999999949	17.2890000000007	0	0
17.5529999999999	3.26399999999921	16.4670000000006	0	0
17.5569999999971	4.33199999999943	16.2099999999991	0	0
19.4470000000001	8.95300000000043	17.2860000000001	0	0
17.9290000000001	6.52400000000034	17.0799999999981	0	0
17.7029999999977	5.70100000000002	17.4220000000023	0	0
16.8050000000003	4.65499999999975	16.3509999999987	0	0
17.4919999999984	6.79300000000057	16.8820000000014	0	0
17.8970000000008	4.24200000000019	16.4910000000018	0	0
18.4480000000003	5.70499999999993	18.1280000000006	0	0
17.7220000000016	4.26800000000003	17.0610000000015	0	0
18.3970000000008	4.38999999999942	18.0800000000017	0	0
17.242000000002	2.55200000000059	16.4609999999993	0	0
18.7610000000022	5.875	17.7520000000004	0	0
17.6359999999986	4.26500000000033	17.117000000002	0	0
17.2109999999993	4.91100000000006	17.6409999999996	0	0
16.7380000000012	2.10200000000077	16.9310000000005	0	0
17.8110000000015	3.69300000000021	18.1330000000016	0	0
17.6239999999998	4.11499999999978	16.9259999999995	0	0
17.3719999999994	3.63600000000042	16.8619999999974	0	0
17.2209999999977	2.51900000000023	16.7279999999992	0	0
17.5859999999993	5.17500000000018	16.7109999999993	0	0
17.6769999999997	3.33200000000033	17.3559999999998	0	0
17.4490000000005	5.75700000000052	16.479000000003	0	0
14.9500000000007	2.63200000000052	14.5840000000026	0	0
17.4030000000021	4.63900000000012	17.1470000000008	0	0
16.2990000000027	1.82399999999961	16.255000000001	0	0
17.7650000000031	4.19200000000001	17.1660000000011	0	0
16.6800000000003	3.02700000000004	16.3270000000011	0	0
16.9860000000008	5.52899999999954	16.262999999999	0	0
19.3960000000006	8.97000000000025	16.8669999999984	0	0
19.0279999999984	9.98900000000049	16.7839999999997	0	0
18.0759999999973	5.20399999999972	16.5720000000001	0	0
16.9080000000031	3.38999999999942	15.8179999999993	0	0
18.6780000000035	8.0600000000004	16.7959999999985	0	0
16.9500000000007	3.57600000000002	15.7609999999986	0	0
18.3349999999991	6.27900000000045	16.7719999999972	0	0
17.2429999999986	4.39999999999964	15.8590000000004	0	0
18.0279999999984	6.5610000000006	16.1690000000017	0	0
17.6470000000008	4.49000000000069	16.3950000000004	0	0
18.1530000000021	6.64300000000003	16.5250000000015	0	0
19.1959999999999	9.17500000000018	16.8639999999978	0	0
20.0390000000007	9.65299999999934	17.512999999999	0	0
19.1620000000003	9.68299999999999	16.7019999999975	0	0
17.8690000000024	4.8130000000001	16.6450000000004	0	0
18.4099999999999	4.66600000000017	17.0859999999993	0	0
17.1910000000025	3.96299999999974	16.7489999999998	0	0
18.6630000000005	6.04200000000037	17.2279999999992	0	0
17.9759999999987	7.71299999999974	16.3310000000019	0	0
19.262999999999	9.16400000000067	17.0699999999997	0	0
17.469000000001	5.2489999999998	15.9290000000001	0	0
19.0040000000008	6.64499999999953	16.8989999999976	0	0
18.3220000000001	9.94799999999941	16.3860000000022	0	0
17.8940000000002	3.44799999999941	16.6949999999997	0	0
17.4179999999978	5.85800000000017	16.9069999999992	0	0
18.2380000000012	7.49499999999989	17.3469999999979	0	0
17.7160000000003	4.36799999999948	16.3359999999993	0	0
16.0620000000017	4.33099999999922	15.2599999999984	0	0
16.4599999999991	2.40400000000045	15.6980000000003	0	0
17.6939999999995	4.16299999999956	16.2669999999998	0	0
17.5440000000017	4.54300000000057	16.8409999999967	0	0
17.1800000000003	3.72599999999966	16.5949999999975	0	0
17.9389999999985	5.24600000000009	17.1860000000015	0	0
17.7870000000003	5.35400000000027	16.9340000000011	0	0
17.6700000000019	5.24200000000019	16.9890000000014	0	0
17.1720000000023	3.3720000000003	16.3339999999989	0	0
17.148000000001	4.70899999999983	16.148000000001	0	0
16.6239999999998	3.15599999999995	16.3990000000013	0	0
17.0399999999972	4.70700000000033	16.4930000000022	0	0
17.0760000000009	3.65499999999975	16.2279999999992	0	0
16.2860000000001	3.30600000000049	16.005000000001	0	0
17.6039999999994	5.49199999999928	16.5679999999993	0	0
17.5200000000004	4.4970000000003	16.9320000000007	0	0
17.8120000000017	4.06999999999971	17	0	0
17.525999999998	3.9369999999999	16.7469999999994	0	0
17.0070000000014	3.09999999999945	16.1970000000001	0	0
18.2109999999993	3.96800000000076	17.1709999999985	0	0
18.1450000000004	5.30499999999938	17.4470000000001	0	0
17.7870000000003	5.96999999999935	17.1730000000025	0	0
18.3329999999987	5.44300000000021	17.369999999999	0	0
19.099000000002	7.125	17.5380000000005	0	0
17.3990000000013	4.22800000000007	16.5260000000017	0	0
16.9860000000008	2.16200000000026	16.2330000000002	0	0
18.6169999999984	9.04399999999987	17.4759999999987	0	0
17.1560000000027	4.6840000000002	16.8169999999991	0	0
16.637999999999	4.73800000000028	16.1450000000004	0	0
17.2599999999984	4.59599999999955	16.711000000003	0	0
17.5569999999971	4.40300000000025	16.7439999999988	0	0
16.7349999999969	2.9940000000006	16.1549999999988	0	0
18.4189999999981	7.13900000000012	17.362000000001	0	0
18.8819999999978	7.65300000000025	17.6020000000026	0	0
17.8159999999989	3.14199999999983	16.9959999999992	0	0
19.3060000000005	5.23599999999988	18.0709999999999	0	0
19.6260000000002	11.6009999999997	16.987000000001	0	0
16.8129999999983	3.48499999999967	16.2749999999978	0	0
17.9310000000005	6.58400000000074	16.0589999999975	0	0
17.2880000000005	3.89599999999973	16.2459999999992	0	0
18.75	8.13400000000001	17.117000000002	0	0
17.9309999999969	9.38400000000001	16.0090000000018	0	0
20.1719999999987	13.4989999999998	17.4719999999979	0	0
18.6709999999985	5.45600000000013	17.3040000000001	0	0
18.9720000000016	7.70900000000074	16.9120000000003	0	0
17.5059999999976	3.69200000000001	16.1909999999989	0	0
17.0889999999999	4.66499999999996	15.5220000000008	0	0
19.8400000000001	10.058	17.1650000000009	0	0
17.344000000001	4.60199999999986	15.9339999999975	0	0
18.6840000000011	8.25799999999981	16.7119999999995	0	0
16.752999999997	4.01600000000053	16.8019999999997	0	0
17.0370000000003	5.82000000000062	16.1759999999995	0	0
18.1349999999984	7.26299999999992	17.3590000000004	0	0
16.9399999999987	2.82200000000012	16.0819999999985	0	0
16.900999999998	5.63299999999981	16.4490000000005	0	0
19.1929999999993	8.56999999999971	17.2039999999979	0	0
16.9629999999997	4.34700000000066	15.7919999999976	0	0
19.8689999999988	10.1899999999996	17.5379999999968	0	0
20.4150000000009	12.558	18.4219999999987	0	0
17.8459999999977	4.32700000000023	16.9800000000032	0	0
18.8650000000016	10.5	16.8400000000001	0	0
17.9940000000024	5.83700000000044	17.1970000000001	0	0
18.5090000000018	9.95300000000043	16.8120000000017	0	0
18.2330000000002	8.01499999999942	17.0689999999995	0	0
17.9459999999999	6.27500000000055	16.994999999999	0	0
18.1879999999983	4.66600000000017	16.6130000000012	0	0
19.4099999999999	9.99299999999948	16.9300000000003	0	0
17.5109999999986	5.64199999999983	15.7340000000004	0	0
17.619999999999	5.80600000000049	16.5979999999981	0	0
20.5190000000002	14.1379999999999	17.3859999999986	0	0
19.0730000000003	9.84299999999985	16.8220000000001	0	0
18.1640000000007	6.55299999999988	16.2540000000008	0	0
17.8069999999971	7.52000000000044	16.0499999999993	0	0
17.0509999999995	5.55599999999959	16.0290000000023	0	0
17.4930000000022	3.74499999999989	16.2659999999996	0	0
18.5489999999991	8.58100000000013	17.3009999999995	0	0
17.8940000000002	7.51400000000012	16.7259999999987	0	0
18.6200000000026	8.82799999999952	17.4229999999989	0	0
18.510000000002	8.09600000000046	16.5019999999968	0	0
18.655999999999	8.27399999999943	17.0099999999984	0	0
18.2960000000021	7.62299999999959	16.3070000000007	0	0
19.4189999999981	10.9359999999997	17.5010000000002	0	0
17.8290000000015	5.13000000000011	16.2940000000017	0	0
19.4340000000011	9.59000000000015	17.482	0	0
18.6280000000006	10.4249999999993	16.6759999999995	0	0
19.7040000000015	10.3999999999996	16.9130000000005	0	0
16.8719999999994	3.01900000000023	15.9599999999991	0	0
17.9399999999987	5.59799999999996	16.1990000000005	0	0
18.1399999999994	3.18599999999969	17.1889999999985	0	0
18.0780000000013	4.13699999999972	16.2839999999997	0	0
17.9409999999989	6.29700000000048	16.0619999999981	0	0
18.3329999999987	5.73199999999997	16.7209999999977	0	0
17.6710000000021	3.74499999999989	16.8310000000019	0	0
18.1800000000003	4.5619999999999	16.7769999999982	0	0
17.6270000000004	5.42900000000009	16.9230000000025	0	0
17.0169999999998	3.65800000000036	16.1829999999973	0	0
16.8529999999992	2.78400000000056	16.0850000000028	0	0
18.4300000000003	9.375	17.1539999999986	0	0
16.726999999999	3.38199999999961	16.1800000000003	0	0
16.2779999999984	2.47999999999956	15.9169999999976	0	0
18.5450000000019	7.0630000000001	17.0380000000005	0	0
18.7249999999985	8.32399999999961	16.6349999999984	0	0
17.6390000000029	5.38699999999972	17.2840000000033	0	0
16.8400000000001	3.39800000000014	16.1399999999994	0	0
17.0049999999974	3.47899999999936	16.7999999999993	0	0
18.1500000000015	4.5059999999994	17.2289999999994	0	0
17.3010000000031	4.15700000000015	16.3550000000032	0	0
18.7219999999979	4.94599999999991	17.6650000000009	0	0
16.9049999999988	3.59099999999944	16.8860000000022	0	0
17.6009999999987	3.94300000000021	16.5839999999989	0	0
18.0380000000005	4.77199999999993	16.9570000000022	0	0
19.5749999999971	6.96000000000004	18.9589999999989	0	0
16.7540000000008	1.94399999999951	15.9439999999995	0	0
17.9409999999989	4.73300000000017	16.755000000001	0	0
16.9449999999997	3.75999999999931	16.1539999999986	0	0
17.5239999999976	3.84400000000096	16.8260000000009	0	0
17.5969999999979	6.17299999999886	16.7790000000023	0	0
17.0159999999996	5.24799999999959	16.4589999999989	0	0
17.0340000000033	3.44100000000071	16.4579999999987	0	0
16.9029999999984	2.95600000000013	16.362000000001	0	0
17.7849999999999	6.33200000000033	16.9419999999991	0	0
16.9699999999975	5.64099999999962	15.5459999999985	0	0
17.5190000000002	6.40499999999884	16.1929999999993	0	0
17.5930000000008	4.98999999999978	16.0220000000008	0	0
18.8639999999978	8.15899999999965	16.726999999999	0	0
17.5120000000024	5.23899999999958	17.5	0	0
16.9649999999965	5.64900000000125	16.005000000001	0	0
16.844000000001	6.99099999999999	16.75	0	0
17.3590000000004	2.89899999999943	16.0300000000025	0	0
17.4219999999987	6.15799999999945	15.7239999999983	0	0
18.8469999999979	8.31899999999951	18.1370000000024	0	0
17.7409999999982	7.26200000000063	16.0600000000013	0	0
19.9629999999997	11.1040000000012	17.7469999999994	0	0
17.8559999999998	8.37800000000061	16.8230000000003	0	0
18.5509999999995	10.5169999999998	17.1460000000006	0	0
18.3179999999993	7.91100000000006	16.8019999999997	0	0
17.8139999999985	7.29399999999987	16.8130000000019	0	0
17.3230000000003	5.64400000000023	16.3040000000001	0	0
17.512999999999	6.60299999999916	16.3379999999997	0	0
16.8029999999999	4.19599999999991	16.2929999999978	0	0
17.6830000000009	6.82899999999972	16.4240000000027	0	0
17.0329999999994	3.36799999999857	15.8840000000018	0	0
18.9390000000021	9.05899999999929	16.8549999999996	0	0
17.0149999999994	3.72500000000036	15.4320000000007	0	0
18.3739999999998	9.121000000001	16.369999999999	0	0
17.1179999999986	3.41699999999946	15.6759999999995	0	0
16.4599999999991	3.96500000000015	15.8449999999975	0	0
16.3090000000011	2.63500000000022	15.5210000000006	0	0
17.2079999999987	4.18399999999929	16.5020000000004	0	0
16.905999999999	2.81400000000031	16.1150000000016	0	0
17.1140000000014	5.42799999999988	15.8770000000004	0	0
18.7459999999992	5.88199999999961	16.9330000000009	0	0
17.6919999999991	3.55099999999948	17.0659999999989	0	0
18.1219999999994	5.80400000000009	17.012999999999	0	0
17.8499999999985	4.16999999999825	17.3010000000031	0	0
18.1039999999994	4.90200000000004	17.3729999999996	0	0
19.6009999999987	6.65500000000065	18.3499999999985	0	0
17.6080000000002	4.11200000000099	16.8230000000003	0	0
18.0689999999995	4.61300000000119	17.0659999999989	0	0
17.3999999999978	4.71100000000115	16.6859999999979	0	0
17.9969999999994	5.07300000000032	17.0720000000001	0	0
17.976999999999	4.73199999999997	16.7639999999992	0	0
18.0010000000002	5.52700000000004	16.9500000000007	0	0
16.9939999999988	3.20300000000134	16.5400000000009	0	0
16.7980000000025	2.73500000000058	15.9660000000003	0	0
18.476999999999	5.72700000000077	17.4910000000018	0	0
19.4660000000003	8.1880000000001	16.8869999999988	0	0
18.3630000000012	8.9270000000015	16.5300000000025	0	0
17.0869999999995	4.16300000000047	15.8469999999979	0	0
18.086000000003	5.93700000000172	16.4290000000001	0	0
18.0420000000013	6.94900000000052	16.992000000002	0	0
17.8500000000022	3.65899999999965	16.9019999999982	0	0
17.9049999999988	5.60000000000036	16.3329999999987	0	0
17.9400000000023	6.59799999999996	16.4000000000015	0	0
18.7050000000017	5.92399999999907	17.6450000000004	0	0
17.1840000000011	4.41799999999967	16.8479999999981	0	0
16.7599999999984	2.14899999999943	16.8839999999982	0	0
18.4759999999987	6.41699999999946	16.9470000000001	0	0
18.3290000000015	3.996000000001	17.9239999999991	0	0
16.7729999999974	3.63299999999981	15.7390000000014	0	0
15.3789999999972	1.73300000000017	15.0760000000009	0	0
17.6059999999998	3.30499999999847	16.7760000000017	0	0
17.7860000000001	6.56500000000051	16.525999999998	0	0
16.9960000000028	2.91599999999926	15.9590000000026	0	0
16.4930000000022	2.82899999999972	15.525999999998	0	0
17.1129999999976	5.1190000000006	17.0010000000002	0	0
17.6320000000014	5.14500000000044	16.5529999999999	0	0
16.5240000000013	4.16199999999844	15.7389999999978	0	0
18.0590000000011	3.32900000000154	17.4170000000013	0	0
17.5479999999989	7.17399999999907	16.393	0	0
17.9079999999994	2.6929999999993	16.9220000000023	0	0
17.3940000000002	4.13700000000063	16.8029999999999	0	0
18.2599999999984	4.79800000000068	17.3309999999983	0	0
17.6659999999974	5.81600000000071	15.8630000000012	0	0
17.8119999999981	8.08400000000074	16.5039999999972	0	0
19.2990000000027	11.3859999999986	17.4890000000014	0	0
21.6560000000027	17.262999999999	18.2259999999987	0	0
17.5430000000015	5.85499999999956	16.0989999999983	0	0
18.2560000000012	5.25199999999859	16.7180000000008	0	0
18.4619999999995	6.71099999999933	16.7249999999985	0	0
17.6450000000004	6.55400000000009	15.9799999999996	0	0
16.8060000000005	3.6260000000002	15.5989999999983	0	0
17.3899999999994	3.61199999999917	16.1759999999995	0	0
18.242000000002	6.10399999999936	16.3339999999989	0	0
20.1239999999998	11.8619999999992	17.1759999999995	0	0
18.3790000000008	7.5630000000001	16.6359999999986	0	0
16.4249999999993	4.41799999999967	15.8159999999989	0	0
21.7949999999983	15.1820000000007	18.2459999999992	0	0
19.4650000000001	8.6989999999987	17.8369999999995	0	0
16.8260000000009	3.38699999999881	16.1369999999988	0	0
18.5260000000017	7.86899999999878	16.5150000000031	0	0
18.9389999999985	12.2079999999987	17.6489999999976	0	0
18.3539999999994	8.92200000000048	17.2429999999986	0	0
16.5720000000001	4.84599999999955	16.4990000000034	0	0
17.1990000000005	6.96799999999894	17.2139999999999	0	0
17.989999999998	8.22000000000116	16.8859999999986	0	0
17.6650000000009	4.17799999999988	16.3830000000016	0	0
17.0500000000029	4.52000000000044	16.9010000000017	0	0
17.5110000000022	6.82099999999991	15.5930000000008	0	0
18.643	6.72400000000016	16.8160000000025	0	0
19.148000000001	5.22400000000016	17.5159999999996	0	0
17.4159999999974	5.21099999999933	16.4789999999994	0	0
18.4069999999992	6.93599999999969	16.4539999999979	0	0
17.9830000000002	7.55999999999949	16.5489999999991	0	0
17.8789999999972	5.32899999999972	16.3719999999994	0	0
17.3780000000006	6.19900000000052	16.3450000000012	0	0
19.9520000000011	9.63000000000102	17.7289999999994	0	0
18.854000000003	9.39600000000064	17.0869999999995	0	0
17.2109999999993	5.15299999999843	16.2020000000011	0	0
17.1730000000025	5.49200000000019	16.8029999999999	0	0
27.4709999999977	8.20100000000093	26.5800000000017	0	0
18.3479999999981	7.19599999999991	16.4230000000025	0	0
19.4199999999983	9.93099999999868	17.1909999999989	0	0
19.369999999999	7.96199999999953	17.5449999999983	0	0
19.6290000000008	9.22699999999895	17.8680000000022	0	0
17.7780000000021	6.15400000000045	16.094000000001	0	0
18.885000000002	7.66800000000148	16.494999999999	0	0
17.6100000000006	5.61399999999958	16.9889999999978	0	0
16.5200000000004	3.65400000000045	16.1659999999974	0	0
18.482	9.24300000000039	16.6530000000021	0	0
16.6759999999995	3.70299999999952	15.2059999999983	0	0
16.0400000000009	2.48199999999997	15.1970000000001	0	0
16.9410000000025	3.3690000000006	15.7249999999985	0	0
18.1090000000004	3.60100000000057	16.8630000000012	0	0
17.905999999999	6.25200000000041	16.5519999999997	0	0
18.7000000000007	9.66300000000047	17.2520000000004	0	0
17.607	7.20200000000114	16.3590000000004	0	0
17.8990000000013	6.14800000000105	16.8359999999993	0	0
17.4969999999994	6.29099999999926	16.9739999999983	0	0
16.4869999999974	4.64799999999923	15.7089999999989	0	0
17.0850000000028	2.91599999999926	16.5519999999997	0	0
16.6930000000029	5.45199999999932	16.4470000000001	0	0
17.6790000000001	5.78099999999904	16.6620000000003	0	0
16.9079999999994	3.24099999999999	16.7060000000019	0	0
16.7239999999983	2.95300000000134	15.6939999999995	0	0
17.0609999999979	5.02800000000025	16.3810000000012	0	0
17.1820000000007	7.11399999999958	15.8900000000031	0	0
17.7860000000001	5.53799999999865	16.7259999999987	0	0
17.125	2.13699999999881	16.7200000000012	0	0
17.0540000000001	3.27500000000146	16.3159999999989	0	0
16.1810000000005	2.62299999999959	16.2230000000018	0	0
17.2930000000015	3.59199999999873	15.8719999999994	0	0
17.7810000000027	6.00800000000163	16.1749999999993	0	0
16.1180000000022	4.36700000000019	15.8669999999984	0	0
17.5280000000021	7.42299999999886	16.0790000000015	0	0
17.987000000001	7.38800000000083	16.9269999999997	0	0
16.6859999999979	4.78800000000047	16.2910000000011	0	0
16.4079999999994	5.70900000000074	16.3350000000028	0	0
17.9089999999997	6.27099999999882	16.650999999998	0	0
18.1219999999994	7.92499999999927	16.9589999999989	0	0
17.268	5.49699999999939	16.9160000000011	0	0
19.0169999999998	12.0029999999988	17.387999999999	0	0
17.5240000000013	3.48099999999977	17.5640000000021	0	0
17.4439999999995	2.65899999999965	17.2409999999982	0	0
18.8179999999993	5.45800000000054	17.5060000000012	0	0
16.6749999999993	4.04899999999907	16.0739999999969	0	0
17.372000000003	5.42799999999988	15.9639999999999	0	0
19.0870000000032	7.44300000000112	16.7609999999986	0	0
17.5950000000012	7.0049999999992	16.2560000000012	0	0
17.9159999999974	6.13899999999921	16.4910000000018	0	0
16.4989999999998	5.20499999999993	15.3770000000004	0	0
18.0419999999976	5.79199999999946	17.224000000002	0	0
15.7409999999982	3.35399999999936	15.2380000000012	0	0
16.4609999999993	4.27599999999984	16.0370000000003	0	0
18.2129999999961	5.15600000000086	17.3220000000001	0	0
17.5339999999997	3.86599999999999	16.107	0	0
19.7030000000013	6.55599999999868	17.7009999999973	0	0
19.9579999999987	8.375	17.4369999999981	0	0
17.0659999999989	5.52499999999964	16.1440000000002	0	0
17.9150000000009	5.54199999999946	16.4770000000026	0	0
17.5800000000017	6.63199999999961	16.0760000000009	0	0
17.1959999999963	5.50900000000001	15.8149999999987	0	0
17.7420000000056	8.34700000000157	16.7200000000012	0	0
19.4430000000066	10.0509999999995	18.0459999999985	0	0
18.086000000003	7.25900000000001	16	0	0
19.614999999998	10.476999999999	17.3169999999991	0	0
17.4219999999987	4.48799999999937	16.2830000000031	0	0
18.4669999999969	6.86200000000099	16.7180000000008	0	0
20.9389999999985	14.9349999999995	18.0859999999993	0	0
19.0089999999982	9.07999999999993	16.6470000000008	0	0
17.1080000000002	4.83400000000074	15.5469999999987	0	0
19.2639999999956	8.15400000000045	16.905999999999	0	0
17.4429999999993	6.13199999999961	17.3690000000024	0	0
18.8650000000052	10.2480000000014	16.5240000000013	0	0
18.7300000000032	7.77999999999884	17.1409999999996	0	0
17.5659999999989	3.15800000000127	16.3630000000012	0	0
17.099000000002	5.25300000000061	15.5069999999978	0	0
20.1349999999948	9.60299999999916	17.3590000000004	0	0
17.859000000004	9.06100000000151	16.1440000000002	0	0
18.5710000000036	9.84099999999853	16.0069999999978	0	0
18.8099999999977	7.72099999999955	16.3009999999995	0	0
19.0500000000029	10.5470000000005	16.8549999999996	0	0
17.0699999999997	4.26399999999921	15.773000000001	0	0
17.7149999999965	7.07500000000073	16.2360000000008	0	0
18.4830000000002	8.6140000000014	16.8539999999994	0	0
15.6009999999951	3.51100000000042	15.4069999999992	0	0
15.877999999997	3.30299999999988	15.898000000001	0	0
15.3150000000023	3.25300000000061	15.4320000000007	0	0
16.2920000000013	2.58400000000074	16.2210000000014	0	0
16.7119999999995	3.86399999999958	16.2489999999998	0	0
16.7390000000014	5.27300000000105	16.5689999999995	0	0
17.262999999999	5.29899999999907	17.1080000000038	0	0
16.4789999999994	4.39999999999964	15.8810000000012	0	0
17.2929999999978	3.17900000000009	16.5200000000041	0	0
17.6759999999995	5.13299999999981	16.8960000000006	0	0
16.4770000000062	2.92400000000089	15.2019999999975	0	0
18.1199999999953	7.75400000000081	16.153999999995	0	0
19.336000000003	7.80099999999948	17.1749999999956	0	0
16.5920000000042	4.60599999999977	15.5239999999976	0	0
18.1890000000058	3.72699999999895	16.7680000000037	0	0
17.4029999999984	9.15900000000147	16.8199999999997	0	0
18.4670000000042	7.34499999999935	17.2289999999994	0	0
17.6270000000004	4.96699999999873	16.9019999999946	0	0
18.487000000001	10.5239999999994	16.3060000000041	0	0
