5.797	1.503	5.807	0	0
5.87	1.957	5.711	0	0
5.39	2.477	5.38	0	0
5.291	1.861	5.399	0	0
11.665	2.455	10.805	0	0
9.786	3.949	9.425	0	0
5.758	1.9	5.50999999999999	0	0
11.8	3.35899999999999	10.642	0	0
5.595	1.584	5.31	0	0
9.18899999999999	2.073	8.87800000000001	0	0
5.38900000000001	1.722	5.02099999999999	0	0
6.57399999999998	3.55199999999999	5.50900000000001	0	0
5.31900000000002	1.50500000000001	5.119	0	0
12.034	3.458	11.141	0	0
9.84800000000001	3.92700000000001	9.05000000000001	0	0
17.949	8.209	17.119	0	0
12.5479999999999	4.874	11.386	0	0
15.748	7.589	14.81	0	0
10.586	4.51499999999999	9.48700000000002	0	0
16.702	5.369	16.088	0	0
5.827	1.59199999999998	5.46199999999999	0	0
5.84699999999998	1.70999999999998	5.43700000000001	0	0
5.58699999999999	2.28399999999999	5.36399999999998	0	0
11.411	4.05000000000001	10.843	0	0
11.682	3.05199999999999	11.215	0	0
21.063	7.57599999999999	20.3349999999999	0	0
5.97500000000002	1.226	5.649	0	0
10.3430000000001	2.76300000000001	10.045	0	0
5.221	1.75200000000001	5.0569999999999	0	0
9.73300000000006	3.25999999999999	9.15599999999995	0	0
12.011	4.26900000000001	11.4739999999999	0	0
6.36799999999994	1.50999999999999	6.12600000000009	0	0
5.63700000000006	1.34299999999999	5.10599999999999	0	0
5.30399999999997	1.703	5.00600000000009	0	0
16.183	7.01700000000005	15.085	0	0
6.39499999999998	1.721	6.03899999999999	0	0
5.92399999999998	1.87300000000005	5.50599999999997	0	0
5.12199999999996	1.47700000000003	5.24400000000003	0	0
5.66700000000003	2.38600000000002	5.17899999999997	0	0
16.708	5.661	16.1139999999999	0	0
10.3199999999999	4.738	8.75999999999999	0	0
9.46199999999999	4.31200000000001	9.11500000000001	0	0
25.792	10.712	23.0840000000001	0	0
6.07500000000005	2.18700000000001	5.90099999999995	0	0
18.5219999999999	7.005	16.9299999999999	0	0
17.0719999999999	5.517	15.9119999999999	0	0
10.7180000000001	4.71199999999999	9.48299999999995	0	0
5.48000000000002	1.08299999999997	4.93299999999999	0	0
5.43499999999995	1.87	5.07100000000003	0	0
6.04899999999998	1.99299999999999	5.73099999999999	0	0
10.2610000000002	4.41499999999996	9.18200000000002	0	0
6.67599999999993	2.322	6.21399999999994	0	0
15.4069999999999	5.93299999999999	14.4270000000001	0	0
16.9970000000001	5.44900000000001	15.6699999999998	0	0
10.4150000000002	4.31900000000002	9.68499999999995	0	0
22.915	9.73900000000003	21.4009999999998	0	0
17.297	6.54399999999998	16.5269999999998	0	0
5.32199999999989	1.55399999999997	5.13100000000009	0	0
6.12999999999988	1.84799999999996	6.02600000000007	0	0
16.9449999999999	6.505	15.931	0	0
11.6260000000002	5.98600000000005	10.625	0	0
5.95699999999988	1.39299999999992	5.55500000000006	0	0
11.4069999999999	5.33299999999997	10.576	0	0
10.8319999999999	3.14800000000002	11.0040000000001	0	0
19.4669999999999	8.46899999999994	17.4069999999999	0	0
5.47799999999984	1.50900000000001	5.37400000000002	0	0
6.02800000000002	2.24099999999999	5.64200000000005	0	0
10.8130000000001	3.60299999999995	9.89600000000019	0	0
10.963	2.45100000000002	10.6400000000001	0	0
12.799	6.01699999999994	12.3789999999999	0	0
10.194	3.75599999999997	9.16800000000012	0	0
6.02099999999996	2.029	5.69499999999994	0	0
6.45899999999983	2.35599999999999	5.88400000000001	0	0
5.28200000000015	1.04099999999994	5.08299999999986	0	0
9.43100000000004	2.83400000000006	9.32899999999995	0	0
6.23199999999997	2.197	5.91200000000003	0	0
5.46699999999987	1.505	5.55000000000018	0	0
8.60300000000007	2.62900000000002	8.25600000000009	0	0
5.78199999999993	1.76599999999996	5.11599999999999	0	0
5.47700000000009	1.62400000000002	4.89099999999985	0	0
5.59300000000007	1.50600000000009	4.88100000000009	0	0
10.1780000000001	3.47299999999996	9.44599999999991	0	0
9.85200000000009	3.17900000000009	9.59999999999991	0	0
13.479	6.93400000000008	11.8789999999999	0	0
8.79300000000012	3.29600000000005	8.90699999999993	0	0
11.402	4.71299999999997	10.47	0	0
5.84300000000007	1.71300000000008	5.10699999999997	0	0
10.0810000000001	7.14400000000001	8.75500000000011	0	0
13.376	9.09899999999993	11.5729999999999	0	0
5.39099999999985	1.88999999999999	4.95999999999981	0	0
6.00700000000006	1.74700000000007	5.77600000000007	0	0
10.126	4.28300000000002	9.37099999999987	0	0
9.32499999999982	3.46299999999997	9.3889999999999	0	0
11.7	3.67699999999991	10.846	0	0
5.91399999999976	2.04300000000001	6.00900000000001	0	0
5.42400000000043	2.03999999999996	4.67900000000009	0	0
12.1110000000003	4.11000000000001	10.6879999999999	0	0
11.9919999999997	4.34299999999996	11.0160000000001	0	0
28.0699999999997	12.3	26.479	0	0
5.7829999999999	1.9559999999999	5.51499999999987	0	0
5.76600000000008	2.40000000000009	5.16000000000031	0	0
9.10799999999972	3.61299999999994	8.27599999999984	0	0
5.61400000000003	1.71699999999998	5.52799999999979	0	0
6.30499999999984	1.476	5.38200000000006	0	0
6.38200000000006	1.4190000000001	5.8420000000001	0	0
6.01800000000003	2.62900000000002	5.56800000000021	0	0
5.35800000000017	1.67399999999998	5.096	0	0
9.9699999999998	4.173	9.11099999999988	0	0
6.58899999999994	4.601	5.40200000000004	0	0
12.6410000000001	5.80899999999997	10.904	0	0
11.1170000000002	2.31200000000001	10.989	0	0
18.1569999999997	6.01099999999997	16.5210000000002	0	0
5.69300000000021	1.87	5.31800000000021	0	0
5.85399999999981	1.85900000000004	5.31200000000035	0	0
12.7809999999999	6.15999999999997	11.779	0	0
11.4279999999999	4.94600000000003	11.027	0	0
17.7329999999997	7.41000000000008	16.3180000000002	0	0
5.80600000000004	1.98799999999994	5.33899999999994	0	0
11.3230000000003	4.19100000000003	10.5409999999997	0	0
5.17300000000023	1.81700000000001	5.10599999999977	0	0
7.43000000000029	3.61900000000003	6.39199999999983	0	0
5.42100000000028	1.26199999999994	4.98799999999983	0	0
11.4450000000002	3.03300000000002	10.377	0	0
14.0100000000002	5.15899999999999	12.8329999999996	0	0
9.36900000000014	2.60199999999998	9.27100000000019	0	0
5.86299999999983	2.60400000000004	5.19999999999982	0	0
12.0210000000002	4.58399999999995	11.0989999999997	0	0
10.6559999999999	2.99199999999996	9.87300000000005	0	0
5.02700000000004	1.75999999999999	4.91400000000021	0	0
6.26099999999997	2.18299999999999	5.49099999999999	0	0
5.97600000000011	2.00399999999991	5.73999999999978	0	0
5.75700000000006	1.79500000000007	4.98100000000022	0	0
17.5929999999998	8.91100000000006	16.0540000000001	0	0
5.96900000000005	1.43799999999987	5.57499999999982	0	0
5.86999999999989	3.35299999999984	5.44900000000007	0	0
13.788	4.72899999999981	13.5319999999997	0	0
9.79299999999967	2.70399999999995	9.63900000000012	0	0
5.20299999999997	1.6579999999999	5.06899999999996	0	0
5.71199999999999	1.83000000000015	5.3130000000001	0	0
12.2909999999997	5.61500000000001	11.3380000000002	0	0
9.07800000000043	3.70000000000005	8.74800000000005	0	0
10.683	2.93399999999997	10.5	0	0
9.44000000000005	3.22699999999986	9.12800000000016	0	0
9.66100000000006	3.4190000000001	9.13099999999986	0	0
12.4520000000002	3.97299999999996	11.3679999999999	0	0
6.38799999999992	1.35599999999999	6.07499999999982	0	0
17.9499999999998	7.14400000000001	16.4569999999999	0	0
5.75999999999976	2.202	5.39499999999998	0	0
12.5390000000002	5.46499999999992	10.8999999999996	0	0
5.65099999999984	1.41599999999994	5.29700000000003	0	0
15.5	8.05399999999986	14.317	0	0
18.2089999999998	7.50199999999995	16.9469999999997	0	0
5.81800000000021	2.43100000000004	5.29199999999992	0	0
6.69500000000016	2.98500000000013	5.76000000000022	0	0
10.5540000000001	4.71199999999999	9.57899999999972	0	0
15.2200000000003	5.10599999999999	14.3020000000001	0	0
10.1189999999997	1.60799999999995	10.373	0	0
5.88400000000001	2.94699999999989	5.26800000000003	0	0
10.4279999999999	3.78199999999993	9.74400000000014	0	0
12.1819999999998	4.29300000000012	11.1330000000003	0	0
12.9030000000002	4.43100000000004	11.4110000000001	0	0
5.84099999999989	1.69299999999998	5.11899999999969	0	0
6.02500000000009	1.5630000000001	5.30199999999968	0	0
10.902	4.06899999999996	10.1280000000002	0	0
10.8159999999998	5.46299999999997	9.23299999999972	0	0
9.98299999999972	3.81899999999996	9.16300000000001	0	0
5.95100000000002	1.67100000000005	5.36200000000008	0	0
6.00700000000006	1.81799999999998	5.79599999999982	0	0
6.60300000000007	1.32099999999991	6.0319999999997	0	0
5.89600000000019	2.70500000000015	5.37599999999975	0	0
12.6109999999999	5.98299999999995	11.2180000000003	0	0
12.904	6.51700000000005	11.6030000000001	0	0
5.55600000000004	2.10099999999989	5.46900000000005	0	0
11.6989999999996	3.88200000000006	11.8760000000002	0	0
5.60300000000007	2.04999999999995	5.27799999999979	0	0
11.1510000000003	3.57099999999991	10.1909999999998	0	0
5.88200000000006	1.70799999999986	5.36900000000014	0	0
15.241	6.06399999999985	13.8699999999999	0	0
5.88200000000006	2.43000000000006	5.06899999999996	0	0
6.5630000000001	2.14200000000005	5.87000000000035	0	0
5.87800000000016	2.41699999999992	5.56800000000021	0	0
6.03200000000015	4.16100000000006	5.64199999999983	0	0
5.27700000000004	1.88300000000004	4.99600000000009	0	0
11.1109999999999	4.70399999999995	10.0060000000003	0	0
6.05200000000013	2.52500000000009	5.74399999999969	0	0
5.25399999999991	1.10699999999997	4.88000000000011	0	0
12.3829999999998	4.654	11.0430000000001	0	0
6.06399999999985	2.46900000000005	5.70600000000013	0	0
6.09799999999996	1.42100000000005	6.17299999999977	0	0
6.00399999999991	1.57200000000012	5.95600000000013	0	0
9.80499999999984	4.63400000000001	9.37800000000016	0	0
11.3830000000003	4.79299999999989	10.96	0	0
9.62300000000005	4.00900000000001	9.01200000000017	0	0
6.13500000000022	2.39599999999996	5.60899999999992	0	0
17.8540000000003	6.82000000000016	16.1840000000002	0	0
9.61599999999999	4.22900000000004	9.34899999999971	0	0
10.4949999999999	5.60900000000015	9.33600000000024	0	0
11.9270000000006	3.0920000000001	11.6120000000001	0	0
5.76999999999953	1.6690000000001	5.53400000000011	0	0
11.6440000000002	5.39799999999991	10.7809999999999	0	0
12.0739999999996	3.53700000000003	11.3630000000003	0	0
12.6419999999998	5.31999999999994	11.569	0	0
11.759	5.28199999999993	10.8400000000001	0	0
5.64699999999993	1.60400000000004	5.6880000000001	0	0
5.35899999999947	2.22600000000011	5	0	0
6.66799999999967	2.34399999999982	5.96199999999999	0	0
6.6899999999996	2.89799999999991	5.94900000000007	0	0
12.75	4.72799999999984	11.3580000000002	0	0
6.81999999999971	2.78099999999995	5.79399999999987	0	0
8.88200000000052	3.36799999999994	8.6190000000006	0	0
10.5509999999995	4.16600000000017	9.73599999999988	0	0
5.95600000000013	1.80099999999993	5.50600000000031	0	0
5.63100000000031	1.84900000000016	5.26900000000023	0	0
6.86200000000008	2.79399999999987	6.28199999999924	0	0
5.49299999999948	1.74199999999996	5.04300000000057	0	0
17.5899999999992	6.28699999999981	16.1859999999997	0	0
17.0449999999992	5.59699999999998	16.027	0	0
12.1210000000001	4.346	10.9849999999997	0	0
6.49399999999969	1.26499999999987	5.79299999999967	0	0
5.79500000000007	1.71299999999997	5.49099999999999	0	0
6.58600000000024	2.36000000000013	6.01699999999983	0	0
17.9449999999997	5.04000000000019	16.7259999999997	0	0
6.43100000000049	4.55200000000013	5.4409999999998	0	0
5.52099999999973	1.33299999999986	5.23399999999947	0	0
14.3919999999998	5.85299999999984	13.3420000000006	0	0
12.5649999999996	3.52300000000014	11.0950000000003	0	0
18.5110000000004	7.18799999999987	17.3530000000001	0	0
12.2520000000004	4.83199999999988	11.0920000000006	0	0
16.6199999999999	7.56099999999992	15.4830000000002	0	0
13.54	7.48800000000006	11.5829999999996	0	0
13.857	5.59999999999991	12.9440000000004	0	0
10.0999999999995	3.85799999999995	9.74000000000069	0	0
5.26800000000003	1.43499999999995	5.23099999999977	0	0
10.7049999999999	5.16399999999999	9.67000000000007	0	0
6.30699999999979	2.88099999999986	5.61299999999937	0	0
16.0960000000005	5.91499999999996	15.5439999999999	0	0
11.9679999999998	2.84500000000003	11.2480000000005	0	0
6.15999999999985	2.34500000000003	5.50600000000031	0	0
6.60099999999966	1.82899999999995	6.00900000000001	0	0
18.3130000000001	5.59900000000016	16.7929999999997	0	0
11.2259999999997	2.87200000000007	10.2060000000001	0	0
17.674	6.25399999999991	15.2310000000007	0	0
5.82499999999982	3.08299999999986	5.34799999999996	0	0
17.768	6.70799999999986	16.5349999999999	0	0
16.4180000000006	7.03300000000013	14.9800000000005	0	0
6.72299999999996	1.9369999999999	6.22700000000077	0	0
5.91200000000026	2.13999999999987	5.3720000000003	0	0
11.6439999999993	3.60699999999997	11.085	0	0
5.66899999999987	2.46199999999999	4.91400000000067	0	0
11.0860000000002	3.69900000000007	10.183	0	0
5.77999999999975	1.07300000000009	5.34900000000016	0	0
6.48199999999997	2.67499999999995	5.95599999999922	0	0
5.66499999999996	1.39400000000001	5.21599999999944	0	0
6.18399999999929	2.72000000000003	5.51900000000023	0	0
6.26600000000053	3.05500000000006	5.49099999999999	0	0
5.91400000000067	1.67399999999998	5.22900000000027	0	0
17.3789999999999	6.27099999999996	15.8599999999997	0	0
5.19899999999961	1.33600000000001	4.91499999999996	0	0
17.5430000000006	6.01499999999987	16.085	0	0
15.9930000000004	6.86000000000013	15.3469999999998	0	0
6.23999999999978	1.72800000000007	5.74499999999989	0	0
10.6189999999997	3.93600000000015	10.3829999999998	0	0
5.05999999999949	0.739000000000033	4.97699999999986	0	0
5.3779999999997	2.14499999999998	5.16299999999956	0	0
11.8070000000007	3.15099999999984	10.79	0	0
6.58399999999983	2.69399999999996	5.86799999999948	0	0
6.27400000000034	1.9989999999998	5.80799999999999	0	0
15.8509999999997	3.43599999999969	15.2569999999996	0	0
11.1210000000001	4.90099999999984	10.6579999999994	0	0
6.16899999999987	2.13000000000011	5.85199999999986	0	0
10.2389999999996	4.9970000000003	9.78700000000026	0	0
11.0590000000002	6.10600000000022	9.52000000000044	0	0
11.6769999999997	5.01999999999998	11.4090000000006	0	0
13.2150000000001	6.61799999999994	11.8319999999994	0	0
9.97599999999966	3.49299999999994	9.10199999999986	0	0
11.4549999999999	4.30500000000029	10.8989999999994	0	0
5.96400000000085	2.98100000000022	5.43499999999949	0	0
11.241	2.8449999999998	10.6359999999995	0	0
11.3469999999998	4.58100000000013	10.3240000000005	0	0
6.36899999999969	1.48099999999977	6.06099999999969	0	0
5.73000000000047	1.95699999999988	5.46299999999974	0	0
11.9009999999998	5.52199999999993	10.3269999999993	0	0
9.36499999999978	4.19399999999996	8.59799999999996	0	0
5.63299999999981	1.77499999999964	5.04299999999967	0	0
5.83800000000065	1.73499999999967	5.59299999999985	0	0
10.1100000000006	4.52300000000014	8.90999999999985	0	0
11.0550000000003	3.9050000000002	10.6300000000001	0	0
12.1610000000001	4.46399999999994	11.1260000000002	0	0
6.02799999999934	2.62099999999964	5.35099999999966	0	0
16.6220000000003	4.75700000000006	14.7889999999998	0	0
6.13199999999961	2.42000000000007	5.34200000000055	0	0
13.0470000000005	4.09500000000025	12.6140000000005	0	0
11.2699999999995	5.32699999999977	9.76199999999972	0	0
6.11700000000019	2.125	5.40300000000025	0	0
11.4039999999995	3.57799999999997	10.567	0	0
6.20899999999983	2.28900000000021	5.25600000000031	0	0
5.72099999999955	1.48900000000003	5.09700000000066	0	0
17.942	7.53200000000015	16.3040000000001	0	0
5.72899999999936	1.90099999999984	5.52100000000064	0	0
6.1230000000005	1.38500000000022	5.8119999999999	0	0
14.5439999999999	4.90999999999985	13.6750000000002	0	0
6.20899999999983	1.66300000000001	5.72199999999975	0	0
11.9520000000002	3.93899999999985	11.6700000000001	0	0
16.3469999999998	7.45600000000013	15.9659999999994	0	0
10.9030000000002	3.73800000000028	10.2489999999998	0	0
6.375	2.4340000000002	5.72900000000027	0	0
6.60300000000007	1.69799999999987	6.65499999999975	0	0
12.5159999999996	7.95199999999977	10.6859999999997	0	0
11.4409999999998	4.83999999999969	10.652	0	0
10.0799999999999	4.12699999999995	9.09199999999964	0	0
14	5.0590000000002	12.6080000000002	0	0
12.5679999999993	6.05600000000004	10.8699999999999	0	0
11.3419999999996	4.36799999999994	10.5879999999997	0	0
5.71199999999953	1.84900000000016	5.30600000000049	0	0
5.9989999999998	1.38199999999961	5.89599999999973	0	0
11.4710000000005	3.72600000000011	10.79	0	0
26.9609999999993	11.3150000000001	25.5679999999993	0	0
6.11300000000028	2.87400000000025	5.32600000000002	0	0
5.91399999999976	1.95699999999988	5.27700000000004	0	0
11.9260000000004	3.73799999999983	10.8360000000002	0	0
10.7339999999995	4.02599999999984	9.87400000000071	0	0
7.27400000000034	4.86999999999989	6.51900000000023	0	0
9.33100000000013	4.24099999999999	8.53099999999995	0	0
11.991	4.79500000000007	10.7480000000005	0	0
9.29899999999998	3.50300000000016	8.72800000000007	0	0
5.44499999999971	1.8100000000004	5.03600000000006	0	0
11.9920000000002	4.67299999999977	10.7619999999997	0	0
15.9029999999993	6.82299999999987	14.5740000000005	0	0
6.03899999999976	2.24499999999989	5.35599999999977	0	0
5.46500000000015	1.63200000000006	4.8809999999994	0	0
6.73499999999967	2.04100000000017	6.22199999999975	0	0
6.48399999999947	2.73499999999967	5.54200000000037	0	0
5.29500000000007	1.45399999999972	4.90999999999985	0	0
18.0619999999999	6.73800000000028	16.1530000000002	0	0
9.84499999999935	4.27799999999979	8.79600000000028	0	0
5.53399999999965	2.31899999999996	5.5679999999993	0	0
12.0010000000002	4.71000000000004	11.0869999999995	0	0
18.0730000000003	6.47199999999975	16.3459999999995	0	0
6.21900000000005	2.5329999999999	5.60900000000038	0	0
14.9049999999997	6.79799999999977	13.6259999999993	0	0
5.55799999999999	1.82900000000018	5.41600000000017	0	0
16.1239999999998	5.99199999999973	15.067	0	0
10.0879999999997	4.3720000000003	9.42199999999957	0	0
11.3279999999995	3.54700000000003	10.9139999999998	0	0
6.38500000000022	1.70500000000038	5.83699999999953	0	0
16.8590000000004	4.40200000000004	16.643	0	0
6.61799999999948	2.47499999999991	5.85499999999956	0	0
9.84199999999964	4.11200000000008	9.47899999999936	0	0
13.0900000000001	6.20200000000023	11.5299999999997	0	0
6.03099999999995	2.36100000000033	5.81899999999951	0	0
6.2529999999997	1.88999999999987	5.70200000000023	0	0
5.15700000000015	1.07700000000023	5.21200000000044	0	0
5.97699999999986	2.9069999999997	5.34299999999985	0	0
10.7029999999995	4.36400000000003	9.35999999999967	0	0
11.4260000000004	3.32299999999987	11.0129999999999	0	0
11.6100000000006	5.07000000000016	10.6309999999994	0	0
17.4170000000004	8.47400000000016	14.9119999999994	0	0
16.3339999999998	6.89300000000003	14.5019999999995	0	0
10.9059999999999	5.00799999999981	9.71200000000044	0	0
5.23500000000058	2.65700000000015	4.92699999999968	0	0
5.68299999999999	3.60300000000007	5.26099999999951	0	0
10.0160000000005	4.57100000000037	8.93299999999999	0	0
13.6940000000004	5.45899999999983	12.5430000000006	0	0
10.7380000000003	3.23499999999967	10.2939999999999	0	0
6.17900000000009	3.74400000000014	5.82699999999932	0	0
12.4489999999996	5.76999999999998	11.0550000000003	0	0
5.86200000000008	2.63499999999976	5.46100000000024	0	0
10.7489999999998	4.78799999999956	9.57800000000043	0	0
10.6180000000004	3.58699999999999	10.1460000000006	0	0
5.83600000000024	2.26099999999997	5.35999999999967	0	0
5.19700000000012	1.30899999999974	5.19300000000021	0	0
6.15700000000015	1.24699999999984	5.82800000000043	0	0
6.71699999999964	2.52700000000004	6.09600000000046	0	0
5.56800000000021	1.01099999999997	5.17300000000068	0	0
6.87099999999919	1.98799999999983	6.38200000000052	0	0
6.42000000000007	2.24600000000009	5.66600000000017	0	0
5.625	1.68900000000031	4.83100000000013	0	0
6.33200000000033	3.76099999999997	5.39199999999983	0	0
5.37899999999991	1.25399999999991	5.1869999999999	0	0
10.8229999999994	5.2510000000002	9.77599999999984	0	0
5.5619999999999	1.3430000000003	5.29700000000048	0	0
6.4380000000001	2.25999999999976	6.25399999999991	0	0
17.192	6.154	15.9970000000003	0	0
12.5810000000001	4.1869999999999	11.4899999999998	0	0
5.86899999999878	1.82199999999966	5.35300000000007	0	0
6.1820000000007	1.51299999999992	5.87800000000061	0	0
11.2340000000004	2.60400000000027	10.6409999999996	0	0
5.76700000000164	2.49299999999994	5.27599999999984	0	0
6.44700000000012	2.61500000000024	5.89099999999962	0	0
5.74300000000039	1.40900000000011	5.32900000000063	0	0
6.00699999999961	1.02199999999993	5.40500000000065	0	0
5.92000000000007	1.59000000000015	5.17099999999937	0	0
11.1680000000015	3.54700000000003	10.2719999999999	0	0
13.1239999999998	5.01399999999967	12.183	0	0
6.36000000000058	2.39499999999998	5.92600000000039	0	0
6.67900000000009	2.49900000000025	5.71600000000035	0	0
6.45499999999993	2.50300000000016	5.93099999999959	0	0
6.64799999999923	2.8159999999998	5.92900000000009	0	0
16.9470000000001	6.78099999999995	16.1259999999993	0	0
8.93500000000131	3.0590000000002	8.9970000000003	0	0
10.1360000000004	3.90599999999995	9.16399999999976	0	0
10.8029999999999	4.26500000000033	10.098	0	0
11.0529999999999	4.35800000000017	10.5810000000001	0	0
5.73800000000119	2.71599999999989	5.10999999999967	0	0
9.90099999999984	1.77100000000019	9.95499999999993	0	0
5.73700000000099	2.54899999999998	5.40100000000075	0	0
5.83300000000054	2.71100000000024	5.15999999999985	0	0
10.5519999999997	2.68200000000024	9.85999999999967	0	0
11.4260000000013	6.07299999999987	10.6269999999995	0	0
12.4200000000001	4.2199999999998	11.0720000000001	0	0
10.7899999999991	4.45399999999972	10.1149999999998	0	0
9.44500000000153	5.2199999999998	8.82399999999961	0	0
10.1990000000005	3.59799999999996	9.4409999999998	0	0
11.7690000000002	5.75599999999986	11.5950000000003	0	0
5.30999999999949	1.30400000000009	5.41299999999956	0	0
6.09199999999873	2.01699999999983	5.57200000000012	0	0
6.79600000000028	3.23900000000003	6.625	0	0
5.61000000000058	1.54700000000003	5.34699999999975	0	0
22.2710000000006	10.6110000000003	19.4590000000007	0	0
11.3900000000012	4.1909999999998	11.3240000000005	0	0
11.6799999999985	4.51499999999987	10.5480000000007	0	0
16.4310000000005	5.84700000000021	15.0149999999994	0	0
12.5939999999991	5.53900000000021	11.6190000000006	0	0
11.853000000001	4.10699999999997	10.8179999999993	0	0
6.78399999999965	1.94900000000007	6.24200000000019	0	0
6.32400000000052	2.1880000000001	6.08699999999953	0	0
5.88199999999961	2.67799999999988	5.53100000000086	0	0
5.68000000000029	2.08799999999974	5.38600000000042	0	0
6.3690000000006	2.05200000000013	6.14100000000144	0	0
5.67300000000068	2.51300000000037	5.30600000000049	0	0
12.0339999999997	2.79799999999977	11.2419999999984	0	0
5.70900000000074	1.15200000000004	5.54299999999967	0	0
13.0439999999999	4.45699999999988	11.9349999999995	0	0
19.128999999999	9.0619999999999	18.1029999999992	0	0
11.2999999999993	4.94700000000012	10.0990000000002	0	0
5.66599999999926	1.94200000000001	5.23699999999917	0	0
5.67300000000068	2.42199999999957	5.2440000000006	0	0
5.75200000000041	1.19200000000001	5.44900000000052	0	0
17.148000000001	6.70899999999983	15.7880000000005	0	0
12.130000000001	3.93399999999974	11.4080000000013	0	0
10.1769999999997	5.36599999999999	8.71500000000015	0	0
5.52999999999884	1.94999999999982	5.47199999999975	0	0
9.4989999999998	4.8430000000003	8.59799999999996	0	0
6.08200000000033	1.86400000000003	5.67900000000009	0	0
5.78600000000006	1.4369999999999	5.20600000000013	0	0
6.20999999999913	3.0329999999999	5.91300000000047	0	0
5.98599999999897	2.48800000000028	5.57300000000032	0	0
5.08500000000095	1.04500000000007	4.81999999999971	0	0
5.04500000000007	1.42600000000039	5.16899999999987	0	0
5.36599999999999	1.13799999999992	5.46600000000035	0	0
6.99300000000039	3.27700000000004	6.0630000000001	0	0
22.1959999999999	9.12300000000005	20.5659999999989	0	0
6.8010000000013	2.5619999999999	6.29900000000089	0	0
11.1460000000006	3.41800000000012	10.2510000000002	0	0
12.3610000000008	5.47800000000007	11.264000000001	0	0
5.66399999999885	1.78900000000021	5.371000000001	0	0
5.91200000000026	1.90900000000011	5.20600000000013	0	0
12.1560000000009	5.25	11.277	0	0
14.107	6.10400000000027	12.5509999999995	0	0
10.0490000000009	4.6880000000001	8.9429999999993	0	0
5.10300000000097	2.11499999999978	5.26800000000003	0	0
11.101999999999	3.73999999999978	10.527	0	0
12.6880000000001	6.14799999999968	12.2420000000002	0	0
5.12800000000061	1.41100000000006	5.1200000000008	0	0
11.0100000000002	4.00900000000001	10.2010000000009	0	0
6.00900000000001	1.94200000000001	5.54999999999927	0	0
10.6029999999992	3.98100000000022	9.73500000000058	0	0
11.6380000000008	4.25799999999981	10.7900000000009	0	0
5.32099999999991	1.24499999999989	5.09600000000137	0	0
17.1580000000013	6.3119999999999	15.9269999999997	0	0
5.17900000000009	1.3449999999998	4.96299999999974	0	0
11.2450000000008	4.56500000000005	10.4139999999989	0	0
5.53399999999965	2.43899999999985	5.28299999999945	0	0
9.22799999999916	1.71299999999974	9.02599999999984	0	0
9.83899999999994	3.60400000000027	10.1890000000003	0	0
6.27299999999923	3.9689999999996	5.56999999999971	0	0
9.53299999999945	3.31200000000035	9.17499999999927	0	0
6.38600000000042	1.76899999999978	5.80799999999908	0	0
10.6749999999993	4.01800000000003	9.63700000000063	0	0
11.0459999999985	4.05600000000004	10.6229999999996	0	0
6.8700000000008	3.55300000000034	5.85599999999977	0	0
9.79800000000068	4.07200000000012	8.52899999999863	0	0
11.0159999999996	5.78600000000006	9.5570000000007	0	0
6.31099999999969	2.5619999999999	5.67399999999907	0	0
34.6359999999986	17.1129999999998	31.4969999999994	0	0
6.04899999999907	1.8720000000003	5.91500000000087	0	0
6.15400000000045	1.55199999999968	5.84299999999894	0	0
6.23199999999997	3.31500000000005	5.99200000000019	0	0
11.4380000000001	7.01500000000033	9.60499999999956	0	0
10.3069999999989	4.32799999999997	9.80400000000009	0	0
10.4130000000005	3.37899999999991	9.92499999999927	0	0
6.47700000000077	1.32299999999987	5.71299999999974	0	0
10.4689999999991	3.16200000000026	9.89000000000124	0	0
10.8860000000004	3.7170000000001	10.8860000000004	0	0
12.6890000000003	4.15899999999965	11.4410000000007	0	0
13.4380000000001	4.41499999999996	12.5680000000011	0	0
16.2459999999992	5.98199999999997	14.652	0	0
5.98500000000058	1.84400000000005	5.48400000000038	0	0
11.8520000000008	4.18499999999995	10.6749999999993	0	0
11.482	4.11999999999989	10.6419999999998	0	0
6.38799999999901	2.5319999999997	5.47099999999955	0	0
6.35600000000159	1.9670000000001	5.60699999999997	0	0
18.3040000000001	6.05999999999995	16.7829999999994	0	0
11.6550000000007	3.99499999999989	10.5040000000008	0	0
16.7720000000008	7.11499999999978	15.4300000000003	0	0
5.84900000000016	3.28200000000015	5.13600000000042	0	0
11.8379999999997	4.07399999999961	11.1890000000003	0	0
9.04599999999846	4.65000000000009	8.68099999999868	0	0
5.21700000000055	1.23600000000033	4.90899999999965	0	0
19.0480000000007	7.79099999999971	17.0859999999993	0	0
11.9439999999995	4.52399999999989	10.603000000001	0	0
15.6940000000013	5.83300000000008	15.5159999999996	0	0
5.94600000000173	2.25500000000011	5.39000000000124	0	0
5.83599999999933	2.11599999999999	5.23999999999978	0	0
11.4619999999995	5.66299999999956	10.4089999999997	0	0
12.1589999999997	3.64599999999973	10.9230000000007	0	0
11.1630000000005	3.4409999999998	10.8520000000008	0	0
9.71299999999974	2.86200000000008	9.84699999999975	0	0
5.8119999999999	1.3110000000006	5.30600000000049	0	0
6.06400000000031	2.34799999999996	5.67299999999886	0	0
15.8169999999991	6.23199999999997	14.6039999999994	0	0
5.38999999999942	2.15999999999985	5.20000000000073	0	0
6.00200000000041	1.74000000000069	5.59200000000055	0	0
11.9459999999999	4.82999999999993	11.1010000000006	0	0
6.28199999999924	2.00500000000011	5.73700000000099	0	0
6.39199999999983	1.40000000000055	5.82099999999991	0	0
12.607	4.51299999999992	11.4309999999987	0	0
6.36599999999999	2.05999999999949	5.91599999999926	0	0
5.87099999999919	1.41100000000006	5.36499999999978	0	0
5.79500000000007	2.05299999999988	5.56500000000051	0	0
13.9459999999999	6.16899999999987	14.3590000000004	0	0
11.7070000000003	3.88900000000012	10.732	0	0
5.61899999999878	1.10300000000007	5.03700000000026	0	0
5.78300000000127	1.53399999999965	5.03800000000047	0	0
11.5459999999985	3.4429999999993	10.7860000000001	0	0
6.05199999999968	2.6239999999998	5.1200000000008	0	0
10.7919999999995	6.11300000000028	10.2600000000002	0	0
18.2209999999995	6.06899999999951	17.1729999999989	0	0
5.58799999999974	2.29699999999957	5.06400000000031	0	0
5.76499999999942	1.32800000000043	5.07200000000012	0	0
10.5409999999993	4.49099999999999	9.38200000000143	0	0
5.26299999999901	1.65799999999945	4.95999999999913	0	0
13.9549999999999	6.72000000000025	12.9160000000011	0	0
5.45000000000073	1.17999999999938	5.39200000000164	0	0
11.8520000000008	4.9380000000001	10.4220000000005	0	0
12.2649999999994	4.60400000000027	11.1509999999998	0	0
11.0370000000003	2.94399999999951	10.7099999999991	0	0
5.61700000000019	2.10000000000036	5.30299999999988	0	0
11.741	3.53899999999976	11.2510000000002	0	0
11.4079999999994	4.29200000000037	10.4139999999989	0	0
5.47600000000057	1.53999999999996	5.19200000000092	0	0
9.94800000000032	3.32799999999952	8.91700000000128	0	0
5.76800000000003	2.3100000000004	5.58899999999994	0	0
11.1569999999992	2.95899999999983	10.4079999999994	0	0
12.4319999999989	3.84099999999944	11.1810000000005	0	0
17.2610000000004	6.49299999999948	15.7399999999998	0	0
11.7160000000003	3.75500000000011	10.6029999999992	0	0
5.69700000000012	1.36399999999958	5.67699999999968	0	0
6.07000000000153	2.42900000000009	5.39800000000105	0	0
11.1449999999986	6.93000000000029	10.4979999999996	0	0
6.04900000000089	2.60199999999986	5.4369999999999	0	0
5.88400000000001	1.54800000000068	5.31499999999869	0	0
11.5290000000005	3.01299999999992	10.8499999999985	0	0
6.16499999999905	2.91700000000037	5.66799999999967	0	0
16.5939999999991	7.03900000000067	15.3760000000002	0	0
10.4219999999987	3.35500000000047	9.86700000000019	0	0
5.58600000000115	1.94599999999991	5.3799999999992	0	0
5.27499999999964	1.39900000000034	5.41599999999926	0	0
5.4260000000013	2.83899999999994	5.59699999999975	0	0
15.7469999999994	5.84500000000025	14.8329999999987	0	0
11.0540000000001	4.94899999999961	10.1299999999992	0	0
10.7579999999998	2.77300000000014	10.3770000000004	0	0
5.95699999999852	1.96500000000015	5.47400000000016	0	0
10.1049999999996	4.8159999999998	9.6830000000009	0	0
16.3389999999999	5.67600000000039	14.9649999999983	0	0
11.5689999999995	3.33899999999994	11.1440000000002	0	0
10.7369999999992	3.55599999999959	10.3770000000004	0	0
6.15700000000106	1.36599999999999	5.625	0	0
6.23199999999997	1.49399999999969	5.67100000000028	0	0
11.2360000000008	2.72299999999996	10.7420000000002	0	0
11.6010000000006	4.59600000000046	11.0990000000002	0	0
6.60200000000077	2.04299999999967	5.85100000000057	0	0
6.89799999999923	3.78300000000036	5.65699999999924	0	0
22.5569999999989	7.07099999999991	20.7109999999993	0	0
11.6439999999984	5.02199999999993	11.009	0	0
10.8269999999993	4.55200000000059	10.2080000000005	0	0
11.884	4.8149999999996	11.0299999999988	0	0
6.03099999999904	1.71700000000055	5.52100000000064	0	0
6.01800000000003	2.32499999999982	5.72199999999975	0	0
6.03700000000026	2.29499999999916	5.78100000000086	0	0
24.8339999999989	8.76999999999953	22.893	0	0
5.76900000000023	2.14599999999973	5.67300000000068	0	0
10.5750000000007	3.65099999999984	10.1689999999999	0	0
6.71699999999873	2.47000000000025	5.91699999999946	0	0
5.89199999999983	1.44999999999982	5.37700000000041	0	0
12.1669999999995	3.02899999999954	11.0609999999997	0	0
11.7960000000003	4.07999999999993	10.9969999999994	0	0
5.97900000000118	2.26700000000073	5.62099999999919	0	0
5.94499999999971	1.48199999999997	5.42699999999968	0	0
17.6360000000004	4.59699999999975	16.1849999999995	0	0
6.10000000000036	2.5059999999994	5.30099999999948	0	0
5.28099999999904	1.32999999999993	5.18900000000031	0	0
16.3599999999988	6.34899999999925	15.0319999999992	0	0
5.92299999999886	3.30400000000009	5.31000000000131	0	0
5.22199999999975	0.77100000000064	5.10499999999956	0	0
11.6610000000001	4.07999999999993	11.0759999999991	0	0
11.1059999999998	2.44599999999991	10.3109999999997	0	0
16.9079999999994	7.23699999999917	15	0	0
5.60499999999956	2.32200000000012	5.14599999999882	0	0
12.2129999999997	7.04799999999977	10.4120000000003	0	0
7.29699999999866	4.73400000000038	5.89400000000023	0	0
5.5619999999999	2.72500000000036	5.02100000000064	0	0
18.2289999999994	8.94900000000052	15.6399999999994	0	0
5.03800000000047	1.53900000000067	4.95699999999852	0	0
10.1759999999995	3.98499999999967	9.37299999999959	0	0
5.35999999999876	3.19400000000041	4.92100000000028	0	0
6.1929999999993	3.4970000000003	5.38000000000102	0	0
11.280999999999	2.93599999999969	10.0660000000007	0	0
5.52400000000125	2.64599999999973	4.99699999999939	0	0
10.0279999999984	3.74600000000009	8.64300000000003	0	0
16.3089999999993	7.70299999999952	14.2250000000004	0	0
11.2270000000008	4.3110000000006	9.71399999999994	0	0
16.732	5.49300000000039	15.0399999999991	0	0
6.60600000000159	2.35300000000007	5.78600000000006	0	0
10.491	2.59100000000035	9.34300000000076	0	0
5.68299999999908	1.74600000000009	4.95700000000033	0	0
11.527	4.14800000000014	10.0810000000001	0	0
12	3.10499999999956	10.6769999999997	0	0
9.56100000000151	3.43299999999999	8.41799999999967	0	0
5.69900000000052	3.82700000000023	5.10099999999875	0	0
5.9950000000008	2.72900000000027	5.28100000000086	0	0
5.60699999999997	1.20400000000063	5.16600000000108	0	0
10.0509999999995	3.71199999999953	8.89400000000023	0	0
6.01800000000003	1.90499999999975	5.29600000000028	0	0
10.2339999999986	5.01099999999951	8.29600000000028	0	0
12.7669999999998	6.63000000000011	11.4449999999997	0	0
11.5630000000001	5.53499999999985	10.1819999999989	0	0
5.07899999999972	1.36200000000008	4.68500000000131	0	0
10.3590000000004	2.72600000000057	9.78800000000047	0	0
5.24800000000141	1.52700000000004	4.64799999999923	0	0
5.20399999999972	1.60199999999986	4.99099999999999	0	0
5.3700000000008	2.24299999999948	4.5059999999994	0	0
10.7960000000003	4.25800000000072	9.31899999999951	0	0
5.30799999999908	2.02999999999975	5.06500000000051	0	0
5.64700000000084	1.38299999999981	5.16699999999946	0	0
15.0689999999995	6.42800000000079	13.1279999999988	0	0
5.55600000000049	1.68199999999979	5.38700000000063	0	0
15.8079999999991	4.96600000000035	14.5040000000008	0	0
5.07500000000073	1.10400000000027	4.69900000000052	0	0
11.0300000000007	4.34799999999996	9.67400000000089	0	0
5.77099999999882	2.38900000000012	5.19800000000032	0	0
6.27000000000044	1.78499999999985	5.38800000000083	0	0
11.3760000000002	4.19999999999982	10.5479999999989	0	0
11.7909999999993	4.3119999999999	10.0210000000006	0	0
5.20099999999911	1.66499999999996	4.84400000000096	0	0
5.35800000000017	1.51299999999992	4.85000000000036	0	0
11.0600000000013	4.42500000000018	9.78100000000086	0	0
20.871000000001	9.67900000000009	18.6129999999994	0	0
11.4529999999995	7.20499999999993	9.73099999999977	0	0
15.5589999999993	6.3739999999998	13.8859999999986	0	0
11.3739999999998	4.6869999999999	9.79799999999886	0	0
11.7860000000001	3.60699999999997	10.4810000000016	0	0
11.2839999999997	4.13199999999961	9.98199999999997	0	0
16.9339999999993	6.1279999999997	14.8899999999994	0	0
5.75200000000041	1.63799999999992	5.28800000000047	0	0
22.6509999999998	8.1899999999996	20.7389999999996	0	0
11.1419999999998	3.82899999999972	10.0020000000004	0	0
5.94200000000092	1.79500000000007	5.35100000000057	0	0
10.476999999999	3.31099999999969	8.93599999999969	0	0
10.7900000000009	2.9369999999999	9.96900000000096	0	0
5.95199999999932	2.29899999999998	5.26599999999962	0	0
5.03499999999985	2.11200000000008	4.78099999999904	0	0
5.41699999999946	1.47000000000025	4.69900000000052	0	0
6.19399999999951	1.76000000000022	5.52499999999964	0	0
4.94499999999971	1.2549999999992	4.78200000000106	0	0
8.63000000000102	3.76999999999953	7.7440000000006	0	0
6.27100000000064	2.43199999999979	5.42999999999847	0	0
6.16599999999926	2.04600000000028	5.3760000000002	0	0
9.49399999999878	3.36799999999948	8.29400000000169	0	0
4.96500000000015	0.779999999999745	4.87299999999959	0	0
15.4509999999991	6.65400000000045	13.3319999999985	0	0
5.1760000000013	1.28899999999976	4.72899999999936	0	0
5.75299999999879	1.77399999999943	5.17000000000007	0	0
5.58499999999913	2.09000000000015	4.84700000000157	0	0
4.86300000000119	1.58299999999963	4.58300000000054	0	0
5.63400000000001	2.80500000000029	5.01499999999942	0	0
10.2110000000011	3.28199999999924	8.97700000000077	0	0
15.9920000000002	5.57799999999952	14.2240000000002	0	0
11.1769999999997	3.90799999999945	10.0949999999993	0	0
11.241	5.25799999999981	9.72999999999956	0	0
10.259	3.86099999999988	9.33499999999913	0	0
5.22400000000016	1.65700000000015	4.65599999999904	0	0
19.9799999999996	9.95199999999932	16.8379999999997	0	0
11.4519999999993	3.38299999999981	10.246000000001	0	0
12.353000000001	3.67799999999988	11.1880000000001	0	0
11.6800000000003	3.54100000000017	9.89900000000125	0	0
12.8909999999996	7.80799999999999	10.7999999999993	0	0
5.24299999999857	1.98100000000068	4.70199999999932	0	0
6.48300000000017	3.28300000000036	5.36299999999937	0	0
12.4029999999984	3.01199999999972	10.8680000000004	0	0
5.74200000000019	2.43900000000031	4.88299999999981	0	0
5.51000000000022	1.33500000000004	4.95999999999913	0	0
11.4200000000001	2.92399999999998	10.0769999999993	0	0
6.36000000000058	2.52499999999964	5.66300000000047	0	0
10.6939999999995	3.02100000000064	9.7440000000006	0	0
16.8739999999998	6.1260000000002	14.8339999999989	0	0
5.72600000000057	1.74499999999989	5.15099999999984	0	0
5.39300000000003	1.86999999999989	5.16200000000026	0	0
11.4650000000001	5.40900000000056	10.110999999999	0	0
10.0630000000001	4.40999999999985	8.73500000000058	0	0
5.39999999999964	1.99399999999969	5.02299999999923	0	0
14.9950000000008	4.76099999999951	13.6959999999999	0	0
10.7800000000007	3.32700000000023	9.50699999999961	0	0
10.8580000000002	3.10000000000036	9.77099999999882	0	0
11.7950000000001	4.2489999999998	10.0699999999997	0	0
17.0720000000001	5.39099999999962	14.7579999999998	0	0
10.8709999999992	4.27700000000004	10.0900000000001	0	0
5.63800000000083	1.39199999999983	5.12299999999959	0	0
5.37299999999959	2.22999999999956	4.73400000000038	0	0
4.87200000000121	1.42500000000018	4.34300000000076	0	0
14.5339999999997	5.97299999999996	13.4159999999993	0	0
10.0900000000001	4.90499999999975	8.97800000000097	0	0
11.2189999999991	3.0010000000002	10.1939999999995	0	0
5.69599999999991	2.50399999999991	5.19599999999991	0	0
10.7579999999998	3.73099999999977	9.5520000000015	0	0
5.78400000000147	1.94799999999941	5.27200000000084	0	0
5.85800000000017	2.12899999999991	5.02900000000045	0	0
10.8240000000005	2.86599999999999	10.0200000000004	0	0
10.7929999999997	4.25999999999931	9.69499999999971	0	0
16.5040000000008	5.29100000000017	14.375	0	0
5.30199999999968	2.01999999999953	5.05899999999929	0	0
16.9889999999996	6.375	14.9120000000003	0	0
10.7139999999999	3.98199999999997	9.85300000000097	0	0
6.83100000000013	2.22800000000007	5.92599999999948	0	0
10.9959999999992	3.79100000000017	9.72700000000077	0	0
6.05299999999988	2.15800000000036	5.46299999999974	0	0
9.74099999999999	3.83100000000013	8.375	0	0
10.9009999999998	3.25099999999929	9.72099999999955	0	0
10.8040000000001	3.42600000000039	9.99200000000019	0	0
22.1540000000005	8.32800000000043	19.3209999999999	0	0
9.79399999999987	2.90000000000055	8.47399999999834	0	0
5.97400000000016	2.10499999999956	5.3130000000001	0	0
10.0379999999986	5.83699999999953	8.54299999999967	0	0
23.7939999999999	12.3980000000001	20.6550000000007	0	0
6.07699999999932	2.52800000000025	5.17799999999988	0	0
6.34900000000016	1.83500000000004	5.6929999999993	0	0
5.49200000000019	1.0630000000001	5.15500000000065	0	0
9.2510000000002	4.38400000000001	8.16199999999844	0	0
10.8089999999993	5.24200000000019	9.61200000000099	0	0
15.732	3.86100000000079	14.3689999999988	0	0
5.86399999999958	2.75699999999961	5.43400000000111	0	0
5.9910000000018	1.30100000000039	5.5010000000002	0	0
13.2870000000003	5.60600000000068	11.360999999999	0	0
10.3059999999987	4.72900000000027	9.36199999999917	0	0
10.3639999999996	4.42100000000028	9.125	0	0
11.0370000000003	5.17900000000009	9.68000000000029	0	0
5.39299999999821	2.21799999999985	5.06599999999889	0	0
9.34100000000035	3.73299999999927	8.01800000000003	0	0
5.73199999999997	2.67600000000039	4.6989999999987	0	0
6.41200000000026	2.28000000000065	5.49599999999919	0	0
16.7529999999988	8.12800000000061	14.5240000000013	0	0
12.9290000000001	6.1840000000002	10.9899999999998	0	0
5.65700000000106	2.8100000000004	5.07200000000012	0	0
5.62099999999919	2.13500000000022	5.22700000000077	0	0
5.30500000000029	1.7470000000003	4.66699999999946	0	0
16.6280000000006	6.55400000000009	14.6990000000005	0	0
6.3690000000006	1.85200000000077	5.48199999999997	0	0
6.13800000000083	3.03499999999985	5.2489999999998	0	0
9.66300000000047	3.1230000000005	9.27999999999884	0	0
12.224000000002	5.24600000000009	10.9410000000007	0	0
21.5540000000001	9.61999999999989	18.6399999999994	0	0
5.64600000000064	2.38299999999981	5.19000000000051	0	0
16.3339999999989	7.25500000000011	14.2469999999994	0	0
6.11399999999776	2.37100000000009	5.16200000000026	0	0
10.0509999999995	3.45100000000002	8.88700000000063	0	0
5.33499999999913	2.61300000000028	4.81999999999971	0	0
5.96099999999933	3.23199999999997	5.08800000000156	0	0
12.6180000000022	5.46399999999994	11.1399999999994	0	0
11.3529999999992	3.40799999999945	10.2000000000007	0	0
5.34100000000035	2.22099999999955	4.57400000000052	0	0
9.33199999999852	3.31800000000021	8.53700000000026	0	0
10.8120000000017	2.63500000000022	9.5049999999992	0	0
5.26399999999921	2.28600000000006	4.84100000000035	0	0
10.0889999999999	4.11499999999978	8.61899999999878	0	0
4.81599999999889	1.11299999999937	4.64199999999983	0	0
5.58699999999953	2.41499999999996	5.32599999999911	0	0
11.768	5.78200000000015	10.1910000000007	0	0
10.1100000000006	5.59500000000025	8.90300000000025	0	0
4.90899999999965	2.08799999999974	4.84699999999975	0	0
5.39600000000064	1.78899999999976	4.80500000000029	0	0
5.33099999999831	2.29600000000028	4.73400000000038	0	0
11.3489999999983	3.89599999999973	10.005000000001	0	0
5.27899999999863	1.56899999999951	4.58300000000054	0	0
5.76699999999983	2.625	4.78800000000047	0	0
11.2540000000008	3.90399999999954	9.85100000000057	0	0
5.72899999999936	2.77800000000025	5.03700000000026	0	0
9.67399999999907	4.67900000000009	8.22500000000036	0	0
11.2979999999989	4.85900000000038	10.0799999999999	0	0
6.26199999999881	3.28700000000026	5.36599999999999	0	0
9.46500000000015	4.13799999999992	8.34500000000116	0	0
5.17499999999927	1.21100000000024	4.65200000000004	0	0
10.0140000000029	4.15899999999965	8.6929999999993	0	0
10.607	7.51200000000063	8.89699999999903	0	0
11.1029999999992	5.63400000000001	10.018	0	0
11.4789999999994	4.95800000000054	10.0319999999992	0	0
11.0869999999995	4.22800000000007	9.64700000000084	0	0
5.8269999999975	1.72599999999966	5.33100000000013	0	0
5.40200000000186	1.9399999999996	5.18499999999949	0	0
5.31400000000212	1.69499999999971	4.79299999999967	0	0
9.68400000000111	3.90599999999995	8.47000000000116	0	0
11.3919999999998	3.34299999999985	9.80299999999988	0	0
6.07800000000134	1.8119999999999	5.50799999999981	0	0
6.12999999999738	1.46100000000024	5.43599999999969	0	0
5.51499999999942	1.04899999999998	5.07400000000052	0	0
5.20499999999811	2.10099999999966	4.64500000000044	0	0
5.61300000000119	2.0049999999992	4.99099999999999	0	0
14.5319999999992	4.85400000000027	12.8259999999991	0	0
6.07099999999991	2.96200000000044	5.47900000000118	0	0
12.482	5.95500000000084	11.0799999999999	0	0
9.55400000000009	3.73599999999988	8.60100000000057	0	0
5.43000000000029	1.67599999999948	4.90200000000004	0	0
5.40099999999802	1.58700000000044	4.62400000000162	0	0
9.51400000000285	4.61699999999928	8.6260000000002	0	0
5.9230000000025	1.90099999999984	5.35100000000057	0	0
15.875	5.04799999999977	14.223	0	0
5.10499999999956	1.79800000000068	4.45399999999972	0	0
11.6490000000013	3.66800000000057	10.616	0	0
5.00599999999758	1.86599999999999	4.77000000000044	0	0
6.20600000000195	2.04199999999946	5.86999999999898	0	0
5.45699999999852	2.20199999999932	4.81100000000151	0	0
10.2649999999994	4.05999999999949	8.44800000000032	0	0
12.0519999999997	4.55100000000039	10.612000000001	0	0
10.6179999999986	2.88199999999961	9.51600000000144	0	0
5.07099999999991	1.29799999999977	4.70600000000013	0	0
6.31999999999971	2.6909999999998	5.97600000000057	0	0
15.357	6.03799999999956	13.0920000000006	0	0
10.6239999999998	6.01099999999951	8.93399999999929	0	0
6.06899999999951	1.88500000000022	5.42200000000048	0	0
6.19900000000052	1.85600000000068	5.48300000000017	0	0
11.119999999999	4.04300000000057	9.77900000000045	0	0
5.78099999999904	2.41400000000067	5.26300000000083	0	0
5.56499999999869	1.15800000000036	4.93299999999908	0	0
5.80899999999747	2.36999999999989	5.31499999999869	0	0
5.94800000000032	3.32800000000043	4.76299999999901	0	0
6.01599999999962	1.30999999999949	5.47199999999975	0	0
6.1140000000014	2.9970000000003	5.14499999999862	0	0
5.49699999999939	2.53400000000056	4.69099999999889	0	0
10.0959999999977	4.95200000000023	9.0570000000007	0	0
9.47399999999834	4.85099999999966	8.52299999999741	0	0
6.04699999999866	2.51400000000012	5.44800000000032	0	0
11.2089999999989	3.65499999999975	9.87099999999919	0	0
6.07500000000073	1.67500000000018	5.47499999999854	0	0
17.2380000000012	7.79899999999998	15.0430000000015	0	0
5.53199999999924	1.49499999999989	4.80300000000352	0	0
12.393	4.80400000000009	10.3139999999985	0	0
5.47599999999875	1.31700000000001	4.91300000000047	0	0
16.5809999999983	8.61599999999999	14.4739999999983	0	0
5.85099999999875	2.67100000000028	5.31999999999971	0	0
10.1579999999994	4.98799999999937	9	0	0
5.79300000000148	2.78799999999956	4.98300000000017	0	0
5.72200000000157	2.69800000000032	5.01499999999942	0	0
9.99699999999939	4.50600000000031	8.6140000000014	0	0
10.3870000000024	4.34000000000015	9.48800000000119	0	0
12.2279999999992	5.1880000000001	10.5210000000006	0	0
5.91400000000067	1.71399999999994	5.47300000000178	0	0
11.6319999999978	4.69000000000051	10.4349999999977	0	0
10.400999999998	4.17900000000009	9.29699999999866	0	0
5.66400000000067	1.96599999999944	5.28400000000329	0	0
12.6530000000021	6.05999999999949	10.6580000000031	0	0
12.5950000000012	4.64900000000034	11.2599999999984	0	0
5.83599999999933	2.39599999999973	5.22000000000116	0	0
17.4179999999978	6.93599999999969	15.4219999999987	0	0
11.4770000000026	3.625	10.3960000000006	0	0
20.3280000000013	7.34000000000015	18.1899999999987	0	0
10.8760000000002	3.80400000000009	9.7980000000025	0	0
5.36699999999837	3.43100000000049	4.98700000000099	0	0
15.6930000000029	4.88199999999961	14.1469999999972	0	0
14.4140000000007	4.97600000000057	13.0689999999995	0	0
10.2380000000012	4.84000000000015	8.88300000000163	0	0
15.3110000000015	7.46000000000004	12.9940000000024	0	0
19.1359999999986	8.72600000000057	16.2299999999996	0	0
5.89800000000105	2.49300000000039	5.44100000000253	0	0
11.8379999999997	3.68299999999999	10.1840000000011	0	0
4.97099999999773	1.90200000000004	4.64600000000064	0	0
15.362000000001	6.76800000000003	13.2789999999986	0	0
11.3109999999979	3.24300000000039	10.1129999999976	0	0
16.6860000000015	5.52599999999984	14.5390000000007	0	0
27.0790000000015	7.91600000000017	24.1159999999982	0	0
11.7259999999987	5.60800000000017	10.0529999999999	0	0
11.5220000000008	5.24299999999948	10.0930000000008	0	0
12.0190000000002	4.36099999999988	10.3029999999999	0	0
16.3660000000018	4.96699999999964	14.4310000000005	0	0
12	5.44399999999951	11.0519999999997	0	0
10.4539999999979	4.86299999999937	9.08899999999994	0	0
5.52899999999863	2.26600000000053	4.64099999999962	0	0
11.4130000000005	4.08899999999994	10.1830000000009	0	0
9.2609999999986	3.05000000000018	8.42599999999948	0	0
15.6700000000019	3.99499999999989	14.2040000000015	0	0
10.8329999999987	3.30799999999999	9.57500000000073	0	0
5.32200000000012	1.79399999999987	4.51299999999901	0	0
9.31399999999849	4.06600000000071	8.0679999999993	0	0
5.49399999999878	1.79999999999927	4.87199999999939	0	0
5.65800000000309	2.39099999999962	5.06100000000151	0	0
5.0580000000009	1.97700000000077	4.85800000000017	0	0
17.9389999999985	7.45100000000002	15.2179999999971	0	0
10.7720000000008	5.8130000000001	9.39100000000326	0	0
16.7949999999983	6.91899999999987	14.9229999999989	0	0
5.52000000000044	1.61999999999989	4.86000000000058	0	0
16.8350000000028	6.25	14.6749999999993	0	0
5.18399999999747	2.38100000000031	4.72499999999854	0	0
5.74599999999919	2.48799999999937	5.10800000000017	0	0
10.6620000000003	6.50799999999981	8.93399999999747	0	0
5.95599999999831	3.04399999999987	5.36999999999898	0	0
5.97699999999895	2.20199999999932	5.40200000000186	0	0
5.38500000000204	2.20700000000033	4.44300000000294	0	0
18.5639999999985	7.59600000000046	16.023000000001	0	0
5.78299999999945	2.60999999999967	5.18299999999726	0	0
11.7000000000007	3.64300000000003	10.375	0	0
5.67000000000189	1.49600000000009	5.09000000000015	0	0
10.1510000000017	5.29100000000017	8.84000000000015	0	0
9.16200000000026	3.69399999999951	8.09200000000055	0	0
6.08299999999872	2.75900000000001	5.27800000000207	0	0
6.54599999999846	2.9989999999998	5.6339999999982	0	0
9.27399999999761	3.08500000000004	8.32500000000073	0	0
18.2170000000006	7.3090000000002	15.3810000000012	0	0
11.7150000000001	4.61099999999988	10.3999999999978	0	0
5.95700000000215	1.94899999999961	5.31899999999951	0	0
5.70100000000093	2.33100000000013	5.26399999999921	0	0
5.72400000000198	1.84000000000015	4.95899999999892	0	0
5.32999999999811	1.20299999999952	4.98199999999997	0	0
6.50600000000122	3.15300000000025	5.29999999999927	0	0
15.2510000000002	5.98599999999988	12.8430000000008	0	0
5.87700000000041	2.46000000000004	5.03399999999965	0	0
6.29499999999825	2.51000000000022	5.3640000000014	0	0
13.7049999999981	6.7489999999998	11.0080000000016	0	0
5.76800000000003	2.6880000000001	4.78800000000047	0	0
17.8780000000006	11.5830000000005	14.3130000000019	0	0
5.62700000000041	1.54599999999937	4.82400000000052	0	0
9.56300000000192	3.61300000000028	8.8179999999993	0	0
12.5920000000006	4.85599999999977	10.9699999999975	0	0
14.655999999999	9.58899999999994	12.2229999999981	0	0
10.4860000000008	4.46600000000035	9.06100000000151	0	0
10.5910000000003	3.51000000000022	9.81099999999788	0	0
5.40499999999884	1.84900000000016	4.95099999999729	0	0
9.53700000000026	3.76800000000003	8.46800000000076	0	0
19.9910000000018	8.66399999999976	18.0750000000007	0	0
5.66500000000087	1.51699999999983	5.18699999999808	0	0
5.70600000000195	2.01800000000003	4.69800000000032	0	0
15.232	4.73499999999967	14.155999999999	0	0
9.17400000000271	3.67000000000007	8.22599999999875	0	0
13.1359999999986	6.80299999999988	11.5529999999999	0	0
12.4910000000018	6.4989999999998	10.6569999999992	0	0
9.97499999999854	4.15799999999945	8.73199999999997	0	0
5.55699999999706	1.49099999999999	4.78600000000006	0	0
11.8539999999994	5.69999999999982	10.2480000000032	0	0
18.6990000000005	8.47600000000057	16.719000000001	0	0
11.2589999999982	3.89599999999973	10.4629999999997	0	0
5.63199999999779	1.87800000000061	4.9539999999979	0	0
16.4499999999971	4.52300000000014	14.8149999999987	0	0
10.7949999999983	7.70899999999983	9.12800000000061	0	0
17.211000000003	5.91899999999987	16.2590000000018	0	0
9.57499999999709	4.97199999999975	8.68100000000049	0	0
11.0749999999971	4.8760000000002	9.74099999999817	0	0
5.37199999999939	1.65700000000015	4.95800000000236	0	0
11.4310000000005	3.86400000000049	10.3349999999991	0	0
11.3310000000019	4.25500000000011	9.60199999999895	0	0
4.76600000000326	1.87299999999959	4.3650000000016	0	0
5.72899999999936	2.375	5.22700000000259	0	0
9.56200000000172	3.59300000000076	8.09500000000116	0	0
5.72999999999956	1.8090000000002	4.89999999999782	0	0
4.9910000000018	1.1840000000002	4.45600000000195	0	0
5.84000000000015	2.33100000000013	5.01300000000265	0	0
5.90899999999965	1.51800000000003	5.47500000000218	0	0
5.7039999999979	1.39599999999973	5.17599999999948	0	0
11.0850000000028	4.15300000000025	9.53600000000006	0	0
5.1260000000002	1.73300000000017	4.60499999999956	0	0
5.90499999999884	1.73199999999997	5.29899999999907	0	0
10.9890000000014	4.03499999999985	9.87900000000081	0	0
4.69700000000012	0.671999999999571	4.49199999999837	0	0
16.1420000000035	7.01699999999983	13.5329999999994	0	0
6.23099999999977	2.17299999999977	5.33700000000317	0	0
16.3070000000007	5.34400000000005	14.3329999999987	0	0
5.1140000000014	1.38100000000031	4.78600000000006	0	0
20.8489999999983	5.18000000000029	18.9749999999985	0	0
12.3260000000009	4.26300000000083	10.8659999999982	0	0
15.0120000000024	5.93499999999949	13.3549999999996	0	0
5.15699999999924	1.82499999999982	4.92299999999886	0	0
10.8709999999992	3.2549999999992	9.77700000000186	0	0
5.1150000000016	1.72099999999955	4.64999999999782	0	0
11.5510000000031	3.97600000000057	10.5669999999991	0	0
15.8100000000013	5.59000000000015	14.1409999999996	0	0
15.8389999999999	6.06500000000051	13.8990000000013	0	0
5.50700000000143	2.09100000000035	4.85199999999895	0	0
21.3140000000021	8.5590000000002	18.3680000000022	0	0
16.2849999999999	4.98400000000038	14.6389999999992	0	0
5.97899999999936	2.9340000000002	4.94700000000012	0	0
10.5650000000023	4.02099999999973	9.22600000000239	0	0
5.97100000000137	2.21000000000004	5.23800000000119	0	0
10.1450000000004	3.88900000000012	8.48999999999796	0	0
10.2619999999988	6.73499999999967	8.67700000000332	0	0
