19.752	20.057	11.511	0	0
9.912	5.244	8.9	0	0
16.791	7.299	16.931	0	0
24.768	29.894	13.916	0	0
10.123	4.83699999999999	10.057	0	0
20.145	12.122	17.221	0	0
21.363	19.505	20.214	0	0
9.66800000000001	4.102	8.00999999999999	0	0
12.255	14.429	10.351	0	0
22.608	24.439	16.786	0	0
17.927	13.44	16.987	0	0
10.913	6.63300000000001	9.41399999999999	0	0
11.109	8.08999999999997	9.59800000000001	0	0
17.114	9.58299999999997	14.339	0	0
13.58	12.883	12.061	0	0
35.126	39.86	20.437	0	0
28.468	26.011	18.695	0	0
20.6	22.438	11.708	0	0
19.6460000000001	23.031	13.336	0	0
12.2779999999999	6.93200000000002	10.001	0	0
23.895	20.515	18.089	0	0
11.1930000000001	8.51800000000003	9.29299999999995	0	0
23.383	22.3919999999999	17.8119999999999	0	0
16.52	9.23099999999999	19.05	0	0
14.9409999999999	14.5260000000001	11.4300000000001	0	0
10.254	8.26499999999999	10.352	0	0
13.8049999999999	9.327	10.9060000000001	0	0
11.0930000000001	5.57300000000009	9.65600000000006	0	0
19.3879999999999	10.942	17.447	0	0
9.33000000000004	4.57299999999998	9.56299999999999	0	0
24.928	24.0070000000001	16.1950000000001	0	0
8.947	5.61099999999999	10.5319999999999	0	0
10.98	7.42399999999998	10.9380000000001	0	0
21.1130000000001	16.463	17.316	0	0
14.606	10.7850000000001	9.8180000000001	0	0
20.3869999999999	13.371	17.41	0	0
10.876	6.399	11.691	0	0
12.8979999999999	10.585	10.819	0	0
26.7739999999999	29.28	18.987	0	0
12.316	10.252	10.63	0	0
14.231	12.46	11.592	0	0
19.76	14.417	16.731	0	0
11.1559999999999	8.65000000000009	10.4829999999999	0	0
18.9010000000001	18.2380000000001	16.938	0	0
11.1849999999999	6.68499999999995	10.2670000000001	0	0
11.7439999999999	9.25400000000013	9.94700000000012	0	0
19.8310000000001	23.896	11.624	0	0
15.6320000000001	9.85500000000002	15.278	0	0
9.03799999999978	4.25500000000011	9.30500000000006	0	0
20.9349999999999	17.7809999999999	19.3609999999999	0	0
23.8410000000001	22.364	18.1699999999998	0	0
17.444	9.44899999999984	17.0640000000001	0	0
17.239	10.8720000000001	15.1680000000001	0	0
20.1960000000001	17.174	17.097	0	0
17.74	11.8530000000001	15.4059999999999	0	0
16.2259999999999	10.835	17.5899999999999	0	0
9.06899999999996	3.25199999999995	9.61799999999994	0	0
10.337	5.11200000000008	10.3829999999998	0	0
11.1080000000002	6.28300000000013	10.3340000000001	0	0
12.6689999999999	8.83000000000015	9.75400000000013	0	0
9.01599999999985	5.02999999999997	8.51999999999998	0	0
18.2079999999999	9.92399999999998	16.4089999999999	0	0
11.691	7.31799999999998	10.404	0	0
9.73800000000006	5.26900000000001	10.356	0	0
8.80600000000004	3.27999999999997	8.904	0	0
8.73900000000003	4.20499999999993	8.43399999999997	0	0
9.22399999999993	4.91200000000003	9.73900000000003	0	0
8.10400000000004	3.69400000000019	8.92700000000013	0	0
14.654	12.3579999999999	11.425	0	0
10.1360000000002	5.27199999999993	9.65100000000007	0	0
12.636	8.25199999999995	10.6989999999998	0	0
18.5390000000002	13.2729999999999	16.3620000000001	0	0
10.95	7.3420000000001	10.2649999999999	0	0
18.7560000000001	14.4099999999999	16.1310000000001	0	0
10.9480000000001	5.88599999999997	12.2669999999998	0	0
28.3390000000002	29.0990000000002	18.883	0	0
12.2139999999999	10.394	11.8120000000001	0	0
25.6900000000001	21.893	17.6790000000001	0	0
10.8320000000003	6.25800000000004	11.836	0	0
10.6609999999996	6.53599999999983	8.32300000000009	0	0
9.88899999999967	5.78800000000001	11.616	0	0
18.9849999999997	12.5550000000001	16.4459999999999	0	0
11.2599999999998	7.04599999999982	10.539	0	0
10.143	4.64699999999993	9.71000000000004	0	0
12.0350000000003	5.66800000000012	11.22	0	0
10.6099999999997	6.03999999999996	8.79600000000005	0	0
25.4100000000003	24.2320000000002	17.0799999999999	0	0
11.0049999999997	7.92499999999995	10.107	0	0
9.26800000000003	4.73399999999992	9.15000000000009	0	0
10.5250000000001	7.96299999999997	8.67399999999998	0	0
10.77	6.61699999999996	10.556	0	0
11.4699999999998	7.10400000000004	8.83600000000001	0	0
11.7800000000002	11.1970000000001	10.7440000000001	0	0
8.3090000000002	2.50999999999999	8.45200000000023	0	0
18.8339999999998	13.3819999999998	16.6680000000001	0	0
18.9720000000002	17.7260000000001	13.0909999999999	0	0
21.1770000000001	20.4869999999996	14.8130000000001	0	0
14.4830000000002	13.0720000000001	11.5740000000001	0	0
24.0160000000001	24.4000000000001	16.3319999999999	0	0
11.5160000000001	8.94799999999987	9.98399999999992	0	0
12.3000000000002	10.2739999999999	10.2189999999996	0	0
9.74699999999984	2.56700000000001	10.7649999999999	0	0
23.6489999999999	22.6089999999999	19.6439999999998	0	0
11.2929999999997	8.40099999999984	10.2359999999999	0	0
9.97500000000036	6.92699999999968	9.36099999999988	0	0
24.6869999999999	22.0479999999998	17.0310000000004	0	0
12.4989999999998	10.2249999999999	9.53800000000001	0	0
22.7559999999999	18.0720000000001	17.3830000000003	0	0
15.5659999999998	8.30400000000009	15.9559999999997	0	0
12.8890000000001	11.0729999999999	10.8519999999999	0	0
11.7389999999996	9.0300000000002	9.23000000000002	0	0
20.7660000000001	14.9180000000001	16.1199999999999	0	0
9.84099999999989	7.45499999999993	8.74900000000025	0	0
9.58999999999969	3.85900000000038	10.6799999999998	0	0
17.4229999999998	9.39899999999989	16.0250000000001	0	0
13.7260000000001	9.66199999999981	10.2270000000003	0	0
13.0389999999998	9.67100000000028	13.9979999999996	0	0
28.2980000000002	35.5279999999998	12.7469999999998	0	0
10.0339999999997	5.55299999999988	9.09099999999989	0	0
10.4409999999998	6.28999999999996	8.65999999999985	0	0
8.40000000000009	2.49400000000014	8.32799999999997	0	0
16.855	8.47299999999996	14.8630000000003	0	0
9.0659999999998	3.74499999999989	7.5300000000002	0	0
8.57099999999991	3.66400000000021	8.11100000000033	0	0
12.5509999999999	8.62100000000009	12.29	0	0
16.7530000000002	9.98299999999972	17.2419999999997	0	0
16.3989999999999	15.5349999999999	9.55000000000018	0	0
8.56700000000001	1.98199999999997	9.0319999999997	0	0
28.0719999999997	28.308	16.0100000000002	0	0
23.252	19.6529999999998	19.0329999999999	0	0
9.36699999999973	6.4369999999999	10.4079999999999	0	0
15.9409999999998	6.78400000000011	15.9590000000003	0	0
12.8649999999998	10.5840000000003	9.63599999999997	0	0
20.4090000000001	19.652	17.2080000000001	0	0
8.49599999999964	2.54599999999982	8.53200000000015	0	0
12.3150000000001	7.93100000000004	9.50199999999995	0	0
12.5210000000002	8.61300000000028	10.3229999999999	0	0
22.7719999999999	18.1349999999998	19.2269999999999	0	0
19.0260000000003	10.2509999999997	17.0839999999998	0	0
11.5120000000002	9.47800000000007	10.482	0	0
9.92599999999993	5.90900000000011	10.1619999999998	0	0
9.50500000000011	4.65000000000009	9.4369999999999	0	0
9.14899999999989	2.97199999999975	9.44500000000016	0	0
19.1619999999998	11.8649999999998	16.7240000000002	0	0
12.3029999999999	11.663	10.5679999999998	0	0
10.0149999999999	4.63999999999987	10.4429999999998	0	0
9.85800000000017	4.00800000000027	8.85099999999966	0	0
16.0050000000001	15.953	11.6300000000001	0	0
20.643	16.0680000000002	16.4119999999998	0	0
11.0880000000002	5.53900000000021	11.3449999999998	0	0
18.9369999999999	11.529	18.5569999999998	0	0
20.221	14.71	19.357	0	0
21.8530000000001	19.8380000000002	19.7149999999997	0	0
19.6650000000004	14.759	16.252	0	0
11.4710000000005	6.71500000000015	12.107	0	0
18.817	14.5999999999999	15.8589999999999	0	0
17.2330000000002	11.944	17.0120000000002	0	0
10.3920000000007	6.51000000000022	9.38200000000006	0	0
10.4979999999996	6.00800000000027	11.6259999999997	0	0
10.0830000000005	5.19399999999996	8.99099999999999	0	0
11.2730000000001	6.97899999999981	11.5280000000002	0	0
8.75	2.62699999999995	8.90800000000036	0	0
17.625	11.0859999999998	15.9079999999999	0	0
11.3249999999998	8.92999999999984	9.91900000000032	0	0
15.0740000000005	12.4520000000002	11.7020000000002	0	0
10.9539999999997	10.692	10.1569999999997	0	0
10.125	5.45599999999968	9.82200000000012	0	0
18.4539999999997	10.6930000000002	16.4900000000002	0	0
13.2060000000001	10.0809999999997	9.43600000000015	0	0
8.05299999999988	2.76400000000012	7.87800000000016	0	0
9.99499999999989	4.81500000000005	8.58599999999979	0	0
16.9480000000003	11.4829999999997	15.123	0	0
21.9269999999997	21.143	15.502	0	0
12.1959999999999	8.97200000000021	9.69100000000026	0	0
18.5230000000001	10.5459999999998	17.471	0	0
10.3220000000001	5.82499999999982	9.18200000000024	0	0
28.8140000000003	27.7220000000002	21.4569999999999	0	0
8.59099999999944	4.00800000000027	8.55799999999999	0	0
11.8999999999996	7.34700000000021	10.424	0	0
13.7479999999996	10.413	10.6019999999999	0	0
9.6840000000002	3.05199999999968	10.7780000000002	0	0
8.32399999999961	3.17599999999993	9.86999999999989	0	0
15.5869999999995	8.72799999999961	16.8869999999997	0	0
16.9399999999996	11.3210000000004	17.3269999999998	0	0
9.95499999999993	5.67399999999998	9.72200000000021	0	0
18.3270000000002	10.2419999999997	15.877	0	0
11.241	5.52100000000019	12.297	0	0
9.61000000000058	4.44900000000007	8.55200000000059	0	0
19.0640000000003	14.9339999999997	19.2110000000002	0	0
8.99699999999939	5.80799999999999	8.20799999999963	0	0
13.1609999999991	11.6330000000003	10.607	0	0
9.15700000000015	4.57299999999987	7.75099999999929	0	0
11.1089999999995	7.26800000000003	8.91000000000076	0	0
19.8330000000005	17.2660000000001	14.5280000000002	0	0
11.0799999999999	7.47800000000007	9.66299999999956	0	0
21.3040000000001	13.913	17.3019999999997	0	0
10.2129999999997	6.34099999999989	10.1909999999998	0	0
9.80400000000009	3.92599999999993	11.0799999999999	0	0
11.165	5.78200000000015	9.01699999999983	0	0
10.5380000000005	5.41199999999981	10.0280000000002	0	0
18.1459999999997	10.915	16.5259999999998	0	0
10.1120000000001	7.97299999999996	8.70699999999943	0	0
26.8189999999995	25.6109999999999	18.0870000000004	0	0
19.2399999999998	11	15.3740000000007	0	0
8.42100000000028	5.70399999999972	8.4380000000001	0	0
9.63100000000031	5.33400000000074	11.143	0	0
9.91299999999956	6.5	9.02799999999934	0	0
11.1760000000004	5.79699999999957	10.3739999999998	0	0
14.7579999999998	12.6890000000003	10.2520000000004	0	0
22.2840000000006	18.4960000000001	17.6349999999993	0	0
24.866	24.9360000000006	15.7749999999996	0	0
18.6969999999992	13.0630000000001	17.348	0	0
9.15500000000065	3.96300000000065	10.3509999999997	0	0
10.1419999999998	4.53700000000026	9.52099999999973	0	0
9.01999999999953	4.96799999999985	8.30299999999988	0	0
10.2169999999996	6.45899999999983	9.66499999999996	0	0
15.7179999999998	7.27700000000004	15.6169999999993	0	0
18.3729999999996	12.973	15.9750000000004	0	0
21.8449999999993	11.5	20.1350000000002	0	0
26.585	27.1779999999999	19.9520000000002	0	0
12.1769999999997	10.8810000000003	10.134	0	0
10.1270000000004	5.32499999999982	11.518	0	0
18.9870000000001	13.0990000000002	15.7740000000003	0	0
18.201	9.94599999999991	16.8289999999997	0	0
8.90200000000004	5.39400000000023	8.44500000000062	0	0
17.9949999999999	10.1100000000006	15.4879999999994	0	0
21.1280000000006	16.4219999999996	18.1449999999995	0	0
9.42500000000018	5.31099999999969	9.10500000000047	0	0
26.1189999999997	24.5159999999996	18.9609999999993	0	0
10.1360000000004	5.92499999999927	10.3429999999998	0	0
10.4620000000004	5.40599999999995	10.5079999999998	0	0
13.835	11.4529999999995	9.89200000000073	0	0
12.5590000000002	9.45000000000073	9.71799999999985	0	0
19.7929999999997	12.7330000000002	17.3779999999997	0	0
10.9110000000001	7.95799999999963	10.0560000000005	0	0
9.7510000000002	6.28099999999995	9.61899999999969	0	0
9.15599999999995	4.8779999999997	9.33300000000054	0	0
18.8209999999999	16.7240000000002	14.9659999999994	0	0
9.66100000000006	4.38199999999961	12.2889999999998	0	0
10.6660000000002	7.49900000000071	9.43700000000081	0	0
19.0990000000002	9.15100000000075	18.2620000000006	0	0
19.5889999999999	17.9290000000001	16.2159999999994	0	0
8.90200000000004	4.28499999999985	8.29100000000017	0	0
10.6440000000002	4.45899999999983	9.97899999999936	0	0
10.6890000000003	8.28700000000026	8.76900000000023	0	0
10.8400000000001	8.98800000000028	9.69999999999982	0	0
9.73199999999997	4.38700000000063	9.48599999999988	0	0
12.7290000000003	8.51400000000012	11.0730000000003	0	0
26.5969999999998	26.201	20.0870000000004	0	0
13.4589999999998	10.0209999999997	10.5560000000005	0	0
10.2330000000002	4.27499999999964	8.89599999999973	0	0
10.5050000000001	7.84600000000046	10.4269999999997	0	0
16.3589999999995	9.3690000000006	14.6750000000002	0	0
10.3179999999993	6.69500000000062	9.67799999999988	0	0
11.7839999999997	8.64900000000034	10.0909999999994	0	0
19.9960000000001	15.9059999999999	16.5650000000005	0	0
11.4009999999998	8.25500000000011	9.88499999999931	0	0
18.9949999999999	11.6529999999993	15.7879999999996	0	0
8.68199999999979	4.23400000000038	8.35099999999966	0	0
13.5839999999998	11.9939999999997	9.42999999999938	0	0
19.9309999999996	14.6630000000005	16.1899999999996	0	0
14.0810000000001	10.8519999999999	10.8340000000007	0	0
21.3720000000003	19.6490000000003	18.4049999999997	0	0
8.96900000000005	3.05400000000009	8.52300000000014	0	0
22.3620000000001	21.1120000000001	18.6089999999995	0	0
17.3220000000001	11.9169999999995	16.0729999999994	0	0
9.79899999999998	5.98300000000017	8.76599999999962	0	0
18.2349999999997	17.1019999999999	12.2020000000002	0	0
8.35199999999986	3.02800000000025	9.59400000000005	0	0
19.6320000000005	14.2079999999996	18.71	0	0
28.5929999999998	28.9079999999994	19.1979999999994	0	0
12.0469999999996	10.875	10.049	0	0
23.6149999999998	23.375	18.3539999999994	0	0
11.3629999999994	10.1050000000005	10.1689999999999	0	0
11.6629999999996	7.45700000000033	12.3389999999999	0	0
26.4229999999998	26.3810000000003	18.9470000000001	0	0
17.7860000000001	8.64900000000034	20.1300000000001	0	0
13.0730000000003	10.7969999999996	9.89599999999973	0	0
11.3000000000002	10.2170000000006	9.03999999999996	0	0
21.8440000000001	12.8019999999997	19.3430000000008	0	0
17.857	13.2039999999997	17.4560000000001	0	0
9.64800000000014	6.73499999999967	10.2619999999997	0	0
17.5140000000001	10.6929999999993	15.3389999999999	0	0
10.6210000000001	7.30400000000009	9.01699999999983	0	0
14.2170000000006	12.0820000000003	12.7860000000001	0	0
9.04799999999977	5.33200000000033	9.71900000000005	0	0
23.1679999999997	20.3690000000006	18.0919999999996	0	0
11.9180000000006	8.53800000000047	9.97699999999986	0	0
9.95500000000084	4.75799999999981	9.7510000000002	0	0
19.3140000000003	15.335	14.9300000000003	0	0
10.1710000000003	4.98100000000068	9.91499999999996	0	0
11.3940000000002	7.79800000000068	10.7510000000002	0	0
15.8800000000001	10.1949999999997	16.7870000000003	0	0
20.6149999999998	12.5609999999997	19.3540000000003	0	0
14.6549999999997	15.6800000000003	10.8189999999995	0	0
11.8850000000002	10.3919999999998	9.93900000000031	0	0
9.95799999999963	5.04799999999977	9.55799999999999	0	0
12.3219999999992	9.90800000000036	10.0330000000004	0	0
10.7660000000005	5.92300000000068	10.6329999999998	0	0
18.3370000000004	11.0219999999999	17.0070000000005	0	0
21.1749999999993	15.924	19.6679999999997	0	0
11.491	6.99699999999939	11.6790000000001	0	0
13.2539999999999	8.66399999999976	11.5339999999997	0	0
16.5039999999999	15.8819999999996	11.259	0	0
10.1669999999995	4.96399999999994	10.2539999999999	0	0
10.5830000000005	5.50700000000052	9.92500000000018	0	0
9.54600000000028	5.06700000000001	10.3110000000006	0	0
16.3209999999999	7.96100000000024	14.5889999999999	0	0
13.1190000000006	13.2799999999997	11.5609999999997	0	0
11.8589999999995	8.12100000000009	8.65500000000065	0	0
10.4830000000002	5.19599999999991	9.23999999999978	0	0
11.8139999999994	9.27700000000004	10.1459999999997	0	0
25.7529999999997	26.1180000000004	17.4520000000002	0	0
14.2790000000005	15.5749999999998	11.9800000000005	0	0
12.1999999999998	10.5260000000007	8.53700000000026	0	0
26.0010000000002	22.3329999999996	18.3999999999996	0	0
12.3999999999996	8.20300000000043	11.357	0	0
13.3430000000008	9.38799999999992	10.2299999999996	0	0
24.9419999999991	23.817	16.4129999999996	0	0
11.8780000000006	6.81600000000071	9.14800000000014	0	0
10.6660000000011	6.11599999999999	8.92100000000028	0	0
15.7579999999998	7.16200000000026	15.6610000000001	0	0
20.780999999999	17.9549999999999	16.0619999999999	0	0
8.85599999999977	2.89699999999993	8.51599999999962	0	0
14.6190000000006	15.9949999999999	10.2150000000001	0	0
19.1530000000002	15.4120000000003	16.1040000000003	0	0
15.0259999999998	13.674	11.5	0	0
11.5660000000007	7.91200000000026	10.3400000000001	0	0
19.7739999999994	12.2669999999998	15.9430000000002	0	0
10.9259999999995	8.38000000000011	10.5779999999995	0	0
19.4510000000009	14.1210000000001	16.3679999999995	0	0
11.8959999999988	6.79100000000017	10.0290000000005	0	0
10.6329999999998	3.91700000000037	10.3800000000001	0	0
20.4139999999989	12.299	17.375	0	0
8.90300000000025	3.76900000000023	9.76399999999921	0	0
18.0439999999999	20.5889999999999	11.0379999999996	0	0
24.6689999999999	24.5300000000007	17.9019999999991	0	0
10.3820000000014	7.46499999999924	8.72500000000036	0	0
9.73399999999856	4.01299999999992	10.4720000000007	0	0
8.64600000000064	2.83800000000065	9.63799999999992	0	0
11.3029999999999	5.8760000000002	9.43599999999969	0	0
12.9840000000004	10.2879999999996	9.67100000000028	0	0
10.6530000000002	6.30799999999999	9.90200000000004	0	0
9.85599999999977	4.90399999999954	8.90500000000065	0	0
13.7309999999998	10.1399999999994	10.6300000000001	0	0
25.5360000000001	24.6480000000001	17.6469999999999	0	0
10.8739999999998	6.35999999999967	10.098	0	0
10.1790000000001	7.50500000000011	9.3809999999994	0	0
17.8959999999988	13.558	17.8529999999992	0	0
18.348	12.0870000000004	18.7029999999995	0	0
11.1229999999996	8.40800000000036	10.0459999999994	0	0
22.2690000000002	17.9589999999998	18.3789999999999	0	0
9.07200000000012	4.03399999999965	9.52599999999984	0	0
19.3150000000005	16.5739999999996	18.0330000000004	0	0
11.5840000000007	5.76599999999962	9.44999999999982	0	0
10.2039999999997	5.01000000000022	11.0929999999998	0	0
8.84600000000137	3.32399999999961	10.6270000000004	0	0
9.82999999999993	5.87100000000009	11.3450000000003	0	0
21.4789999999994	19.0829999999996	19.4980000000005	0	0
24.5720000000001	20.9169999999995	18.0739999999996	0	0
10.8870000000006	8.95300000000043	9.51400000000012	0	0
23.1039999999994	21.7529999999997	17.4740000000002	0	0
9.16500000000087	4.08300000000054	11.6149999999998	0	0
10.0969999999998	5.44300000000021	10.3760000000002	0	0
23.0580000000009	21.2910000000002	16.9030000000002	0	0
15.4809999999998	18.8580000000002	11.098	0	0
18.6720000000005	13.451	17.6850000000004	0	0
18.3340000000007	15.9220000000005	14.9870000000001	0	0
16.1749999999993	14.0799999999999	11.098	0	0
10.8769999999986	7.95700000000033	11.3699999999999	0	0
10.9140000000007	7.0600000000004	11.3319999999994	0	0
8.53199999999924	4.12100000000009	8.1239999999998	0	0
15.1980000000003	11.6210000000001	11.165	0	0
20.5570000000007	17.098	16.5990000000011	0	0
9.17699999999968	2.68199999999979	9.28299999999945	0	0
10.0569999999989	5.84799999999996	8.19099999999889	0	0
18.905999999999	10.6689999999999	16.0789999999997	0	0
18.9390000000003	13.3590000000004	16.1000000000004	0	0
11.1419999999998	6.39800000000014	10.6270000000004	0	0
17.107	10.3620000000001	16.8180000000011	0	0
18.2800000000007	10.8469999999998	15.6929999999993	0	0
16.3820000000014	14.8129999999992	13.5419999999995	0	0
10.5630000000001	7.32999999999993	10.1440000000002	0	0
17.1929999999993	10.8739999999998	17.3819999999996	0	0
10.9270000000015	10.7920000000004	9.67300000000068	0	0
9.49200000000019	2.6840000000002	9.68100000000049	0	0
17	9.7510000000002	16.262999999999	0	0
25.268	25.5730000000003	18.982	0	0
9.86299999999937	4.69500000000062	8.61599999999999	0	0
18.9539999999997	9.44699999999921	17.9400000000005	0	0
9.75	5.39999999999964	8.53799999999865	0	0
19.0210000000006	16.6490000000003	16.8540000000012	0	0
11.7339999999986	9.59000000000015	10.134	0	0
18.9449999999997	9.1909999999998	17.3540000000012	0	0
12.5799999999999	11.7709999999997	9.69700000000012	0	0
20.9939999999988	14.9660000000003	18.5579999999991	0	0
10.3140000000003	4.76699999999983	9.7489999999998	0	0
11.4830000000002	8.20800000000054	9.34199999999873	0	0
34.8089999999993	39.6480000000001	21.7250000000004	0	0
10.755000000001	8.02199999999993	9.52199999999903	0	0
17.6610000000001	10.4269999999997	15.3500000000004	0	0
20.9400000000005	16.9799999999996	15.8989999999994	0	0
8.98999999999978	5.85199999999986	10.2579999999998	0	0
11.4709999999995	7.36400000000049	9.36200000000099	0	0
8.73199999999997	5.20300000000043	7.96100000000115	0	0
19.1380000000008	13.2470000000003	17.8730000000014	0	0
10.1550000000007	6.38699999999972	9.18399999999929	0	0
11.7579999999998	7.69700000000012	10.1620000000003	0	0
20.6270000000004	13.7120000000004	19.1689999999999	0	0
18.3230000000003	14.1599999999999	16.021999999999	0	0
9.66800000000148	3.46200000000044	9.73099999999977	0	0
7.99099999999999	3.67399999999998	7.24800000000141	0	0
11.0810000000001	7.83899999999994	9.46999999999935	0	0
17.4189999999999	10.8119999999999	16.7389999999996	0	0
9.20199999999932	4.60100000000057	9.58699999999953	0	0
8.7440000000006	4.81800000000021	9.03099999999904	0	0
20.0130000000008	15.6040000000003	17.1970000000001	0	0
17.5829999999987	11.3919999999998	18.5480000000007	0	0
7.55599999999868	2.46899999999914	9.20800000000054	0	0
15.6890000000003	8.9419999999991	15.9249999999993	0	0
11.1319999999996	7.09300000000076	10.1139999999996	0	0
9.1239999999998	3.42100000000028	8.85000000000036	0	0
12.3829999999998	8.22799999999916	10.0510000000013	0	0
16.4959999999992	7.8690000000006	16.3680000000004	0	0
23.7209999999995	18.6980000000003	20.6710000000003	0	0
8.67799999999988	2.62400000000162	7.71000000000095	0	0
13.6239999999998	9.98199999999997	10.7920000000013	0	0
16.5959999999995	15.630000000001	10.9050000000007	0	0
16.7430000000004	7.97700000000077	17.7569999999996	0	0
13.4900000000016	9.38500000000022	11.2309999999998	0	0
10.5480000000007	5.85000000000036	10.0990000000002	0	0
18.1659999999993	10	16.3280000000013	0	0
17.3770000000004	8.90599999999904	16.9049999999988	0	0
13.4009999999998	10.527	9.02499999999964	0	0
27.969000000001	26.8040000000001	19.4079999999994	0	0
15.0799999999999	13.0919999999987	10.4950000000008	0	0
20.3970000000008	13.9549999999999	17.5290000000005	0	0
19.9470000000001	19.2650000000012	13.0499999999993	0	0
9.06900000000132	4.32799999999952	9.37599999999838	0	0
15.6229999999996	14.9470000000001	12.2389999999996	0	0
19.3790000000008	10.866	19.8330000000005	0	0
11.5169999999998	8.92900000000009	9.67499999999927	0	0
9.92799999999988	5.16599999999926	9.11200000000099	0	0
18.8400000000001	12.652	16.639000000001	0	0
14.8260000000009	11.348	10.9369999999999	0	0
20.741	14.5669999999991	16.7110000000011	0	0
20.4920000000002	10.5640000000003	17.2780000000002	0	0
21.1570000000011	15.6049999999996	18.0699999999997	0	0
14.2290000000012	4.98099999999977	16.1599999999999	0	0
14.8449999999993	5.88199999999961	14.6749999999993	0	0
18.3469999999998	12.1439999999984	14.1280000000006	0	0
17.5869999999995	10.5859999999993	16.0849999999991	0	0
21.616	17.9920000000002	16.253999999999	0	0
10.3539999999994	6.06400000000031	8.71500000000015	0	0
23.4530000000013	22.4380000000001	18.514000000001	0	0
9.48000000000138	5.46999999999935	9.30099999999948	0	0
9.02300000000105	4.6299999999992	9.03299999999945	0	0
20.9000000000015	11.2060000000001	20.9580000000005	0	0
8.67000000000007	2.62200000000121	9.45900000000074	0	0
21.4439999999995	17.6419999999998	17.5849999999991	0	0
11.0540000000001	8.31600000000071	11.0900000000001	0	0
9.38400000000001	4.24300000000039	9.21600000000035	0	0
11.2379999999994	5.91699999999946	11.8670000000002	0	0
22.6490000000013	21.0659999999989	17.7559999999994	0	0
24.3720000000012	21.0569999999989	20.2830000000013	0	0
18.8199999999997	22.0559999999987	11.5499999999993	0	0
17.3889999999992	9.1239999999998	15.2910000000011	0	0
17.344000000001	13.5630000000001	16.5889999999999	0	0
11.2130000000016	6.80400000000009	9.78600000000006	0	0
9.23600000000079	2.60699999999997	10.3230000000003	0	0
17.9650000000001	8.15500000000065	17.9390000000003	0	0
10.0540000000001	6.43499999999949	8.45900000000074	0	0
18.3619999999992	12.2950000000001	17.7100000000009	0	0
8.91599999999926	3.42200000000048	9.4429999999993	0	0
13.3690000000006	9.67200000000048	10.4030000000002	0	0
23.2800000000007	19.4719999999998	15.4220000000005	0	0
19.6039999999994	11.6409999999996	15.902	0	0
8.61100000000079	2.64799999999923	8.45299999999952	0	0
10.9719999999998	5.41200000000026	9.84000000000015	0	0
10.6129999999994	6.9989999999998	9.3130000000001	0	0
11.9650000000001	10.860999999999	12.2480000000014	0	0
15.7349999999988	11.369999999999	15.5419999999995	0	0
26.628999999999	25.3540000000012	19.0749999999989	0	0
9.64200000000164	5.7450000000008	9.78499999999985	0	0
16.4200000000001	8.81400000000031	16.3979999999992	0	0
11.1929999999993	5.6919999999991	10.8680000000004	0	0
10.7989999999991	7.46900000000096	9.73300000000017	0	0
16.9410000000007	9.32899999999972	17.5280000000002	0	0
15.1679999999997	15.223	9.27199999999903	0	0
8.79899999999907	4.20499999999993	9.90600000000086	0	0
10.268	8.00500000000102	8.97600000000057	0	0
19.9279999999999	13.4259999999995	16.9950000000008	0	0
10.2989999999991	5.08500000000095	9.3700000000008	0	0
10.3700000000008	9.12199999999939	9.7489999999998	0	0
9.84100000000035	2.95399999999972	10.237000000001	0	0
13.4130000000005	9.85800000000017	9.43099999999868	0	0
9.59299999999894	4.25799999999981	9.03700000000026	0	0
20.018	12.6660000000011	16.6389999999992	0	0
12.9009999999998	10.2549999999992	10.280999999999	0	0
21.6940000000013	21.9250000000011	17.2090000000007	0	0
11.8119999999999	9.996000000001	11.8330000000005	0	0
13.893	10.0570000000007	10.603000000001	0	0
16.0779999999995	10.2210000000014	16.1080000000002	0	0
14.2549999999992	7.40200000000004	15.2060000000001	0	0
9.0619999999999	2.31500000000051	11.1530000000002	0	0
12.7160000000003	12.1020000000008	9.59699999999975	0	0
11.2330000000002	5.89800000000105	9.01200000000063	0	0
19.6530000000002	13.2239999999983	17.6980000000003	0	0
8.54299999999967	2.22299999999996	8.51599999999962	0	0
17.110999999999	9.73799999999937	17.8079999999991	0	0
18.5499999999993	19.1700000000001	10.7960000000003	0	0
10.1569999999992	3.64399999999841	10.9779999999992	0	0
18.1959999999999	9.66100000000006	15.7929999999997	0	0
12.5249999999996	9.64300000000003	10.7089999999989	0	0
19.6359999999986	12.8559999999998	17.8679999999986	0	0
11.3220000000001	6.74399999999878	12.7109999999993	0	0
15.0760000000009	7.22099999999955	16.2970000000005	0	0
10.6599999999999	7.05500000000029	8.5010000000002	0	0
9.64899999999943	5.92699999999968	9.69099999999889	0	0
9.74200000000019	5.82499999999891	10.7260000000006	0	0
8.90899999999965	3.31500000000051	10.4639999999999	0	0
9.96599999999853	4.65900000000147	10.5570000000007	0	0
21.5419999999995	17.1859999999997	17.4000000000015	0	0
10.1290000000008	7.20199999999932	8.95800000000054	0	0
12.1170000000002	8.21399999999994	9.28800000000047	0	0
9.48999999999978	4.2549999999992	9.09499999999935	0	0
18.9330000000009	13.9869999999992	15.4349999999995	0	0
10.6889999999985	6.7489999999998	10.7760000000017	0	0
23.1800000000003	12.5669999999991	21.6800000000003	0	0
9.25900000000001	2.47799999999916	11.0109999999986	0	0
9.24300000000039	3.52100000000064	11.6910000000007	0	0
16.0669999999991	8.28000000000065	15.4030000000002	0	0
11.0910000000003	9.32200000000012	9.38800000000083	0	0
16.8819999999996	12.607	16.6859999999997	0	0
9.80299999999988	6.05400000000009	8.19499999999971	0	0
18.646999999999	12.2699999999986	17.8320000000003	0	0
14.1470000000008	12.2340000000004	11.6000000000004	0	0
15.4110000000001	15.3280000000013	10.3060000000005	0	0
10.2579999999998	5.76800000000003	10.4429999999993	0	0
10.0329999999994	7.25400000000081	8.52499999999964	0	0
8.9260000000013	4.68599999999969	10.348	0	0
8.8010000000013	2.79200000000128	8.95800000000054	0	0
8.57899999999972	4.30499999999847	8.90399999999863	0	0
10.3339999999989	6.03800000000047	10.2430000000004	0	0
15.7950000000001	9.5	15.1730000000007	0	0
12.4740000000002	8.6919999999991	10.2549999999992	0	0
13.9510000000009	11.7690000000002	11.2870000000003	0	0
15.7649999999994	10.3819999999996	14.9330000000009	0	0
17.1200000000008	8.22299999999996	15.7340000000004	0	0
9.13400000000001	3.753999999999	10.1779999999999	0	0
9.09900000000016	5.6200000000008	8.69200000000092	0	0
20.3070000000007	18.2970000000005	16.7180000000008	0	0
13.5210000000006	11.6029999999992	9.1239999999998	0	0
9.02700000000004	4.02700000000004	10.5910000000003	0	0
10.1329999999998	5.28399999999965	12.6040000000012	0	0
10.6909999999989	8.36800000000039	12.2210000000014	0	0
19.1900000000005	18.4009999999998	12.7250000000004	0	0
12.2849999999999	10.4740000000002	9.71799999999894	0	0
10.6749999999993	5.8809999999994	9.96699999999873	0	0
8.43299999999908	2.71299999999974	7.88500000000022	0	0
8.39099999999962	3.03100000000086	8.63199999999961	0	0
14.9279999999999	13.348	10.7709999999988	0	0
16.4969999999994	19.5499999999993	10.6700000000001	0	0
10.8009999999995	5.20900000000074	10.6710000000003	0	0
10.148000000001	5.36599999999999	10.0769999999993	0	0
14.1220000000012	13.0999999999985	11.4719999999998	0	0
10.1720000000005	5.2450000000008	8.95200000000114	0	0
17.7219999999998	12.5550000000003	17.2260000000006	0	0
13.2939999999999	8.84299999999894	11.2899999999991	0	0
14.387999999999	14.4930000000004	9.99200000000019	0	0
12.137999999999	7.26500000000124	9.89000000000124	0	0
11.1499999999996	5.74200000000019	10.4080000000013	0	0
10.8429999999989	6.22799999999916	9.02499999999964	0	0
12.9239999999991	10.0799999999999	9.42799999999988	0	0
13.8610000000008	11.7690000000002	10.0780000000013	0	0
26.232	21.4509999999991	20.5010000000002	0	0
9.04199999999946	4.31900000000132	10.2650000000012	0	0
8.83200000000033	5.28799999999865	9.60499999999956	0	0
19.3740000000016	9.97500000000036	18.1939999999995	0	0
10.0580000000009	5.38600000000042	8.53800000000047	0	0
14.2180000000008	14.9569999999985	9.15400000000045	0	0
14.3700000000008	15.737000000001	10.3459999999995	0	0
10.478000000001	7.08899999999994	9.47999999999956	0	0
11.1710000000003	7.54699999999866	10.027	0	0
9.61599999999999	5.87199999999939	9.85200000000077	0	0
18.512999999999	10.8290000000015	15.4600000000009	0	0
14.223	14.6980000000003	11.3529999999992	0	0
15.6479999999992	9.51200000000063	16.0229999999992	0	0
7.99099999999999	2.53400000000147	7.65600000000086	0	0
10.6489999999994	6.88800000000083	9.73099999999977	0	0
12.3409999999985	9.38400000000001	10.8729999999996	0	0
19.112000000001	11.6869999999999	17.8729999999996	0	0
20.0489999999991	11.6059999999998	19.8450000000012	0	0
12.5209999999988	7.28699999999844	10.6660000000011	0	0
9.65600000000086	5.54300000000148	9.4989999999998	0	0
41.5169999999998	48.7569999999996	19.6889999999985	0	0
9.91100000000006	5.1869999999999	11.5650000000005	0	0
21.5190000000002	17.375	20.5289999999986	0	0
11.5339999999997	7.71500000000015	9.83899999999994	0	0
11.0079999999998	6.79199999999946	10.1459999999988	0	0
12.991	7.73999999999978	10.5339999999997	0	0
13.5810000000001	9.69499999999971	10.8999999999996	0	0
11.4350000000013	7.70600000000013	11.3650000000016	0	0
10.8469999999998	4.8239999999987	11.0769999999993	0	0
10.7179999999989	8.38299999999981	9.19499999999971	0	0
9.20300000000134	4.45000000000073	7.78300000000127	0	0
9.2450000000008	5.33900000000176	9.17699999999968	0	0
21.0390000000007	17.8919999999998	16.7399999999998	0	0
12.6080000000002	10.6180000000004	10.4130000000005	0	0
10.7000000000007	5.5679999999993	9.30799999999908	0	0
17.384	12.5889999999999	15.9069999999992	0	0
16.3870000000006	12.2620000000006	15.0680000000011	0	0
17.8599999999988	10.8960000000006	16.6080000000002	0	0
8.02800000000025	2.16100000000006	7.85400000000118	0	0
13.4609999999993	11.0159999999996	9.81400000000031	0	0
26.4549999999999	25.9629999999997	17.7089999999989	0	0
19.6830000000009	20.880000000001	11.853000000001	0	0
10.7299999999996	4.89100000000144	10.8029999999999	0	0
12.8820000000014	9.3130000000001	9.9369999999999	0	0
7.84400000000096	2.29700000000048	8.95800000000054	0	0
10.8430000000008	5.77300000000105	9.76100000000042	0	0
11.2570000000014	6.27599999999984	8.30900000000111	0	0
18.762999999999	12.4449999999997	16.2060000000001	0	0
19.1890000000003	19.3130000000001	9.97600000000057	0	0
18.6649999999991	13.7360000000008	16.3150000000005	0	0
12.8860000000004	8.69999999999891	10.3340000000007	0	0
21.1000000000004	20.2389999999996	18.485999999999	0	0
10.4279999999999	5.7450000000008	9.61499999999978	0	0
11.2109999999993	7.03200000000106	9.89000000000124	0	0
8.24499999999898	4.11700000000019	9.09499999999935	0	0
8.61100000000079	2.70900000000074	9.67100000000028	0	0
19.9699999999993	15.7379999999994	19.7810000000009	0	0
24.6020000000008	19.5610000000015	18.902	0	0
20.0079999999998	13.8400000000001	17.8140000000003	0	0
9.81600000000071	6.65400000000045	9.49300000000039	0	0
15.3340000000026	13.003999999999	11.5110000000004	0	0
7.84499999999753	2.44499999999971	8.91600000000108	0	0
10.8380000000034	7.29399999999987	10.7129999999997	0	0
8.44200000000274	2.86199999999917	8.50900000000001	0	0
12.6180000000022	10.9549999999999	9.88200000000143	0	0
10.9379999999983	4.29399999999987	10.3599999999988	0	0
11.5279999999984	8.28399999999965	9.84399999999914	0	0
9.40899999999965	3.86999999999898	10.7729999999992	0	0
19.3060000000005	14.6880000000001	16.6200000000008	0	0
13.2419999999984	10.8199999999997	10.1880000000001	0	0
9.11700000000201	2.51800000000003	8.85100000000057	0	0
11.6899999999987	6.94700000000012	9.13000000000102	0	0
11.4030000000021	8.86000000000058	11.5990000000002	0	0
10.6700000000019	6.97099999999955	8.38299999999981	0	0
10.7469999999994	8.22400000000016	8.57899999999972	0	0
8.33099999999831	3.52599999999984	8.88500000000022	0	0
9.8279999999977	5.19700000000012	10.5210000000006	0	0
14.3050000000003	13.0470000000005	10.0799999999999	0	0
10.8549999999996	7.42399999999907	9.125	0	0
12.3009999999995	10.6200000000008	10.7000000000007	0	0
22.0349999999999	13.9030000000002	20.7330000000002	0	0
27.2410000000018	29.4290000000001	18.4989999999998	0	0
17.3909999999996	9.17900000000009	17.241	0	0
12.8509999999987	12.3919999999998	12.6700000000001	0	0
8.8080000000009	2.67399999999907	9.27000000000044	0	0
14.018	13.746000000001	11.6860000000015	0	0
10.9959999999992	6.86099999999897	9.54699999999866	0	0
11.7059999999983	8.43900000000031	10.9349999999995	0	0
9.98600000000079	3.871000000001	9.88799999999901	0	0
14.4980000000032	15.110999999999	11.1219999999994	0	0
9.7980000000025	5.07400000000052	8.30599999999868	0	0
19.2989999999991	13.1560000000009	17.3150000000005	0	0
22.2830000000031	16.4520000000011	19.6659999999993	0	0
18.2900000000009	13.3960000000006	15.851999999999	0	0
30.1470000000008	27.8469999999998	21.6869999999999	0	0
14.601999999999	14.3950000000004	10.478000000001	0	0
19.2299999999996	13.6689999999999	16.8260000000009	0	0
12.6820000000007	7.45499999999993	8.83699999999953	0	0
11.023000000001	7.78700000000026	9.4950000000008	0	0
10.1869999999981	7.50600000000122	9.20700000000033	0	0
12.505000000001	10.6110000000008	9.0619999999999	0	0
13.851999999999	6.11399999999958	13.7160000000003	0	0
10.0400000000009	7.27000000000044	10.4580000000005	0	0
14.2380000000012	13.4459999999999	11.0149999999994	0	0
9.34799999999814	3.33899999999994	8.92199999999866	0	0
10.9830000000002	7.43399999999929	10.9409999999989	0	0
17.9499999999971	19.4179999999997	9.90399999999863	0	0
21.882999999998	16.7579999999998	18.9709999999995	0	0
20.9349999999977	18.8380000000016	19.0820000000003	0	0
19.2079999999987	14.0059999999994	19.5360000000001	0	0
8.24199999999837	3.84399999999914	8.09100000000035	0	0
13.3090000000011	11.514000000001	10.5200000000004	0	0
20.3270000000011	12.643	18.3289999999997	0	0
10.1330000000016	6.00500000000102	9.87900000000081	0	0
18.8940000000002	16.3409999999985	16.6020000000008	0	0
11.4519999999975	9.93499999999949	10.0159999999996	0	0
10.4049999999988	9.16100000000006	10.1869999999999	0	0
10.1100000000006	5.24700000000121	12.5799999999999	0	0
10.5069999999978	7.16599999999926	9.76699999999983	0	0
9.51599999999962	4.57300000000032	9.09499999999935	0	0
13.75	9.9260000000013	10.8919999999998	0	0
9.3169999999991	6.33799999999974	9.90299999999843	0	0
10.5980000000018	5.78499999999985	10.1170000000002	0	0
11.5730000000003	8.82300000000032	9.21299999999974	0	0
21.4189999999981	18.2919999999995	17.6779999999999	0	0
12.2900000000009	8.69500000000153	11.857	0	0
9.82099999999991	7.17399999999907	10.3250000000007	0	0
7.86300000000119	2.95399999999972	9.36499999999978	0	0
17.8669999999984	13.3909999999996	14.905999999999	0	0
11.3420000000006	6.83699999999953	9.65200000000004	0	0
19.2540000000008	13.0999999999985	15.9359999999997	0	0
18.9229999999989	12.6139999999996	17.8600000000006	0	0
10.1519999999982	5.5049999999992	9.47600000000057	0	0
22.3979999999974	22.6000000000004	18.889000000001	0	0
8.33399999999892	2.30899999999929	8.84100000000035	0	0
10.2649999999994	7.01599999999962	9.03300000000127	0	0
12.0789999999979	7.59100000000035	10.6909999999989	0	0
10.8680000000022	7.07800000000134	10.0949999999993	0	0
19.5629999999983	9.84799999999996	20.5609999999997	0	0
9.90500000000247	5.21999999999935	9.36700000000019	0	0
18.3760000000002	11.6399999999994	16.8959999999988	0	0
9.71999999999753	4.79500000000007	11.0669999999991	0	0
17.393	11.6489999999994	13.8670000000002	0	0
24.1680000000015	18.2630000000008	20.4009999999998	0	0
10.8339999999989	8.61299999999937	10.4449999999997	0	0
8.36000000000058	3.73999999999978	8.42000000000007	0	0
9.51399999999921	5.33600000000115	9.69499999999971	0	0
10.5820000000022	6.39999999999964	10.2619999999988	0	0
12.2019999999975	8.8130000000001	9.72500000000036	0	0
8.8739999999998	2.70499999999993	8.23899999999958	0	0
15.5980000000018	13.4920000000002	9.74799999999959	0	0
24.0499999999993	18.7870000000003	16.4430000000011	0	0
12.5989999999983	9.27900000000045	9.3119999999999	0	0
17.4510000000009	10.3559999999998	16.9240000000009	0	0
23.148000000001	14.2199999999993	21.866	0	0
9.93599999999788	4.58899999999994	9.01399999999921	0	0
20.6489999999976	18.4120000000003	17.8649999999998	0	0
11.2779999999984	5.58399999999892	9.84300000000076	0	0
18.9320000000007	9.7549999999992	17.3550000000014	0	0
22.3719999999994	21.2300000000014	16.6569999999992	0	0
22.8080000000009	12.6830000000009	18.9570000000003	0	0
12.1310000000012	9.52700000000004	9.91899999999987	0	0
11.3230000000003	6.03799999999865	9.8130000000001	0	0
19.7189999999973	12.6750000000011	16.366	0	0
8.87099999999919	3.67900000000009	9.28600000000006	0	0
11.9290000000001	7.19399999999951	10.2029999999995	0	0
10.5329999999994	5.15999999999985	9.48300000000017	0	0
8.63799999999901	3.2489999999998	9.98700000000099	0	0
9.86599999999817	6.63000000000102	10.5280000000002	0	0
14.1100000000006	7.14300000000003	13.2720000000008	0	0
12.4959999999992	11.2340000000004	9.5669999999991	0	0
20.2719999999972	12.0789999999997	20.1949999999997	0	0
18.6889999999985	10.9989999999998	16.9940000000006	0	0
10.476999999999	5.7489999999998	9.92100000000028	0	0
18.7219999999979	11.1429999999982	16.4860000000008	0	0
18.0270000000019	10.0519999999997	16.648000000001	0	0
11.135000000002	8.00699999999961	9.7960000000021	0	0
11.1030000000028	5.40999999999985	9.5099999999984	0	0
17.6180000000022	10.7189999999991	14.1499999999978	0	0
9.94800000000032	6.71799999999894	9.04799999999886	0	0
17.9830000000002	11.2039999999997	16.2439999999988	0	0
10.4979999999996	7.91699999999946	10.4259999999995	0	0
14.8139999999985	6.68100000000049	14.2030000000013	0	0
11.0639999999985	5.2510000000002	9.40200000000186	0	0
22.8279999999977	22.8679999999986	17.7799999999988	0	0
19.0010000000002	11.2219999999998	18.400999999998	0	0
18.155999999999	13.3379999999997	16.0699999999997	0	0
20.1819999999971	22.7820000000011	11.969000000001	0	0
10.3400000000001	4.65300000000025	9.83499999999913	0	0
21.1749999999993	15.2700000000004	17.4919999999984	0	0
9.64400000000023	3.30099999999948	9.17400000000271	0	0
22.4290000000001	15.621000000001	18.1579999999994	0	0
9.45300000000134	5.82699999999932	10.3950000000004	0	0
19.2900000000009	14.0229999999992	16.4779999999992	0	0
10.8220000000001	7.00299999999879	8.81499999999869	0	0
12.3420000000006	10.5579999999991	9.39400000000023	0	0
10.2560000000012	4.36699999999837	9.80999999999767	0	0
11.4359999999979	6.73700000000099	9.41200000000026	0	0
10.867000000002	5.13600000000042	9.83799999999974	0	0
17.5730000000003	12.369999999999	16.5250000000015	0	0
10.8220000000001	8.74099999999999	10.1569999999992	0	0
16.9359999999979	16.2860000000001	10.5070000000014	0	0
12.3480000000018	10.2389999999996	9.30600000000049	0	0
19.8070000000007	12.1700000000001	16.3040000000001	0	0
19.2249999999985	11.5720000000001	16.3520000000026	0	0
9.66699999999764	5.4489999999987	11.0679999999993	0	0
17.7040000000015	12.1399999999994	17.1870000000017	0	0
10.0949999999975	4.92999999999847	10.1310000000012	0	0
15.7389999999978	10.2139999999999	15.3460000000014	0	0
10.7740000000013	6.97299999999996	10.130000000001	0	0
7.85299999999916	3.33500000000095	8.69399999999951	0	0
20.3669999999984	10.9110000000001	20.4120000000003	0	0
18.9869999999974	15.0149999999994	18.0650000000023	0	0
13.505000000001	11.0560000000005	10.0529999999999	0	0
12.7209999999977	11.3089999999993	9.09400000000096	0	0
10.7059999999983	6.3739999999998	11.1910000000025	0	0
10.9160000000011	5.20100000000093	9.32200000000012	0	0
28.2959999999985	26.2910000000011	18.9199999999983	0	0
21.5489999999991	25.637999999999	10.9939999999988	0	0
10.6810000000005	7.39199999999983	10.4239999999991	0	0
22.9759999999987	21.0110000000004	19.2349999999969	0	0
14.8060000000005	17.0850000000009	11.7160000000003	0	0
26.625	26.5769999999993	17.1860000000015	0	0
18.2779999999984	9.40200000000004	15.4300000000003	0	0
20.1610000000001	12.6230000000014	17.875	0	0
11.4570000000022	10.2510000000002	10.3940000000002	0	0
16.0280000000021	14.2690000000002	12.6840000000011	0	0
17.7279999999992	14.1209999999992	18.2089999999989	0	0
14.6349999999984	11.8770000000004	10.0319999999992	0	0
19.755000000001	12.8249999999989	17.0999999999985	0	0
14.5200000000004	13.8549999999996	10.3610000000008	0	0
8.79699999999866	3.83599999999933	9.20100000000093	0	0
10.0439999999981	8.45099999999911	8.34000000000015	0	0
9.40599999999904	5.51800000000003	10.4300000000003	0	0
8.62099999999919	4.63600000000042	8.99099999999817	0	0
10.2469999999994	5.28700000000026	12.0479999999989	0	0
20.9379999999983	15.5720000000001	18.8359999999993	0	0
9.25400000000081	3.44399999999951	10.1840000000011	0	0
10.4459999999999	3.42699999999968	8.98099999999977	0	0
22.6860000000015	18.3670000000002	16.4670000000006	0	0
13.2220000000016	9.16100000000006	9.43999999999869	0	0
19.1749999999993	15.1560000000009	14.7489999999998	0	0
11.0109999999986	5.04899999999907	10.1709999999985	0	0
8.90699999999924	4.4989999999998	10.099000000002	0	0
9.28899999999703	6.625	9.32200000000012	0	0
12.1620000000003	9.09499999999935	12.2330000000002	0	0
12.9799999999996	11.1509999999998	9.77100000000064	0	0
15.9249999999993	10.3099999999995	15.5420000000013	0	0
8.96299999999974	2.91300000000047	9.05400000000009	0	0
9.29699999999866	4.20699999999852	8.71399999999994	0	0
25.3610000000008	20.3369999999995	20.7109999999993	0	0
8.06400000000212	3.00699999999961	8.26599999999962	0	0
10.9619999999995	9.28800000000047	8.9989999999998	0	0
9.72300000000178	4.85399999999936	8.40400000000227	0	0
12.9020000000019	7.94100000000071	9.79999999999927	0	0
8.63799999999901	2.89199999999983	9.09200000000055	0	0
10.5980000000018	6.6830000000009	11.1299999999974	0	0
12.0560000000005	9.28100000000086	12.2999999999993	0	0
16.8040000000001	8.48600000000079	22.0640000000021	0	0
9.21500000000015	3.17300000000068	12.9049999999988	0	0
11.1640000000007	7.72299999999996	14.2769999999982	0	0
11.6409999999996	6.66200000000026	12.780999999999	0	0
18.6369999999988	11.9649999999983	23.9630000000034	0	0
16.5669999999991	8.55199999999968	18.4519999999975	0	0
20.7999999999993	13.6490000000013	24.7350000000006	0	0
9.19000000000233	3.30400000000009	11.5370000000003	0	0
15.4040000000023	5.08699999999953	20.726999999999	0	0
24.7720000000008	22.4459999999999	23.2559999999976	0	0
12.4459999999999	10.1720000000005	13.3140000000021	0	0
13.5540000000001	9.73300000000017	14.2459999999992	0	0
21.6599999999999	18.5509999999995	22.887999999999	0	0
19.3119999999981	11.2969999999987	23.1640000000007	0	0
11.1960000000036	6.69000000000051	11.864999999998	0	0
22.625	18.027	22.9940000000024	0	0
16.5979999999981	7.04399999999987	21.476999999999	0	0
8.70200000000114	3.13999999999942	12.2309999999998	0	0
8.88300000000163	2.79399999999987	11.5560000000005	0	0
9.51300000000265	3.69499999999971	11.7770000000019	0	0
9.70699999999852	5.03900000000067	12.8639999999978	0	0
18.7530000000006	11.4710000000014	23.5489999999991	0	0
12.4750000000022	9.20900000000074	14.7929999999978	0	0
20.232	15.0460000000003	22.1090000000004	0	0
8.78900000000067	2.96299999999974	9.09999999999854	0	0
10.7890000000007	5.35499999999956	13.7620000000024	0	0
9.59500000000116	4.06400000000031	11.6059999999998	0	0
16.880000000001	16.3989999999994	15.0190000000002	0	0
20.4249999999993	16.3089999999993	19.2829999999994	0	0
10.094000000001	5.00600000000122	8.81100000000151	0	0
9.47499999999854	3.85200000000077	11.7969999999987	0	0
23.2620000000024	17.4869999999992	22.1929999999993	0	0
11.3640000000014	5.07400000000052	12.7360000000008	0	0
9.56400000000212	3.58700000000317	11.3090000000011	0	0
10.3250000000007	5.28199999999924	11.2260000000024	0	0
17.1760000000031	8.54000000000087	19.7520000000004	0	0
17.6570000000029	11.7689999999966	19.0149999999994	0	0
20.7829999999994	15.3610000000008	20.2030000000013	0	0
11.7079999999987	9.61200000000099	11.1260000000002	0	0
12.6369999999988	10.1980000000003	11.270999999997	0	0
19.3080000000009	13.992000000002	20.0010000000002	0	0
10.4480000000003	6.96600000000035	10.1860000000015	0	0
17.9700000000012	10.1769999999997	22.3070000000007	0	0
10.0859999999993	4.01800000000003	13.3070000000007	0	0
17.8840000000018	9.03399999999965	20.0730000000003	0	0
13.1570000000029	11.594000000001	11.9479999999967	0	0
12.3960000000006	9.85099999999875	11.8499999999985	0	0
15.9079999999994	6.45100000000093	19.0049999999974	0	0
17.3050000000003	9.27300000000105	19.112000000001	0	0
9.6929999999993	4.25200000000041	11.4500000000007	0	0
9.6449999999968	4.24699999999939	9.93899999999849	0	0
8.5779999999977	3.07200000000012	9.91400000000067	0	0
16.8050000000003	7.07600000000093	17.8950000000004	0	0
8.55099999999948	2.21600000000035	10.0849999999991	0	0
10.268	6.08400000000256	9.64199999999983	0	0
17.4799999999996	9.87900000000081	16.1260000000002	0	0
15.5819999999985	7.56500000000233	16.242000000002	0	0
8.96299999999974	2.88799999999901	10.8299999999981	0	0
10.1729999999989	4.96700000000055	10.9579999999987	0	0
16.7650000000031	8.02999999999884	16.9339999999975	0	0
9.34600000000137	4.54900000000271	8.81000000000131	0	0
9.32800000000134	4.66699999999764	8.70400000000154	0	0
8.69499999999971	3.85399999999936	8.08899999999994	0	0
8.57399999999689	3.35299999999916	9.8070000000007	0	0
9.74499999999898	5.44300000000294	8.85699999999997	0	0
15.2599999999984	6.20200000000114	15.9909999999982	0	0
16.0869999999995	7.51499999999942	16.5759999999973	0	0
9.03099999999904	3.15099999999802	9.65899999999965	0	0
9.625	3.89400000000023	10.0240000000013	0	0
15.4789999999994	7.02400000000125	15.9860000000008	0	0
20.7710000000006	15.4700000000012	16.8469999999979	0	0
17.3179999999993	11.7409999999982	15.8040000000001	0	0
16.2890000000007	8.36999999999898	15.3629999999976	0	0
9.4910000000018	4.57399999999689	9.14700000000084	0	0
17.8309999999983	10.976999999999	16.6529999999984	0	0
9.65999999999985	4.63899999999921	9.54000000000087	0	0
16.4210000000021	7.90400000000227	17.0509999999995	0	0
9.40299999999843	4.08300000000236	9.70900000000256	0	0
17.9190000000017	8.74199999999837	17.8550000000032	0	0
16.1749999999993	7.77400000000125	17.9850000000006	0	0
16.1200000000026	6.9989999999998	15.4859999999971	0	0
11.1809999999969	8.61799999999857	10.1209999999992	0	0
16.4159999999974	8.39700000000084	16.1889999999985	0	0
9.28899999999703	4.33500000000276	10.4220000000023	0	0
15.6779999999999	5.68899999999849	17.0249999999978	0	0
9.29500000000189	4.29100000000108	10.0299999999988	0	0
16.2530000000006	8.00400000000081	16.1150000000016	0	0
16.5740000000005	9.17900000000009	17.2519999999968	0	0
16.3549999999996	7.46500000000015	17.2369999999974	0	0
17.6109999999971	10.6100000000006	16.9160000000011	0	0
10.3940000000002	5.90799999999945	9.44399999999951	0	0
16.3639999999978	9.09100000000035	15.0360000000001	0	0
8.42199999999866	3.57599999999729	7.90699999999924	0	0
15.5839999999989	6.52599999999802	15.5540000000001	0	0
9.03700000000026	3.36799999999857	9.3070000000007	0	0
8.76499999999942	3.08499999999913	8.69599999999991	0	0
10.0250000000015	4.72000000000116	10.6829999999973	0	0
9.11700000000201	3.74499999999898	9.00299999999697	0	0
15.005000000001	6.07200000000012	15.0519999999997	0	0
14.7999999999993	6.69700000000012	14.2249999999985	0	0
8.99200000000201	3.09100000000035	8.18900000000212	0	0
9.31899999999951	4.80500000000029	8.13899999999921	0	0
9.00599999999758	4.11899999999878	8.07099999999991	0	0
9.40099999999802	4.39500000000044	8.0669999999991	0	0
9.29299999999785	4.7609999999986	8.28299999999945	0	0
9.48800000000119	4.18500000000131	9.44599999999991	0	0
9.45000000000073	3.48500000000058	8.11800000000221	0	0
11.0479999999989	5.19400000000314	9.22999999999956	0	0
11.0900000000001	7.43599999999788	8.6160000000018	0	0
9.89899999999761	4.61499999999796	8.69700000000012	0	0
12.0970000000016	9.33099999999831	8.63000000000102	0	0
10.4099999999999	6.16900000000169	8.38300000000163	0	0
16.9789999999994	9.74500000000262	13.1920000000027	0	0
9.65600000000268	4.31999999999971	8.59899999999834	0	0
8.91400000000067	3.42799999999988	7.43000000000029	0	0
8.2029999999977	4.07300000000032	6.69499999999971	0	0
7.38999999999942	3.36200000000099	4.36700000000201	0	0
7.50600000000122	3.77600000000166	4.47899999999936	0	0
13.6389999999992	7.24199999999837	8.02399999999761	0	0
7.60900000000038	3.58700000000317	4.4989999999998	0	0
7.59200000000055	3.6919999999991	4.62099999999919	0	0
7.85099999999875	3.60299999999916	4.80099999999948	0	0
7.45099999999729	3.86100000000079	4.47499999999854	0	0
13.6589999999997	7.21600000000035	7.96099999999933	0	0
7.72100000000137	3.75600000000122	4.49599999999919	0	0
7.64500000000044	3.68900000000212	4.48999999999796	0	0
7.87200000000303	3.68700000000172	4.7510000000002	0	0
7.52599999999802	3.93399999999747	4.49099999999817	0	0
7.53600000000006	3.79599999999846	4.50499999999738	0	0
7.85099999999875	3.89800000000105	4.83700000000317	0	0
7.77699999999822	3.68000000000029	4.64099999999962	0	0
7.86699999999837	4.07500000000073	4.61599999999817	0	0
14.393	7.7970000000023	8.03399999999965	0	0
7.53600000000006	3.9890000000014	4.3739999999998	0	0
13.9789999999994	7.70700000000215	7.69599999999991	0	0
7.72300000000178	3.81999999999971	4.33699999999953	0	0
7.77999999999884	3.83300000000236	4.35900000000038	0	0
8.99600000000282	5.05600000000049	4.65199999999822	0	0
7.80400000000009	3.9330000000009	4.34500000000116	0	0
7.98399999999674	3.87700000000041	4.64099999999962	0	0
7.75399999999718	3.76800000000003	4.33599999999933	0	0
7.59699999999793	3.96500000000015	4.35499999999956	0	0
13.7479999999996	7.78299999999945	7.62100000000282	0	0
7.67499999999927	3.86899999999878	4.34000000000015	0	0
7.61800000000221	3.9419999999991	4.35699999999997	0	0
7.57099999999991	3.96799999999712	4.3289999999979	0	0
13.7340000000004	7.71900000000096	7.40099999999802	0	0
13.8209999999999	7.62900000000081	7.73099999999977	0	0
7.70700000000215	4.0089999999982	4.34400000000096	0	0
7.91200000000026	3.97699999999895	4.65599999999904	0	0
13.6769999999997	7.62900000000081	7.60100000000239	0	0
7.80900000000111	3.89700000000084	4.44900000000052	0	0
13.851999999999	7.41000000000349	7.66699999999764	0	0
13.7870000000003	7.47400000000198	7.34700000000157	0	0
14.0280000000021	7.72200000000157	7.73400000000038	0	0
7.6260000000002	3.90999999999985	4.34100000000035	0	0
14.130000000001	7.59900000000198	7.73199999999997	0	0
15.2339999999967	10.1080000000002	7.66300000000047	0	0
17.5239999999976	11.148000000001	9.39700000000084	0	0
7.63299999999799	3.89300000000003	4.3739999999998	0	0
7.58400000000256	3.96199999999953	4.36399999999776	0	0
7.62299999999959	3.81100000000151	4.34000000000015	0	0
7.56999999999971	3.93800000000192	4.39600000000064	0	0
7.89199999999983	3.92900000000009	4.69399999999951	0	0
7.79899999999907	3.68899999999849	4.34800000000178	0	0
13.6160000000018	7.69700000000012	7.71600000000035	0	0
13.625	7.5109999999986	7.47000000000116	0	0
