11.622	10.36	7.498	0	0
7.043	4.479	5.7	0	0
8.343	4.083	7.994	0	0
7.79400000000001	3.843	6.419	0	0
8.09700000000001	3.906	6.71299999999999	0	0
8.94300000000001	4.641	7.292	0	0
7.25200000000001	4.51700000000001	5.52799999999999	0	0
5.905	3.205	5.718	0	0
8.73099999999999	4.59100000000001	7.06700000000001	0	0
6.68099999999998	3.87899999999999	5.31900000000002	0	0
6.892	4.56999999999999	5.51499999999999	0	0
5.74600000000001	2.34099999999999	5.114	0	0
8.25400000000002	4.896	6.84100000000001	0	0
8.14200000000002	3.919	6.81299999999999	0	0
10.114	7.51600000000002	7.363	0	0
6.69	4.08500000000001	5.38400000000001	0	0
6.69800000000004	3.571	5.80099999999999	0	0
5.59500000000003	2.345	5.02699999999999	0	0
6.85599999999999	2.52599999999998	6.81099999999998	0	0
6.26600000000002	3.61099999999999	5.173	0	0
6.60300000000001	3.00099999999998	5.32999999999998	0	0
5.64999999999998	2.786	4.71500000000003	0	0
6.96099999999996	3.61099999999999	5.27700000000004	0	0
8.54699999999997	3.833	8.03499999999997	0	0
6.30399999999997	3.50800000000001	4.88499999999999	0	0
4.97399999999999	1.94	4.661	0	0
6.83199999999999	2.102	6.24299999999999	0	0
7.12200000000001	3.45099999999999	5.37700000000001	0	0
8.28800000000001	4.87200000000001	6.32300000000004	0	0
5.95799999999997	3.24799999999999	4.67599999999999	0	0
8.45999999999998	6.28799999999998	6.20100000000002	0	0
5.214	1.46699999999998	4.702	0	0
5.19400000000007	1.87900000000002	4.95400000000001	0	0
5.62700000000007	2.56099999999998	5.21600000000001	0	0
8.30200000000002	5.05000000000001	7.036	0	0
9.55399999999997	5.24200000000002	7.81200000000001	0	0
7.58399999999995	3.411	6.87399999999997	0	0
6.43999999999994	3.06999999999999	5.87099999999998	0	0
7.327	3.488	6.33799999999997	0	0
6.91599999999994	3.05500000000001	6.34900000000005	0	0
7.70600000000002	2.76999999999998	7.14400000000001	0	0
7.351	4.46700000000004	5.61000000000001	0	0
8.55100000000004	4.32499999999999	6.93500000000006	0	0
7.08400000000006	4.94100000000003	5.88800000000003	0	0
8.476	4.327	7.69100000000003	0	0
5.72699999999998	3.59399999999999	4.74099999999999	0	0
5.94899999999996	3.33700000000005	5.50099999999998	0	0
7.44400000000007	3.59300000000002	6.12599999999998	0	0
5.76100000000008	2.92700000000002	5.25599999999997	0	0
8.24800000000005	5.10700000000003	6.67599999999993	0	0
7.23400000000004	4.65700000000004	5.19100000000003	0	0
7.59000000000003	3.62	6.59299999999996	0	0
6.93200000000002	3.27999999999997	6.19799999999998	0	0
7.56799999999998	2.83600000000001	7.06399999999996	0	0
5.63599999999997	1.71699999999998	5.51999999999998	0	0
6.79099999999994	4.83299999999997	5.66199999999992	0	0
7.86000000000001	2.50900000000001	7.07600000000002	0	0
8.03899999999999	4.37900000000002	6.53899999999999	0	0
7.14499999999998	3.875	6.02300000000002	0	0
7.40199999999993	3.63	6.74900000000002	0	0
7.03099999999995	2.07600000000002	6.33699999999999	0	0
6.09399999999994	1.82400000000001	6.26300000000003	0	0
6.572	3.07799999999997	5.96000000000004	0	0
7.51999999999998	5.00900000000001	5.95400000000006	0	0
6.47300000000007	4.404	5.5329999999999	0	0
7.62799999999993	3.32399999999996	6.13499999999999	0	0
5.07899999999995	1.64400000000001	4.24000000000001	0	0
5.73000000000002	2.00900000000001	5.25800000000004	0	0
7.14699999999993	4.32000000000005	5.64599999999996	0	0
6.97000000000003	2.476	6.35299999999995	0	0
5.43100000000004	2.029	4.66600000000005	0	0
5.98099999999999	2.178	5.40099999999995	0	0
6.5619999999999	5.72500000000002	4.81000000000006	0	0
7.04500000000007	4.24000000000001	5.66899999999998	0	0
6.22199999999998	2.86299999999994	5.30200000000002	0	0
9.02200000000016	5.2700000000001	7.41600000000005	0	0
6.36599999999999	3.29099999999994	5.22399999999993	0	0
5.63099999999986	2.00700000000006	4.85300000000007	0	0
6.24400000000014	1.65300000000002	5.9079999999999	0	0
6.99800000000005	4.19100000000003	5.471	0	0
6.24600000000009	2.78899999999999	5.43499999999995	0	0
6.7360000000001	3.95799999999997	5.51400000000012	0	0
8.99500000000012	4.67399999999998	6.92000000000007	0	0
9.06799999999998	3.74000000000001	7.06999999999994	0	0
8.71800000000007	3.70900000000006	7.08899999999994	0	0
9.74000000000001	6.351	7.173	0	0
8.60599999999999	4.82399999999996	6.38099999999986	0	0
8.20000000000005	3.37900000000002	7.02500000000009	0	0
9.24000000000001	6.21600000000001	6.7170000000001	0	0
7.32899999999995	2.59100000000001	5.9860000000001	0	0
8.60699999999997	4.39300000000003	7.16899999999987	0	0
8.18599999999992	3.22699999999998	6.59699999999998	0	0
8.68200000000002	4.35300000000007	6.20600000000013	0	0
9.73199999999997	4.79200000000003	7.23000000000002	0	0
7.60799999999995	3.24299999999994	5.99900000000002	0	0
9.48800000000006	5.75800000000004	7.05700000000002	0	0
11.173	8.73099999999999	7.03399999999988	0	0
11.615	10.432	6.25700000000006	0	0
10.98	8.93599999999992	7.18299999999999	0	0
6.96200000000022	3.53300000000002	5.15599999999995	0	0
7.02800000000002	3.36000000000001	5.59899999999993	0	0
6.6690000000001	4.35699999999997	4.6840000000002	0	0
7.37300000000005	3.76699999999994	5.70299999999997	0	0
7.74200000000019	3.697	5.91399999999999	0	0
11.076	6.09300000000007	7.875	0	0
7.33400000000006	5.44499999999994	4.88799999999992	0	0
9.67899999999986	6.00300000000004	7.69899999999984	0	0
8.69900000000007	3.29399999999998	6.98199999999997	0	0
9.09300000000007	4.91300000000001	7.43799999999987	0	0
10.0119999999999	7.13	6.39699999999993	0	0
9.39400000000001	5.65300000000002	6.38599999999997	0	0
9.64899999999989	4.62300000000005	7.24800000000005	0	0
10.2379999999998	5.06200000000001	7.74600000000009	0	0
7.74900000000002	4.51700000000005	5.346	0	0
8.09999999999991	3.71100000000001	5.99900000000002	0	0
8.77500000000009	3.64800000000002	7.38499999999999	0	0
8.91599999999994	5.22800000000007	6.09799999999996	0	0
10.894	7.19999999999993	7.55099999999993	0	0
8.36300000000006	3.02599999999995	6.67499999999995	0	0
8.39999999999986	2.58999999999992	6.83200000000011	0	0
9.44700000000012	5.32500000000005	6.75799999999981	0	0
8.6099999999999	3.58300000000008	6.548	0	0
11.9289999999999	9.16899999999987	7.88900000000012	0	0
10.6149999999998	7.31400000000008	7.00199999999995	0	0
9.98999999999978	5.94499999999994	6.96900000000005	0	0
8.73700000000008	4.60699999999997	6.25799999999981	0	0
11.0889999999999	8.35099999999989	7.31899999999996	0	0
10.5259999999998	7.08799999999997	7.19899999999984	0	0
9.72400000000016	8.0440000000001	5.88599999999997	0	0
6.64800000000014	2.32500000000005	5.1389999999999	0	0
8.54700000000003	3.61200000000008	6.33899999999994	0	0
8.11200000000008	4.71099999999979	6.22500000000014	0	0
7.69300000000021	3.971	5.29899999999998	0	0
6.47299999999996	3.38599999999997	4.95100000000002	0	0
6.88099999999986	4.13499999999999	5.1070000000002	0	0
5.92900000000009	3.59299999999985	4.79700000000003	0	0
6.10899999999992	3.0150000000001	5.65300000000002	0	0
6.17700000000013	2.29500000000007	6.24700000000007	0	0
6.84500000000025	4.04099999999994	5.88100000000009	0	0
6.5329999999999	4.44499999999994	5.85100000000011	0	0
7.66499999999996	3.54099999999994	6.92399999999998	0	0
6.18799999999965	2.779	5.53900000000021	0	0
6.52700000000004	3.65000000000009	6.12100000000009	0	0
5.97199999999975	3.33400000000006	6.38100000000009	0	0
8.85799999999972	4.37899999999991	8.22199999999998	0	0
8.27399999999989	4.50499999999988	7.95800000000008	0	0
7.16199999999981	5.13299999999981	5.72799999999984	0	0
7.02099999999973	3.93700000000013	6.1400000000001	0	0
9.51000000000022	9.52200000000016	6.72700000000009	0	0
7.346	5.25400000000013	6.07100000000014	0	0
5.71799999999985	2.50900000000001	4.74999999999977	0	0
8.3130000000001	5.21100000000001	7.12899999999991	0	0
7.4079999999999	5.09299999999985	5.99400000000014	0	0
6.21100000000024	2.57999999999993	5.45400000000018	0	0
6.34999999999991	3.98099999999999	5.13400000000001	0	0
10.1399999999999	8.22900000000004	7.69399999999996	0	0
6.88099999999986	2.327	6.98399999999992	0	0
6.81100000000015	3.74299999999994	6.42200000000003	0	0
7.54700000000003	5.02800000000002	6.88099999999986	0	0
6.96399999999994	3.26499999999987	7.03999999999996	0	0
7.27600000000029	3.21599999999989	6.91400000000021	0	0
7.28800000000001	5.25300000000016	6.66800000000012	0	0
5.39899999999989	1.94900000000007	5.9079999999999	0	0
7.76299999999992	6.17699999999991	6.80400000000009	0	0
9.09500000000025	8.69699999999989	7.23599999999988	0	0
6.26899999999978	3.71400000000017	5.90999999999985	0	0
8.25999999999976	5.62000000000012	6.54399999999987	0	0
7.96500000000015	4.75	6.11899999999969	0	0
5.94499999999971	2.28300000000013	6.45700000000033	0	0
7.13599999999997	4.77199999999993	6.1550000000002	0	0
8.59299999999985	8.11399999999981	6.13900000000012	0	0
7.22899999999981	4.59500000000003	6.39600000000019	0	0
8.82799999999997	6.17499999999995	6.38699999999972	0	0
7.78200000000015	5.423	6.48100000000022	0	0
6.89800000000014	4.96199999999999	6.13700000000017	0	0
6.89899999999989	3.16100000000006	5.99699999999984	0	0
6.56899999999996	3.971	5.76800000000003	0	0
9.25	6.63100000000009	7.31399999999985	0	0
8.39899999999989	5.06399999999985	7.43100000000004	0	0
7.77500000000009	4.31400000000008	6.02999999999975	0	0
8.60500000000002	8.14899999999989	5.79300000000012	0	0
6.6840000000002	4.09999999999991	5.125	0	0
8.80099999999993	5.50299999999993	7.04800000000023	0	0
12.328	14.03	7.6239999999998	0	0
9.64300000000003	7.02300000000014	7.53900000000021	0	0
7.86900000000014	5.58200000000011	6.88100000000031	0	0
7.34099999999989	4.40300000000002	6.82700000000023	0	0
6.8739999999998	4.52000000000021	5.55700000000024	0	0
6.69799999999987	3.84500000000003	5.13000000000011	0	0
7.13099999999986	4.75099999999998	5.98000000000002	0	0
8.18600000000015	5.25399999999991	6.12300000000005	0	0
7.38799999999992	3.47500000000014	6.30200000000013	0	0
7.35300000000007	4.63699999999994	6.2800000000002	0	0
6.10699999999997	3.57500000000005	4.67299999999977	0	0
5.95299999999997	2.32999999999993	6.13599999999997	0	0
8.52700000000004	6.3130000000001	5.76400000000012	0	0
7.36900000000014	5.13599999999997	5.43199999999979	0	0
8.15899999999965	6.25200000000018	5.99400000000014	0	0
10.9209999999998	8.89400000000001	8.48799999999983	0	0
7.21300000000019	3.46600000000012	6.58399999999983	0	0
6.0619999999999	3.30400000000009	4.98799999999983	0	0
8.79400000000032	4.952	8.25	0	0
7.35300000000007	3.30799999999999	6.30000000000018	0	0
7.69900000000007	5.08400000000006	6.95200000000023	0	0
8.38499999999976	7.15000000000009	6.76499999999987	0	0
8.88799999999992	7.18100000000004	6.67699999999968	0	0
8.19100000000026	5.01900000000001	7.66899999999987	0	0
5.64000000000033	2.42399999999998	5.07900000000018	0	0
7.27399999999989	5.11800000000017	5.15000000000009	0	0
7.41300000000001	4.19100000000003	6.7529999999997	0	0
7.4340000000002	3.94299999999998	6.59900000000016	0	0
6.62800000000016	3.96800000000007	5.64800000000014	0	0
8.05500000000029	3.96099999999979	7.30999999999995	0	0
9.54700000000003	6.88599999999997	6.71199999999999	0	0
6.60799999999972	2.47199999999998	6.4369999999999	0	0
9.4680000000003	8.62699999999995	6.0920000000001	0	0
8.3420000000001	6.38799999999992	6.29300000000012	0	0
9.14400000000023	5.85500000000002	7.3420000000001	0	0
6.38799999999992	3.44800000000009	5.4079999999999	0	0
7.4989999999998	4.87300000000005	6.07299999999987	0	0
5.81700000000001	2.51900000000001	5.75199999999995	0	0
8.36000000000013	5.46499999999992	6.99099999999999	0	0
7.45800000000008	3.29600000000028	6.86499999999978	0	0
10.6700000000001	11.8530000000001	6.88899999999967	0	0
9.14199999999983	7.64200000000028	7.2829999999999	0	0
8.79799999999977	5.39299999999957	7.87800000000016	0	0
6.69699999999966	3.55400000000009	6.59299999999985	0	0
9.03099999999995	6.40800000000036	7.60699999999997	0	0
7.17900000000009	2.73500000000013	6.44799999999987	0	0
7.26199999999972	3.21300000000019	6.8149999999996	0	0
7.43899999999985	3.01400000000012	7.36200000000008	0	0
7.91600000000017	6.27199999999993	7.10099999999966	0	0
6.83700000000044	4.02200000000039	6.85800000000017	0	0
6.48799999999983	3.06100000000015	6.69300000000021	0	0
5.58600000000024	2.54500000000007	5.78099999999995	0	0
6.02600000000029	3.47899999999981	5.43299999999999	0	0
7.35199999999986	4.55299999999988	5.69700000000012	0	0
6.23800000000028	1.87300000000005	6.08399999999983	0	0
12.6910000000003	12.366	7.93600000000015	0	0
6.69700000000012	4.08800000000019	5.76600000000008	0	0
6.48300000000017	2.90299999999979	6.49400000000014	0	0
10.056	11.4490000000001	6.53699999999981	0	0
7.9069999999997	6.37000000000035	6.33300000000008	0	0
10.1500000000001	8.19599999999991	7.33400000000029	0	0
7.86699999999973	4.82700000000023	6.63099999999986	0	0
8.59400000000005	6.94300000000021	6.83799999999974	0	0
8.36899999999969	6.87599999999975	6.04799999999977	0	0
6.10399999999936	3.19900000000007	5.32000000000016	0	0
8.92500000000018	7.30700000000024	5.99299999999994	0	0
5.80499999999938	1.93499999999995	5.29299999999967	0	0
8.04100000000017	6.94399999999996	6.06800000000021	0	0
9.53900000000067	8.59100000000035	7.31700000000001	0	0
9.15999999999985	5.74600000000009	7.89300000000003	0	0
7.48000000000047	4.48799999999983	6.44900000000007	0	0
7.13900000000012	4.13999999999987	6.6579999999999	0	0
7.78899999999976	4.27199999999993	7.59199999999964	0	0
6.18499999999949	2.53499999999985	5.86000000000013	0	0
6.76699999999983	3.51800000000003	6.16499999999996	0	0
6.30899999999929	3.58199999999988	6.23600000000033	0	0
7.66499999999996	5.69299999999976	6.54599999999982	0	0
9.44999999999982	8.78600000000006	7.26099999999997	0	0
8.56099999999969	5.07000000000016	7.06999999999971	0	0
8.49300000000039	8.13200000000006	5.95799999999963	0	0
9.45600000000013	5.66599999999971	7.654	0	0
6.77199999999993	2.75800000000027	6.66699999999992	0	0
8.82300000000032	6.17800000000034	7.60300000000007	0	0
8.22900000000027	4.10800000000017	7.4050000000002	0	0
10.973	9.66800000000012	7.72800000000007	0	0
6.98000000000047	2.42700000000013	6.89499999999998	0	0
6.20600000000013	4.69700000000012	5.07000000000016	0	0
6.41600000000017	3.91800000000012	5.77799999999979	0	0
6.83700000000044	2.71799999999985	6.3739999999998	0	0
5.91499999999996	2.36299999999983	5.27500000000009	0	0
5.94899999999961	3.22500000000036	4.75	0	0
8.34099999999944	6.3130000000001	5.58699999999999	0	0
6.38299999999981	3.54700000000003	5.86300000000028	0	0
14.3389999999999	18.0189999999998	7.56399999999985	0	0
7.89999999999964	5.33400000000029	6.64100000000008	0	0
9.96799999999985	9.27600000000029	8.31299999999965	0	0
11.8450000000003	11.7209999999995	7.96100000000024	0	0
8.16700000000037	5.32699999999977	6.89199999999983	0	0
11.2029999999995	11.085	7.6579999999999	0	0
5.42600000000039	2.51499999999987	4.82300000000032	0	0
5.98800000000028	2.625	5.4369999999999	0	0
7.40200000000004	3.51699999999983	7.6579999999999	0	0
7.45200000000023	5.12099999999964	7.1260000000002	0	0
6.76199999999972	4.11300000000028	5.79100000000017	0	0
7.27199999999993	3.10100000000011	7.08199999999988	0	0
6.62899999999991	3.14700000000039	6.18200000000024	0	0
7.73100000000068	4.73700000000008	6.1899999999996	0	0
6.1260000000002	3.50799999999981	4.73600000000033	0	0
8.44200000000001	6.06100000000015	6.82999999999993	0	0
10.8149999999996	10.752	7.54500000000007	0	0
6.93199999999979	4.51800000000003	5.80400000000009	0	0
7.1880000000001	4.92500000000018	6.3739999999998	0	0
7.6239999999998	4.58199999999988	7.16399999999976	0	0
7.29399999999987	4.76899999999978	7.29299999999967	0	0
7.42200000000048	4.221	6.22299999999996	0	0
7.84999999999945	5.0949999999998	6.4340000000002	0	0
11.3209999999999	11.587	8.38900000000012	0	0
8.04100000000017	5.41699999999992	6.75399999999991	0	0
9.32299999999941	8.82499999999982	7.28800000000047	0	0
6.61799999999948	4.18600000000015	5.77399999999943	0	0
7.24600000000009	5.41899999999987	5.35300000000007	0	0
7.2529999999997	6.81700000000001	5.61399999999958	0	0
6.29700000000048	3.75099999999975	5.82000000000062	0	0
6.53300000000036	2.30600000000004	6.66399999999976	0	0
10.3299999999999	10.962	6.61300000000028	0	0
9.08500000000004	5.67300000000023	7.22099999999955	0	0
7.22799999999916	3.11499999999978	6.15200000000004	0	0
9.24200000000019	6.76800000000003	8.11599999999999	0	0
7.53399999999965	4.79700000000003	7.04800000000068	0	0
7.86000000000058	4.73700000000008	7.02800000000025	0	0
9.125	6.92599999999993	6.92200000000048	0	0
7.24299999999948	5.45699999999988	6.11599999999999	0	0
6.3760000000002	1.84400000000005	6.31400000000031	0	0
7.09599999999955	4.54899999999998	6.19500000000062	0	0
5.88599999999951	2.5630000000001	6.09900000000016	0	0
6.49799999999959	4.64499999999998	6.77999999999975	0	0
8.14299999999912	5.37800000000016	6.80000000000018	0	0
7.92300000000068	5.76199999999972	7.07399999999961	0	0
8.41899999999987	7.71300000000019	5.98099999999977	0	0
7.70299999999952	4.57600000000002	6.26199999999972	0	0
6.65999999999985	4.83800000000019	5.19100000000071	0	0
6.55500000000029	2.8760000000002	6.1260000000002	0	0
7.33500000000004	4.93900000000031	5.72099999999955	0	0
7.11200000000008	4.07400000000007	6.32700000000023	0	0
9.14000000000033	7.71599999999989	6.53499999999985	0	0
6.32400000000052	3.31500000000005	6.05199999999968	0	0
5.81299999999919	3.29500000000007	5.54299999999967	0	0
8.60699999999997	5.31200000000035	6.53999999999996	0	0
9.0679999999993	5.73999999999978	7.44900000000052	0	0
7.16400000000067	4.35600000000022	6.22900000000027	0	0
10.1289999999999	8.53600000000006	7.5029999999997	0	0
7.03999999999996	2.96499999999969	6.82600000000002	0	0
8.4340000000002	7.70899999999983	5.98600000000079	0	0
9.99600000000009	7.69299999999976	6.66100000000006	0	0
9.40899999999965	5.83399999999983	6.92899999999918	0	0
9.88799999999992	8.7510000000002	6.6820000000007	0	0
6.11599999999999	3.11500000000024	5.71100000000024	0	0
11.1599999999999	11.0519999999997	7.5659999999998	0	0
6.15300000000025	2.87800000000016	5.89000000000033	0	0
8.81500000000051	6.71799999999985	6.45600000000013	0	0
6.97800000000007	4.05099999999993	5.51000000000022	0	0
9.07700000000023	6.42700000000013	6.52700000000004	0	0
6.52500000000055	3.42999999999984	5.71599999999944	0	0
7.17799999999988	3.14300000000003	7.39000000000033	0	0
6.17200000000048	2.99800000000005	5.89699999999993	0	0
7.43599999999969	4.79999999999973	7.03600000000006	0	0
7.61800000000039	4.80200000000013	6.87899999999991	0	0
7.48300000000017	4.79899999999998	6.91799999999967	0	0
7.89499999999953	4.14899999999989	6.77999999999975	0	0
7.77299999999923	5.15499999999975	6.46599999999944	0	0
7.32600000000002	3.75700000000006	7.12899999999991	0	0
8.74099999999999	6.04700000000003	7.21200000000044	0	0
7.00600000000031	4.30499999999984	5.21599999999944	0	0
9.54399999999987	9.17900000000009	6.89399999999932	0	0
5.32600000000002	2.33699999999999	5.38799999999992	0	0
8.13799999999992	4.4699999999998	7.60200000000077	0	0
7.6299999999992	5.34500000000025	6.04199999999946	0	0
5.50300000000061	1.81800000000021	5.10599999999977	0	0
6.50699999999961	1.86499999999978	6.2480000000005	0	0
6.70700000000033	3.34099999999989	6.1909999999998	0	0
7.3720000000003	4.94399999999996	6.25300000000061	0	0
9.73700000000008	7.85500000000002	6.59899999999925	0	0
7.84600000000046	4.67599999999993	6.71799999999985	0	0
8.54500000000007	7.11499999999978	7.35100000000057	0	0
6.79100000000017	3.54899999999998	6.43599999999969	0	0
8.29799999999977	4.28200000000015	8.38700000000063	0	0
6.67500000000018	4.11200000000008	5.43900000000031	0	0
6.89699999999993	4.29599999999982	5.82500000000073	0	0
6.89500000000044	4.48999999999978	5.41799999999967	0	0
8.77500000000055	6.00199999999995	6.88799999999992	0	0
7.91399999999976	5.69200000000001	6.63199999999961	0	0
7.71700000000055	5.09000000000015	6.05000000000018	0	0
7.77800000000025	5.3159999999998	5.83100000000013	0	0
7.48899999999958	5.89699999999993	4.92399999999998	0	0
7.21899999999914	2.654	7.30299999999988	0	0
7.96299999999974	4.59000000000015	7.03399999999965	0	0
8.19499999999971	6.2829999999999	6.49200000000019	0	0
7.55699999999979	5.67000000000007	5.89799999999923	0	0
7.52200000000084	3.13999999999987	6.96000000000004	0	0
7.6299999999992	5.10800000000017	6.09599999999955	0	0
8.03600000000006	6.20599999999968	5.07800000000043	0	0
8.45399999999972	4.41100000000006	7.50999999999931	0	0
6.69400000000041	4.08100000000013	5.49099999999999	0	0
6.0649999999996	2.37099999999964	5.63599999999951	0	0
11.0820000000003	10.5880000000002	7.58899999999994	0	0
7.36999999999989	4.19799999999987	6.8090000000002	0	0
6.08600000000024	2.74200000000019	4.95700000000033	0	0
6.9350000000004	4.74699999999984	5.74699999999939	0	0
7.53099999999995	6.13099999999986	5.55100000000039	0	0
12.7600000000002	13.0410000000002	8.23700000000008	0	0
7.99600000000009	6.14599999999973	6.29899999999998	0	0
6.1260000000002	2.81800000000021	5.05199999999968	0	0
5.96399999999994	2.27599999999984	6.19000000000051	0	0
8.40700000000015	6.94700000000012	6.85500000000047	0	0
7.88400000000001	3.99600000000009	6.70100000000002	0	0
6.9369999999999	4.0319999999997	6.09900000000016	0	0
6.60699999999997	4.41300000000001	6.21100000000024	0	0
8.14300000000003	6.47699999999986	6.51699999999983	0	0
9.46799999999985	8.58899999999994	7.36599999999999	0	0
7.59099999999944	4.73000000000002	6.41200000000026	0	0
11.317	10.2360000000003	8.48800000000028	0	0
8.59000000000015	5.87400000000025	7.03999999999996	0	0
5.74200000000019	3.57600000000002	4.53399999999965	0	0
9.16200000000026	6.74099999999999	7.48400000000038	0	0
7.61199999999917	6.21499999999969	5.42600000000039	0	0
6.44300000000021	2.71300000000019	6.00800000000072	0	0
6.44800000000032	4.24900000000025	5.62100000000009	0	0
7.03399999999965	2.52399999999943	6.75900000000001	0	0
8.45800000000054	7.55499999999938	6.62700000000041	0	0
9.85199999999986	8.0019999999995	7.36000000000058	0	0
7.52499999999964	5.77999999999975	5.53799999999956	0	0
10.9009999999998	9.84000000000015	7.91700000000037	0	0
8.88000000000011	7.1260000000002	6.20499999999993	0	0
6.87299999999959	4.44699999999921	5.91899999999987	0	0
13.5789999999997	15.9790000000003	8.0619999999999	0	0
7.79100000000017	6.3100000000004	6.03000000000065	0	0
8.96000000000004	8.03099999999995	6.38200000000052	0	0
5.74199999999928	1.4350000000004	5.88600000000042	0	0
8.58300000000054	7.38400000000001	6.1309999999994	0	0
7.63500000000022	6.58699999999953	5.03799999999956	0	0
7.93799999999919	5.3760000000002	6.11499999999978	0	0
7.10499999999956	3.71900000000005	5.38199999999961	0	0
8.30199999999968	5.86699999999928	6.41299999999956	0	0
7.84199999999964	5.88799999999992	6.22299999999996	0	0
8.34700000000066	6.03600000000006	6.50699999999961	0	0
6.41799999999967	3.18299999999999	6.3769999999995	0	0
6.45100000000002	3.55500000000029	6.53699999999935	0	0
5.70100000000002	2.8720000000003	4.45600000000013	0	0
8.01299999999992	5.21399999999994	8.05000000000018	0	0
9.38599999999951	6.64999999999964	7.87800000000061	0	0
6.42299999999977	3.17100000000028	6.60599999999977	0	0
9.13599999999951	8.00900000000001	6.89999999999964	0	0
7.50200000000041	4.18299999999999	6.90099999999984	0	0
6.98300000000017	3.22699999999986	6.95399999999972	0	0
6.49600000000009	4.21900000000005	6.10099999999966	0	0
7.73099999999977	6.09000000000015	6.60799999999927	0	0
6.92000000000007	3.59199999999964	5.79699999999957	0	0
9.40300000000025	8.10500000000047	6.98099999999977	0	0
7.41600000000017	5.20800000000054	6.68299999999999	0	0
6.30600000000049	3.67299999999977	5.5639999999994	0	0
7.66499999999996	6.00200000000041	5.97999999999956	0	0
7.50399999999991	6.19500000000062	6.09500000000025	0	0
10.7759999999998	11.7920000000004	7.67900000000009	0	0
9.84000000000015	9.67200000000048	5.96799999999985	0	0
9.80999999999949	8.22999999999956	7.13300000000072	0	0
8.71599999999944	6.26900000000023	7.59799999999996	0	0
9.64600000000064	7.5049999999992	8.23300000000017	0	0
9.29299999999967	5.33500000000004	8.27200000000084	0	0
7.54299999999967	3.0610000000006	6.76199999999972	0	0
6.26399999999921	3.38899999999921	6.27300000000014	0	0
6.33899999999994	4.05099999999948	5.72599999999966	0	0
7.57499999999982	4.11099999999988	7.30599999999959	0	0
9.09900000000016	9.29700000000048	5.9409999999998	0	0
7.23599999999988	2.51800000000003	7.68000000000029	0	0
7.92600000000039	5.89400000000023	6.22200000000066	0	0
6.84699999999975	3.8769999999995	6.1260000000002	0	0
5.67799999999988	3.01200000000063	5.90900000000056	0	0
10.4549999999999	10.3180000000002	6.73500000000058	0	0
8.06800000000021	6.04899999999998	5.89100000000053	0	0
9.3720000000003	7.82600000000002	6.93099999999959	0	0
6.65900000000056	3.17199999999957	5.4989999999998	0	0
7.44400000000041	4.46300000000065	6.72800000000007	0	0
6.10800000000017	1.76500000000033	5.85300000000007	0	0
11.2430000000004	12.0290000000005	7.96299999999974	0	0
7.91200000000026	4.84400000000005	7.10900000000038	0	0
7.07800000000043	3.32700000000023	7.29199999999946	0	0
8.15499999999975	7.10400000000027	6.57600000000002	0	0
9.67199999999957	6.6899999999996	8.20899999999983	0	0
8.33000000000084	5.75799999999981	6.8769999999995	0	0
10.433	9.98399999999947	7.16699999999946	0	0
9.11099999999988	7.61499999999978	6.39199999999983	0	0
6.62199999999939	2.59600000000046	5.97999999999956	0	0
6.86399999999958	2.35400000000027	7.34799999999996	0	0
9.03600000000006	5.91400000000067	7.56200000000081	0	0
8.57899999999972	7.17199999999957	6.88500000000022	0	0
9.93900000000031	7.625	7.22599999999966	0	0
10.6239999999998	12.2330000000002	6.94700000000012	0	0
8.24299999999948	5.19699999999921	7.37100000000009	0	0
6.28600000000006	3.26000000000022	4.99599999999919	0	0
8.55799999999999	6.02799999999934	6.63000000000011	0	0
10.5540000000001	9.13699999999972	7.30299999999988	0	0
8.3760000000002	6.43000000000029	6.60999999999967	0	0
7.20700000000033	4.13800000000083	6.55600000000049	0	0
7.14999999999964	4.52800000000025	5.84900000000016	0	0
10.8099999999995	10.652	6.63000000000011	0	0
6.89300000000003	3.71599999999944	6.40599999999995	0	0
6.16200000000026	4.10300000000007	5.94799999999941	0	0
7.6760000000013	6.19999999999982	6.32999999999993	0	0
6.34299999999894	3.45699999999943	5.80199999999968	0	0
6.70100000000093	4.27800000000025	5.43299999999999	0	0
8.26699999999983	3.23300000000017	6.84900000000016	0	0
8.70199999999932	8.2470000000003	5.49299999999948	0	0
5.94000000000051	2.53999999999996	5.20399999999972	0	0
6	4.02199999999993	4.92500000000018	0	0
7.65099999999984	6.65899999999965	5.66799999999967	0	0
8.5	5.37899999999991	7.19899999999961	0	0
8.16300000000047	4.77700000000004	7.19500000000062	0	0
11.7619999999988	10.165	8.67000000000007	0	0
9.35599999999977	8.03899999999976	7.25600000000031	0	0
7.86700000000019	6.61499999999978	6.83799999999974	0	0
9.32800000000134	8.13900000000012	7.17600000000039	0	0
8.31800000000112	5.89600000000064	7.16200000000026	0	0
9.30699999999888	9.17500000000018	6.07300000000032	0	0
9.79699999999866	9.70299999999952	6.66600000000017	0	0
8.55199999999968	5.91700000000037	7.24600000000009	0	0
7.58799999999974	5.10800000000017	6.23800000000028	0	0
9.29600000000028	8.28099999999995	6.76400000000012	0	0
6.45699999999852	2.21900000000005	6.64799999999923	0	0
6.04299999999967	2.69700000000012	6.55199999999968	0	0
6.18399999999929	3.22200000000066	5.94700000000012	0	0
8.3739999999998	6.20299999999952	6.98899999999958	0	0
5.52700000000004	1.51800000000003	5.67600000000039	0	0
5.58799999999974	1.86800000000039	5.4340000000002	0	0
8.06599999999889	6.80299999999988	6.43599999999969	0	0
8.94399999999951	6.08299999999963	8.49699999999939	0	0
7.9369999999999	3.80799999999999	8.0010000000002	0	0
6.24399999999878	3.03500000000076	6.22699999999986	0	0
7.54700000000048	5.77199999999993	5.96500000000015	0	0
9.91300000000047	9.95399999999972	7.05499999999938	0	0
7.79399999999987	4.23400000000038	7.33299999999963	0	0
10.0350000000017	7.31999999999971	8.03699999999935	0	0
9.92299999999886	10.7419999999993	6.17599999999948	0	0
6.26599999999962	2.94700000000012	5.3090000000002	0	0
10.8029999999999	9.22399999999925	8.39599999999973	0	0
6.85099999999875	3.79199999999946	4.97899999999936	0	0
8.50200000000041	5.27500000000055	7.1260000000002	0	0
7.56099999999969	3.97400000000016	6.40700000000015	0	0
5.67000000000007	3.39599999999973	5.33899999999994	0	0
7.74200000000019	4.98400000000038	5.94700000000012	0	0
7.41699999999946	5.76199999999972	5.6220000000003	0	0
5.54399999999987	1.77899999999954	5.03900000000067	0	0
6.43400000000111	3.84400000000005	5.66200000000026	0	0
6.19599999999991	2.51699999999983	6.63000000000011	0	0
5.85000000000036	3.15200000000004	5.48900000000049	0	0
7.96399999999994	3.85300000000007	7.34400000000005	0	0
7.67500000000109	3.86400000000049	6.94200000000001	0	0
6.57500000000073	2.79799999999977	6.36399999999958	0	0
6.95700000000033	3.81600000000071	5.75700000000052	0	0
9.09200000000055	7.23000000000047	7.18299999999999	0	0
7.46699999999873	3.9350000000004	7.20200000000023	0	0
9.3130000000001	8.56999999999971	6.73599999999988	0	0
7.68899999999849	5.0600000000004	6.54799999999977	0	0
5.74699999999939	2.11300000000028	5.86099999999988	0	0
6.98999999999978	4.09900000000016	7.08200000000033	0	0
8.99300000000039	8.51100000000042	6.41799999999967	0	0
7.59400000000096	7.40700000000015	5.4970000000003	0	0
8.01499999999942	3.92300000000068	6.59699999999975	0	0
7.96000000000095	5.24499999999989	7.40499999999975	0	0
7.2510000000002	4.50600000000031	6.9340000000002	0	0
5.71500000000015	1.64699999999993	6.83400000000074	0	0
7.57700000000114	5.79800000000068	6.28499999999985	0	0
8.27100000000064	7.05699999999979	6.82199999999921	0	0
6.68100000000049	3.83899999999994	5.25099999999929	0	0
6.10999999999876	3.05999999999949	6.34999999999945	0	0
6.27699999999822	2.6909999999998	6.28700000000026	0	0
7.69499999999971	6.01299999999992	6.39800000000014	0	0
6.22099999999955	3.1299999999992	6.33899999999994	0	0
7.67599999999948	4.19200000000001	6.84200000000055	0	0
6.98899999999958	2.69300000000021	6.43099999999959	0	0
7.34999999999854	4.53899999999976	6.57099999999991	0	0
8.77499999999964	8.54100000000017	6.39599999999973	0	0
6.32500000000073	3.03400000000056	5.77900000000045	0	0
7.46100000000115	5.31700000000001	6.91499999999996	0	0
9.30299999999988	7.8690000000006	6.30099999999948	0	0
8.46800000000076	5.01299999999992	7.89799999999923	0	0
8.12299999999959	6.82899999999972	5.01299999999992	0	0
5.73199999999997	2.90999999999985	5.22299999999996	0	0
8.15899999999965	5.52199999999993	7.29300000000057	0	0
10.634	11.7919999999995	7.02299999999923	0	0
6.60699999999997	3.48700000000008	6.37299999999959	0	0
8.40299999999843	6.39199999999983	5.61700000000019	0	0
8.31899999999951	6.50799999999981	6.78200000000015	0	0
9.31500000000051	9.59400000000005	6.10399999999936	0	0
7.71800000000076	5.09400000000005	6.76300000000083	0	0
8.43599999999969	6.6909999999998	6.44200000000001	0	0
6.99700000000121	4.45499999999993	5.52499999999964	0	0
9.00799999999981	7.49499999999989	7.00200000000041	0	0
5.79399999999987	2.34199999999964	5.83699999999953	0	0
7.24099999999999	4.11400000000049	6.53200000000106	0	0
9.59700000000157	7.46600000000035	7.80099999999948	0	0
6.64600000000064	3.72900000000027	6.1299999999992	0	0
11.0399999999991	11.6939999999995	6.47200000000157	0	0
7.09600000000137	4.80600000000049	7.39300000000003	0	0
7.20600000000013	5.16599999999926	6.55500000000029	0	0
6.00200000000041	2.08600000000024	5.95499999999993	0	0
5.21799999999894	2.54099999999926	4.66600000000108	0	0
7.16400000000067	2.83800000000065	6.3739999999998	0	0
8.91200000000026	5.54799999999977	7.49799999999959	0	0
11.7830000000013	10.0519999999997	8.36099999999897	0	0
7.17799999999988	4.56500000000051	5.58200000000033	0	0
8.84199999999873	5.49199999999928	6.82900000000154	0	0
10.5529999999999	8.15999999999985	8.30600000000049	0	0
5.97700000000077	2.71100000000024	5.09200000000055	0	0
9.14700000000084	8.31099999999969	6.48799999999937	0	0
7.64199999999983	4.0659999999998	6.12700000000041	0	0
7.79699999999866	4.43000000000029	6.26800000000003	0	0
7.10200000000077	3.32600000000002	6.23099999999977	0	0
9.25699999999961	8.26699999999983	5.70600000000013	0	0
7.17200000000048	4.07999999999993	5.77999999999884	0	0
11.8719999999994	10.6040000000003	7.96600000000035	0	0
7.73599999999897	5.59500000000025	6.20499999999993	0	0
6.30400000000009	3.95399999999972	5.29900000000089	0	0
7.24300000000039	3.22200000000066	7.92999999999847	0	0
7.8799999999992	4.91600000000017	7.18400000000111	0	0
6.14400000000023	2.29100000000017	7.03400000000147	0	0
6.96800000000076	4.03900000000067	6.84900000000016	0	0
6.75699999999961	4.47199999999975	6.95099999999911	0	0
6.85400000000118	3.98000000000047	7.29500000000007	0	0
6.62800000000061	3.95300000000043	5.29099999999926	0	0
6.04500000000007	2.90599999999995	5.63100000000122	0	0
7.15500000000065	3.40300000000025	6.16300000000047	0	0
7.57300000000032	5.08399999999983	7.08800000000156	0	0
6.63899999999921	3.89000000000033	6.94800000000032	0	0
7.30799999999908	4.31899999999951	6.57100000000173	0	0
8.26900000000023	5.09200000000055	6.27700000000004	0	0
6.22099999999955	2.90800000000036	5.91599999999926	0	0
7.28200000000106	5.09200000000055	6.20199999999932	0	0
9.09499999999935	5.55400000000009	7.19300000000112	0	0
7.3739999999998	4.02799999999934	5.82099999999991	0	0
9.17699999999968	6.78399999999965	6.25199999999859	0	0
8.18000000000029	4.37900000000081	7.75799999999981	0	0
6.76200000000063	4.51699999999983	5.54999999999927	0	0
8.04900000000089	5.20899999999983	6.68900000000031	0	0
10.0249999999996	10.4719999999998	7.46600000000035	0	0
6.80299999999988	3.95200000000023	5.25199999999859	0	0
9.32500000000073	6.34600000000046	7.69499999999971	0	0
8.81700000000092	6.00699999999961	6.89999999999964	0	0
6.3119999999999	2.80500000000029	6.23400000000038	0	0
8.64599999999882	5.875	7.35499999999956	0	0
9.92100000000028	10.6500000000005	6.97600000000057	0	0
10.4670000000006	9.90599999999995	6.26599999999962	0	0
7.63299999999981	3.58300000000054	8.92799999999988	0	0
7.6820000000007	5.24399999999969	6.81499999999869	0	0
8.8229999999985	5.13199999999961	7.15200000000004	0	0
7.72299999999996	5.48099999999977	6.85099999999875	0	0
7.63899999999921	4.48300000000017	6.90400000000045	0	0
11.3060000000005	12.4970000000003	6.503999999999	0	0
8.753999999999	7.84600000000046	6.08600000000115	0	0
7.64900000000125	5.20299999999952	6.16199999999844	0	0
7.86499999999978	6.13299999999981	5.73700000000099	0	0
8.95499999999993	8.1840000000002	6.58600000000115	0	0
8.77000000000044	7.2510000000002	6.51600000000144	0	0
9.32700000000114	7.78999999999996	6.89999999999964	0	0
7.59900000000016	4.28900000000067	6.05500000000029	0	0
5.78999999999905	1.73000000000047	6.21700000000055	0	0
7.97800000000097	6.07999999999993	6.55500000000029	0	0
8.08200000000033	5.70399999999972	6.96199999999953	0	0
5.44800000000032	2.22400000000016	5.23999999999978	0	0
5.24099999999999	1.25900000000001	5.59299999999894	0	0
6.8169999999991	3.58899999999994	5.98400000000038	0	0
6.3760000000002	3.04399999999987	6.32500000000073	0	0
5.9989999999998	3	6.05299999999988	0	0
6.36299999999937	4.76599999999962	4.98700000000099	0	0
10.2799999999988	9.66399999999976	7.56599999999889	0	0
6.80299999999988	4.5600000000004	5.18299999999908	0	0
8.76100000000042	5.75799999999981	6.95099999999911	0	0
7.78099999999904	5.61800000000039	5.75400000000081	0	0
8.60599999999977	6.81099999999969	6.00200000000041	0	0
10.473	9.03999999999996	6.97899999999936	0	0
25.4930000000004	36.1939999999995	11.1090000000004	0	0
9.11099999999897	6.42699999999968	6.7599999999984	0	0
6.52500000000146	2.72199999999975	6.8179999999993	0	0
7.78499999999985	3.26199999999972	6.19100000000071	0	0
6.67599999999948	4.22599999999966	5.90900000000147	0	0
7.01500000000124	3.90800000000036	5.61100000000079	0	0
8.10500000000138	4.52900000000045	6.82400000000052	0	0
6.35900000000038	2.23900000000049	6.55199999999968	0	0
9.55699999999888	7.98800000000028	8.46500000000015	0	0
9.74799999999959	7.44300000000021	8.29000000000087	0	0
6.75699999999961	3.4409999999998	5.99200000000019	0	0
5.9369999999999	2.84699999999975	5.97899999999936	0	0
6.23600000000079	2.72600000000057	5.54199999999946	0	0
9.28999999999905	5.10800000000017	8.01100000000042	0	0
6.20499999999993	2.48100000000068	6.1869999999999	0	0
6.4369999999999	2.09099999999944	6.39800000000105	0	0
5.49700000000121	2.19400000000041	5.83799999999974	0	0
9.34799999999996	5.57800000000043	7.60999999999876	0	0
7.70399999999972	2.49600000000009	7.61800000000039	0	0
6.12300000000141	2.36499999999978	6.54900000000089	0	0
8.82400000000052	5.81700000000001	7.39600000000064	0	0
7.68400000000111	6.22800000000007	5.88899999999921	0	0
5.98699999999917	3.30100000000039	5.29099999999926	0	0
6.93599999999969	4.21700000000055	6.58399999999892	0	0
6.74699999999939	2.85400000000027	6.38600000000042	0	0
8.53200000000106	7.32399999999961	6.83700000000135	0	0
6.63899999999921	3.53099999999995	6.15200000000004	0	0
6.9989999999998	3.55999999999949	7.46799999999894	0	0
5.81499999999869	2.2480000000005	6.04800000000068	0	0
9.51699999999983	10.6140000000005	6.85800000000017	0	0
8.97199999999975	8.18900000000031	6.79700000000048	0	0
9.02800000000025	6.83599999999933	7.01100000000042	0	0
6.61099999999897	2.7440000000006	6.88600000000042	0	0
7.28800000000047	4.83799999999974	6.35100000000057	0	0
7.39899999999943	5.06800000000021	5.21999999999935	0	0
7.83600000000115	3.72899999999936	6.64599999999882	0	0
6.41699999999946	2.23099999999977	6.15599999999904	0	0
7.01900000000023	4.39199999999983	6.39300000000003	0	0
7.10299999999916	5.54100000000017	5.97999999999956	0	0
9.08100000000013	8.99499999999989	6.79500000000007	0	0
6.19800000000032	3.09100000000035	5.34100000000035	0	0
6.27900000000045	2.80400000000009	5.96399999999994	0	0
6.64599999999882	2.69300000000021	6.49399999999878	0	0
7.27900000000045	2.85300000000007	6.88799999999901	0	0
5.18900000000031	1.42099999999937	4.58300000000054	0	0
8.39799999999923	4.8100000000004	6.89799999999923	0	0
7.6880000000001	4.73799999999937	7.26499999999942	0	0
8.92900000000009	5.96899999999914	8.0059999999994	0	0
7.54699999999866	5.55100000000039	6.70599999999831	0	0
8.89999999999964	7.39000000000033	6.96100000000115	0	0
8.0719999999983	4.35699999999997	6.54800000000068	0	0
7.71000000000095	5.10500000000047	7.03800000000047	0	0
6.56400000000031	3.52000000000044	5.95399999999972	0	0
10.8359999999993	10.817	7.46199999999953	0	0
6.07500000000073	3.63500000000022	5.61499999999978	0	0
6.83699999999953	2.77000000000044	6.36599999999999	0	0
7.42499999999927	5.54699999999957	6.29399999999987	0	0
7.03800000000047	3.33699999999953	6.07099999999991	0	0
5.91899999999987	2.79800000000068	5.90099999999984	0	0
7.01200000000063	4.69599999999991	6.02599999999984	0	0
7.64099999999962	3.98500000000058	6.40899999999965	0	0
8.20900000000074	6.08100000000013	7.02000000000044	0	0
6.84200000000055	3.91299999999956	5.87099999999919	0	0
6.72899999999936	4.49000000000069	5.49300000000039	0	0
6.34100000000035	3.82999999999993	5.86800000000039	0	0
6.84599999999955	5.1299999999992	5.63500000000022	0	0
7.88899999999921	6.10400000000027	6.92299999999886	0	0
7.85499999999956	5.62400000000071	6.23199999999997	0	0
6.77499999999964	2.51499999999942	6.81899999999951	0	0
6.45099999999911	4.06299999999919	4.97700000000077	0	0
7.98800000000119	3.18599999999969	7.09399999999914	0	0
8.03399999999965	5.07000000000062	7.1830000000009	0	0
5.96300000000156	2.95299999999952	5.10599999999977	0	0
8.06500000000051	4.41399999999976	7.55999999999949	0	0
7.67799999999988	3.77800000000025	7.37799999999879	0	0
9.06099999999969	8.33300000000054	7.11499999999978	0	0
9.0049999999992	8.26600000000053	6.98700000000099	0	0
8.71100000000115	6.38199999999961	7.48800000000119	0	0
6.34999999999854	3.04200000000037	6.08499999999913	0	0
6.73999999999978	4.34200000000055	5.10499999999956	0	0
10.0060000000012	10.1359999999995	6.15000000000146	0	0
9.5010000000002	7.57300000000032	6.78699999999844	0	0
8.19000000000051	6.05699999999979	6.15700000000106	0	0
10.9940000000006	8.70200000000023	7.63199999999961	0	0
7.86499999999978	4.42899999999918	7.82699999999932	0	0
8.11800000000039	3.90899999999965	7.42499999999927	0	0
7.08400000000074	2.94399999999951	6.88699999999881	0	0
8.1820000000007	6.80199999999968	6.80500000000029	0	0
5.9989999999998	2.65899999999965	6.14599999999882	0	0
10.0570000000007	7.79600000000028	7.58500000000095	0	0
8.59999999999854	6.8130000000001	7.22900000000118	0	0
7.15399999999863	2.67199999999957	7.21499999999833	0	0
9.14999999999964	6.55799999999999	8.01200000000063	0	0
9.98499999999876	9.13800000000083	6.9429999999993	0	0
7.06099999999969	2.13000000000011	7.28099999999904	0	0
6.36999999999898	3.61999999999989	5.80299999999988	0	0
8.02700000000004	5.85599999999977	6.26900000000023	0	0
7.71900000000096	6.13599999999951	5.35599999999977	0	0
6.82300000000032	3.40399999999954	6.01200000000063	0	0
6.34900000000016	2.04699999999957	5.73300000000017	0	0
6.44900000000052	3.99199999999928	6.13000000000102	0	0
7.30000000000109	4.94400000000041	6.17400000000089	0	0
8.39300000000003	8.07099999999991	6.15200000000004	0	0
6.3239999999987	3.71100000000024	5.65200000000004	0	0
6.0010000000002	2.79600000000028	5.29799999999886	0	0
6.50600000000122	2.02399999999943	6.28499999999985	0	0
5.72299999999996	2.52899999999954	5.5049999999992	0	0
8.81999999999971	6.9940000000006	6.9950000000008	0	0
6.50799999999981	3.47299999999996	5.89799999999923	0	0
9.3700000000008	6.76299999999992	7.64300000000003	0	0
7.38699999999881	4.15999999999985	7.8119999999999	0	0
6.72299999999996	4.91899999999987	5.63400000000001	0	0
7.54100000000108	4.41899999999987	5.59000000000015	0	0
6.95699999999852	5.30699999999979	5.25400000000081	0	0
7.23300000000017	4.23999999999978	6.38799999999901	0	0
6.51900000000023	3.34999999999945	6.00299999999879	0	0
6.48999999999978	3.28200000000015	5.68100000000049	0	0
7.71899999999914	5.14499999999953	6.67000000000007	0	0
6.1200000000008	3.05699999999979	5.68299999999908	0	0
8.3169999999991	5.95199999999932	6.89600000000064	0	0
7.82799999999952	4.66899999999987	6.62299999999959	0	0
7.08700000000135	5.21199999999953	5.51299999999901	0	0
7.12200000000121	4.73599999999988	6.02999999999884	0	0
6.60199999999895	3.77399999999943	5.95800000000054	0	0
8.12099999999919	4.74099999999999	7.19700000000012	0	0
7.16699999999946	2.15000000000146	7.42100000000028	0	0
7.75099999999838	5.72500000000036	6.63400000000001	0	0
7.06999999999971	5.3690000000006	5.98099999999977	0	0
6.36399999999958	3.54500000000007	5.4479999999985	0	0
6.52200000000084	2.58100000000013	6.21299999999974	0	0
8.88100000000122	8.40999999999985	6.18399999999929	0	0
10.1029999999992	6.8030000000017	8.52900000000045	0	0
6.88600000000042	3.74700000000121	5.8070000000007	0	0
8.88200000000143	5.58999999999833	8.37400000000162	0	0
7.51200000000063	5.24200000000019	6.14600000000064	0	0
6.32599999999911	3	5.78999999999905	0	0
7.35100000000057	5.71100000000115	5.24399999999878	0	0
7.97400000000016	5.64899999999943	6.43000000000029	0	0
8.64500000000044	6.1260000000002	6.8809999999994	0	0
7.16799999999967	4.71500000000015	6.28799999999865	0	0
5.89500000000044	2.82499999999891	5.77800000000025	0	0
6.08300000000054	3.77300000000105	5.19399999999951	0	0
7.6190000000006	3.80099999999948	7.02100000000064	0	0
7.05900000000111	4.52100000000064	5.53999999999905	0	0
10.0100000000002	7.73799999999937	7.125	0	0
10.2540000000008	8.29299999999967	8.00900000000001	0	0
8.66500000000087	6.48899999999958	7.21700000000055	0	0
7.46300000000156	5.34599999999955	6.52100000000064	0	0
6.51699999999983	2.90600000000086	6.70200000000114	0	0
8.56100000000151	6.1929999999993	7.02700000000004	0	0
6.51100000000042	2.8650000000016	5.80899999999929	0	0
5.9330000000009	2.92099999999846	5.0630000000001	0	0
6.32400000000052	2.86999999999898	6.29899999999907	0	0
8.29600000000028	3.94000000000051	6.76000000000022	0	0
10.7610000000004	9.98400000000038	7.56999999999971	0	0
7.61299999999937	4.37299999999959	6.89199999999983	0	0
8.19099999999889	3.45799999999872	8.30400000000009	0	0
20.7169999999987	29.3220000000001	10.5120000000006	0	0
7.31500000000051	5.52100000000064	4.9890000000014	0	0
12.116	12.0879999999997	7.91599999999926	0	0
8.05600000000049	4.64499999999862	8.06899999999951	0	0
7.94100000000071	5.11799999999857	6.41899999999987	0	0
7.82200000000012	6.02400000000125	6.48699999999917	0	0
11.1980000000003	10.25	7.91100000000006	0	0
7.59699999999975	4.51000000000022	7.91699999999946	0	0
7.2559999999994	5.09000000000015	5.10200000000077	0	0
7.73500000000058	3.2510000000002	8.0109999999986	0	0
7.21100000000115	4.26900000000023	6.54800000000068	0	0
5.76599999999962	1.47899999999936	6.79999999999927	0	0
5.85100000000057	2.13700000000063	6.35199999999895	0	0
7.0619999999999	3.47400000000016	6.5570000000007	0	0
9.82300000000032	10.3600000000006	7.07700000000114	0	0
8.33899999999994	5.36399999999958	7.46399999999994	0	0
8.83799999999974	8.10699999999997	6.39500000000044	0	0
8.01299999999901	5.23199999999997	7.55199999999968	0	0
7.69399999999951	5.55600000000049	5.96399999999994	0	0
5.68900000000031	3.00900000000001	5.30099999999948	0	0
5.69900000000052	2.79500000000007	4.84400000000096	0	0
7.38200000000143	6.35800000000017	6.2510000000002	0	0
7.65099999999984	4.94500000000153	6.27900000000045	0	0
8.5630000000001	5.875	8.03600000000006	0	0
6.97600000000057	4.58399999999892	5.90800000000127	0	0
6.996000000001	3.77199999999903	5.4429999999993	0	0
9.28499999999985	9.13299999999981	6.1299999999992	0	0
10.1209999999992	9.73700000000099	6.20600000000013	0	0
10.8060000000005	10.0529999999999	6.51699999999983	0	0
8.96700000000055	7.64800000000105	6.67499999999927	0	0
7.8169999999991	3.57800000000134	6.52599999999984	0	0
6.85999999999876	4.98199999999997	5.28900000000067	0	0
8.84799999999996	7.69200000000092	6.94800000000032	0	0
8.17699999999968	4.82600000000093	7.75299999999879	0	0
7.54800000000068	3.78099999999904	7.4270000000015	0	0
7.64500000000044	4.92100000000028	6.51800000000003	0	0
7.6200000000008	4.625	6.98399999999856	0	0
7.9369999999999	4.85000000000036	7.53600000000006	0	0
6.746000000001	2.61599999999999	6.25400000000081	0	0
6.90200000000004	2.33600000000115	6.88600000000042	0	0
7.57099999999991	4.53700000000026	6.66100000000006	0	0
8.57400000000052	6.64400000000023	6.55500000000029	0	0
8.5010000000002	5.11100000000079	7.81400000000031	0	0
9.40500000000065	5.39899999999943	7.64300000000003	0	0
7.35399999999936	5.10499999999956	6.0630000000001	0	0
8.01200000000063	4.09699999999975	7.98800000000119	0	0
9.42200000000048	8.44100000000071	6.77399999999943	0	0
8.33500000000095	5.11700000000019	6.96299999999974	0	0
7.37199999999939	4.128999999999	7.02700000000004	0	0
6.15300000000025	3.2450000000008	4.93000000000029	0	0
6.98699999999917	4.65800000000127	6.73400000000038	0	0
8.11799999999857	4.35799999999836	7.22799999999916	0	0
6.14799999999923	3.30600000000049	5.47100000000137	0	0
11.4359999999997	11.3919999999998	7.10400000000118	0	0
6.96999999999935	3.68000000000029	5.77300000000105	0	0
9.24099999999999	6.54399999999987	6.86699999999837	0	0
9.58799999999974	8.48600000000079	6.44900000000052	0	0
9.46900000000096	6.83599999999933	7.0679999999993	0	0
7.99700000000121	4.69700000000012	6.51800000000003	0	0
7.14999999999964	3.7489999999998	6.20800000000054	0	0
7.10600000000159	3.66200000000026	6.14199999999983	0	0
8.38800000000083	5.17500000000109	6.22400000000016	0	0
6.67699999999968	4.17699999999968	4.8739999999998	0	0
6.83100000000013	4.371000000001	5.96899999999914	0	0
9.35499999999956	7.39300000000003	7.68999999999869	0	0
7.96799999999894	4.37900000000081	5.77599999999984	0	0
8.61700000000019	6.06800000000112	6.02599999999984	0	0
8.34200000000055	5.99099999999999	6.14100000000144	0	0
7.38799999999901	5.36000000000058	5.30699999999888	0	0
8.35300000000097	7.10399999999936	5.6190000000006	0	0
9.41100000000006	8.00400000000081	6.5570000000007	0	0
8.67400000000089	5.54600000000028	7.75	0	0
6.94800000000032	3.03299999999945	7.20099999999911	0	0
8.32999999999993	6.46000000000095	6.99499999999898	0	0
8.23999999999978	6.10900000000038	6.31599999999889	0	0
9.13999999999942	7.48499999999876	7.10300000000097	0	0
8.78200000000106	7.24300000000039	6.14600000000064	0	0
8.24799999999959	4.53800000000047	6.61100000000079	0	0
9.88500000000022	10.0900000000001	6.27800000000025	0	0
6.63500000000022	3.48499999999876	6.11000000000058	0	0
6.93400000000111	4.375	6.01400000000103	0	0
7.00699999999961	4.89999999999964	6.29999999999927	0	0
8.07200000000012	3.99699999999939	7.15599999999904	0	0
9.42100000000028	9.23000000000138	7.57300000000032	0	0
6.6919999999991	3.36799999999857	6.26300000000083	0	0
6.67499999999927	2.48500000000058	6.09699999999975	0	0
8.23199999999997	6.62800000000061	6.21899999999914	0	0
8.79700000000048	5.36599999999999	7.45899999999892	0	0
6.3739999999998	3.65200000000004	4.48099999999977	0	0
9.04599999999846	8.25900000000001	5.42399999999907	0	0
7.98400000000038	4.31500000000051	6.67100000000028	0	0
6.89700000000084	4.46199999999953	5.55299999999988	0	0
11.0409999999993	9.21299999999974	8.06899999999951	0	0
9.36999999999898	6.13199999999961	6.84000000000015	0	0
5.39500000000044	2.85699999999997	4.6299999999992	0	0
8.97299999999996	7.19100000000071	6.26399999999921	0	0
7.54500000000007	4.875	6.03000000000065	0	0
7.5510000000013	5.4369999999999	6.13600000000042	0	0
7.45899999999892	4.04600000000028	8.00200000000041	0	0
7.05400000000009	3.21500000000015	6.64300000000003	0	0
6.59599999999955	3.26999999999862	6.56899999999951	0	0
10.4329999999991	9.36599999999999	7.9989999999998	0	0
7.67699999999968	5.02499999999964	5.96799999999894	0	0
8.18499999999949	6.05999999999949	6.75500000000102	0	0
7.1260000000002	4.77599999999984	5.19800000000032	0	0
10.8700000000008	12.1100000000006	6.87299999999959	0	0
8.79100000000108	6.88199999999961	6.27200000000084	0	0
10.3709999999992	8.04299999999967	7.19499999999971	0	0
7.11800000000039	4.10000000000036	6.98300000000017	0	0
8.03800000000047	5.25699999999961	6.39199999999983	0	0
7.2440000000006	4.2400000000016	7.79199999999946	0	0
8.19499999999971	6.45499999999993	6.31899999999951	0	0
8.92499999999927	7.10500000000138	7.69700000000012	0	0
7.59300000000076	3.14300000000003	7.45200000000114	0	0
7.46900000000096	5.45800000000054	6.61599999999999	0	0
8.79999999999927	7.05299999999988	6.63899999999921	0	0
9.63100000000122	9.07300000000032	6.88199999999961	0	0
8.43400000000111	6.73199999999997	6.51800000000003	0	0
5.92400000000089	2.95699999999852	4.9429999999993	0	0
9.30099999999948	7.48300000000017	6.86599999999999	0	0
9.16899999999987	5.64300000000003	8.7510000000002	0	0
7.11399999999958	3.97799999999916	5.80299999999988	0	0
7.82200000000012	5.86700000000019	6.14900000000125	0	0
10.9869999999992	11.8719999999994	7.58899999999994	0	0
8.23099999999977	6.59100000000035	6.57699999999932	0	0
7.88999999999942	5.94099999999889	5.99699999999939	0	0
7.00300000000061	3.30699999999888	6.39500000000044	0	0
8.15400000000045	5.69900000000052	5.76300000000083	0	0
10.4129999999986	11.610999999999	6.61599999999999	0	0
6.92299999999886	3.84600000000137	5.99300000000039	0	0
5.71799999999894	1.98899999999958	5.78300000000127	0	0
7.27499999999964	3.06899999999951	7.67299999999886	0	0
8.03700000000026	5.51300000000083	6.94700000000012	0	0
6.88700000000063	2.996000000001	6.64300000000003	0	0
7.76300000000083	4.31600000000071	7.13199999999961	0	0
7.35199999999895	3.8690000000006	6.7510000000002	0	0
7.90899999999965	6.52100000000064	6.66299999999865	0	0
6.73299999999836	4.29700000000048	6.02399999999943	0	0
7.86499999999978	5.20199999999932	7.74399999999878	0	0
8.88999999999942	7.83899999999994	7.15999999999985	0	0
11.7520000000004	11.8329999999987	8.38899999999921	0	0
7.09699999999975	3.64799999999923	5.89300000000003	0	0
6.93399999999929	4.58899999999994	5.83400000000074	0	0
7.16600000000108	3.96399999999994	6.28399999999965	0	0
8.75799999999981	7.92000000000007	6.78099999999904	0	0
8.12300000000141	5.871000000001	6.32699999999932	0	0
7.54999999999927	4.65600000000086	5.94000000000051	0	0
8.92100000000028	7.59799999999996	6.53199999999924	0	0
7.58400000000074	4.98199999999997	5.87199999999939	0	0
9.02399999999943	6.35699999999997	7.10800000000017	0	0
6.95700000000033	3.76300000000083	6.76100000000042	0	0
8.2489999999998	6.27700000000004	6.25699999999961	0	0
6.51599999999962	2.80199999999968	6.05599999999868	0	0
5.99599999999919	2.97299999999996	5.86499999999978	0	0
5.46000000000276	1.79000000000087	5.27900000000045	0	0
7.34899999999834	5.60800000000017	6.28600000000006	0	0
7.2039999999979	4.1200000000008	5.88000000000102	0	0
10.9279999999999	10.1890000000003	7.03600000000006	0	0
6.83000000000175	5.6919999999991	5.21700000000055	0	0
13.6929999999993	15.4410000000007	8.52499999999964	0	0
6.84199999999691	4.21799999999894	5.40600000000086	0	0
9.50599999999758	8.17900000000009	7.26499999999942	0	0
7.00399999999718	2.67300000000068	7.98400000000038	0	0
5.3640000000014	1.72199999999975	4.74099999999999	0	0
7.76399999999921	3.39099999999962	6.65200000000004	0	0
7.33799999999974	3.69000000000051	6.91500000000087	0	0
7.51900000000023	4.80999999999949	5.95600000000013	0	0
7.47499999999854	5.43899999999849	6.16799999999967	0	0
6.12100000000282	2.68599999999969	6.27800000000025	0	0
7.41400000000067	4.73400000000038	6.33100000000013	0	0
5.75700000000143	2.44100000000071	5.34000000000015	0	0
6.93499999999767	3.61299999999937	5.70700000000033	0	0
9.02699999999822	6.625	7.20999999999913	0	0
8.66200000000026	7.42399999999907	7.54600000000028	0	0
7.2489999999998	4.9429999999993	6.36999999999898	0	0
5.10800000000017	1.60799999999836	5.06600000000071	0	0
6.45900000000256	3.60000000000036	5.99699999999939	0	0
10.7160000000003	11.7369999999992	7.25200000000041	0	0
8.48700000000099	6.0010000000002	6.80000000000109	0	0
7.22700000000259	3.03799999999865	6.29299999999967	0	0
7.38100000000122	5.26800000000003	5.68299999999908	0	0
