2.829	0.248	3.078	0	0
2.435	0.245	2.679	0	0
5.548	1.649	6.555	0	0
2.48699999999999	0.295	2.712	0	0
2.421	0.235	2.656	0	0
2.38	0.243	2.624	0	0
2.372	0.252	2.62299999999999	0	0
2.396	0.223	2.619	0	0
4.747	0.484	5.23099999999999	0	0
2.45999999999999	0.199	2.65899999999999	0	0
2.41500000000001	0.25	2.66499999999999	0	0
2.41	0.24	2.682	0	0
2.416	0.247999999999999	2.664	0	0
2.53200000000001	0.361000000000001	2.89299999999999	0	0
2.423	0.26	2.68199999999999	0	0
5.098	0.552	5.65299999999999	0	0
5.03200000000001	1.09	5.94399999999999	0	0
2.64400000000001	0.661999999999999	3.05500000000001	0	0
6.12	1.493	7.239	0	0
2.66900000000001	0.720000000000002	3.125	0	0
2.70800000000003	0.596999999999998	3.066	0	0
2.56400000000002	0.373999999999999	2.93299999999999	0	0
2.613	0.450999999999997	3.035	0	0
3.50400000000002	0.745999999999999	4.102	0	0
2.46499999999997	0.262999999999998	2.72899999999998	0	0
2.47799999999998	0.254999999999999	2.786	0	0
2.27199999999999	0.244	2.54100000000003	0	0
2.33200000000002	0.254999999999999	2.48399999999998	0	0
2.35100000000003	0.216999999999999	2.637	0	0
4.589	0.491999999999997	5.08199999999999	0	0
4.77100000000002	0.725999999999999	5.42099999999999	0	0
2.32000000000005	0.312000000000005	2.63200000000001	0	0
2.31399999999996	0.311999999999998	2.62600000000003	0	0
2.26899999999995	0.256	2.52500000000003	0	0
4.63	0.454999999999998	5.07399999999996	0	0
4.56799999999998	0.491	5.05899999999997	0	0
2.32999999999998	0.208000000000006	2.62100000000004	0	0
4.56	0.483000000000004	5.04300000000001	0	0
2.33699999999999	0.231000000000002	2.56900000000002	0	0
2.29599999999999	0.252000000000002	2.54700000000003	0	0
2.31899999999996	0.215999999999994	2.53500000000003	0	0
2.33300000000003	0.231000000000002	2.56399999999996	0	0
2.41899999999998	0.243000000000002	2.76599999999996	0	0
2.392	0.231000000000002	2.62900000000002	0	0
2.42099999999999	0.210000000000001	2.70400000000001	0	0
2.392	0.244	2.63599999999997	0	0
2.42800000000005	0.258999999999993	2.68699999999995	0	0
4.87700000000001	0.588999999999999	5.44	0	0
2.45400000000001	0.304000000000002	2.75799999999998	0	0
2.43899999999996	0.250999999999998	2.69099999999997	0	0
2.48999999999995	0.324000000000005	2.81500000000005	0	0
2.60399999999998	0.279000000000003	2.88300000000004	0	0
2.60699999999997	0.291000000000004	2.89800000000002	0	0
2.56599999999997	0.256	2.82300000000004	0	0
2.41000000000003	0.227999999999994	2.63999999999999	0	0
2.41900000000004	0.315999999999995	2.73500000000001	0	0
2.46799999999996	0.287999999999997	2.75600000000003	0	0
2.69299999999998	0.596000000000004	3.08199999999999	0	0
3.30600000000004	1.39100000000001	4.274	0	0
2.59800000000001	0.903999999999996	3.40999999999997	0	0
2.54200000000003	0.629999999999995	2.89099999999996	0	0
3.32400000000001	0.786000000000001	3.96199999999999	0	0
4.91999999999996	1.344	5.82400000000007	0	0
2.26100000000002	0.219999999999999	2.48000000000002	0	0
4.97300000000001	1.23399999999999	5.90600000000006	0	0
2.51999999999998	0.784000000000006	3.101	0	0
5.05499999999995	1.468	6.10199999999998	0	0
2.57899999999995	0.751999999999995	3.16800000000001	0	0
2.48799999999994	0.548000000000002	2.904	0	0
5.52099999999996	1.78999999999999	7.02699999999993	0	0
2.67399999999998	0.938999999999993	3.48000000000002	0	0
2.63300000000004	0.832999999999998	3.37600000000009	0	0
2.46799999999996	0.266000000000005	2.66599999999994	0	0
2.42100000000005	0.288000000000011	2.67900000000009	0	0
2.40899999999999	0.247	2.65699999999993	0	0
2.428	0.331000000000003	2.81099999999992	0	0
4.80799999999999	0.567999999999998	5.50900000000001	0	0
2.41200000000003	0.266999999999996	2.67899999999997	0	0
2.40599999999995	0.254999999999995	2.66099999999994	0	0
2.43599999999992	0.324000000000012	2.75900000000001	0	0
2.80700000000002	0.76400000000001	3.38	0	0
5.303	1.45	6.41599999999994	0	0
2.625	0.731999999999999	3.3130000000001	0	0
7.17999999999995	1.04299999999999	8.08299999999997	0	0
2.54200000000003	0.644999999999996	3.09900000000005	0	0
2.45900000000006	0.545000000000002	2.92999999999995	0	0
2.25	0.219999999999999	2.55100000000004	0	0
2.44999999999993	0.311999999999998	2.61500000000001	0	0
4.66700000000003	0.907999999999987	5.40199999999993	0	0
3.29300000000001	0.528999999999996	3.66099999999994	0	0
5.17399999999998	1.22	6.19400000000007	0	0
2.51699999999994	0.290999999999997	2.80899999999997	0	0
6.03200000000004	2.77500000000001	7.29500000000007	0	0
3.36700000000008	1.303	4.06399999999996	0	0
2.44099999999992	0.216999999999999	2.59900000000005	0	0
2.45999999999992	0.219999999999999	2.73599999999999	0	0
2.42600000000004	0.292999999999992	2.71100000000001	0	0
2.452	0.22699999999999	2.70999999999992	0	0
2.37800000000004	0.271000000000001	2.66499999999996	0	0
2.44800000000009	0.238	2.68700000000001	0	0
2.572	0.429000000000002	2.89400000000001	0	0
2.47300000000007	0.239000000000004	2.71199999999999	0	0
2.678	0.275000000000006	2.95299999999997	0	0
5.06400000000008	0.611000000000004	5.67600000000004	0	0
2.52099999999996	0.399999999999991	2.92199999999991	0	0
4.76099999999997	0.468999999999994	5.23000000000002	0	0
2.46299999999997	0.244	2.7059999999999	0	0
2.48699999999997	0.311999999999998	2.79900000000009	0	0
2.42400000000009	0.247	2.67099999999994	0	0
2.42099999999994	0.24799999999999	2.82100000000003	0	0
2.404	0.216000000000008	2.70299999999997	0	0
2.39800000000002	0.319000000000003	2.76099999999997	0	0
2.42199999999991	0.23299999999999	2.66899999999998	0	0
2.30799999999999	0.361999999999995	2.68700000000001	0	0
2.31799999999998	0.451999999999998	2.85399999999993	0	0
2.26099999999997	0.251000000000005	2.51300000000015	0	0
2.35199999999998	0.219000000000023	2.57200000000012	0	0
2.26900000000001	0.242999999999995	2.51300000000015	0	0
2.23699999999997	0.218000000000018	2.50399999999991	0	0
2.303	0.254999999999995	2.49199999999996	0	0
2.52099999999996	0.330999999999989	2.875	0	0
2.54500000000007	0.375	2.94599999999991	0	0
2.28100000000006	0.230999999999995	2.52600000000007	0	0
2.32099999999991	0.323000000000008	2.70800000000008	0	0
2.29600000000005	0.229000000000013	2.60299999999984	0	0
4.66099999999994	0.657000000000011	5.17600000000016	0	0
4.55199999999991	0.570999999999998	5.24800000000005	0	0
2.27099999999996	0.24799999999999	2.51800000000003	0	0
2.25599999999997	0.251000000000005	2.50800000000004	0	0
2.27800000000002	0.227000000000004	2.50399999999991	0	0
2.29099999999994	0.300000000000011	2.59099999999989	0	0
2.46800000000007	0.719000000000023	3.19900000000007	0	0
2.27200000000016	0.255000000000024	2.60300000000007	0	0
2.26299999999992	0.242999999999995	2.50700000000006	0	0
2.34299999999985	0.221000000000004	2.65200000000004	0	0
2.77999999999997	0.962000000000018	3.52999999999997	0	0
2.48900000000003	0.263000000000005	2.75199999999995	0	0
2.38400000000001	0.271000000000015	2.65599999999995	0	0
2.29899999999998	0.216000000000008	2.51400000000012	0	0
2.23099999999999	0.263999999999982	2.49399999999991	0	0
2.27200000000016	0.25200000000001	2.52400000000011	0	0
2.59400000000005	0.737000000000023	3.21499999999992	0	0
2.30199999999991	0.227000000000004	2.60199999999986	0	0
2.30099999999993	0.293000000000006	2.64400000000001	0	0
2.27400000000011	0.334000000000003	2.57500000000005	0	0
2.29300000000012	0.269000000000005	2.44800000000009	0	0
4.904	1.14399999999998	5.78800000000001	0	0
2.27400000000011	0.206999999999994	2.63100000000009	0	0
2.25499999999988	0.227000000000004	2.48299999999995	0	0
2.27199999999993	0.256	2.53899999999999	0	0
2.22299999999996	0.201999999999998	2.44900000000007	0	0
2.38499999999999	0.665999999999997	2.97299999999996	0	0
2.25199999999995	0.219000000000023	2.53999999999996	0	0
2.3119999999999	0.316000000000003	2.548	0	0
2.24800000000005	0.341999999999985	2.63300000000004	0	0
2.26100000000019	0.167000000000002	2.33900000000017	0	0
4.89300000000003	0.513999999999982	5.43000000000006	0	0
2.44600000000014	0.251000000000005	2.69700000000012	0	0
2.63400000000001	0.957999999999998	3.42100000000005	0	0
4.59300000000007	0.446999999999974	5.16200000000003	0	0
2.23699999999985	0.247000000000014	2.48399999999992	0	0
2.27299999999991	0.259000000000015	2.54299999999989	0	0
2.28500000000008	0.25200000000001	2.53700000000003	0	0
2.29199999999992	0.247000000000014	2.53999999999996	0	0
2.30700000000002	0.234999999999985	2.54199999999992	0	0
2.28900000000021	0.210999999999984	2.49900000000002	0	0
4.50599999999986	0.495000000000005	4.99000000000001	0	0
2.28400000000011	0.235000000000014	2.51999999999998	0	0
2.32999999999993	0.228000000000009	2.55700000000002	0	0
2.35100000000011	0.287999999999982	2.63900000000012	0	0
2.38599999999997	0.275000000000006	2.66999999999985	0	0
2.33299999999986	0.239999999999981	2.54700000000003	0	0
2.26599999999985	0.239000000000004	2.50499999999988	0	0
2.34300000000007	0.287999999999982	2.63099999999986	0	0
2.28399999999988	0.23599999999999	2.51999999999998	0	0
5.88499999999999	0.557999999999993	6.43599999999992	0	0
2.42799999999988	0.283999999999992	2.71299999999997	0	0
4.48800000000006	0.484999999999985	4.99799999999982	0	0
2.43100000000004	0.24799999999999	2.74399999999991	0	0
2.49900000000002	0.206999999999994	2.72700000000009	0	0
2.59500000000003	0.581999999999994	3.14200000000005	0	0
2.26800000000003	0.244999999999976	2.55400000000009	0	0
4.68499999999995	1.01900000000001	5.5	0	0
2.28499999999985	0.170999999999992	2.46900000000005	0	0
2.28199999999993	0.427000000000021	2.66999999999985	0	0
4.52099999999996	0.518000000000001	5.12900000000013	0	0
2.22399999999993	0.279000000000025	2.50399999999991	0	0
2.36700000000019	0.230000000000018	2.59699999999998	0	0
2.577	0.246999999999986	2.94900000000007	0	0
2.58100000000013	0.363	3.11199999999985	0	0
2.39200000000005	0.292000000000002	2.67200000000003	0	0
2.27699999999982	0.240000000000009	2.5179999999998	0	0
2.24600000000009	0.251000000000005	2.5440000000001	0	0
6.71599999999989	0.819999999999993	7.42900000000009	0	0
4.59199999999987	0.811000000000007	5.32600000000002	0	0
2.30899999999997	0.282999999999987	2.60000000000014	0	0
2.37400000000002	0.352000000000004	2.82600000000002	0	0
2.30700000000002	0.230000000000018	2.55600000000004	0	0
5.25900000000001	0.492999999999995	5.75099999999998	0	0
4.60799999999995	0.519000000000005	5.12799999999993	0	0
2.27999999999997	0.211999999999989	2.52399999999989	0	0
2.64900000000011	0.925999999999988	3.38699999999994	0	0
2.22700000000009	0.263000000000005	2.52399999999989	0	0
2.7510000000002	1	3.39300000000003	0	0
4.98500000000013	1.42500000000001	5.93200000000002	0	0
2.67000000000007	1.01400000000001	3.32600000000002	0	0
2.38599999999997	0.557999999999993	2.86599999999999	0	0
2.26999999999998	0.263000000000005	2.4849999999999	0	0
2.35300000000007	0.218999999999994	2.51999999999998	0	0
3.096	0.230999999999995	3.32199999999989	0	0
4.40400000000022	0.480999999999995	4.90700000000015	0	0
2.27200000000016	0.235000000000014	2.50800000000004	0	0
3.48400000000015	0.233000000000004	4.00299999999993	0	0
2.42799999999988	0.364000000000004	2.79200000000014	0	0
2.39899999999989	0.244	2.64300000000003	0	0
2.25999999999999	0.293999999999983	2.53199999999993	0	0
2.28500000000008	0.236000000000018	2.51999999999998	0	0
2.24700000000007	0.251000000000005	2.49700000000007	0	0
2.26299999999992	0.228000000000009	2.4820000000002	0	0
2.26199999999994	0.25800000000001	2.55099999999993	0	0
2.22900000000004	0.195999999999998	2.52199999999993	0	0
2.26300000000015	0.268999999999977	2.53599999999983	0	0
4.56100000000015	0.478999999999985	4.94500000000016	0	0
2.46199999999999	0.242999999999995	2.7059999999999	0	0
4.48900000000003	0.515999999999991	5.08000000000015	0	0
2.27500000000009	0.239999999999981	2.52299999999991	0	0
2.30499999999984	0.304000000000002	2.61000000000013	0	0
2.28399999999988	0.23599999999999	2.51900000000001	0	0
2.27700000000004	0.204000000000008	2.48099999999999	0	0
2.30200000000013	0.223000000000013	2.52600000000007	0	0
2.32400000000007	0.264999999999986	2.55500000000006	0	0
2.27099999999996	0.281000000000006	2.54099999999994	0	0
2.54099999999994	0.820999999999998	3.16600000000017	0	0
2.29099999999994	0.329000000000008	2.61699999999996	0	0
2.27100000000019	0.225999999999999	2.54299999999989	0	0
2.28800000000001	0.230999999999995	2.51900000000001	0	0
2.298	0.258999999999986	2.55999999999995	0	0
4.47899999999981	0.545999999999992	5.05299999999988	0	0
2.35900000000015	0.350999999999999	2.66200000000003	0	0
2.38300000000004	0.39500000000001	2.71100000000001	0	0
2.279	0.231999999999999	2.49299999999994	0	0
2.43299999999999	0.258999999999986	2.69100000000003	0	0
2.66800000000012	0.457999999999998	3.0590000000002	0	0
3.21900000000005	0.394999999999982	3.64899999999989	0	0
2.44700000000012	0.724999999999994	3.03500000000008	0	0
2.52499999999986	0.863999999999976	3.16999999999985	0	0
2.28899999999999	0.218999999999994	2.50900000000001	0	0
2.32500000000005	0.268999999999977	2.60500000000002	0	0
6.69699999999989	0.882000000000005	7.56100000000015	0	0
2.30500000000006	0.222000000000008	2.52700000000004	0	0
2.28399999999988	0.231999999999999	2.51600000000008	0	0
2.30399999999986	0.351999999999975	2.6550000000002	0	0
2.23399999999992	0.253999999999991	2.51199999999972	0	0
2.25500000000011	0.23399999999998	2.42800000000034	0	0
2.43399999999997	0.280000000000001	2.71399999999994	0	0
2.38000000000011	0.228000000000009	2.60799999999972	0	0
2.45800000000008	0.307999999999993	2.73400000000038	0	0
2.50999999999999	0.321999999999974	2.9069999999997	0	0
2.26999999999998	0.256	2.52599999999984	0	0
2.33900000000017	0.272999999999996	2.5590000000002	0	0
2.25999999999999	0.251000000000005	2.51099999999997	0	0
2.46199999999999	0.619	3.16300000000001	0	0
5.23500000000013	1.41800000000001	6.36700000000019	0	0
2.56500000000005	0.604999999999961	3.14900000000034	0	0
3.00800000000004	0.880999999999972	3.67200000000003	0	0
2.74500000000012	0.614000000000033	3.22499999999991	0	0
2.50199999999995	0.218000000000018	2.87899999999991	0	0
2.43899999999985	0.24799999999999	2.68600000000015	0	0
3.30899999999997	0.241000000000042	3.54899999999998	0	0
2.37100000000009	0.264999999999986	2.60099999999966	0	0
4.72199999999998	0.499000000000024	5.22199999999975	0	0
2.40200000000004	0.259000000000015	2.66100000000006	0	0
2.42800000000011	0.218999999999994	2.64600000000019	0	0
2.404	0.24799999999999	2.65700000000015	0	0
2.34900000000016	0.51400000000001	2.97900000000027	0	0
5.2940000000001	0.49799999999999	5.92099999999982	0	0
4.83600000000001	0.518000000000029	5.41300000000001	0	0
2.63499999999976	0.523000000000025	3.06100000000015	0	0
2.46599999999989	0.338999999999999	2.85900000000038	0	0
2.404	0.240000000000009	2.70599999999968	0	0
4.77100000000019	0.483000000000004	5.25600000000031	0	0
4.75099999999975	0.498999999999967	5.25199999999995	0	0
2.42700000000013	0.247000000000014	2.67600000000039	0	0
2.4340000000002	0.232000000000028	2.66699999999992	0	0
2.49399999999969	0.283000000000015	2.76499999999987	0	0
2.41900000000032	0.24799999999999	2.65599999999995	0	0
2.47800000000007	0.293999999999983	2.62199999999984	0	0
2.40999999999985	0.214999999999975	2.62599999999975	0	0
2.38599999999997	0.24799999999999	2.63400000000001	0	0
2.41499999999996	0.247000000000014	2.66300000000001	0	0
2.44700000000012	0.239999999999952	2.6869999999999	0	0
2.42900000000009	0.240000000000009	2.66899999999987	0	0
2.47299999999996	0.307999999999993	2.7829999999999	0	0
2.42700000000013	0.255999999999972	2.68299999999999	0	0
2.40700000000015	0.271999999999991	2.68000000000029	0	0
2.41999999999962	0.240000000000009	2.66100000000006	0	0
2.23599999999988	0.223000000000013	2.51499999999987	0	0
4.40900000000011	0.456999999999994	4.96799999999985	0	0
4.38699999999972	0.595000000000027	5.00499999999965	0	0
2.29899999999998	0.25	2.55000000000018	0	0
2.33399999999983	0.288000000000011	2.63400000000001	0	0
2.31299999999965	0.25200000000001	2.64600000000019	0	0
2.27799999999979	0.268000000000029	2.54600000000028	0	0
2.37599999999975	0.331999999999994	2.70800000000008	0	0
3.40100000000029	1.45500000000004	4.404	0	0
2.77700000000004	0.288999999999987	3.11499999999978	0	0
2.75300000000016	0.329000000000008	3.15200000000004	0	0
2.60500000000002	0.28000000000003	2.89400000000023	0	0
2.59699999999975	0.307999999999993	2.90499999999975	0	0
5.49699999999984	0.499000000000024	5.9970000000003	0	0
2.38400000000001	0.259999999999991	2.654	0	0
2.39400000000023	0.267999999999972	2.66199999999981	0	0
4.80300000000034	0.51600000000002	5.31800000000021	0	0
2.43199999999979	0.234999999999957	2.69200000000001	0	0
4.86799999999994	0.584000000000003	5.42000000000007	0	0
2.44700000000012	0.222999999999956	2.67000000000007	0	0
2.64200000000028	0.788999999999987	3.13499999999976	0	0
2.44200000000001	0.300999999999988	2.74199999999973	0	0
2.42299999999977	0.230999999999995	2.66600000000017	0	0
2.4350000000004	0.231999999999971	2.66600000000017	0	0
4.76399999999967	0.543999999999983	5.34700000000021	0	0
2.45600000000013	0.211000000000013	2.66799999999967	0	0
2.42999999999984	0.254999999999995	2.6869999999999	0	0
2.41100000000006	0.291999999999973	2.74000000000024	0	0
2.42299999999977	0.243999999999971	2.66699999999992	0	0
4.73100000000022	0.466999999999985	5.24699999999984	0	0
5.65700000000015	0.624000000000024	6.23900000000003	0	0
4.73000000000002	0.499000000000024	5.23099999999977	0	0
2.23100000000022	0.255999999999972	2.49000000000024	0	0
2.55700000000024	0.858000000000004	3.20400000000018	0	0
4.904	1.34299999999996	5.93499999999995	0	0
2.4369999999999	0.826000000000022	3.12300000000005	0	0
2.66200000000026	0.801999999999964	3.32799999999997	0	0
2.35399999999981	0.259999999999991	2.61499999999978	0	0
2.33099999999968	0.24799999999999	2.57900000000018	0	0
2.23300000000017	0.227000000000032	2.48399999999992	0	0
2.28399999999965	0.146000000000015	2.53500000000031	0	0
2.54199999999992	0.569999999999993	2.92099999999982	0	0
2.66699999999992	0.863	3.30700000000024	0	0
2.42399999999998	0.29200000000003	2.71500000000015	0	0
2.31899999999996	0.295999999999992	2.596	0	0
2.38900000000012	0.288000000000011	2.67600000000039	0	0
2.31700000000001	0.228000000000009	2.54500000000007	0	0
2.34299999999985	0.216000000000008	2.55999999999995	0	0
2.62899999999991	0.821000000000026	3.27299999999968	0	0
2.6220000000003	0.951999999999998	3.23499999999967	0	0
2.58399999999983	0.864999999999952	3.35599999999977	0	0
2.63599999999997	0.90100000000001	3.47900000000027	0	0
2.31399999999985	0.223000000000013	2.53699999999981	0	0
2.31100000000015	0.238999999999976	2.55100000000039	0	0
2.37899999999991	0.239000000000033	2.62000000000035	0	0
4.62800000000016	0.505999999999972	5.13000000000011	0	0
2.36499999999978	0.220000000000027	2.61599999999999	0	0
2.28899999999976	0.197999999999979	2.39699999999993	0	0
2.35699999999997	0.209000000000003	2.57500000000027	0	0
2.32700000000023	0.225999999999999	2.56500000000005	0	0
2.51400000000012	0.217999999999961	2.74399999999969	0	0
2.30899999999974	0.254000000000019	2.58500000000004	0	0
2.30499999999984	0.361000000000047	2.67999999999984	0	0
2.45900000000029	0.411000000000001	2.77500000000009	0	0
5.60199999999986	0.511000000000024	6.0890000000004	0	0
4.75600000000031	0.522999999999968	5.27999999999975	0	0
2.45900000000029	0.23599999999999	2.69400000000041	0	0
2.41100000000006	0.259999999999991	2.67000000000007	0	0
2.42000000000007	0.235000000000014	2.65599999999995	0	0
2.42000000000007	0.242999999999995	2.66200000000026	0	0
2.42500000000018	0.242999999999995	2.68100000000004	0	0
3.20400000000018	0.243000000000052	3.44700000000012	0	0
2.43200000000024	0.218999999999994	2.65200000000004	0	0
5.15300000000025	0.639999999999986	5.79199999999992	0	0
2.64599999999973	0.285000000000025	2.93899999999985	0	0
2.44399999999996	0.235000000000014	2.67900000000009	0	0
2.40499999999975	0.262	2.66699999999992	0	0
2.44899999999961	0.222000000000037	2.61500000000024	0	0
2.78900000000021	0.967000000000041	3.6260000000002	0	0
2.52599999999984	0.235000000000014	2.76099999999997	0	0
2.50599999999986	0.331999999999994	2.83799999999974	0	0
3.04899999999998	0.203000000000031	3.25099999999975	0	0
4.37300000000005	0.47199999999998	4.8439999999996	0	0
2.5010000000002	0.632999999999981	2.85800000000017	0	0
2.23799999999983	0.232000000000028	2.46900000000005	0	0
2.36100000000033	0.211000000000013	2.55999999999995	0	0
2.34799999999996	0.251999999999953	2.61100000000033	0	0
2.3420000000001	0.256000000000029	2.59799999999996	0	0
2.22000000000025	0.23599999999999	2.45500000000038	0	0
2.21199999999999	0.235000000000014	2.44700000000012	0	0
2.19400000000041	0.250999999999976	2.44599999999991	0	0
2.22200000000021	0.22399999999999	2.44599999999991	0	0
2.60100000000011	0.641999999999996	3.12599999999975	0	0
2.39699999999993	0.26600000000002	2.66499999999996	0	0
2.20499999999993	0.256000000000029	2.46000000000004	0	0
2.22400000000016	0.23599999999999	2.46000000000004	0	0
2.41100000000006	0.300000000000011	2.71100000000024	0	0
2.40299999999979	0.242999999999995	2.64699999999993	0	0
2.39599999999973	0.327999999999975	2.72299999999996	0	0
2.27300000000014	0.275999999999954	2.54800000000023	0	0
2.22400000000016	0.25200000000001	2.47699999999986	0	0
4.36500000000024	0.459000000000003	4.82499999999982	0	0
2.94200000000001	0.981999999999971	3.36799999999994	0	0
2.33100000000013	0.291999999999973	2.62400000000025	0	0
4.75400000000036	0.839999999999975	5.51600000000008	0	0
2.30099999999993	0.23599999999999	2.53800000000001	0	0
2.31399999999985	0.228000000000009	2.54199999999992	0	0
4.41199999999981	0.463000000000022	4.875	0	0
2.23099999999977	0.216000000000008	2.44700000000012	0	0
2.57600000000002	0.777999999999963	3.17800000000034	0	0
2.47399999999971	0.758000000000038	3.08300000000008	0	0
2.36899999999969	0.340999999999951	2.62300000000005	0	0
2.42100000000028	0.498999999999967	2.80600000000004	0	0
2.51099999999997	0.579999999999984	2.88400000000001	0	0
5.56099999999969	1.31299999999999	6.60100000000011	0	0
2.78300000000036	0.879999999999995	3.60999999999967	0	0
2.83199999999988	0.795000000000016	3.61900000000014	0	0
4.72199999999975	0.447000000000003	5.17000000000007	0	0
2.21799999999985	0.223000000000013	2.44100000000026	0	0
4.4050000000002	0.439000000000021	4.8449999999998	0	0
2.44399999999996	0.658999999999992	2.86700000000019	0	0
7.44399999999996	1.91500000000002	8.8739999999998	0	0
2.51600000000008	0.230999999999995	2.79199999999992	0	0
2.44000000000005	0.366999999999962	2.87800000000016	0	0
2.38299999999981	0.245000000000005	2.72499999999991	0	0
2.54799999999977	0.684000000000026	3.12900000000036	0	0
2.63999999999987	0.293000000000006	3	0	0
2.60300000000007	0.319999999999993	2.93299999999999	0	0
2.50599999999986	0.48399999999998	2.93299999999999	0	0
2.41499999999996	0.26400000000001	2.73199999999997	0	0
2.41300000000001	0.216999999999985	2.59999999999991	0	0
5.55600000000004	0.48599999999999	6.04300000000012	0	0
2.39499999999998	0.256000000000029	2.65100000000029	0	0
4.69499999999971	0.366000000000042	5.25500000000011	0	0
5.64199999999983	0.572000000000003	6.20299999999997	0	0
2.28600000000006	0.147999999999968	2.34500000000025	0	0
2.57199999999966	0.259999999999991	2.92799999999988	0	0
2.38900000000012	0.142999999999972	2.52399999999989	0	0
2.28200000000015	0.271999999999991	2.58500000000004	0	0
2.34700000000021	0.284000000000049	2.63099999999986	0	0
2.3119999999999	0.218999999999994	2.54399999999987	0	0
2.32100000000037	0.325000000000045	2.67799999999988	0	0
2.3420000000001	0.231999999999971	2.57499999999982	0	0
2.34199999999964	0.248000000000047	2.57900000000018	0	0
2.38499999999976	0.23599999999999	2.58899999999994	0	0
2.38000000000011	0.298999999999978	2.69699999999966	0	0
2.39800000000014	0.222000000000037	2.64499999999998	0	0
2.30799999999999	0.206999999999994	2.50700000000006	0	0
2.31500000000005	0.218999999999994	2.53499999999985	0	0
2.32200000000012	0.200000000000045	2.52300000000014	0	0
4.81100000000015	0.865000000000009	5.38500000000022	0	0
4.65800000000036	0.600999999999999	5.23000000000002	0	0
4.53999999999996	0.543000000000006	5.07900000000018	0	0
2.33500000000004	0.218999999999994	2.55500000000029	0	0
2.33199999999988	0.240000000000009	2.57299999999987	0	0
2.39199999999983	0.204000000000008	2.71399999999994	0	0
2.3390000000004	0.211999999999989	2.55099999999993	0	0
2.38000000000011	0.331999999999994	2.69499999999971	0	0
2.30500000000029	0.25	2.57699999999977	0	0
4.93200000000024	0.514999999999986	5.44900000000007	0	0
2.30499999999984	0.227000000000032	2.5329999999999	0	0
2.31700000000001	0.228000000000009	2.54599999999982	0	0
2.32300000000032	0.234000000000037	2.63000000000011	0	0
2.42900000000009	0.399000000000001	2.77199999999993	0	0
2.50399999999991	0.555999999999983	2.95099999999957	0	0
2.64699999999993	0.801000000000045	3.30700000000024	0	0
2.39200000000028	0.21999999999997	2.61200000000008	0	0
2.38099999999986	0.258999999999958	2.67700000000013	0	0
2.52800000000025	0.178999999999974	2.70900000000029	0	0
2.4699999999998	0.213999999999999	2.68499999999995	0	0
2.48199999999997	0.278999999999996	2.84100000000035	0	0
2.41400000000021	0.24799999999999	2.73299999999972	0	0
2.40700000000015	0.259000000000015	2.7510000000002	0	0
2.44999999999982	0.274999999999977	2.75500000000011	0	0
2.46599999999989	0.286000000000001	2.79799999999977	0	0
2.42799999999988	0.35899999999998	2.904	0	0
2.89499999999998	0.564999999999998	3.32400000000007	0	0
4.53800000000001	0.382000000000005	4.98000000000002	0	0
2.65200000000004	0.343999999999994	2.99600000000009	0	0
2.38699999999972	0.24799999999999	2.63300000000027	0	0
2.33400000000029	0.214999999999975	2.54899999999998	0	0
2.32000000000016	0.214999999999975	2.53400000000011	0	0
2.27999999999975	0.259999999999991	2.53899999999976	0	0
6.79500000000007	0.746999999999957	7.57199999999966	0	0
2.70900000000029	0.789999999999964	3.21399999999994	0	0
2.49400000000014	0.850999999999999	3.19599999999991	0	0
2.41400000000021	0.317000000000007	2.38000000000011	0	0
2.46699999999964	0.805999999999983	3.15000000000009	0	0
2.42300000000023	0.644999999999982	2.91600000000017	0	0
5.01299999999992	1.51600000000002	6.45600000000013	0	0
2.8100000000004	0.66900000000004	3.16000000000031	0	0
2.62899999999991	0.507000000000005	3.01600000000008	0	0
2.41600000000017	0.262999999999977	2.68600000000015	0	0
4.71799999999985	0.48399999999998	5.20100000000002	0	0
2.37300000000005	0.255999999999972	2.62899999999991	0	0
2.38499999999976	0.231999999999971	2.61699999999973	0	0
2.41499999999996	0.213000000000022	2.6279999999997	0	0
2.41600000000017	0.223000000000013	2.64000000000033	0	0
2.37100000000009	0.319999999999993	2.69200000000001	0	0
2.38200000000006	0.227999999999952	2.60899999999992	0	0
2.39699999999993	0.321000000000026	2.71599999999989	0	0
4.86699999999973	0.514999999999986	5.38199999999961	0	0
2.53699999999981	0.307999999999993	2.84500000000025	0	0
2.40700000000015	0.230999999999995	2.64999999999964	0	0
4.46500000000015	0.459000000000003	4.92500000000018	0	0
2.33599999999979	0.236000000000047	2.57099999999991	0	0
2.27599999999984	0.23599999999999	2.51100000000042	0	0
3.06700000000001	0.239000000000033	3.30699999999979	0	0
4.51200000000017	0.439000000000021	4.95199999999932	0	0
2.3130000000001	0.285000000000025	2.58199999999943	0	0
2.25999999999976	0.243999999999971	2.50399999999991	0	0
2.42399999999998	0.634000000000015	2.90300000000025	0	0
2.54599999999982	0.824000000000012	3.17500000000018	0	0
2.35899999999992	0.212999999999965	2.57200000000012	0	0
8.87400000000025	0.947000000000003	9.82099999999991	0	0
2.31400000000031	0.316000000000031	2.62899999999991	0	0
2.32100000000037	0.192000000000007	2.51299999999992	0	0
2.26499999999987	0.315999999999974	2.59299999999985	0	0
2.33799999999974	0.291999999999973	2.63000000000011	0	0
2.77399999999989	1.03000000000003	3.48500000000058	0	0
2.24199999999973	0.26400000000001	2.50600000000031	0	0
2.279	0.228000000000009	2.50700000000052	0	0
2.3119999999999	0.309000000000026	2.57299999999941	0	0
3.09500000000025	0.215000000000032	3.30699999999979	0	0
2.2800000000002	0.216000000000008	2.49600000000009	0	0
2.36699999999973	0.420999999999992	2.76499999999942	0	0
2.47700000000032	0.250999999999976	2.79100000000017	0	0
2.43299999999999	0.22399999999999	2.65599999999995	0	0
3.23599999999988	1.322	4.17200000000048	0	0
2.654	0.251999999999953	2.90599999999995	0	0
2.39600000000019	0.26400000000001	2.50200000000041	0	0
2.45499999999993	0.223000000000013	2.82200000000012	0	0
2.4409999999998	0.349999999999966	2.68100000000049	0	0
2.36099999999988	0.255999999999972	2.61699999999928	0	0
2.41699999999992	0.26400000000001	2.68100000000049	0	0
2.41899999999987	0.25200000000001	2.67100000000028	0	0
2.40900000000011	0.270000000000039	2.69200000000001	0	0
2.31500000000005	0.281000000000006	2.55600000000049	0	0
2.31899999999996	0.208000000000027	2.43299999999999	0	0
2.36099999999988	0.285000000000025	2.65700000000015	0	0
4.61400000000003	0.51400000000001	5.10600000000068	0	0
2.41600000000017	0.286000000000001	2.70100000000002	0	0
4.60999999999967	0.548000000000002	5.15800000000036	0	0
2.29300000000012	0.254999999999995	2.54899999999998	0	0
2.29899999999998	0.23599999999999	2.53600000000006	0	0
2.30499999999984	0.244000000000028	2.54899999999998	0	0
3.14499999999998	0.235000000000014	3.38100000000031	0	0
2.54200000000037	0.349999999999909	2.69400000000041	0	0
5.25300000000016	1.48599999999999	6.31400000000031	0	0
2.70999999999958	0.941000000000031	3.46000000000004	0	0
2.26799999999957	0.228000000000065	2.49699999999939	0	0
2.29800000000023	0.231999999999971	2.53000000000065	0	0
2.25999999999976	0.228000000000065	2.48800000000028	0	0
2.29100000000017	0.212999999999965	2.5049999999992	0	0
2.29799999999977	0.216000000000008	2.51400000000012	0	0
3.05400000000009	0.259000000000015	3.31200000000081	0	0
2.25199999999995	0.259999999999991	2.51100000000042	0	0
4.49500000000035	0.564000000000078	5.0600000000004	0	0
3.05899999999974	0.243999999999915	3.30200000000059	0	0
2.27600000000029	0.236999999999966	2.51400000000012	0	0
2.44999999999982	0.244000000000028	2.69300000000021	0	0
2.45699999999988	0.331999999999994	2.78999999999996	0	0
2.38400000000001	0.295999999999935	2.68000000000029	0	0
2.279	0.242999999999938	2.52300000000014	0	0
2.29399999999987	0.23599999999999	2.52999999999975	0	0
2.46800000000076	0.225000000000023	2.70100000000002	0	0
4.87899999999991	0.567999999999984	5.44800000000032	0	0
2.35400000000027	0.291999999999916	2.64500000000044	0	0
4.64599999999973	0.82000000000005	5.38899999999921	0	0
2.23499999999967	0.248000000000047	2.48199999999997	0	0
2.33200000000033	0.214000000000055	2.54599999999937	0	0
2.27700000000004	0.230999999999995	2.50900000000001	0	0
2.26199999999972	0.251999999999953	2.51499999999942	0	0
2.24099999999999	0.259999999999991	2.5010000000002	0	0
2.26499999999942	0.259999999999991	2.51100000000042	0	0
2.31400000000031	0.215000000000032	2.52900000000045	0	0
3.31900000000041	1.28399999999999	3.8739999999998	0	0
2.52099999999973	0.352000000000089	2.8159999999998	0	0
2.4970000000003	0.412000000000035	2.86499999999978	0	0
3.34100000000035	0.124000000000024	3.38999999999942	0	0
2.52599999999984	0.323000000000093	2.85800000000017	0	0
2.47199999999975	0.272000000000048	2.7480000000005	0	0
2.46399999999994	0.268000000000029	2.73300000000017	0	0
2.33899999999994	0.230000000000018	2.56999999999971	0	0
2.4350000000004	0.326999999999998	2.77400000000034	0	0
2.48199999999997	0.216000000000008	2.69900000000052	0	0
2.46600000000035	0.240000000000009	2.70600000000013	0	0
2.47199999999975	0.251999999999953	2.72299999999996	0	0
2.44399999999951	0.263999999999896	2.70800000000054	0	0
4.85599999999977	0.669000000000096	5.51199999999972	0	0
2.42000000000007	0.162000000000035	2.65800000000036	0	0
2.54699999999957	0.272999999999911	2.83299999999963	0	0
2.49499999999989	0.240000000000009	2.73500000000058	0	0
2.46199999999953	0.275999999999954	2.73700000000008	0	0
2.38299999999981	0.254999999999995	2.82399999999961	0	0
2.38000000000011	0.105000000000018	2.53800000000047	0	0
5.15200000000004	0.634999999999991	5.77800000000025	0	0
2.4380000000001	0.228000000000065	2.66600000000017	0	0
2.4380000000001	0.246999999999957	2.68599999999969	0	0
2.45899999999983	0.22300000000007	2.68199999999979	0	0
2.41100000000006	0.25	2.76999999999953	0	0
2.47299999999996	0.32000000000005	2.79300000000057	0	0
2.52399999999943	0.226999999999975	2.75900000000001	0	0
5.79799999999977	0.445999999999913	6.27399999999943	0	0
2.48800000000028	0.235000000000014	2.72900000000027	0	0
2.44400000000041	0.216000000000008	2.73499999999967	0	0
2.39699999999993	0.230999999999995	2.6279999999997	0	0
2.78099999999995	0.970000000000027	3.4989999999998	0	0
4.95200000000023	0.603999999999928	5.40700000000015	0	0
2.44700000000012	0.252000000000066	2.69900000000052	0	0
2.41600000000017	0.234000000000037	2.71900000000005	0	0
2.78799999999956	0.655000000000086	3.29499999999916	0	0
2.4970000000003	0.29200000000003	2.74599999999919	0	0
2.47800000000007	0.240000000000009	2.71699999999964	0	0
2.52599999999984	0.228000000000065	2.7529999999997	0	0
2.38900000000012	0.246999999999957	2.65000000000055	0	0
3.58799999999974	1.697	4.22600000000057	0	0
3.32600000000002	0.817999999999984	4.00699999999961	0	0
2.61499999999978	0.793000000000006	3.22800000000007	0	0
2.63500000000022	0.695999999999913	3.15399999999954	0	0
2.64300000000003	0.779999999999973	3.24499999999989	0	0
2.68299999999999	0.921999999999912	3.41599999999926	0	0
2.76800000000003	0.79200000000003	3.42100000000028	0	0
2.76399999999921	0.748000000000047	3.39300000000003	0	0
2.40000000000055	0.254999999999995	2.65599999999995	0	0
2.49099999999999	0.307999999999993	2.80000000000018	0	0
2.50799999999981	0.26299999999992	2.77300000000014	0	0
2.39400000000023	0.255999999999972	2.65099999999984	0	0
2.3720000000003	0.244000000000028	2.61599999999999	0	0
2.46600000000035	0.341999999999985	2.80799999999999	0	0
2.30200000000059	0.283999999999992	2.58700000000044	0	0
2.33899999999994	0.255999999999972	2.59499999999935	0	0
2.37599999999929	0.23599999999999	2.61200000000008	0	0
4.92500000000018	0.720000000000027	5.58200000000033	0	0
2.39100000000053	0.255999999999972	2.64800000000014	0	0
2.40800000000036	0.235000000000014	2.64400000000023	0	0
2.51800000000003	0.230999999999995	2.75	0	0
2.48299999999927	0.215000000000032	2.69999999999982	0	0
2.46000000000004	0.239000000000033	2.70200000000023	0	0
2.47500000000036	0.240000000000009	2.71600000000035	0	0
3.34000000000015	0.225999999999999	3.56700000000001	0	0
2.52999999999975	0.463000000000079	2.92799999999988	0	0
2.4369999999999	0.23599999999999	2.67299999999977	0	0
2.43100000000049	0.287000000000035	2.72000000000025	0	0
4.72299999999996	0.478999999999928	5.20400000000063	0	0
2.41399999999976	0.211999999999989	2.6260000000002	0	0
7.14199999999983	0.863999999999919	7.98300000000017	0	0
2.38799999999992	0.20799999999997	2.59699999999975	0	0
2.43499999999949	0.235000000000014	2.67099999999937	0	0
2.36399999999958	0.246999999999957	2.61700000000019	0	0
2.38000000000011	0.255999999999972	2.63699999999972	0	0
2.41200000000026	0.229000000000042	2.65899999999965	0	0
2.38600000000042	0.242999999999938	2.63000000000011	0	0
2.39300000000003	0.242999999999938	2.63799999999992	0	0
2.38900000000012	0.252000000000066	2.64199999999983	0	0
3.26800000000003	0.241999999999962	3.51299999999992	0	0
2.56700000000001	0.470000000000027	2.89999999999964	0	0
2.65899999999965	0.63900000000001	3.17100000000028	0	0
3.39000000000033	0.388000000000034	3.69800000000032	0	0
2.53999999999996	0.544999999999959	2.96900000000005	0	0
2.84100000000035	0.682999999999993	3.36099999999988	0	0
2.66499999999996	0.419999999999959	3.00500000000011	0	0
2.53300000000036	0.307999999999993	2.84199999999964	0	0
2.40399999999954	0.240000000000009	2.64499999999953	0	0
2.41899999999987	0.238999999999919	2.65900000000056	0	0
2.44599999999991	0.275999999999954	2.72299999999996	0	0
2.36300000000028	0.299999999999955	2.66399999999976	0	0
2.41100000000006	0.228000000000065	2.64000000000033	0	0
2.48899999999958	0.31899999999996	2.8090000000002	0	0
2.67699999999968	0.271000000000072	2.94899999999961	0	0
2.65000000000055	0.26400000000001	2.91499999999996	0	0
2.99399999999969	0.771000000000072	3.57600000000002	0	0
3.36999999999989	0.548999999999978	3.79200000000037	0	0
2.33200000000033	0.247999999999934	2.58100000000013	0	0
4.89200000000073	0.668000000000006	5.47400000000016	0	0
2.41000000000076	0.232999999999947	2.64499999999953	0	0
2.36599999999999	0.242999999999938	2.61000000000058	0	0
2.60100000000057	0.522000000000048	2.90899999999965	0	0
2.40499999999975	0.226999999999975	2.63400000000001	0	0
2.41399999999976	0.256000000000085	2.67099999999937	0	0
2.41700000000037	0.247999999999934	2.66499999999996	0	0
7.15800000000036	0.75100000000009	7.91200000000026	0	0
2.33899999999994	0.271999999999935	2.61200000000008	0	0
2.36799999999948	0.235000000000014	2.60400000000027	0	0
2.46600000000035	0.496999999999957	2.89999999999964	0	0
2.52700000000004	0.291000000000054	2.82000000000062	0	0
2.62100000000009	0.277000000000044	2.89900000000034	0	0
2.67699999999968	0.283000000000015	2.96100000000024	0	0
2.38600000000042	0.231999999999971	2.61800000000039	0	0
4.64599999999973	0.580000000000041	5.21599999999944	0	0
2.26400000000012	0.254999999999995	2.52000000000044	0	0
2.45599999999922	0.307000000000016	2.76399999999921	0	0
2.52400000000034	0.239000000000033	2.76400000000012	0	0
2.29100000000017	0.227999999999952	2.51899999999932	0	0
2.28999999999996	0.240000000000009	2.52999999999975	0	0
2.28700000000026	0.255999999999972	2.54299999999967	0	0
3.23500000000058	0.557999999999993	3.72000000000025	0	0
2.31800000000021	0.22300000000007	2.54399999999987	0	0
2.36599999999999	0.255999999999972	2.58799999999974	0	0
3.01199999999972	0.266999999999939	3.27899999999954	0	0
2.28200000000015	0.215000000000032	2.49799999999959	0	0
2.26900000000023	0.239000000000033	2.50900000000001	0	0
3.07200000000012	0.235000000000014	3.30699999999979	0	0
2.3119999999999	0.215000000000032	2.52700000000004	0	0
2.31500000000051	0.236999999999966	2.55200000000059	0	0
3.02399999999943	1.322	3.55600000000049	0	0
4.95399999999972	1.31100000000004	6.05000000000018	0	0
2.42600000000039	0.481999999999971	2.89099999999962	0	0
2.31299999999919	0.27800000000002	2.66700000000037	0	0
2.25300000000061	0.236999999999966	2.54200000000037	0	0
4.54699999999957	0.451000000000022	5.22200000000066	0	0
3.0630000000001	0.243000000000052	3.37700000000041	0	0
2.26799999999912	0.240999999999985	2.53300000000036	0	0
2.25799999999981	0.256999999999948	2.55200000000059	0	0
3.07899999999972	0.242999999999938	3.33700000000044	0	0
2.27999999999975	0.240000000000009	2.60500000000047	0	0
2.24499999999989	0.312000000000012	2.57799999999952	0	0
2.29100000000017	0.231999999999971	2.52199999999993	0	0
4.47699999999986	0.504000000000019	4.98099999999977	0	0
2.27300000000014	0.247999999999934	2.52100000000064	0	0
4.50699999999961	0.528999999999996	5.05400000000009	0	0
2.27799999999934	0.22300000000007	2.50099999999929	0	0
2.26699999999983	0.247000000000071	2.51599999999962	0	0
2.26899999999932	0.228000000000065	2.4970000000003	0	0
2.35099999999966	0.26400000000001	2.61399999999958	0	0
2.28400000000056	0.239000000000033	2.52900000000045	0	0
2.29399999999987	0.206999999999994	2.5019999999995	0	0
6.69599999999991	0.776000000000067	7.47199999999975	0	0
2.44700000000012	0.302000000000021	2.7480000000005	0	0
2.53999999999996	0.316000000000031	2.85600000000068	0	0
4.51499999999942	0.475999999999999	4.98999999999978	0	0
6.68399999999929	0.796000000000049	7.47999999999956	0	0
2.3149999999996	0.219999999999914	2.53400000000056	0	0
3.28999999999996	0.706000000000017	3.79500000000007	0	0
2.36099999999988	0.263000000000034	2.625	0	0
2.38699999999972	0.260999999999967	2.78299999999945	0	0
3.27700000000004	0.29099999999994	3.62199999999939	0	0
2.33199999999943	0.240000000000009	2.57199999999921	0	0
2.36399999999958	0.228000000000065	2.59199999999964	0	0
2.38499999999931	0.231999999999971	2.61700000000019	0	0
4.75200000000041	0.442999999999984	5.19700000000012	0	0
4.74099999999999	0.586999999999989	5.32800000000043	0	0
2.37100000000009	0.332000000000107	2.70399999999972	0	0
2.40400000000045	0.230999999999995	2.63599999999951	0	0
2.40300000000025	0.226999999999975	2.63100000000031	0	0
2.33800000000065	0.283999999999992	2.62199999999939	0	0
4.625	0.499000000000024	5.1230000000005	0	0
4.6260000000002	0.506999999999948	5.13299999999981	0	0
2.36699999999928	0.302000000000021	2.72499999999945	0	0
4.73900000000049	0.572000000000003	5.31099999999969	0	0
4.74300000000039	0.524000000000001	5.26800000000003	0	0
2.40299999999934	0.231999999999971	2.63400000000001	0	0
2.38799999999992	0.248000000000047	2.63600000000042	0	0
2.375	0.247000000000071	2.6260000000002	0	0
2.40799999999945	0.256000000000085	2.66299999999956	0	0
2.32200000000012	0.239000000000033	2.5619999999999	0	0
2.4369999999999	0.243999999999915	2.68199999999979	0	0
2.39699999999993	0.303999999999974	2.70100000000002	0	0
2.35099999999966	0.26400000000001	2.61499999999978	0	0
2.42199999999957	0.389999999999986	2.76699999999983	0	0
2.35000000000036	0.256000000000085	2.60600000000068	0	0
2.36200000000008	0.259999999999991	2.60199999999986	0	0
2.43900000000031	0.366999999999962	2.71199999999953	0	0
2.40800000000036	0.243999999999915	2.65200000000004	0	0
2.48300000000017	0.236999999999966	2.70899999999983	0	0
2.36999999999989	0.242999999999938	2.61400000000049	0	0
2.33199999999943	0.23599999999999	2.56800000000021	0	0
2.36499999999978	0.231999999999971	2.59799999999996	0	0
2.34799999999996	0.223999999999933	2.57099999999991	0	0
6.6820000000007	0.731999999999971	7.41299999999956	0	0
2.23700000000008	0.259999999999991	2.49699999999939	0	0
2.45699999999943	0.200000000000045	2.65599999999995	0	0
2.48499999999967	0.240000000000009	2.72399999999925	0	0
3.49299999999948	0.533999999999992	3.98499999999967	0	0
2.75600000000031	0.872000000000071	3.39599999999973	0	0
2.60699999999997	0.66700000000003	3.13400000000001	0	0
3.29199999999946	0.250999999999976	3.54399999999987	0	0
2.36699999999928	0.247999999999934	2.61599999999999	0	0
2.40800000000036	0.34800000000007	2.75600000000031	0	0
3.26400000000012	0.251999999999953	3.52800000000025	0	0
2.38900000000012	0.259000000000015	2.65800000000036	0	0
2.44800000000032	0.226999999999975	2.69300000000021	0	0
5.13400000000001	0.651000000000067	5.93199999999979	0	0
2.74399999999969	0.93100000000004	3.47400000000016	0	0
2.48099999999977	0.336000000000013	2.8760000000002	0	0
2.51100000000042	0.528999999999996	3.01700000000073	0	0
2.48099999999977	0.51400000000001	2.99099999999999	0	0
2.53600000000006	0.619000000000028	3.0630000000001	0	0
2.34400000000005	0.206999999999994	2.58500000000004	0	0
2.28300000000036	0.26400000000001	2.54799999999977	0	0
2.3149999999996	0.242999999999938	2.5590000000002	0	0
2.27499999999964	0.276000000000067	2.55099999999948	0	0
2.33399999999983	0.270999999999958	2.65200000000004	0	0
2.35900000000038	0.303999999999974	2.66400000000067	0	0
2.3159999999998	0.240000000000009	2.55600000000049	0	0
2.32899999999972	0.218999999999937	2.5610000000006	0	0
2.34199999999964	0.215000000000032	2.55699999999979	0	0
2.34999999999945	0.235000000000014	2.61799999999948	0	0
2.33799999999974	0.32000000000005	2.65999999999985	0	0
2.35199999999986	0.219999999999914	2.57200000000012	0	0
6.82999999999993	0.69500000000005	7.53899999999976	0	0
2.32099999999991	0.223999999999933	2.57800000000043	0	0
2.35199999999986	0.231999999999971	2.6260000000002	0	0
2.37199999999939	0.268000000000029	2.69200000000001	0	0
4.6269999999995	0.463999999999942	5.1820000000007	0	0
2.31800000000021	0.240000000000009	2.55799999999999	0	0
2.28600000000006	0.252000000000066	2.56999999999971	0	0
3.04299999999967	1.23500000000001	3.70399999999972	0	0
2.54899999999998	0.573000000000093	2.82000000000062	0	0
2.5	0.454999999999927	2.88300000000072	0	0
2.47899999999936	0.403999999999996	2.70299999999952	0	0
2.50500000000011	0.429000000000087	2.82999999999993	0	0
2.57399999999961	0.697000000000003	3.10800000000017	0	0
2.51999999999953	0.501999999999953	2.81099999999969	0	0
2.90499999999975	0.557999999999993	3.26299999999992	0	0
2.64900000000034	0.263000000000034	2.92900000000009	0	0
2.57200000000012	0.858000000000061	3.28600000000006	0	0
2.54699999999957	0.644000000000005	3.06299999999919	0	0
2.53600000000006	0.693000000000097	3.03300000000036	0	0
2.59099999999944	0.743000000000052	3.23499999999967	0	0
5.33100000000013	0.471000000000004	5.80299999999988	0	0
2.24099999999999	0.255999999999972	2.52300000000014	0	0
2.28099999999995	0.253000000000043	2.51999999999953	0	0
4.4970000000003	0.533999999999992	5.06800000000021	0	0
2.25900000000001	0.249000000000024	2.50900000000001	0	0
2.41700000000037	0.29200000000003	2.72500000000036	0	0
2.24699999999939	0.255999999999972	2.50300000000061	0	0
2.25700000000052	0.268000000000029	2.52500000000055	0	0
6.70299999999952	0.783999999999992	7.48800000000028	0	0
2.29200000000037	0.280000000000086	2.55500000000029	0	0
5.90900000000056	1.71600000000001	7.22100000000046	0	0
2.28999999999996	0.252999999999929	2.44999999999982	0	0
2.28800000000047	0.330999999999904	2.60199999999986	0	0
3.15300000000025	0.211000000000013	3.36300000000028	0	0
2.48999999999978	0.311000000000035	2.76600000000053	0	0
2.41599999999926	0.273000000000025	2.67199999999957	0	0
3.03500000000076	0.286999999999921	3.37100000000009	0	0
2.3090000000002	0.293999999999983	2.54500000000007	0	0
2.26599999999962	0.259999999999991	2.52599999999984	0	0
2.25	0.228000000000065	2.47800000000007	0	0
2.27500000000055	0.224000000000046	2.47299999999996	0	0
2.65099999999984	0.660999999999945	3.34400000000005	0	0
2.6260000000002	0.754000000000019	3.32199999999921	0	0
2.49799999999959	0.265999999999963	2.79300000000057	0	0
2.44999999999982	0.23599999999999	2.6860000000006	0	0
2.4369999999999	0.251999999999953	2.83899999999994	0	0
2.5649999999996	0.40300000000002	2.81400000000031	0	0
2.38500000000022	0.244000000000028	2.72999999999956	0	0
2.41600000000017	0.202999999999975	2.68199999999979	0	0
2.42000000000007	0.231000000000108	2.6899999999996	0	0
2.43900000000031	0.225000000000023	2.82600000000002	0	0
2.39900000000034	0.218999999999937	2.74900000000071	0	0
2.40200000000004	0.244000000000028	2.64499999999953	0	0
4.82800000000043	0.526000000000067	5.35400000000027	0	0
2.66400000000067	0.323999999999955	2.98800000000028	0	0
2.71700000000055	0.319999999999936	3.03899999999976	0	0
2.58100000000013	0.254999999999995	2.83699999999953	0	0
2.72399999999925	0.785999999999945	3.41400000000067	0	0
2.51400000000012	0.298999999999978	2.86999999999989	0	0
2.39099999999962	0.259999999999991	2.68599999999969	0	0
2.37700000000041	0.268000000000029	2.64599999999973	0	0
2.39900000000034	0.280000000000086	2.67900000000009	0	0
2.46799999999985	0.34699999999998	2.75999999999931	0	0
2.45700000000033	0.344000000000051	2.8139999999994	0	0
4.80299999999988	0.460999999999899	5.26599999999962	0	0
2.44400000000041	0.240000000000009	2.6840000000002	0	0
2.4380000000001	0.255999999999972	2.69400000000041	0	0
2.41499999999996	0.240000000000009	2.70200000000023	0	0
2.42699999999968	0.263000000000034	2.6909999999998	0	0
4.59600000000046	0.490999999999985	5.1200000000008	0	0
2.35399999999936	0.361999999999966	2.82700000000023	0	0
2.57099999999991	0.824999999999932	3.3779999999997	0	0
4.52300000000014	0.447000000000003	5.00900000000001	0	0
2.27100000000064	0.20900000000006	2.44200000000001	0	0
2.3159999999998	0.218999999999937	2.57800000000043	0	0
2.27200000000084	0.231999999999971	2.5029999999997	0	0
2.27100000000064	0.256999999999948	2.51800000000003	0	0
2.45100000000002	0.227999999999952	2.67900000000009	0	0
2.23600000000079	0.259999999999991	2.49600000000009	0	0
2.26299999999992	0.232000000000085	2.49499999999989	0	0
2.27800000000025	0.23599999999999	2.51400000000012	0	0
2.26399999999921	0.236999999999966	2.50200000000041	0	0
2.27699999999913	0.240000000000009	2.51699999999983	0	0
2.26000000000022	0.26400000000001	2.50700000000052	0	0
2.21799999999985	0.26400000000001	2.48199999999997	0	0
2.23900000000049	0.258999999999901	2.49900000000071	0	0
2.28499999999985	0.244000000000028	2.52899999999954	0	0
3.09899999999925	1.09299999999996	3.67900000000009	0	0
2.46900000000005	0.274000000000001	2.79399999999987	0	0
2.45100000000002	0.226999999999975	2.74000000000069	0	0
2.39199999999983	0.327999999999975	2.72100000000046	0	0
4.90900000000056	0.780000000000086	5.77400000000034	0	0
2.375	0.278999999999996	2.65499999999975	0	0
4.77700000000004	0.505999999999972	5.27800000000025	0	0
2.43100000000049	0.259000000000015	2.73700000000008	0	0
2.42100000000028	0.260000000000105	2.68099999999959	0	0
2.46299999999974	0.312000000000012	2.77599999999984	0	0
2.46900000000005	0.423000000000002	2.85900000000038	0	0
2.30400000000009	0.239000000000033	2.4950000000008	0	0
2.33799999999974	0.355999999999995	2.80000000000018	0	0
2.46799999999985	0.358999999999924	2.71399999999994	0	0
2.28399999999965	0.240000000000009	2.54399999999987	0	0
2.45799999999963	0.517000000000053	2.85899999999947	0	0
2.4369999999999	0.198999999999955	2.63699999999972	0	0
2.32100000000082	0.251999999999953	2.57300000000032	0	0
4.76999999999953	0.946000000000026	5.59500000000025	0	0
4.58700000000044	0.519999999999982	5.08200000000033	0	0
2.40200000000004	0.255999999999972	2.52300000000014	0	0
2.30000000000018	0.0470000000000255	2.47699999999986	0	0
2.27800000000025	0.113000000000056	2.41700000000037	0	0
2.37800000000061	0.268000000000029	2.64900000000034	0	0
2.33700000000044	0.231999999999971	2.56899999999951	0	0
4.6899999999996	0.463000000000079	5.1869999999999	0	0
2.34100000000035	0.247999999999934	2.58899999999994	0	0
2.48399999999947	0.310000000000059	2.69600000000082	0	0
2.36399999999958	0.211999999999989	2.57499999999982	0	0
2.27600000000075	0.257999999999925	2.52700000000004	0	0
2.36599999999999	0.223999999999933	2.63100000000031	0	0
2.37400000000071	0.299999999999955	2.67500000000018	0	0
2.38100000000031	0.34699999999998	2.77599999999984	0	0
2.32499999999982	0.248000000000047	2.57399999999961	0	0
3.38799999999992	1.54700000000003	4.16800000000057	0	0
5.0639999999994	1.3420000000001	6.01000000000022	0	0
3.82900000000063	0.850000000000023	4.51500000000033	0	0
2.50900000000001	0.252000000000066	2.76099999999951	0	0
4.63100000000031	0.483000000000061	5.11599999999999	0	0
4.65099999999984	0.573999999999955	5.20100000000002	0	0
2.42000000000007	0.323999999999955	2.75799999999981	0	0
2.43900000000031	0.480999999999995	2.84299999999985	0	0
2.35400000000027	0.325000000000045	2.6279999999997	0	0
2.48599999999988	0.557000000000016	2.96000000000004	0	0
3.15099999999984	0.259000000000015	3.46000000000004	0	0
2.34600000000046	0.242999999999938	2.58899999999994	0	0
2.32300000000032	0.259000000000015	2.59500000000025	0	0
2.34999999999945	0.251999999999953	2.60199999999986	0	0
2.35500000000047	0.250999999999976	2.61899999999969	0	0
2.40000000000055	0.286999999999921	2.69899999999961	0	0
2.30100000000039	0.271999999999935	2.57299999999941	0	0
2.33699999999953	0.266000000000076	2.62899999999991	0	0
2.35300000000007	0.249000000000024	2.58300000000054	0	0
2.41499999999996	0.215000000000032	2.61899999999969	0	0
2.5619999999999	0.847000000000094	3.2510000000002	0	0
2.44800000000032	0.283999999999992	2.73100000000068	0	0
2.37899999999991	0.298999999999978	2.8090000000002	0	0
2.35400000000027	0.376999999999953	2.78899999999976	0	0
2.61299999999937	0.870000000000005	3.25399999999991	0	0
2.6260000000002	0.950999999999908	3.58200000000033	0	0
2.51800000000003	0.634999999999991	2.86499999999978	0	0
2.72699999999986	0.648000000000025	3.08399999999983	0	0
3.72800000000007	1.66800000000001	4.36300000000028	0	0
2.76800000000003	1.05399999999997	3.48999999999978	0	0
4.52399999999943	0.475000000000023	5.01099999999951	0	0
3.06299999999919	1.03499999999997	3.99600000000009	0	0
5.8130000000001	1.995	6.86399999999958	0	0
2.40899999999965	0.288999999999987	2.72500000000036	0	0
2.30200000000059	0.219000000000051	2.66899999999987	0	0
2.3159999999998	0.210000000000036	2.59200000000055	0	0
2.32999999999993	0.161000000000058	2.59300000000076	0	0
3.38700000000063	1.47699999999998	3.87800000000061	0	0
3.68499999999949	1.28499999999997	4.61699999999928	0	0
2.8119999999999	0.893000000000029	3.38700000000063	0	0
2.62900000000081	0.692000000000007	3.21100000000024	0	0
2.3769999999995	0.423999999999978	2.79200000000037	0	0
2.46000000000004	0.44399999999996	2.9350000000004	0	0
5.69200000000001	1.36000000000001	6.8139999999994	0	0
2.54799999999977	0.711000000000013	3.1899999999996	0	0
2.56800000000021	0.752999999999929	3.33200000000033	0	0
2.32399999999961	0.254999999999995	2.625	0	0
2.35400000000027	0.299000000000092	2.71100000000024	0	0
2.34500000000025	0.283000000000015	2.61399999999958	0	0
2.36200000000008	0.291999999999916	2.58700000000044	0	0
2.35599999999977	0.472999999999956	2.7440000000006	0	0
2.32299999999941	0.340000000000032	2.66399999999976	0	0
2.58700000000044	0.933999999999969	3.24200000000019	0	0
2.59599999999955	0.785000000000082	3.20300000000043	0	0
4.58600000000024	0.427000000000021	5.01399999999921	0	0
2.3090000000002	0.219000000000051	2.52799999999934	0	0
3.72800000000007	1.46899999999994	4.625	0	0
2.27400000000034	0.180999999999926	2.51299999999992	0	0
2.45700000000033	0.256999999999948	2.85199999999986	0	0
2.45200000000023	0.303999999999974	2.75699999999961	0	0
2.3159999999998	0.228000000000065	2.54700000000048	0	0
2.51400000000012	0.519999999999982	2.95899999999983	0	0
4.57199999999921	0.436000000000035	4.99600000000009	0	0
2.35199999999986	0.283000000000015	2.63600000000042	0	0
2.30000000000018	0.23599999999999	2.53600000000006	0	0
2.31299999999919	0.219000000000051	2.53300000000036	0	0
4.78999999999996	0.615000000000009	5.47199999999975	0	0
2.44700000000012	0.252000000000066	2.69900000000052	0	0
2.31500000000051	0.240000000000009	2.55400000000009	0	0
2.30799999999999	0.248000000000047	2.55599999999959	0	0
2.41000000000076	0.20799999999997	2.61799999999948	0	0
2.32099999999991	0.256000000000085	2.57700000000023	0	0
2.42799999999988	0.287000000000035	2.71599999999944	0	0
2.39900000000034	0.456999999999994	2.8149999999996	0	0
2.37599999999929	0.235000000000014	2.61300000000028	0	0
4.80499999999938	0.564000000000078	5.37100000000009	0	0
3.625	0.213999999999942	3.84099999999944	0	0
2.44399999999951	0.259000000000015	2.70399999999972	0	0
2.23700000000008	0.216000000000008	2.45399999999972	0	0
4.43599999999969	0.464000000000055	4.90099999999984	0	0
4.58299999999963	0.874000000000024	5.28499999999985	0	0
6.50200000000041	0.675000000000068	7.17900000000009	0	0
2.23700000000008	0.328000000000088	2.56800000000021	0	0
