7.168	0.555	8.011	0	0
5.89	0.414	6.201	0	0
6.75	0.349	7.10100000000001	0	0
6.167	0.974	7.046	0	0
6.797	0.493	7.313	0	0
7.93600000000001	0.464	8.41900000000001	0	0
5.96000000000001	0.3	6.277	0	0
6.81999999999999	0.34	7.20400000000001	0	0
6.18000000000001	1.21	7.70100000000001	0	0
6.23699999999999	0.884	7.283	0	0
7.764	1.626	8.756	0	0
6.26500000000001	1.401	7.661	0	0
6.25400000000002	0.978000000000002	7.41900000000001	0	0
7.25900000000001	1.413	8.66500000000002	0	0
6.10600000000002	0.738999999999997	7.119	0	0
7.505	2.561	8.93600000000001	0	0
6.62299999999999	0.399999999999999	7.00399999999999	0	0
6.46600000000001	0.356999999999999	6.95099999999999	0	0
7.00800000000001	0.585999999999999	7.48699999999999	0	0
6.185	0.786000000000001	7.10700000000003	0	0
5.93199999999999	0.405000000000001	6.40500000000003	0	0
6.77199999999999	0.353999999999999	7.15999999999997	0	0
6.60700000000003	0.385000000000005	6.99200000000002	0	0
6.447	0.468999999999994	6.91800000000001	0	0
6.72300000000001	0.381	7.10599999999999	0	0
5.93699999999995	0.406000000000006	6.38999999999999	0	0
5.983	0.390999999999998	6.45399999999995	0	0
6.76900000000001	0.407000000000004	7.11000000000001	0	0
5.98700000000002	0.486000000000004	6.40499999999997	0	0
6.01599999999996	0.463000000000001	6.47999999999996	0	0
5.93000000000001	0.378	6.51299999999998	0	0
6.11499999999995	0.573	6.61399999999998	0	0
6.786	0.353999999999999	7.13999999999999	0	0
6.06599999999997	0.474000000000004	6.48399999999998	0	0
5.99099999999999	0.378999999999998	6.57900000000001	0	0
5.92200000000003	0.438000000000002	6.38200000000001	0	0
5.97399999999999	0.405999999999999	6.38100000000003	0	0
8.01600000000002	0.469999999999999	8.48699999999997	0	0
6.36100000000005	0.332000000000001	6.88499999999999	0	0
6.08199999999999	0.288000000000004	6.50899999999996	0	0
6.77799999999996	0.356000000000002	7.21600000000001	0	0
6.10899999999998	0.500999999999998	6.64700000000005	0	0
6.01100000000002	0.363	6.37399999999991	0	0
5.99599999999998	0.445999999999998	6.46299999999997	0	0
6.10000000000002	0.366999999999997	6.46800000000007	0	0
6.78600000000006	0.371000000000002	7.15699999999993	0	0
5.96500000000003	0.375999999999998	6.34000000000003	0	0
6.00799999999992	0.402999999999999	6.41100000000006	0	0
6.80999999999995	0.401000000000003	7.30400000000009	0	0
6.01700000000005	0.383000000000003	6.40200000000004	0	0
6.84100000000001	0.375999999999998	7.21799999999996	0	0
5.92099999999994	0.469999999999999	6.673	0	0
6.23400000000004	1.196	7.40700000000004	0	0
7.03400000000011	1.457	8.26900000000001	0	0
6.19200000000001	1.04100000000001	7.11699999999996	0	0
6.40899999999999	1.06099999999999	7.29100000000005	0	0
5.96499999999992	0.412000000000006	6.33900000000006	0	0
6.84299999999996	0.471000000000004	7.31499999999994	0	0
6.80799999999999	0.507999999999996	7.31600000000003	0	0
5.99000000000001	0.369	6.32899999999995	0	0
6.81299999999999	0.399000000000001	7.21199999999999	0	0
6.88400000000001	0.471000000000004	7.35599999999999	0	0
7.33600000000001	0.754000000000005	8.04599999999994	0	0
6.80600000000004	0.352000000000004	7.15800000000002	0	0
6.03599999999994	0.371000000000009	6.40800000000002	0	0
6.03300000000002	0.372	6.40499999999997	0	0
6.71699999999998	0.411000000000001	7.12900000000002	0	0
6.03399999999999	0.415999999999997	6.44999999999993	0	0
6.03300000000002	0.416000000000011	6.44999999999993	0	0
6.745	0.403000000000006	7.149	0	0
5.96600000000001	0.343000000000004	6.31100000000004	0	0
6.86300000000006	0.472999999999999	7.298	0	0
5.95799999999997	0.444000000000003	6.38999999999999	0	0
6.15300000000002	0.608999999999995	6.69199999999989	0	0
6.77499999999998	0.463999999999999	7.23899999999992	0	0
6.19299999999998	0.415999999999997	6.60799999999995	0	0
6.78399999999999	0.284000000000006	7.12599999999998	0	0
6.68200000000002	0.554999999999993	7.15999999999997	0	0
6.88499999999999	0.49499999999999	7.45000000000005	0	0
5.99699999999996	0.481999999999999	6.447	0	0
7.13199999999995	0.435999999999993	7.58600000000001	0	0
6.98500000000001	0.372	7.40499999999997	0	0
7.024	0.384	7.40699999999993	0	0
6.10900000000004	0.355000000000004	6.68200000000002	0	0
7.4559999999999	0.412999999999997	7.8889999999999	0	0
6.86000000000001	0.403999999999996	7.26800000000003	0	0
6.02300000000002	0.463999999999999	6.48700000000008	0	0
5.94299999999998	0.375999999999991	6.31899999999996	0	0
5.952	0.350999999999999	6.39499999999998	0	0
6.75199999999995	0.393000000000001	7.1869999999999	0	0
5.95199999999988	0.418999999999997	6.42599999999993	0	0
5.99399999999991	0.388000000000005	6.38300000000004	0	0
5.95800000000008	0.397000000000006	6.5	0	0
5.97199999999998	0.420000000000002	6.35199999999986	0	0
6.89200000000005	0.446000000000012	7.44800000000009	0	0
5.96299999999997	0.407999999999987	6.37200000000007	0	0
6.01299999999992	0.466999999999999	6.50199999999995	0	0
6.029	0.38000000000001	6.41000000000008	0	0
5.97599999999989	0.375	6.35400000000004	0	0
8.20299999999997	0.448999999999998	8.96599999999989	0	0
5.99099999999999	0.343999999999994	6.33400000000006	0	0
5.98500000000013	0.39200000000001	6.37699999999995	0	0
6.76300000000015	0.469000000000008	7.58100000000013	0	0
5.875	0.347999999999999	6.42899999999986	0	0
5.88300000000004	0.387999999999991	6.27099999999996	0	0
6.32300000000009	1.402	7.49299999999994	0	0
5.94100000000003	0.368000000000009	6.30899999999997	0	0
6.65999999999985	0.462999999999994	7.13300000000004	0	0
5.84500000000003	0.466999999999999	6.38300000000004	0	0
6.35599999999999	1.38300000000001	7.50399999999991	0	0
6.3130000000001	1.294	7.48400000000015	0	0
6.173	0.709000000000003	6.68399999999997	0	0
6.92100000000005	0.948999999999998	7.60500000000002	0	0
6.32900000000018	1.20700000000002	7.21400000000017	0	0
6.25	0.953000000000003	6.87899999999991	0	0
6.05200000000013	0.670999999999992	6.55500000000006	0	0
6.17999999999984	1.06799999999998	7.0440000000001	0	0
7.05700000000002	1.24299999999999	8.06899999999996	0	0
6.30799999999999	1.441	7.51900000000001	0	0
6.50200000000018	1.50300000000001	7.59800000000018	0	0
6.32099999999991	1.197	7.10899999999992	0	0
6.08699999999999	1.01300000000001	6.97399999999993	0	0
7.12299999999982	1.04799999999997	7.91100000000006	0	0
6.43100000000004	1.43200000000002	7.5659999999998	0	0
7.97900000000004	0.474999999999994	8.5	0	0
6.69799999999987	0.409999999999997	7.1099999999999	0	0
5.87300000000005	0.394000000000005	6.30400000000009	0	0
6.21899999999982	0.468999999999994	6.77400000000011	0	0
6.30799999999999	0.947000000000003	6.97800000000007	0	0
7.01499999999987	0.980999999999995	7.78199999999993	0	0
7.05600000000004	0.671999999999997	7.63400000000001	0	0
6.84799999999996	0.39500000000001	7.24199999999996	0	0
5.96399999999994	0.474000000000018	6.48700000000008	0	0
6.16699999999992	0.355999999999995	6.52200000000016	0	0
5.88799999999992	0.379999999999995	6.61799999999994	0	0
6.0619999999999	0.387	6.44900000000007	0	0
6.779	0.350999999999999	7.13000000000011	0	0
7.00400000000013	0.433000000000021	7.4380000000001	0	0
6.83699999999999	0.358000000000004	7.19700000000012	0	0
5.8599999999999	0.402000000000015	6.4190000000001	0	0
6.91499999999996	0.385999999999996	7.327	0	0
6.75799999999981	0.471000000000004	7.22900000000004	0	0
6.01900000000001	0.325999999999993	6.64300000000003	0	0
6.84299999999985	0.397999999999996	7.25099999999998	0	0
6.0329999999999	0.47799999999998	6.61300000000006	0	0
6.02600000000007	0.427999999999997	6.45299999999997	0	0
6.76499999999987	0.347000000000008	7.12799999999993	0	0
6.00099999999998	0.347000000000008	6.34799999999996	0	0
6.80300000000011	0.402999999999992	7.20699999999988	0	0
5.98700000000008	0.407000000000011	6.39500000000021	0	0
6.09400000000005	0.460000000000008	6.52700000000004	0	0
6.09500000000003	0.364000000000004	6.57099999999991	0	0
6.13900000000012	0.616000000000014	6.70900000000006	0	0
6.97000000000003	0.566000000000003	7.64899999999989	0	0
7.00999999999999	0.542000000000002	7.64499999999998	0	0
5.97000000000003	0.388000000000005	6.50699999999983	0	0
6.87599999999998	0.557999999999993	7.35099999999989	0	0
6.00399999999991	0.387	6.44799999999987	0	0
6.27999999999997	1.27900000000002	7.49399999999991	0	0
6.22000000000003	1.36500000000001	7.25199999999995	0	0
6.84299999999985	0.468000000000018	7.47299999999996	0	0
6.55499999999984	0.488	7.19799999999987	0	0
6.00900000000001	0.402999999999992	6.58999999999992	0	0
6.529	0.371000000000009	6.96399999999994	0	0
5.85400000000004	0.442999999999984	6.46299999999997	0	0
7.14599999999996	1.15299999999999	8.13200000000006	0	0
6.41499999999996	1.19999999999999	7.60199999999986	0	0
6.49499999999989	1.22400000000002	7.67100000000028	0	0
7.25400000000013	1.32499999999999	8.39600000000019	0	0
6.10300000000007	0.395999999999987	6.67600000000039	0	0
6.88600000000019	0.435000000000002	7.52399999999989	0	0
7.00800000000004	1.90300000000002	8.29599999999982	0	0
6.08899999999994	0.39100000000002	6.48099999999977	0	0
6.79499999999985	0.421999999999997	7.21799999999985	0	0
6.89499999999998	0.435000000000002	7.33000000000038	0	0
6.83799999999997	0.353999999999985	7.19399999999996	0	0
6.00299999999993	0.394999999999982	6.39899999999989	0	0
6.05600000000004	0.467000000000013	6.69599999999991	0	0
6.75699999999983	0.365999999999985	7.19500000000016	0	0
6.07099999999991	0.420999999999992	6.57900000000018	0	0
6.11200000000008	0.387	6.51400000000012	0	0
6.05499999999984	0.449999999999989	6.44799999999987	0	0
6.01400000000012	0.533999999999992	6.76099999999997	0	0
6.83099999999968	0.478000000000009	7.35800000000017	0	0
6.05999999999995	0.436999999999983	6.55699999999979	0	0
6.846	0.415999999999997	7.27300000000014	0	0
6.13800000000037	0.522999999999996	6.66000000000031	0	0
6.03600000000006	0.347000000000008	6.38300000000027	0	0
6.00700000000006	0.368000000000023	6.52700000000004	0	0
6.04700000000003	0.38300000000001	6.43000000000029	0	0
6.81700000000001	0.459000000000003	7.27700000000004	0	0
6.01200000000017	0.495000000000005	6.50700000000006	0	0
6.71699999999964	0.390999999999991	7.11000000000013	0	0
6.0329999999999	0.569999999999993	6.53200000000015	0	0
6.08699999999999	0.35499999999999	6.44200000000001	0	0
6.74199999999973	0.407000000000011	7.14999999999964	0	0
6.05699999999979	0.399000000000001	6.45700000000033	0	0
6.83099999999968	0.350999999999999	7.20399999999972	0	0
6.09999999999991	0.462999999999994	6.52399999999989	0	0
8.08500000000004	0.437999999999988	8.54899999999998	0	0
6.47900000000027	0.470999999999975	6.95200000000023	0	0
6.10199999999986	0.378999999999991	6.50700000000006	0	0
6.75700000000006	0.413999999999987	7.17700000000013	0	0
6.13799999999992	0.473000000000013	6.61300000000028	0	0
6.84999999999991	0.328000000000003	7.21299999999974	0	0
6.03099999999995	0.355999999999995	6.38200000000006	0	0
6.03499999999985	0.376000000000005	6.41100000000006	0	0
5.92799999999988	0.444000000000017	6.37199999999984	0	0
6.15000000000009	0.36699999999999	6.51400000000012	0	0
6.80999999999995	0.350999999999999	7.16100000000006	0	0
6.15800000000036	0.425999999999988	6.57600000000002	0	0
7.02999999999975	0.939999999999998	8.18199999999979	0	0
6.05200000000013	0.394999999999982	6.52400000000034	0	0
6.03200000000015	0.387	6.60699999999997	0	0
6.74399999999969	0.305000000000007	7.22199999999975	0	0
6.11599999999999	0.393000000000001	6.90700000000015	0	0
7.19699999999966	0.467999999999989	7.87300000000005	0	0
5.95200000000023	0.498000000000019	6.71000000000004	0	0
6.779	0.467999999999989	7.44599999999991	0	0
7.52300000000014	0.414999999999992	7.9380000000001	0	0
5.85399999999981	0.371000000000009	6.22499999999991	0	0
6.61700000000019	0.384000000000015	7.00199999999995	0	0
6.30299999999988	0.850999999999999	7.09000000000015	0	0
6.65299999999979	0.38900000000001	7.09000000000015	0	0
5.94900000000007	0.343000000000018	6.29400000000032	0	0
5.85899999999992	0.438999999999965	6.30899999999974	0	0
5.875	0.367999999999995	6.24399999999969	0	0
6.27399999999989	1.363	7.36799999999994	0	0
7.79200000000037	1.13900000000001	8.69200000000001	0	0
6.74499999999989	1.666	7.92699999999968	0	0
6.71499999999969	0.39100000000002	7.10800000000017	0	0
5.83699999999999	0.399000000000001	6.23799999999983	0	0
5.99600000000009	0.363	6.36000000000013	0	0
5.8119999999999	0.423000000000002	6.23800000000028	0	0
5.97600000000011	0.375	6.35199999999986	0	0
6.72000000000025	0.367999999999995	7.08799999999974	0	0
5.9409999999998	0.382999999999981	6.32600000000002	0	0
6.80600000000004	0.894999999999982	7.60500000000002	0	0
5.92700000000013	0.382999999999981	6.33899999999994	0	0
6.59699999999975	0.406999999999982	7.01500000000033	0	0
5.88999999999987	0.408000000000015	6.29800000000023	0	0
7.36599999999999	1.43299999999999	8.25500000000011	0	0
5.89800000000014	0.35899999999998	6.27200000000039	0	0
6.76099999999997	1.45999999999998	7.68399999999974	0	0
6.37800000000016	1.065	7.28600000000006	0	0
6.4340000000002	0.980999999999995	7.3090000000002	0	0
6.85799999999972	0.951999999999998	7.60699999999997	0	0
6.32200000000012	1.25700000000001	7.36700000000019	0	0
6.98099999999977	0.896999999999991	7.49900000000025	0	0
6.04899999999998	0.356000000000051	6.40599999999995	0	0
6.78600000000006	0.382999999999981	7.16800000000012	0	0
7.09900000000016	0.473000000000013	7.55899999999974	0	0
6.80299999999988	0.456999999999994	7.25999999999976	0	0
6.11099999999988	0.355000000000018	6.46599999999989	0	0
6.01400000000012	0.370000000000005	6.56400000000031	0	0
6.74800000000005	0.387	7.14800000000014	0	0
5.8760000000002	0.418999999999983	6.29599999999982	0	0
6.65100000000029	0.367000000000019	7.36599999999999	0	0
6.9079999999999	1.98099999999999	8.25900000000001	0	0
6.32099999999991	1.31799999999998	7.34699999999975	0	0
6.28099999999995	1.34300000000002	7.36999999999989	0	0
6.21300000000019	1.13599999999997	6.94700000000012	0	0
7.029	1.26999999999998	8.48300000000017	0	0
5.94499999999971	0.574999999999989	6.70199999999977	0	0
6.67799999999988	0.391999999999996	7.34699999999975	0	0
5.80499999999984	0.492000000000019	6.44900000000007	0	0
6.90599999999995	1.90899999999999	8.31999999999971	0	0
6.74200000000019	0.399000000000001	7.37400000000025	0	0
7.09899999999971	0.483000000000004	7.59299999999985	0	0
6.83100000000013	0.413000000000011	7.28900000000021	0	0
6.04899999999998	0.51600000000002	6.54200000000037	0	0
6.90999999999985	0.617999999999995	7.46599999999989	0	0
6.18900000000031	0.534000000000049	6.69400000000041	0	0
6.79199999999992	0.416999999999973	7.16899999999987	0	0
6.01800000000003	0.386000000000024	6.41100000000006	0	0
6.85100000000011	0.389999999999986	7.26400000000012	0	0
6.06099999999969	0.437000000000012	6.52300000000014	0	0
6.94599999999991	0.383000000000038	7.44599999999991	0	0
6.04500000000007	0.392999999999972	6.46299999999974	0	0
6.94300000000021	0.420000000000016	7.35100000000011	0	0
6.23499999999967	0.91799999999995	7.05699999999979	0	0
6.83699999999999	0.458000000000027	7.15900000000011	0	0
6.75500000000011	0.615000000000009	7.34099999999989	0	0
8.19100000000026	0.740000000000009	8.86900000000014	0	0
5.99400000000014	0.374000000000024	6.37100000000009	0	0
6.01999999999998	0.367000000000019	6.39599999999973	0	0
5.98299999999972	0.338999999999999	6.29099999999971	0	0
7.13599999999997	0.901999999999987	7.90099999999984	0	0
5.99199999999973	0.343000000000018	6.33600000000024	0	0
6.86299999999983	0.40500000000003	7.23700000000008	0	0
5.94100000000026	0.394999999999982	6.346	0	0
6.73799999999983	0.420999999999992	7.40999999999985	0	0
6.60399999999981	0.520000000000039	7.19200000000001	0	0
8.02599999999984	0.406000000000006	8.43600000000015	0	0
5.87300000000005	0.375	6.2510000000002	0	0
6.72299999999996	0.405999999999949	7.13499999999976	0	0
5.92599999999993	0.387	6.31500000000005	0	0
6.01199999999972	0.350999999999999	6.36499999999978	0	0
5.90000000000009	0.382999999999981	6.29500000000007	0	0
5.88300000000027	0.418999999999983	6.30400000000009	0	0
6.65499999999975	0.42999999999995	7.08699999999999	0	0
5.86199999999963	0.454999999999984	6.32000000000016	0	0
6.80799999999999	0.378999999999962	7.1880000000001	0	0
5.90100000000029	0.375	6.27799999999979	0	0
6.74599999999964	0.490999999999985	7.23900000000003	0	0
5.86900000000014	0.375	6.24499999999989	0	0
6.77300000000014	0.382999999999981	7.15700000000015	0	0
5.88799999999992	0.409999999999968	6.30200000000013	0	0
5.97399999999971	0.463000000000022	6.43899999999985	0	0
5.83699999999999	0.370000000000005	6.21000000000004	0	0
5.98299999999972	0.396999999999991	6.38300000000027	0	0
5.88200000000006	0.387	6.27200000000039	0	0
5.98399999999992	0.41500000000002	6.40099999999984	0	0
6.60100000000011	0.423000000000002	7.02499999999964	0	0
5.90300000000025	0.39100000000002	6.29600000000028	0	0
6.67300000000023	0.375	7.05799999999999	0	0
5.99299999999994	0.427000000000021	6.43100000000004	0	0
6.94000000000005	1.14300000000003	7.94799999999987	0	0
6.77199999999993	0.435000000000002	7.21000000000004	0	0
6.68899999999985	0.495000000000005	7.18600000000015	0	0
5.98799999999983	0.394999999999982	6.38499999999976	0	0
6.78900000000021	0.358000000000004	7.15000000000009	0	0
6.01299999999992	0.39100000000002	6.41200000000026	0	0
5.88800000000037	0.432000000000016	6.28699999999981	0	0
6.53399999999965	1.56200000000001	7.85399999999981	0	0
6.05400000000009	0.343999999999994	6.39999999999964	0	0
5.95100000000002	0.39100000000002	6.34400000000005	0	0
5.95499999999993	0.43100000000004	6.38799999999992	0	0
6.02300000000014	0.355000000000018	6.38799999999992	0	0
5.97699999999986	0.396999999999991	6.3760000000002	0	0
5.94499999999971	0.375	6.32399999999961	0	0
6.03999999999996	0.413000000000011	6.53699999999981	0	0
5.9069999999997	0.41500000000002	6.32299999999987	0	0
6.01099999999997	0.378999999999962	6.39099999999962	0	0
6.75199999999995	0.466999999999985	7.21900000000005	0	0
5.96299999999974	0.375	6.33899999999994	0	0
6.80099999999993	0.399000000000001	7.19999999999982	0	0
5.91699999999992	0.424000000000035	6.34000000000015	0	0
6.8159999999998	0.40300000000002	7.21999999999935	0	0
5.93000000000029	0.411000000000001	6.34199999999964	0	0
6.75399999999991	0.383000000000038	7.15500000000065	0	0
6.00900000000001	0.383000000000038	6.39699999999993	0	0
6.10899999999992	0.415999999999997	6.52500000000055	0	0
5.99699999999984	0.379999999999995	6.37899999999991	0	0
6.00900000000001	0.355999999999995	6.3739999999998	0	0
6.63799999999992	0.427999999999997	7.0659999999998	0	0
5.97499999999991	0.390999999999963	6.36699999999928	0	0
7.23900000000003	0.40300000000002	7.64300000000003	0	0
6.98399999999992	0.478999999999985	7.46399999999994	0	0
6.74800000000005	0.407000000000039	7.15499999999975	0	0
6.27600000000029	1.17699999999996	7.61499999999978	0	0
7.06899999999996	1.19299999999998	8.00900000000001	0	0
5.92700000000013	0.581999999999994	6.39199999999983	0	0
6.84999999999991	0.576999999999998	7.3159999999998	0	0
6.06399999999985	1.15499999999997	6.97699999999986	0	0
6.92299999999977	1.13799999999998	7.77099999999973	0	0
6.18499999999995	0.89100000000002	6.64100000000053	0	0
6.9369999999999	1.06799999999998	7.64099999999962	0	0
6.26099999999997	1.19499999999999	7.15500000000065	0	0
6.98399999999992	1.18099999999998	7.82400000000052	0	0
6.25099999999975	1.18699999999995	7.21799999999985	0	0
6.97599999999966	1.26300000000003	8.01599999999962	0	0
6.22200000000021	1.14099999999996	7.11099999999988	0	0
7.9680000000003	0.573999999999955	8.86999999999989	0	0
6.08500000000004	0.44300000000004	6.52800000000025	0	0
6.19100000000026	0.610000000000014	6.78900000000067	0	0
5.97999999999956	0.39100000000002	6.37099999999919	0	0
6.78999999999996	0.372000000000014	7.42900000000009	0	0
5.95300000000043	0.492000000000019	6.44400000000041	0	0
6.82300000000032	0.387999999999977	7.21200000000044	0	0
5.96900000000005	0.383000000000038	6.35199999999986	0	0
6.06700000000001	0.328000000000031	6.3690000000006	0	0
6.21099999999933	0.981999999999971	6.88799999999992	0	0
6.76000000000022	0.423999999999978	7.3179999999993	0	0
6.01999999999953	0.423000000000002	6.44400000000041	0	0
6.79300000000057	0.45799999999997	7.26599999999962	0	0
6.0659999999998	0.471000000000004	6.54899999999998	0	0
6.79899999999998	0.390999999999963	7.22699999999986	0	0
5.95799999999963	0.394999999999982	6.35400000000027	0	0
6.81800000000021	0.371999999999957	7.22099999999955	0	0
5.95399999999972	0.402999999999963	6.35900000000038	0	0
6.1279999999997	0.386999999999944	6.51600000000053	0	0
5.98899999999958	0.413000000000011	6.57200000000012	0	0
6.00500000000011	0.379999999999995	6.38600000000042	0	0
5.95399999999972	0.39100000000002	6.45300000000043	0	0
5.99300000000039	0.379999999999995	6.39400000000023	0	0
6.73399999999947	0.397999999999968	7.16800000000057	0	0
5.98700000000008	0.362000000000023	6.39199999999983	0	0
6.76500000000033	0.390999999999963	7.1909999999998	0	0
6.00200000000041	0.364000000000033	6.36299999999937	0	0
6.85699999999997	0.438999999999965	7.34799999999996	0	0
5.98099999999977	0.398999999999944	6.39199999999983	0	0
8.36300000000028	0.439999999999998	8.84500000000025	0	0
6.4380000000001	0.439999999999998	6.91200000000026	0	0
6.79200000000037	0.411000000000001	7.2480000000005	0	0
5.95899999999983	0.401999999999987	6.37299999999959	0	0
6.8110000000006	0.423000000000002	7.23600000000079	0	0
6.03799999999956	0.309000000000026	7.05500000000029	0	0
6.79399999999987	0.397999999999968	7.2450000000008	0	0
6.01999999999953	0.370999999999981	6.39300000000003	0	0
6.19999999999982	0.495000000000005	6.67200000000048	0	0
6.09600000000046	0.377999999999986	6.48599999999988	0	0
6.85800000000017	0.360000000000014	7.1840000000002	0	0
6.11099999999988	0.379999999999995	6.4940000000006	0	0
6.87100000000009	0.362000000000023	7.45700000000033	0	0
5.9380000000001	0.387	6.32600000000002	0	0
6.92799999999988	0.401999999999987	7.33100000000013	0	0
6.00999999999931	0.404999999999973	6.39000000000033	0	0
6.87899999999991	0.466000000000008	7.32200000000012	0	0
6.03200000000015	0.399000000000001	6.44899999999961	0	0
6.92800000000079	0.297000000000025	7.21299999999974	0	0
5.96400000000085	0.456000000000017	6.48000000000047	0	0
6.93299999999999	0.423999999999978	7.42500000000018	0	0
6.78999999999996	0.41900000000004	7.29299999999967	0	0
6.88900000000012	0.357000000000028	7.22999999999956	0	0
6.06800000000021	0.326000000000022	6.44599999999991	0	0
6.8130000000001	0.402999999999963	7.21699999999964	0	0
6.00899999999911	0.448000000000036	6.45699999999943	0	0
6.79400000000078	0.372000000000014	7.17199999999957	0	0
5.83500000000004	0.172000000000025	6.40999999999985	0	0
8.30299999999988	0.625	9.26599999999962	0	0
6.60799999999927	0.44500000000005	7.21900000000005	0	0
7.12100000000009	1.51600000000002	7.95499999999993	0	0
6.14900000000034	1.03399999999999	6.96500000000015	0	0
6.82999999999993	1.02799999999996	7.89800000000014	0	0
6.16899999999987	1.00599999999997	6.9399999999996	0	0
6.48799999999937	0.408999999999992	7.17699999999968	0	0
5.85699999999997	0.348000000000013	6.45300000000043	0	0
7.69999999999982	2.21800000000002	9.51400000000012	0	0
6.79799999999977	1.81	7.8779999999997	0	0
7.11200000000008	1.26400000000001	8.1260000000002	0	0
6.33500000000004	1.27000000000004	7.32299999999941	0	0
7.31999999999971	1.41699999999997	8.4389999999994	0	0
6.3779999999997	1.392	7.48599999999988	0	0
7.7529999999997	0.432999999999993	8.43199999999979	0	0
5.83999999999924	0.384000000000015	6.22599999999966	0	0
6.66200000000026	0.350999999999999	7.01400000000012	0	0
5.91799999999967	0.503999999999962	6.49600000000009	0	0
6.69999999999982	0.430000000000007	7.23000000000047	0	0
5.90800000000036	0.426000000000045	6.55299999999988	0	0
6.50600000000031	0.382999999999981	7.00399999999991	0	0
5.93299999999999	0.437999999999988	6.57000000000062	0	0
8.41600000000017	0.442000000000007	8.86899999999969	0	0
6.61399999999958	0.394999999999982	7.00900000000001	0	0
6.66399999999976	0.462999999999965	7.11899999999969	0	0
5.94399999999951	0.390999999999963	6.33500000000004	0	0
6.6239999999998	0.647000000000048	7.22999999999956	0	0
5.89800000000014	0.375999999999976	6.35599999999977	0	0
6.66899999999987	0.387000000000057	7.05699999999979	0	0
5.93299999999999	0.390999999999963	6.33300000000054	0	0
6.63300000000072	0.451000000000022	7.08399999999983	0	0
5.97499999999945	0.465000000000032	6.52100000000064	0	0
6.65999999999985	0.447000000000003	7.10900000000038	0	0
5.99300000000039	0.43100000000004	6.42500000000018	0	0
6.71300000000065	0.437000000000012	7.21500000000015	0	0
5.92000000000007	0.384000000000015	6.30400000000009	0	0
6.48999999999978	0.432000000000016	6.60199999999986	0	0
5.82600000000002	0.379999999999995	5.95899999999983	0	0
6.9340000000002	0.952999999999975	7.24099999999999	0	0
6.11800000000039	0.428999999999974	6.09900000000016	0	0
7.00300000000061	0.718999999999937	7.2529999999997	0	0
6.72499999999945	2.27099999999996	7.25799999999981	0	0
7.06600000000071	0.686000000000035	7.29899999999998	0	0
6.32500000000073	0.882000000000062	6.49799999999959	0	0
7.16600000000017	1.24800000000005	7.39800000000014	0	0
6.11799999999948	0.391000000000076	6.22300000000087	0	0
6.49200000000019	0.59800000000007	6.87899999999991	0	0
6.90200000000004	2.32600000000002	7.63600000000042	0	0
7.47500000000036	1.41100000000006	7.59600000000046	0	0
7.0029999999997	0.804000000000087	7.25400000000081	0	0
7.22199999999975	0.516000000000076	7.39600000000064	0	0
5.99600000000009	0.408000000000015	5.95299999999952	0	0
6.87299999999959	0.687000000000012	6.91100000000006	0	0
6.27100000000064	0.80600000000004	6.30600000000049	0	0
7.20599999999922	1.58800000000008	7.67499999999927	0	0
6.32100000000082	1.25	6.6239999999998	0	0
6.38199999999961	0.404999999999973	6.48299999999927	0	0
5.90300000000025	0.662000000000035	6.27199999999993	0	0
7.13700000000063	1.42700000000002	7.80799999999999	0	0
7.05699999999979	2.46699999999998	7.73900000000049	0	0
7.66400000000067	0.571000000000026	7.79000000000087	0	0
6.39200000000073	0.313999999999965	6.47599999999966	0	0
6.52700000000004	0.266000000000076	6.82300000000032	0	0
5.93900000000031	0.397000000000048	5.86400000000049	0	0
6.46399999999994	0.309999999999945	6.75699999999961	0	0
5.76100000000042	0.399000000000001	5.9340000000002	0	0
6.60699999999997	0.581999999999994	6.90700000000015	0	0
6.42599999999948	1.70100000000002	6.83200000000033	0	0
7.11599999999999	0.735000000000014	7.31600000000071	0	0
6.17900000000009	1.00300000000004	6.33300000000054	0	0
7.0649999999996	0.772999999999911	7.09799999999996	0	0
6.04799999999977	0.696000000000026	6.31500000000051	0	0
6.63600000000042	0.252999999999929	7.19300000000021	0	0
6.12100000000009	0.884999999999991	6.37899999999991	0	0
6.84299999999985	1.20100000000002	7.12899999999991	0	0
6.03799999999956	0.518000000000029	6.1269999999995	0	0
6.80000000000018	0.451999999999998	6.79299999999967	0	0
6.01499999999942	0.378000000000043	5.98400000000038	0	0
6.8090000000002	0.855999999999995	7.10899999999947	0	0
6.28999999999996	1.25700000000006	6.50600000000031	0	0
7.70800000000054	2.71699999999998	8.24099999999999	0	0
6.14300000000003	0.840999999999894	6.22600000000057	0	0
6.98900000000049	0.678999999999974	7.11700000000019	0	0
5.90800000000036	0.637000000000057	6.17000000000007	0	0
6.76900000000023	0.911000000000058	6.85899999999947	0	0
6.23800000000028	1.08199999999999	6.39499999999953	0	0
8.32399999999961	0.347999999999956	8.23400000000038	0	0
6.10899999999947	0.836999999999989	6.37899999999991	0	0
6.75200000000041	0.301000000000045	6.6840000000002	0	0
5.9980000000005	0.314000000000078	5.95299999999952	0	0
6.63400000000001	0.350000000000023	6.73599999999988	0	0
6.32599999999911	0.719000000000051	6.34799999999996	0	0
6.7480000000005	0.317999999999984	6.83899999999994	0	0
5.76800000000003	0.588999999999942	6.06700000000001	0	0
7.17699999999968	1.08799999999997	7.42000000000007	0	0
6.13400000000001	0.343000000000075	6.27199999999993	0	0
6.49599999999919	0.385999999999967	6.54800000000068	0	0
6.21999999999935	1.149	6.39500000000044	0	0
7.23300000000017	1.3599999999999	7.47400000000016	0	0
6.28499999999985	1.33400000000006	6.76100000000042	0	0
6.59000000000015	0.312999999999988	6.53999999999996	0	0
6.22500000000036	0.92999999999995	6.30799999999999	0	0
6.84500000000025	0.392000000000053	6.76999999999953	0	0
6.02099999999973	0.313999999999965	5.92100000000028	0	0
7.11200000000008	0.898000000000025	7.2529999999997	0	0
6.1230000000005	0.967999999999961	6.27099999999973	0	0
7.0659999999998	0.828999999999951	7.4320000000007	0	0
6.1850000000004	0.634999999999991	6.26299999999992	0	0
6.57600000000002	0.233000000000061	6.55199999999968	0	0
6.08799999999974	0.435000000000059	6.04600000000028	0	0
6.49399999999969	0.464999999999918	6.63600000000042	0	0
5.75999999999931	0.424999999999955	6.19000000000051	0	0
7.29399999999987	1.51100000000008	7.82999999999993	0	0
6.44399999999951	1.37300000000005	6.70600000000013	0	0
6.76800000000003	0.361999999999966	6.77100000000064	0	0
6.04899999999998	0.36099999999999	6.07200000000012	0	0
6.78899999999976	0.91700000000003	7.0010000000002	0	0
5.98799999999937	0.309999999999945	5.95200000000023	0	0
6.70600000000013	0.290000000000077	6.58799999999974	0	0
5.96500000000015	0.362999999999943	5.90499999999975	0	0
6.83200000000033	0.748000000000047	6.95500000000084	0	0
5.94999999999982	0.476999999999975	6.07100000000082	0	0
6.89800000000014	0.701000000000022	7.03300000000036	0	0
6.07100000000082	0.774000000000001	6.27300000000014	0	0
6.96199999999953	1.40699999999993	7.26000000000022	0	0
6.1220000000003	0.656999999999925	6.22900000000027	0	0
6.71499999999924	0.436000000000035	7.27899999999954	0	0
5.73599999999988	0.158999999999992	5.85699999999997	0	0
6.94700000000012	0.823000000000093	7.14899999999943	0	0
5.84599999999955	0.271999999999935	5.84900000000016	0	0
6.70300000000043	0.736999999999966	6.75	0	0
6.10800000000017	0.927999999999997	6.40799999999945	0	0
8.07300000000032	0.327999999999975	8.13400000000001	0	0
6.33700000000044	1.096	6.6269999999995	0	0
6.63699999999972	0.533999999999992	6.70100000000002	0	0
5.98000000000047	0.349000000000046	5.98800000000028	0	0
7.04400000000078	1.41399999999999	7.41800000000057	0	0
5.73199999999997	0.316000000000031	5.91000000000076	0	0
6.53099999999995	0.245999999999981	6.48899999999958	0	0
5.90999999999985	0.326000000000022	5.89300000000003	0	0
6.74499999999989	0.326999999999998	6.79399999999987	0	0
6.67200000000048	0.447999999999979	6.75600000000031	0	0
7.8110000000006	0.603000000000065	7.93299999999999	0	0
6.14999999999964	0.625	6.22400000000016	0	0
6.74499999999989	0.427999999999997	7.05699999999979	0	0
6.9940000000006	0.889999999999986	7.07999999999993	0	0
7.89799999999923	0.621999999999957	8.18100000000049	0	0
5.5570000000007	0.178999999999974	5.79699999999957	0	0
6.30200000000059	0.467999999999961	6.82000000000062	0	0
6.1220000000003	1.23000000000002	6.57099999999991	0	0
6.63900000000012	0.680999999999926	7.08600000000024	0	0
5.90700000000015	0.432000000000016	5.94200000000001	0	0
6.89300000000003	0.782000000000039	7.26100000000042	0	0
6.81400000000031	0.700000000000045	6.95200000000023	0	0
6.90400000000045	0.753000000000043	7.00799999999981	0	0
5.95600000000013	0.40300000000002	6.16899999999987	0	0
7.14999999999964	0.838999999999942	7.30999999999949	0	0
6.2489999999998	0.629000000000019	6.30200000000059	0	0
7.11800000000039	1.53300000000002	7.61099999999988	0	0
5.86200000000008	0.559999999999945	6.05799999999999	0	0
6.99699999999939	1.57600000000002	7.48700000000008	0	0
5.92699999999968	0.375999999999976	6.04600000000028	0	0
8.19999999999982	0.990999999999985	8.30400000000009	0	0
6.44899999999961	0.317999999999984	6.40700000000015	0	0
6.59000000000015	0.283999999999992	6.54699999999957	0	0
5.61700000000019	0.218999999999937	5.73399999999947	0	0
6.42500000000018	0.227999999999952	6.53999999999996	0	0
6.11700000000019	1.02199999999993	6.34199999999964	0	0
6.80999999999949	0.615000000000009	6.88900000000012	0	0
5.82200000000012	0.469000000000051	6.0590000000002	0	0
6.71799999999985	0.516999999999939	6.90700000000015	0	0
6.22499999999945	0.79200000000003	6.34999999999945	0	0
6.57500000000073	0.575000000000045	7.03699999999935	0	0
6.63299999999981	1.64800000000002	7.21599999999944	0	0
7.36999999999989	1.51699999999994	7.6899999999996	0	0
6.31999999999971	0.766999999999939	6.57700000000023	0	0
7.14800000000014	1.13	7.87299999999959	0	0
6.12100000000009	0.740999999999985	6.6260000000002	0	0
6.83500000000004	0.990999999999985	7.32799999999952	0	0
5.78499999999985	0.321000000000026	6.3070000000007	0	0
6.80199999999968	0.687000000000012	6.8110000000006	0	0
5.76699999999983	0.310999999999922	5.77800000000025	0	0
6.64900000000034	0.275000000000091	6.81800000000021	0	0
6.7470000000003	0.799000000000092	7.01400000000012	0	0
7.83700000000044	0.66700000000003	8.02499999999964	0	0
6.7489999999998	0.619000000000028	7.0619999999999	0	0
7.4940000000006	0.527000000000044	8.00799999999981	0	0
6.17500000000018	0.884000000000015	6.38900000000012	0	0
6.52199999999993	0.41599999999994	6.99299999999948	0	0
6.37899999999991	0.997999999999934	7.00099999999929	0	0
6.64599999999973	0.277999999999906	6.73599999999988	0	0
5.9380000000001	0.434999999999945	6.13600000000042	0	0
6.52400000000034	0.246999999999957	6.4369999999999	0	0
6.21100000000024	0.435000000000059	6.1230000000005	0	0
7.00800000000072	0.727999999999952	7.28299999999945	0	0
6.01500000000033	0.825000000000045	6.76000000000022	0	0
7.48399999999947	2.28399999999999	8.73099999999977	0	0
5.98999999999978	0.588999999999942	6.34799999999996	0	0
6.63600000000042	0.469000000000051	6.88300000000072	0	0
6.27300000000014	1.27599999999995	6.8130000000001	0	0
7.64000000000033	2.75300000000004	8.20499999999993	0	0
6.19399999999951	0.584999999999923	6.40700000000015	0	0
7.38600000000042	0.338999999999942	7.50699999999961	0	0
6.23300000000017	0.510999999999967	6.46399999999994	0	0
6.15399999999954	1.41300000000001	6.65500000000065	0	0
5.99200000000019	0.645000000000095	6.01099999999951	0	0
7.19899999999961	1.596	7.32300000000032	0	0
5.85500000000047	0.267000000000053	6.23300000000017	0	0
6.7480000000005	0.591999999999985	7.23699999999917	0	0
5.77700000000004	0.298000000000002	5.68799999999919	0	0
6.94599999999991	1.52999999999997	7.18900000000031	0	0
8.51400000000012	2.65499999999997	8.67299999999977	0	0
7.8720000000003	0.831000000000017	8.09899999999925	0	0
6.4989999999998	1.91199999999992	6.94300000000021	0	0
7.01400000000012	0.692000000000007	7.05500000000029	0	0
6.8760000000002	1.82799999999997	7.44700000000012	0	0
7.29500000000007	1.03300000000002	7.58899999999994	0	0
6.13500000000022	0.501999999999953	6.20600000000013	0	0
6.8159999999998	0.506999999999948	6.85900000000038	0	0
6.29499999999916	0.980999999999995	6.50099999999929	0	0
6.37400000000071	0.509000000000015	6.76699999999983	0	0
5.94300000000021	0.326000000000022	5.84000000000015	0	0
6.47699999999986	1.53399999999999	7.11699999999928	0	0
6.98300000000017	0.633000000000038	7.19200000000001	0	0
6.09999999999945	0.328999999999951	6.04500000000007	0	0
6.77399999999943	0.831000000000017	7.02400000000034	0	0
6.07899999999972	0.539999999999964	6.15599999999995	0	0
6.98599999999988	0.383000000000038	7.1239999999998	0	0
5.76099999999951	0.462000000000103	5.95200000000023	0	0
6.85699999999997	0.527999999999906	6.85500000000047	0	0
6.02200000000084	0.275999999999954	5.9369999999999	0	0
6.82399999999961	0.377000000000066	7.03600000000006	0	0
6.1899999999996	1.18499999999995	6.6260000000002	0	0
6.77000000000044	0.510000000000105	7.1889999999994	0	0
5.92299999999977	0.527000000000044	6.29799999999977	0	0
7.11299999999937	0.900999999999954	7.66399999999976	0	0
6.26899999999932	0.613000000000056	6.58500000000004	0	0
6.4380000000001	0.399000000000001	6.5600000000004	0	0
6.07000000000062	0.533999999999992	6.50799999999981	0	0
6.7489999999998	0.296000000000049	6.74599999999919	0	0
6.10100000000057	0.390999999999963	6.11800000000039	0	0
6.39099999999962	0.277000000000044	6.3760000000002	0	0
5.81999999999971	0.23599999999999	6.14899999999943	0	0
7	0.799999999999955	7.34299999999985	0	0
6.62800000000061	1.31799999999998	7.0619999999999	0	0
6.76900000000023	0.31899999999996	6.70399999999972	0	0
5.75	0.309999999999945	5.8159999999998	0	0
6.77699999999913	0.259999999999991	6.78999999999996	0	0
5.99600000000009	0.320999999999913	5.90999999999985	0	0
6.90299999999934	0.403999999999996	6.99300000000039	0	0
5.91399999999976	0.724000000000046	6.39400000000023	0	0
6.90599999999995	1.66100000000006	7.3130000000001	0	0
6.17000000000007	0.730000000000018	6.15300000000025	0	0
7.40999999999985	1.49199999999996	7.53899999999976	0	0
6.32300000000032	0.625999999999976	6.35599999999977	0	0
6.56899999999951	0.272000000000048	6.6909999999998	0	0
6.3730000000005	0.789999999999964	6.74099999999999	0	0
7.52800000000025	0.475999999999999	7.59900000000016	0	0
7.11899999999969	1.07600000000002	7.29299999999967	0	0
6.80099999999948	0.468000000000075	7.21099999999933	0	0
6.09800000000087	0.480000000000018	6.2510000000002	0	0
6.70499999999993	0.904999999999973	6.97700000000077	0	0
5.79200000000037	0.291999999999916	5.96700000000055	0	0
7.02099999999973	0.737999999999943	7.10100000000057	0	0
6.77400000000034	2.13900000000001	7.13500000000022	0	0
6.81900000000041	0.696000000000026	6.88900000000103	0	0
6.21000000000004	0.648000000000025	6.29600000000028	0	0
5.77000000000044	0.512000000000057	5.9369999999999	0	0
7.13900000000012	1.06499999999994	7.21099999999933	0	0
6.21500000000015	0.716999999999985	6.20300000000134	0	0
6.93599999999969	1.02099999999996	7.14400000000023	0	0
6.98599999999988	2.19599999999991	7.21700000000055	0	0
6.77500000000055	0.69500000000005	6.82300000000032	0	0
5.77899999999954	0.301000000000045	5.875	0	0
7.31900000000041	1.64400000000001	7.69999999999891	0	0
6.57099999999991	0.581000000000017	6.66699999999946	0	0
7.38799999999992	0.381000000000085	7.51300000000083	0	0
6.11099999999988	0.677999999999997	6.4950000000008	0	0
6.79199999999946	0.370999999999981	7.1830000000009	0	0
6.51400000000012	0.960000000000036	7.14999999999964	0	0
6.91599999999926	0.774999999999977	7.16200000000026	0	0
5.98299999999927	0.687000000000012	6.22899999999936	0	0
7.31700000000001	1.351	7.54600000000028	0	0
5.85300000000007	0.52800000000002	5.88500000000022	0	0
6.50700000000052	0.423999999999978	6.52800000000025	0	0
6.1239999999998	0.280000000000086	6.00699999999961	0	0
6.59400000000005	0.336999999999989	6.63900000000103	0	0
6.22600000000057	1.00700000000006	6.38699999999881	0	0
7.09100000000035	0.555000000000064	7.22999999999956	0	0
6.72500000000036	0.259999999999991	6.73899999999958	0	0
6.38000000000011	1.12700000000007	6.59700000000157	0	0
6.98900000000049	1.09300000000007	7.25300000000061	0	0
6.81099999999969	1.16200000000003	7.16300000000047	0	0
7.59599999999955	1.30100000000004	8.68100000000049	0	0
6.11000000000058	0.531999999999925	6.43499999999949	0	0
6.72299999999996	0.338000000000079	6.63900000000103	0	0
6.03200000000015	0.409999999999968	6.08499999999913	0	0
6.41200000000026	0.488999999999919	6.65899999999965	0	0
5.9380000000001	0.533000000000015	6.11099999999897	0	0
6.67699999999968	0.313999999999965	6.69900000000052	0	0
6.15700000000015	0.641999999999939	6.32300000000032	0	0
7.01600000000053	0.939000000000078	7.22499999999854	0	0
6.28899999999976	0.952999999999975	6.57099999999991	0	0
5.95799999999963	0.312999999999988	6.0630000000001	0	0
5.89099999999962	0.50100000000009	6.01399999999921	0	0
6.73199999999997	0.305000000000064	6.80999999999949	0	0
6.10099999999966	0.587999999999965	6.6190000000006	0	0
5.73199999999997	0.345000000000027	5.83899999999994	0	0
6.91600000000017	0.63799999999992	7.13999999999942	0	0
6.38199999999961	0.29200000000003	6.42299999999886	0	0
8.08699999999953	0.900999999999954	8.27899999999863	0	0
6.20199999999932	0.671000000000049	6.29800000000068	0	0
6.92900000000009	0.789999999999964	7.08799999999974	0	0
6.11599999999999	0.656000000000063	6.26800000000003	0	0
6.69499999999971	0.329999999999927	6.63600000000042	0	0
6.99799999999959	0.437000000000012	7.32400000000052	0	0
7.92599999999948	1.04300000000001	8.51100000000042	0	0
6.67799999999988	2.15600000000006	7.1929999999993	0	0
7.02299999999923	1.53300000000002	7.31999999999971	0	0
6.52000000000044	1.72499999999991	7.12200000000121	0	0
7.42200000000048	1.65499999999997	7.82200000000012	0	0
5.96500000000015	0.292999999999893	5.90599999999904	0	0
6.96399999999994	0.438999999999965	6.88699999999881	0	0
6.17399999999907	1.30900000000008	6.31999999999971	0	0
7.61799999999857	2.05500000000006	8.43599999999969	0	0
6.94499999999971	2.45499999999993	7.70999999999913	0	0
6.76899999999841	0.716000000000008	6.89600000000064	0	0
6.01800000000003	0.725999999999999	6.28200000000106	0	0
6.97500000000036	1.16999999999996	7.85000000000036	0	0
6.88700000000063	0.692999999999984	7.0049999999992	0	0
7.35800000000017	0.599000000000046	7.58200000000033	0	0
6.04600000000028	0.361999999999966	6.16899999999987	0	0
6.80000000000109	0.793999999999983	7.17299999999886	0	0
5.77800000000025	0.360000000000014	6.11100000000079	0	0
7.30400000000009	1.20900000000006	7.5010000000002	0	0
5.78500000000167	0.270999999999958	5.7440000000006	0	0
6.93599999999969	0.65300000000002	7.18900000000031	0	0
6.30099999999948	1.31299999999987	6.50600000000122	0	0
6.69499999999971	0.277000000000044	6.68400000000111	0	0
5.84900000000016	0.412000000000035	5.93399999999929	0	0
6.33899999999994	1.16599999999994	6.7510000000002	0	0
6.69300000000112	0.271999999999935	6.69499999999971	0	0
6.59399999999914	1.61400000000003	6.8809999999994	0	0
6.67000000000007	0.44399999999996	6.80500000000029	0	0
6.08799999999974	0.902000000000044	6.26699999999983	0	0
6.86999999999898	0.401999999999816	6.8700000000008	0	0
6.22299999999996	1.17599999999993	6.40299999999843	0	0
6.79399999999987	0.401000000000067	6.89300000000003	0	0
6.45000000000073	1.596	6.97600000000057	0	0
7.21700000000055	1.49000000000001	7.43599999999969	0	0
6.16899999999987	0.646000000000186	6.26199999999881	0	0
6.86099999999897	0.347999999999956	6.83899999999994	0	0
6.23700000000099	0.882000000000062	6.4320000000007	0	0
6.64500000000044	0.289999999999964	7.02900000000045	0	0
6.05199999999968	1.18899999999985	6.37299999999959	0	0
6.13199999999961	0.923999999999978	6.29500000000007	0	0
7.31600000000071	1.44699999999989	7.54700000000048	0	0
6.19000000000051	1.10200000000009	6.49099999999999	0	0
6.71399999999994	0.449000000000069	6.90400000000045	0	0
6.15699999999924	0.655999999999949	6.42500000000109	0	0
6.20100000000093	0.782000000000153	6.32300000000032	0	0
6.82099999999991	0.548000000000002	7.37200000000121	0	0
5.8080000000009	0.307000000000016	5.83100000000013	0	0
6.45199999999932	0.304000000000087	6.44300000000112	0	0
6.09199999999873	0.506000000000085	6.36599999999999	0	0
7.88999999999942	0.593000000000075	7.96099999999933	0	0
7.46199999999953	1.27199999999993	7.70600000000013	0	0
8.25300000000061	0.315000000000055	8.20600000000013	0	0
6.58499999999913	1.61200000000008	6.91699999999946	0	0
6.72100000000137	0.682999999999993	6.78900000000067	0	0
6.21500000000015	0.625	6.28199999999924	0	0
6.15999999999985	0.421999999999798	6.21900000000096	0	0
6.8799999999992	0.666999999999916	7.03400000000147	0	0
6.96500000000015	1.97400000000016	7.25799999999981	0	0
6.92000000000007	0.619999999999891	6.97199999999975	0	0
6.15999999999985	0.29099999999994	6.04300000000148	0	0
6.92000000000007	0.444999999999936	7.03100000000086	0	0
6.58700000000135	1.71499999999992	6.99200000000019	0	0
6.85800000000017	0.977000000000089	7.23099999999977	0	0
5.78899999999885	0.288999999999987	5.78400000000147	0	0
6.83099999999831	0.302999999999884	7.05500000000029	0	0
6.22000000000116	0.897000000000162	6.57200000000012	0	0
6.38600000000042	0.29099999999994	6.31000000000131	0	0
5.87700000000041	0.263999999999896	5.82300000000032	0	0
6.57200000000012	0.41599999999994	6.88100000000122	0	0
5.85000000000036	0.301999999999907	5.86999999999898	0	0
5.72299999999996	0.442999999999984	5.75199999999859	0	0
6.65499999999884	0.620999999999867	7.01499999999942	0	0
6.51900000000023	1.13000000000011	6.62700000000041	0	0
8.40999999999985	3.70699999999988	9.40399999999863	0	0
6.04600000000028	0.605999999999995	6.14400000000023	0	0
6.64300000000003	0.299999999999955	6.69900000000052	0	0
7.40899999999965	1.29399999999987	7.73799999999937	0	0
6.34300000000076	0.27800000000002	6.32700000000114	0	0
5.8130000000001	0.321999999999889	5.72700000000077	0	0
6.86800000000039	0.785000000000082	6.95499999999993	0	0
6.45399999999972	1.37599999999998	6.51399999999921	0	0
6.76699999999983	1.05700000000002	6.95100000000093	0	0
6.09499999999935	0.827999999999975	6.29199999999946	0	0
5.73400000000038	0.380999999999858	5.75	0	0
6.63199999999961	0.632000000000062	6.82899999999972	0	0
5.82300000000032	0.521000000000186	5.91600000000108	0	0
6.57200000000012	0.345000000000027	6.61099999999897	0	0
5.64499999999862	0.29099999999994	5.57700000000114	0	0
5.90500000000065	0.366999999999962	5.96399999999994	0	0
6.94499999999971	0.555000000000064	7.20000000000073	0	0
6.23899999999958	0.303000000000111	6.21600000000035	0	0
5.79999999999927	0.346000000000004	5.86599999999999	0	0
6.76899999999841	0.310999999999922	7.08399999999892	0	0
6.22500000000036	1.42499999999995	6.73899999999958	0	0
6.94599999999991	0.895999999999958	7.02700000000004	0	0
5.83300000000054	0.279999999999973	5.8809999999994	0	0
6.76800000000003	0.740999999999985	7.41300000000047	0	0
6.34499999999935	0.473999999999933	6.46899999999914	0	0
6.54900000000089	1.65899999999988	7.19100000000071	0	0
7.11800000000039	1.69299999999998	7.59999999999854	0	0
6.1770000000015	0.351000000000113	6.44800000000032	0	0
6.44700000000012	0.701000000000022	6.54100000000108	0	0
5.95900000000074	0.83400000000006	6.11000000000058	0	0
6.75900000000001	0.879999999999882	6.89799999999923	0	0
6.19599999999991	0.7650000000001	6.35299999999916	0	0
6.16199999999844	0.764000000000124	6.22400000000016	0	0
7.52700000000004	2.32999999999993	8.1239999999998	0	0
6.87700000000041	0.751999999999953	7.28200000000106	0	0
7.76199999999881	0.300999999999931	7.86800000000039	0	0
6.1200000000008	0.489000000000033	6.17599999999948	0	0
6.94400000000132	1.798	7.6140000000014	0	0
6.0510000000013	0.723999999999933	6.08100000000013	0	0
6.92000000000007	1.70800000000008	7.10900000000038	0	0
7.87199999999939	0.582000000000107	7.85699999999997	0	0
6.23199999999997	0.295000000000073	6.26500000000124	0	0
6.83600000000115	1.30399999999986	7.29199999999946	0	0
6.32999999999993	1.38499999999999	6.41899999999987	0	0
7.0570000000007	1.57099999999991	7.71299999999974	0	0
6.84000000000015	2.81200000000013	7.88800000000083	0	0
6.15999999999985	0.346000000000004	6.29800000000068	0	0
7.08100000000013	0.970000000000027	7.34799999999996	0	0
6.11499999999978	1.01099999999997	6.30299999999988	0	0
6.64999999999964	0.560999999999922	6.7450000000008	0	0
6.00699999999961	0.520999999999958	5.92000000000007	0	0
6.75	0.430000000000064	6.82100000000173	0	0
6.43500000000131	1.32100000000014	6.90999999999985	0	0
6.4369999999999	0.402000000000044	6.48099999999977	0	0
6.64799999999923	0.497000000000071	6.64900000000125	0	0
6.08200000000033	1.29199999999992	6.57899999999972	0	0
6.52599999999984	0.528999999999996	6.63400000000001	0	0
5.8130000000001	0.246000000000095	5.6880000000001	0	0
7.16600000000108	0.598999999999933	7.40699999999924	0	0
7	1.35299999999984	7.29700000000048	0	0
6.19700000000012	0.762000000000171	6.33899999999994	0	0
6.71099999999933	0.4050000000002	6.9380000000001	0	0
6.21199999999953	0.756000000000085	6.55699999999888	0	0
6.753999999999	0.688999999999851	7.19100000000071	0	0
6.93499999999949	0.537000000000035	7.28199999999924	0	0
8.48199999999997	0.842000000000098	8.60200000000077	0	0
6.67599999999948	2.24299999999994	7.28800000000047	0	0
6.77300000000105	0.722999999999956	7.18000000000029	0	0
6.20800000000054	0.388999999999896	6.17699999999968	0	0
6.9479999999985	0.542999999999893	6.96200000000135	0	0
7.07899999999972	0.585000000000036	7.02800000000025	0	0
8.45600000000013	0.908999999999878	8.79200000000128	0	0
6.49200000000019	1.58799999999997	6.72199999999975	0	0
6.64999999999964	0.558999999999969	6.98099999999977	0	0
6.62800000000061	0.612999999999829	7.01399999999921	0	0
6.4330000000009	1.13999999999987	6.87300000000141	0	0
6.43399999999929	0.605000000000018	6.63400000000001	0	0
6.35900000000038	1.49399999999991	6.66500000000087	0	0
6.31600000000071	0.809999999999945	6.47599999999875	0	0
7.5510000000013	1.9820000000002	7.55500000000029	0	0
6.24699999999939	0.836000000000013	6.65499999999884	0	0
7.04700000000048	0.918999999999869	7.18500000000131	0	0
6.2440000000006	1.00299999999993	6.30400000000009	0	0
6.78600000000006	0.378000000000156	6.65800000000127	0	0
6.5	1.58000000000015	6.86200000000099	0	0
6.03499999999985	0.806999999999789	6.36899999999878	0	0
6.5570000000007	0.324000000000069	6.69499999999971	0	0
6.21699999999873	0.557000000000016	6.39099999999962	0	0
6.54100000000108	0.275000000000091	6.51200000000063	0	0
5.90899999999965	0.591999999999871	6.02900000000045	0	0
6.02700000000004	0.770999999999958	6.57200000000012	0	0
7.90500000000065	0.55600000000004	8.24300000000039	0	0
6.28000000000065	1.31600000000003	6.69599999999991	0	0
6.07899999999972	1.03700000000003	6.51499999999942	0	0
6.5669999999991	0.400000000000091	6.47099999999955	0	0
5.75699999999961	0.548000000000002	5.96900000000096	0	0
7.98499999999876	0.901000000000067	8.22199999999975	0	0
7.08700000000135	1.15300000000002	7.40999999999985	0	0
6.58899999999994	0.535999999999831	6.82300000000032	0	0
5.92000000000007	0.302000000000135	6.15700000000106	0	0
6.98700000000099	0.768000000000029	7.42499999999927	0	0
6.128999999999	0.327999999999975	6.246000000001	0	0
7.4330000000009	1.90499999999997	8.03900000000067	0	0
5.92300000000068	0.36200000000008	5.89500000000044	0	0
6.61700000000019	2.01299999999992	6.9369999999999	0	0
6.78499999999985	0.463999999999942	6.71300000000156	0	0
5.95199999999932	0.435999999999922	6.10699999999997	0	0
6.89300000000003	1.15700000000015	7.14499999999862	0	0
5.83100000000013	0.341999999999871	5.80900000000111	0	0
5.90600000000086	0.381999999999834	5.93499999999949	0	0
6.79299999999967	0.730999999999995	6.84199999999873	0	0
6.20300000000134	0.406000000000176	6.26300000000083	0	0
6.45000000000073	0.230999999999995	6.4890000000014	0	0
6.38400000000001	0.994999999999891	6.50299999999879	0	0
5.73099999999977	0.220000000000027	5.94800000000032	0	0
7.01699999999983	0.877999999999929	7.3640000000014	0	0
6.65599999999904	0.442999999999984	6.78100000000086	0	0
6.60200000000077	0.494999999999891	6.7549999999992	0	0
7.02800000000025	2.43399999999997	7.76900000000023	0	0
6.76399999999921	2.30899999999997	7.31399999999849	0	0
7.14099999999962	1.40699999999993	7.26100000000042	0	0
6.58699999999953	0.985000000000127	6.76800000000003	0	0
7.32400000000052	1.39699999999993	7.64400000000023	0	0
6.92599999999948	0.461999999999989	7.14799999999923	0	0
7.38700000000063	1.64200000000005	8.0619999999999	0	0
6.69599999999991	0.364000000000033	6.74199999999837	0	0
5.99699999999939	0.690000000000055	6.25200000000041	0	0
6.97500000000036	1.01900000000001	7.41300000000047	0	0
5.93899999999849	0.395999999999958	5.91699999999946	0	0
6.5010000000002	1.8130000000001	7.30299999999988	0	0
6.79299999999967	0.349999999999909	6.95000000000073	0	0
6.17900000000009	1.25600000000009	6.45399999999972	0	0
6.61800000000039	0.453999999999951	6.90999999999985	0	0
5.86499999999978	0.29099999999994	5.9320000000007	0	0
6.33599999999933	0.798999999999978	6.42299999999886	0	0
6.7510000000002	0.231999999999971	6.8739999999998	0	0
6.48199999999997	0.351000000000113	6.38199999999961	0	0
7.1979999999985	0.497000000000071	7.19100000000071	0	0
5.94499999999971	1.096	6.1820000000007	0	0
5.84599999999955	0.585000000000036	6.44000000000051	0	0
6.65800000000127	0.326999999999998	6.72900000000118	0	0
6.0059999999994	0.409999999999854	6.34599999999955	0	0
6.04699999999866	0.726000000000113	6.371000000001	0	0
8.3169999999991	2.14800000000014	8.64599999999882	0	0
6.40699999999924	0.715999999999894	6.44700000000012	0	0
7.8119999999999	0.897000000000162	7.88900000000103	0	0
7.07300000000032	0.929000000000087	7.31999999999971	0	0
5.92100000000028	0.615999999999985	5.98099999999977	0	0
6.64199999999983	0.630000000000109	6.66299999999865	0	0
6.36700000000019	0.937000000000126	6.68500000000131	0	0
6.4479999999985	1.29999999999995	6.66100000000006	0	0
6.6359999999986	0.878000000000156	7.0669999999991	0	0
6.97600000000057	0.944000000000187	7.3020000000015	0	0
5.96099999999933	0.329999999999927	5.98899999999958	0	0
7	1.04099999999994	7.30699999999888	0	0
6.70700000000033	2.35300000000007	7.36200000000099	0	0
6.85699999999997	0.692000000000007	7.19800000000032	0	0
5.77200000000084	0.411000000000058	6.09499999999935	0	0
6.02299999999923	1.04300000000012	6.39300000000003	0	0
6.65899999999965	0.348999999999933	6.50800000000163	0	0
6.3119999999999	1.00699999999983	6.27100000000064	0	0
7.31999999999971	2.06799999999998	7.75699999999961	0	0
6.06899999999951	0.846000000000004	6.47400000000016	0	0
6.20600000000013	0.722999999999956	6.23300000000017	0	0
6.98699999999917	0.820999999999913	7.17100000000028	0	0
6.36599999999999	1.06799999999998	6.48899999999958	0	0
7.04000000000087	0.585000000000036	7.06600000000071	0	0
6.07500000000073	0.384000000000015	6.15600000000086	0	0
6.5	1.73799999999983	6.98400000000038	0	0
6.97500000000036	0.779999999999973	7.63400000000001	0	0
5.91799999999967	0.925999999999931	6.47199999999975	0	0
6.62700000000041	0.341000000000122	6.8119999999999	0	0
6.79100000000108	0.842999999999847	7.05500000000029	0	0
6.29399999999987	0.653999999999996	6.39000000000124	0	0
6.63999999999942	1.14499999999998	6.89800000000105	0	0
5.75600000000122	0.538999999999987	5.97500000000036	0	0
6.62699999999859	0.47400000000016	6.76300000000083	0	0
7.53000000000065	1.44299999999998	7.85900000000038	0	0
6.84000000000015	2.69000000000005	7.44000000000051	0	0
6.96399999999994	1.11599999999999	7.39300000000003	0	0
6.01100000000042	0.746999999999844	6.43399999999929	0	0
5.74099999999999	0.810000000000173	5.88700000000063	0	0
6.36299999999937	0.288000000000011	6.26200000000063	0	0
5.8760000000002	0.755000000000109	6.11699999999837	0	0
6.54300000000148	0.507999999999811	6.63500000000022	0	0
6.9890000000014	0.926000000000158	7.25	0	0
6.50900000000001	0.400000000000091	6.59200000000055	0	0
7.47900000000118	1.99499999999989	8.05400000000009	0	0
6.19000000000051	0.593999999999824	6.70600000000013	0	0
5.66700000000128	0.59900000000016	5.92900000000009	0	0
7.22999999999956	0.279999999999973	7.51000000000022	0	0
