5.471	0.374	5.849	0	0
4.399	0.331	4.752	0	0
4.361	0.339	4.702	0	0
4.376	0.458	4.92299999999999	0	0
4.665	0.351	5.081	0	0
4.492	0.388000000000001	4.881	0	0
4.35799999999999	0.315	4.755	0	0
4.736	0.382000000000001	5.229	0	0
4.639	0.635	5.215	0	0
4.96000000000001	1.443	6.09199999999998	0	0
5.43899999999999	1.8	6.654	0	0
4.78999999999999	1.081	6.08100000000002	0	0
4.90699999999998	1.284	6.14099999999999	0	0
5.00099999999998	1.262	6.07499999999999	0	0
4.81199999999998	1.006	5.636	0	0
4.98099999999999	1.257	6.005	0	0
4.535	0.310000000000002	4.845	0	0
4.84100000000001	0.375	5.12200000000001	0	0
5.93199999999999	0.388000000000002	6.34100000000001	0	0
4.54500000000002	0.471999999999994	4.91699999999997	0	0
4.57500000000002	0.338999999999999	4.88900000000001	0	0
4.50700000000001	0.357999999999997	4.86600000000004	0	0
4.69099999999997	0.479999999999997	5.15299999999996	0	0
4.46999999999997	0.346000000000004	4.81900000000002	0	0
4.762	0.793000000000006	5.42899999999997	0	0
4.53500000000003	0.287999999999997	5.09899999999999	0	0
4.58299999999997	0.346000000000004	5.11200000000002	0	0
4.57400000000001	0.464999999999996	4.90899999999999	0	0
4.57099999999997	0.344999999999999	4.93900000000002	0	0
5.42500000000001	0.436	5.88600000000002	0	0
4.58199999999999	0.436999999999998	5.05700000000002	0	0
4.54100000000005	0.408999999999999	4.959	0	0
4.57899999999995	0.347999999999999	4.89400000000001	0	0
4.39600000000002	0.391999999999996	4.78900000000004	0	0
5.322	0.350999999999999	5.661	0	0
4.47699999999998	0.323	4.79200000000003	0	0
4.68000000000001	0.372	5.072	0	0
4.70100000000002	0.344000000000001	4.98100000000005	0	0
4.41899999999998	0.354999999999997	4.79100000000005	0	0
4.52099999999996	0.467999999999996	5.03900000000004	0	0
4.416	0.339999999999996	4.79999999999995	0	0
4.50400000000002	0.335000000000001	4.84000000000003	0	0
5.33499999999998	0.331000000000003	5.66600000000005	0	0
4.48899999999998	0.335000000000001	4.82500000000005	0	0
4.45000000000005	0.432000000000002	4.88099999999997	0	0
4.47199999999998	0.347999999999999	4.81899999999996	0	0
4.50900000000001	0.326999999999998	4.83699999999999	0	0
4.50400000000002	0.356000000000002	4.86000000000001	0	0
4.52300000000002	0.306999999999995	4.8309999999999	0	0
4.43499999999995	0.347999999999999	4.78300000000002	0	0
4.43499999999995	0.331000000000003	4.7650000000001	0	0
4.52499999999998	0.207000000000001	5.37900000000002	0	0
4.85599999999999	1.295	5.96199999999999	0	0
4.6819999999999	0.893000000000008	5.68899999999996	0	0
4.63499999999999	0.61099999999999	5.35500000000002	0	0
5.30700000000002	0.477000000000004	5.71299999999997	0	0
4.50600000000009	0.314999999999998	4.84399999999994	0	0
4.73700000000008	0.361000000000004	5.17500000000007	0	0
4.44499999999994	0.355999999999995	4.88599999999997	0	0
4.57299999999998	0.355999999999995	4.92899999999997	0	0
4.47000000000003	0.308999999999997	4.82799999999997	0	0
5.25200000000007	1.619	6.37599999999998	0	0
4.77599999999995	0.546000000000006	5.04900000000009	0	0
4.48699999999997	0.352000000000004	4.83899999999994	0	0
4.45000000000005	0.331999999999994	4.78199999999993	0	0
4.46600000000001	0.343000000000004	4.80999999999995	0	0
4.49700000000007	0.328000000000003	4.82500000000005	0	0
4.54899999999998	0.328000000000003	4.87700000000007	0	0
4.553	0.315999999999988	4.87	0	0
4.476	0.376999999999995	4.98799999999994	0	0
4.42899999999997	0.411999999999992	4.84099999999989	0	0
4.48400000000004	0.384	4.86800000000005	0	0
4.471	0.400000000000006	4.87099999999998	0	0
5.38	0.575999999999993	5.90299999999991	0	0
4.66199999999992	0.39200000000001	5.05500000000006	0	0
4.423	0.335999999999999	4.76900000000001	0	0
4.57299999999998	0.581999999999994	4.97800000000007	0	0
4.81500000000005	0.456000000000003	5.26100000000008	0	0
5.17500000000007	0.435000000000002	5.63199999999995	0	0
4.76800000000003	0.368000000000009	5.13599999999997	0	0
4.678	0.415000000000006	5.09299999999996	0	0
4.89600000000007	0.38300000000001	5.298	0	0
4.50700000000006	0.298999999999992	4.80800000000022	0	0
4.44999999999993	0.406999999999996	4.93000000000006	0	0
4.65500000000009	0.343999999999994	5.00300000000016	0	0
4.62	0.387	5.14900000000011	0	0
5.21499999999992	0.379999999999995	5.59699999999998	0	0
4.50400000000002	0.340000000000003	4.84300000000007	0	0
4.42999999999995	0.175000000000011	4.61300000000006	0	0
4.50800000000004	0.311999999999998	4.82200000000012	0	0
4.61200000000008	0.39200000000001	5.00299999999993	0	0
5.42000000000007	0.507000000000005	5.88200000000006	0	0
4.82899999999995	0.73599999999999	5.34300000000007	0	0
4.52500000000009	0.370999999999995	4.85900000000015	0	0
4.47699999999986	0.346999999999994	4.82499999999982	0	0
4.50099999999998	0.365000000000009	4.85200000000009	0	0
5.32600000000002	0.423999999999992	5.75	0	0
4.52500000000009	0.390999999999991	5.07199999999989	0	0
4.54700000000003	0.328999999999994	4.93599999999992	0	0
4.86200000000008	0.448999999999998	5.29600000000005	0	0
4.54299999999989	0.312000000000012	4.85500000000002	0	0
4.70299999999997	0.573999999999998	5.24099999999999	0	0
4.45999999999981	0.528999999999996	4.92399999999998	0	0
4.33999999999992	0.350000000000009	4.88599999999997	0	0
5.55299999999988	1.13200000000001	6.42399999999998	0	0
4.37699999999995	0.415999999999997	4.78600000000006	0	0
4.423	0.355999999999995	4.779	0	0
4.31400000000008	0.352000000000004	4.66899999999987	0	0
4.90899999999988	1.31099999999999	5.99000000000001	0	0
5.54600000000005	1.264	6.63499999999999	0	0
4.78899999999999	1.372	5.93799999999987	0	0
4.827	1.366	5.94799999999987	0	0
5.00499999999988	1.486	6.00999999999999	0	0
4.83999999999992	1.422	6.03399999999988	0	0
5.58699999999999	1.00199999999998	6.39700000000016	0	0
4.88099999999986	1.14400000000001	5.779	0	0
4.57400000000007	0.787000000000006	5.18799999999987	0	0
4.84799999999996	1.411	6.07899999999995	0	0
4.82299999999987	1.27100000000002	5.88599999999997	0	0
5.37999999999988	0.697000000000003	5.92399999999998	0	0
4.69700000000012	0.939999999999998	5.62800000000016	0	0
4.68000000000006	0.646000000000015	5.173	0	0
4.66700000000014	1.10000000000002	5.60099999999989	0	0
5.11299999999983	1.52099999999999	6.48000000000002	0	0
4.6579999999999	0.429000000000002	5.06099999999992	0	0
4.38300000000004	0.328000000000003	4.721	0	0
5.42699999999991	0.35499999999999	5.75999999999999	0	0
4.64400000000001	0.688999999999993	5.23799999999983	0	0
4.99099999999999	1.23599999999999	5.923	0	0
4.70700000000011	0.519000000000005	5.09699999999998	0	0
5.04300000000012	0.494	5.51999999999998	0	0
4.50099999999998	0.394999999999982	4.88900000000012	0	0
4.54899999999998	0.407999999999987	4.94899999999984	0	0
5.33100000000013	0.509000000000015	5.82600000000002	0	0
4.55799999999999	0.558999999999997	4.97499999999991	0	0
4.44000000000005	0.355999999999995	4.79600000000005	0	0
4.529	0.311000000000007	4.83999999999992	0	0
4.94399999999996	0.357999999999976	5.30099999999993	0	0
4.45900000000006	0.348000000000013	4.80699999999979	0	0
4.6400000000001	0.5	5.09799999999996	0	0
4.73800000000006	0.418000000000006	5.12799999999993	0	0
4.57200000000012	0.394999999999982	4.96599999999989	0	0
4.52199999999993	0.345000000000027	4.83799999999997	0	0
4.41200000000003	0.447000000000003	4.86900000000014	0	0
4.50900000000001	0.324000000000012	4.74400000000014	0	0
4.49199999999996	0.319000000000017	4.8119999999999	0	0
4.49000000000001	0.343999999999994	4.83400000000006	0	0
4.45700000000011	0.376000000000005	4.83200000000011	0	0
4.60299999999984	0.681000000000012	5.19300000000021	0	0
4.55600000000004	0.377999999999986	5.31799999999998	0	0
5.32799999999997	0.382999999999981	5.89700000000016	0	0
4.61900000000014	0.665999999999997	5.1690000000001	0	0
4.44100000000003	0.376999999999981	4.9409999999998	0	0
4.82300000000009	0.984999999999985	5.71500000000015	0	0
4.96699999999987	1.15699999999998	5.85200000000009	0	0
4.45000000000005	0.314999999999998	4.80100000000016	0	0
4.46900000000005	0.389999999999986	4.87900000000013	0	0
4.49199999999996	0.319999999999993	5.05500000000006	0	0
5.53700000000003	1.035	6.33699999999999	0	0
5.03200000000015	1.404	6.327	0	0
5.75800000000004	0.370999999999981	6.13400000000001	0	0
4.38000000000011	0.283999999999992	4.74900000000002	0	0
4.34100000000012	0.417000000000002	4.78400000000011	0	0
4.33500000000004	0.34699999999998	4.68299999999999	0	0
5.70499999999993	2.41200000000001	7.22699999999986	0	0
4.89799999999991	1.273	6.22499999999991	0	0
4.85899999999992	1.136	5.92900000000009	0	0
4.89100000000008	1.20099999999999	6.02600000000029	0	0
4.798	1.18400000000003	5.79700000000003	0	0
4.50199999999995	0.242999999999995	5.01499999999987	0	0
4.52099999999996	0.474999999999994	4.90900000000011	0	0
4.50399999999991	0.413999999999987	4.84099999999989	0	0
4.44600000000014	0.339999999999975	4.81500000000005	0	0
4.58699999999999	0.316000000000003	4.90300000000025	0	0
4.60900000000015	0.352000000000004	5.08699999999999	0	0
4.42900000000009	0.336000000000013	4.76399999999967	0	0
4.48099999999999	0.381	4.86599999999999	0	0
4.5150000000001	0.290999999999997	4.80600000000004	0	0
4.42200000000003	0.338999999999999	4.76200000000017	0	0
4.45600000000013	0.316000000000003	4.77299999999968	0	0
5.29099999999994	0.617999999999995	5.79599999999982	0	0
4.54899999999998	0.313999999999993	4.97900000000027	0	0
4.47299999999996	0.425999999999988	4.97400000000016	0	0
4.57100000000037	0.48399999999998	4.96299999999974	0	0
4.46500000000015	0.323000000000008	4.84099999999989	0	0
4.4079999999999	0.371000000000009	4.78499999999985	0	0
4.45999999999958	0.363	4.82400000000007	0	0
5.27399999999989	0.314999999999998	5.58899999999994	0	0
4.4699999999998	0.316999999999979	4.84900000000016	0	0
4.48700000000008	0.316000000000003	4.81299999999965	0	0
4.5029999999997	0.331999999999994	4.83500000000004	0	0
4.46099999999979	0.343999999999994	4.80700000000024	0	0
4.43000000000029	0.324000000000012	4.75399999999991	0	0
4.46500000000015	0.376000000000005	4.8420000000001	0	0
4.51600000000008	0.364000000000004	4.88200000000006	0	0
4.58600000000024	0.607999999999976	5.12900000000036	0	0
4.49600000000009	0.28400000000002	4.77999999999975	0	0
4.47400000000016	0.365999999999985	4.8130000000001	0	0
4.50600000000031	0.292000000000002	4.80300000000034	0	0
4.8090000000002	0.39100000000002	5.20299999999997	0	0
4.40999999999985	0.327000000000027	4.73900000000003	0	0
4.49499999999989	0.323000000000008	4.81999999999971	0	0
4.44000000000005	0.356000000000023	4.80600000000004	0	0
4.57200000000012	0.37299999999999	4.90899999999965	0	0
4.65000000000009	0.651999999999987	5.21900000000005	0	0
4.49500000000035	0.335000000000008	4.83100000000013	0	0
5.29700000000003	0.314999999999998	5.61200000000008	0	0
4.4340000000002	0.286999999999978	4.63999999999987	0	0
4.48099999999977	0.355000000000018	4.85300000000007	0	0
4.54199999999992	0.27600000000001	4.94200000000001	0	0
4.43499999999995	0.363	4.80899999999974	0	0
4.43499999999995	0.318999999999988	4.8090000000002	0	0
4.56899999999996	0.373999999999995	5.08599999999979	0	0
4.56700000000001	0.367999999999995	4.9369999999999	0	0
4.47499999999991	0.335000000000008	4.81700000000001	0	0
4.88099999999986	0.472999999999985	5.31700000000001	0	0
5.30500000000029	0.344000000000023	5.64800000000014	0	0
4.63899999999967	0.371999999999986	5.01099999999997	0	0
4.63099999999986	0.472000000000008	5.10300000000007	0	0
4.42699999999968	0.336000000000013	4.76299999999992	0	0
4.34100000000035	0.367999999999995	4.71000000000004	0	0
4.61400000000003	0.971000000000004	5.62400000000025	0	0
4.41300000000001	0.302999999999997	4.73100000000022	0	0
4.404	0.323000000000036	4.73900000000003	0	0
4.40499999999975	0.335999999999956	4.75199999999995	0	0
5.10100000000011	0.363	5.50300000000016	0	0
4.47000000000025	0.319000000000017	4.79100000000017	0	0
5.01299999999992	1.31	5.84500000000025	0	0
4.97699999999986	1.22399999999999	5.98700000000008	0	0
4.38799999999992	0.324000000000012	4.71199999999999	0	0
4.42600000000039	0.315999999999974	4.74299999999994	0	0
4.38200000000006	0.403999999999996	4.78700000000026	0	0
5.08999999999969	0.336000000000013	5.42700000000013	0	0
4.4380000000001	0.259000000000015	5.08399999999983	0	0
4.36599999999999	0.387	4.78099999999995	0	0
4.31399999999985	0.355999999999995	4.67100000000028	0	0
4.3739999999998	0.324000000000012	4.72200000000021	0	0
4.33400000000029	0.364000000000033	4.69900000000007	0	0
4.36400000000003	0.307000000000016	4.67300000000023	0	0
4.40599999999995	0.335000000000036	4.74199999999973	0	0
4.50399999999991	0.396000000000015	4.90100000000029	0	0
4.36200000000008	0.314999999999998	4.67899999999963	0	0
4.47399999999971	0.379999999999995	4.95299999999997	0	0
5.65999999999985	1.25900000000001	6.54399999999987	0	0
4.69900000000007	1.029	5.54600000000028	0	0
4.73699999999963	1.041	5.5949999999998	0	0
4.67000000000007	0.810999999999979	5.35200000000032	0	0
4.73199999999997	0.825999999999965	5.55399999999963	0	0
4.45200000000023	0.367000000000019	4.91499999999996	0	0
4.38599999999997	0.371999999999957	4.75800000000027	0	0
4.58399999999983	0.326999999999998	4.91300000000001	0	0
4.74600000000009	0.358000000000004	5.10500000000002	0	0
4.42500000000018	0.301999999999964	4.72800000000007	0	0
4.37000000000035	0.34699999999998	4.71799999999985	0	0
4.42999999999984	0.295000000000016	5.25700000000006	0	0
4.47699999999986	0.319999999999993	4.79700000000003	0	0
4.48999999999978	0.283999999999992	4.77399999999989	0	0
6.08100000000013	2.40300000000002	7.32099999999991	0	0
5.55299999999988	1.96000000000004	6.53499999999985	0	0
5.51600000000008	1.14800000000002	6.26500000000033	0	0
4.68899999999985	1.09899999999999	5.58800000000019	0	0
4.63500000000022	0.759000000000015	5.24499999999989	0	0
5.80000000000018	2.37700000000001	6.89899999999989	0	0
4.471	0.461000000000013	4.88200000000006	0	0
4.46300000000019	0.296999999999969	4.76800000000003	0	0
4.3720000000003	0.488	4.83100000000013	0	0
5.31600000000026	0.354000000000042	5.67900000000009	0	0
4.86299999999983	0.634000000000015	5.5619999999999	0	0
4.89300000000003	0.571999999999946	5.4340000000002	0	0
4.39599999999973	0.348000000000013	4.75199999999995	0	0
4.56400000000031	0.564000000000021	5.07399999999961	0	0
4.48199999999997	0.416999999999973	4.88200000000006	0	0
4.47799999999961	0.298999999999978	4.64499999999998	0	0
4.59400000000005	0.600999999999999	5.11400000000003	0	0
4.48100000000022	0.303999999999974	4.79799999999977	0	0
4.45800000000008	0.354999999999961	4.81500000000005	0	0
4.44300000000021	0.34699999999998	4.81099999999969	0	0
4.51400000000012	0.379999999999995	4.87800000000016	0	0
4.46599999999989	0.399000000000001	4.88900000000012	0	0
4.47800000000007	0.396999999999991	4.91399999999976	0	0
4.48800000000028	0.473000000000013	4.9380000000001	0	0
4.52800000000025	0.35899999999998	4.88900000000012	0	0
4.92700000000013	0.399999999999977	5.32900000000018	0	0
4.67999999999984	0.418999999999983	5.10100000000011	0	0
4.4989999999998	0.343999999999994	4.8449999999998	0	0
5.35999999999967	0.326999999999998	5.68899999999985	0	0
4.47000000000025	0.352000000000032	4.82200000000012	0	0
4.50099999999975	0.358000000000004	4.86000000000013	0	0
4.55200000000013	0.327999999999975	4.88099999999986	0	0
4.53500000000031	0.33499999999998	4.87199999999984	0	0
4.43299999999999	0.396000000000015	4.82999999999993	0	0
4.79700000000003	1.13100000000003	5.67999999999984	0	0
4.85699999999997	0.34699999999998	5.22299999999996	0	0
4.73800000000028	0.372000000000014	5.11199999999963	0	0
4.46500000000015	0.380000000000052	4.846	0	0
4.46199999999999	0.32000000000005	4.78400000000011	0	0
4.44200000000001	0.311000000000035	4.76299999999992	0	0
5.2470000000003	0.323000000000036	5.57200000000012	0	0
4.41199999999981	0.333000000000027	4.74499999999989	0	0
4.49499999999989	0.302999999999997	4.80000000000018	0	0
4.4050000000002	0.352000000000032	4.75800000000027	0	0
4.41600000000017	0.367999999999995	4.78400000000011	0	0
4.45699999999988	0.363	4.82200000000012	0	0
4.42900000000009	0.33200000000005	4.76099999999997	0	0
4.39200000000028	0.355999999999995	4.74900000000025	0	0
4.46199999999999	0.290999999999997	4.75500000000011	0	0
4.43299999999999	0.33499999999998	4.76999999999998	0	0
4.47600000000011	0.312000000000012	4.78900000000021	0	0
5.23300000000017	0.30699999999996	5.54200000000037	0	0
4.48599999999988	0.271999999999991	4.75799999999981	0	0
5.17900000000009	0.34499999999997	5.52599999999984	0	0
4.43899999999985	0.30400000000003	4.74299999999994	0	0
4.43899999999985	0.350999999999999	4.79300000000012	0	0
4.47699999999986	0.314999999999998	4.79400000000032	0	0
4.4409999999998	0.407999999999959	4.84999999999991	0	0
4.40199999999959	0.350999999999999	4.75500000000011	0	0
4.40599999999995	0.33099999999996	4.73900000000003	0	0
4.5329999999999	0.339999999999975	4.8739999999998	0	0
4.71900000000005	0.395000000000039	5.11599999999999	0	0
4.38900000000012	0.336000000000013	4.72600000000011	0	0
4.41600000000017	0.336000000000013	4.75300000000016	0	0
4.404	0.307999999999993	4.71399999999994	0	0
4.40200000000004	0.342999999999961	4.71000000000004	0	0
5.39199999999983	0.435999999999979	5.97699999999986	0	0
4.41800000000012	0.379999999999995	4.7800000000002	0	0
5.33100000000013	0.35899999999998	5.70300000000043	0	0
4.48399999999992	0.338999999999999	4.82400000000007	0	0
5.31999999999971	0.302999999999997	5.625	0	0
4.4079999999999	0.378999999999962	4.78899999999976	0	0
5.23500000000013	0.337999999999965	5.57499999999982	0	0
4.43100000000004	0.350999999999999	4.80700000000024	0	0
5.28900000000021	0.378999999999962	5.63400000000001	0	0
4.48800000000028	0.323999999999955	4.81299999999965	0	0
4.49900000000025	0.314999999999998	4.84400000000005	0	0
4.4670000000001	0.315999999999974	4.79700000000048	0	0
4.48999999999978	0.307999999999993	4.79799999999977	0	0
4.41600000000017	0.353000000000009	4.77099999999973	0	0
4.49800000000005	0.298999999999978	4.79799999999977	0	0
4.44500000000016	0.315999999999974	4.76000000000022	0	0
4.48299999999972	0.311999999999955	4.79500000000007	0	0
4.45699999999988	0.342999999999961	4.80099999999948	0	0
4.47800000000007	0.354999999999961	4.83399999999983	0	0
5.24800000000005	0.43100000000004	5.68000000000029	0	0
4.44700000000012	0.310999999999979	4.75900000000001	0	0
4.48099999999977	0.39100000000002	4.8720000000003	0	0
4.4699999999998	0.310999999999979	4.78200000000015	0	0
4.42700000000013	0.340000000000032	4.77500000000055	0	0
4.97600000000011	0.550000000000011	5.48500000000058	0	0
4.4409999999998	0.336000000000013	4.77800000000025	0	0
4.56700000000001	0.701999999999998	5.33500000000004	0	0
4.59199999999964	1.37100000000004	5.73300000000017	0	0
4.73900000000003	1.298	5.8070000000007	0	0
4.38400000000001	0.439999999999998	4.73999999999978	0	0
4.67399999999998	1.142	5.57000000000062	0	0
4.76700000000028	1.03100000000001	5.55299999999988	0	0
4.72900000000027	0.89100000000002	5.38700000000063	0	0
4.75900000000001	1.173	5.61999999999989	0	0
4.5949999999998	1.15499999999997	5.55100000000039	0	0
4.82000000000016	1.19400000000002	5.80599999999959	0	0
4.70400000000018	1.05200000000002	5.42299999999977	0	0
4.73500000000013	1.27000000000004	5.80099999999948	0	0
4.76600000000008	1.12200000000001	5.66000000000076	0	0
4.375	0.341999999999985	4.66499999999996	0	0
4.83599999999979	0.408000000000015	5.24399999999969	0	0
4.42700000000013	0.447999999999979	4.875	0	0
5.26199999999972	0.312000000000012	5.58599999999933	0	0
4.48099999999977	0.326999999999998	4.80799999999999	0	0
4.47400000000016	0.391999999999996	4.8739999999998	0	0
4.44300000000021	0.338999999999999	4.78200000000015	0	0
4.46199999999953	0.299000000000035	4.76099999999951	0	0
4.50200000000041	0.383999999999958	4.88599999999951	0	0
5.30400000000009	0.402999999999963	5.70799999999963	0	0
4.47700000000077	0.295999999999992	4.77400000000034	0	0
4.40899999999965	0.434000000000026	4.90200000000004	0	0
4.4409999999998	0.375	4.82799999999952	0	0
4.47199999999975	0.316000000000031	4.78700000000026	0	0
4.41299999999956	0.359999999999957	4.80100000000039	0	0
4.39600000000064	0.352000000000032	4.78099999999995	0	0
4.45900000000074	0.322999999999979	4.78399999999965	0	0
4.40300000000025	0.367000000000019	4.78200000000015	0	0
4.60699999999997	0.738	5.32399999999961	0	0
5.27300000000014	0.359000000000037	5.72199999999975	0	0
4.42500000000018	0.34699999999998	4.77400000000034	0	0
5.21399999999994	0.34699999999998	5.5619999999999	0	0
4.42600000000039	0.34899999999999	4.79299999999967	0	0
4.51299999999992	0.314999999999998	4.83899999999994	0	0
4.48199999999997	0.323000000000036	4.80699999999979	0	0
4.44000000000051	0.348000000000013	4.78799999999956	0	0
4.42500000000018	0.359000000000037	4.78600000000006	0	0
4.4389999999994	0.342999999999961	4.78300000000036	0	0
4.42599999999948	0.340000000000032	4.83300000000054	0	0
4.8779999999997	0.427000000000021	5.30799999999999	0	0
4.97099999999955	0.461000000000013	5.43299999999999	0	0
4.45900000000074	0.314999999999998	4.77499999999964	0	0
4.39499999999953	0.355999999999995	4.75600000000031	0	0
4.48700000000008	0.379999999999995	4.94999999999982	0	0
4.44799999999941	0.326999999999998	4.78600000000006	0	0
4.69300000000021	0.518999999999949	5.0630000000001	0	0
4.5	0.40100000000001	4.97699999999986	0	0
4.45800000000054	0.328000000000031	4.74499999999989	0	0
5.51700000000073	0.325999999999965	5.84799999999996	0	0
4.46099999999933	0.319999999999993	4.78099999999995	0	0
4.4369999999999	0.331999999999994	4.76999999999953	0	0
4.52199999999993	0.390999999999963	4.91399999999976	0	0
4.38400000000001	0.25	4.70499999999993	0	0
4.46900000000005	0.348000000000013	4.8159999999998	0	0
4.41800000000057	0.343999999999994	4.76199999999972	0	0
4.55799999999999	0.591000000000008	5.05299999999988	0	0
4.59000000000015	0.569999999999993	4.97599999999966	0	0
4.47199999999975	0.372000000000014	4.93199999999979	0	0
4.52199999999993	0.262999999999977	4.79399999999987	0	0
4.46699999999964	0.331999999999994	4.79699999999957	0	0
4.51299999999992	0.319000000000017	4.83300000000054	0	0
4.78300000000036	0.59499999999997	5.1840000000002	0	0
4.4369999999999	0.350999999999999	4.79799999999977	0	0
4.49300000000039	0.407999999999959	4.90200000000004	0	0
4.44100000000071	0.355999999999995	4.79700000000048	0	0
4.49100000000089	0.350999999999999	4.84200000000055	0	0
4.57299999999941	0.319999999999993	5.48999999999978	0	0
4.60000000000036	0.34699999999998	5.00300000000061	0	0
4.82800000000043	0.396000000000015	5.22400000000016	0	0
4.30100000000039	0.339999999999975	4.63599999999951	0	0
4.61699999999928	0.961999999999989	5.36799999999948	0	0
4.71699999999964	1.21699999999998	5.69599999999991	0	0
4.82400000000052	1.50300000000004	6.17999999999938	0	0
4.73700000000008	0.963999999999999	5.51299999999992	0	0
4.38900000000012	0.314000000000021	4.79500000000007	0	0
4.33500000000004	0.776999999999987	5.27700000000004	0	0
5.53200000000015	2.05799999999999	6.80299999999988	0	0
4.81099999999969	1.20600000000002	5.72000000000025	0	0
4.71500000000015	1.13200000000001	5.59000000000015	0	0
4.74600000000009	1.28499999999997	5.72000000000025	0	0
4.8149999999996	1.22800000000001	5.73500000000058	0	0
5.02999999999975	1.262	6.0019999999995	0	0
4.29299999999967	0.360000000000014	4.65399999999954	0	0
4.31500000000051	0.338999999999999	4.66200000000026	0	0
4.28099999999995	0.322999999999979	4.60400000000027	0	0
4.35599999999977	0.295000000000016	4.65099999999984	0	0
4.34200000000055	0.34899999999999	4.79699999999957	0	0
4.39000000000033	0.33099999999996	4.79799999999977	0	0
4.51299999999992	0.340000000000032	5.00800000000072	0	0
4.76699999999983	0.450999999999965	5.26199999999972	0	0
4.80299999999988	0.538000000000011	5.28900000000067	0	0
4.46000000000004	0.327999999999975	4.79100000000017	0	0
4.39599999999973	0.364000000000033	4.75900000000001	0	0
4.49399999999969	0.32000000000005	4.8149999999996	0	0
4.51500000000033	0.38900000000001	4.90400000000045	0	0
4.50500000000011	0.300000000000068	4.80500000000029	0	0
4.41499999999996	0.363999999999919	4.77900000000045	0	0
4.47899999999936	0.580000000000041	5.00799999999981	0	0
4.50099999999929	0.404999999999973	4.87900000000081	0	0
4.48300000000017	0.567000000000007	4.90899999999965	0	0
4.46900000000005	0.41599999999994	4.88400000000001	0	0
4.47099999999955	0.305999999999926	4.68099999999959	0	0
4.52099999999973	0.500999999999976	4.94999999999982	0	0
4.41700000000037	0.413999999999987	4.67099999999937	0	0
4.3070000000007	0.491999999999962	4.43900000000031	0	0
4.86399999999958	0.894999999999982	5.05099999999948	0	0
4.99499999999989	1.37699999999995	5.3119999999999	0	0
4.97299999999996	1.553	5.29699999999957	0	0
4.48899999999958	0.52900000000011	4.8760000000002	0	0
4.72500000000036	0.816000000000031	5.08800000000065	0	0
5.35399999999936	2.68499999999995	6.27300000000014	0	0
4.63599999999951	0.626999999999953	4.94700000000012	0	0
4.80199999999968	0.683999999999969	5.16100000000006	0	0
4.49600000000009	0.596000000000004	4.49299999999948	0	0
4.57400000000052	0.814999999999941	4.92200000000048	0	0
4.85400000000027	1.63199999999995	5.34099999999944	0	0
4.64999999999964	0.328999999999951	4.56899999999951	0	0
5.21300000000065	1.38299999999992	5.43599999999969	0	0
4.61599999999999	0.551999999999907	4.71199999999953	0	0
5.93199999999979	2.59199999999998	6.1869999999999	0	0
4.69599999999991	1	4.91499999999996	0	0
4.92299999999977	1.56999999999994	5.25699999999961	0	0
4.68900000000031	0.736999999999966	4.77100000000064	0	0
4.95499999999993	1.68099999999993	5.2510000000002	0	0
4.69300000000021	0.725000000000023	4.9970000000003	0	0
5.59299999999985	2.59499999999991	6.375	0	0
4.79500000000007	0.645999999999958	5.11099999999988	0	0
6.04799999999977	3.23900000000003	6.94700000000012	0	0
4.7489999999998	0.530999999999949	4.91399999999976	0	0
4.57600000000002	0.494000000000028	4.70300000000043	0	0
4.4409999999998	0.458999999999946	4.55500000000029	0	0
4.36199999999917	0.624000000000024	4.68399999999929	0	0
4.92500000000018	1.34400000000005	5.34300000000076	0	0
4.35899999999947	0.417999999999893	4.47099999999955	0	0
4.73300000000017	1.13	5.02499999999964	0	0
4.50500000000011	0.375999999999976	4.58899999999994	0	0
4.85300000000007	1.20799999999997	5.04299999999967	0	0
4.97699999999986	1.35400000000004	5.14499999999953	0	0
4.57200000000012	0.63900000000001	4.74600000000009	0	0
4.36500000000069	0.490000000000009	4.85899999999947	0	0
4.66399999999976	0.615000000000009	4.76000000000022	0	0
5.00699999999961	1.58800000000008	5.27600000000075	0	0
4.51399999999921	0.604000000000042	4.8149999999996	0	0
4.72500000000036	1.33799999999997	5.0659999999998	0	0
4.47500000000036	0.689000000000078	4.67100000000028	0	0
4.67200000000048	0.565999999999917	4.84499999999935	0	0
4.68900000000031	1.096	4.9940000000006	0	0
4.75600000000031	0.91599999999994	4.90899999999965	0	0
4.72599999999966	0.802999999999997	4.77900000000045	0	0
4.73900000000049	0.914000000000101	4.8769999999995	0	0
4.86899999999969	1.14499999999998	5.14400000000023	0	0
4.38500000000022	0.241999999999962	4.48300000000017	0	0
4.44899999999961	0.649999999999977	4.69900000000052	0	0
4.92100000000028	1.08999999999992	5.11000000000058	0	0
5.48800000000028	0.728000000000065	5.51400000000012	0	0
4.67399999999998	0.61200000000008	5.13799999999992	0	0
4.47900000000027	0.196000000000026	4.4409999999998	0	0
5.39599999999973	2.13299999999992	5.73199999999997	0	0
4.60599999999977	0.778999999999996	4.62700000000041	0	0
4.45600000000013	0.216999999999985	4.47900000000027	0	0
4.74600000000009	1.24000000000001	4.9340000000002	0	0
4.57499999999982	0.903999999999996	4.79100000000017	0	0
4.51800000000003	0.444999999999936	4.57600000000002	0	0
4.7549999999992	0.683999999999969	4.86599999999999	0	0
4.27900000000045	0.233999999999924	4.40999999999985	0	0
5.82400000000052	2.55700000000002	6.04699999999957	0	0
4.95499999999993	1.19100000000003	5.34000000000015	0	0
4.74600000000009	1.08699999999999	4.92599999999948	0	0
4.79299999999967	0.7650000000001	4.98599999999988	0	0
4.60799999999927	0.452999999999975	4.60199999999986	0	0
4.78099999999995	0.80499999999995	4.95100000000002	0	0
4.91200000000026	1.27800000000002	5.10199999999986	0	0
4.85699999999997	0.846000000000004	4.90700000000015	0	0
4.71500000000015	0.634999999999991	4.89800000000014	0	0
4.26400000000012	0.33400000000006	4.55400000000009	0	0
4.70299999999952	0.509000000000015	4.73599999999988	0	0
4.61200000000008	0.380999999999972	4.7440000000006	0	0
4.74499999999989	0.67999999999995	5.01699999999983	0	0
4.40999999999985	0.497000000000071	4.54299999999967	0	0
4.36700000000019	0.418000000000006	4.62100000000009	0	0
4.9970000000003	1.73199999999997	5.31999999999971	0	0
5.67500000000018	2.78899999999999	6.14699999999993	0	0
4.61700000000019	0.625	4.80299999999988	0	0
4.55300000000079	1.01599999999996	4.98199999999997	0	0
5.13200000000052	1.58699999999999	5.59999999999945	0	0
4.77900000000045	0.964000000000055	4.90999999999985	0	0
4.6309999999994	0.500999999999976	4.60699999999997	0	0
4.44799999999941	0.230000000000018	4.35800000000017	0	0
4.33200000000033	0.391999999999939	4.5679999999993	0	0
4.4989999999998	0.938999999999965	4.68799999999919	0	0
4.98499999999967	1.26699999999994	5.28200000000015	0	0
4.66599999999926	0.701999999999998	4.67199999999957	0	0
4.38200000000052	0.360000000000014	4.36099999999988	0	0
4.5600000000004	0.540000000000077	4.67799999999988	0	0
4.33200000000033	0.244000000000028	4.3760000000002	0	0
4.60699999999997	0.923000000000002	4.92699999999968	0	0
4.3110000000006	0.344999999999914	4.79100000000017	0	0
4.28400000000056	0.143000000000029	4.2489999999998	0	0
4.86399999999958	1.33399999999995	5.14699999999993	0	0
5.29599999999937	0.388000000000034	5.20600000000013	0	0
4.65700000000015	0.206999999999994	4.89199999999983	0	0
5.15700000000015	2.27600000000007	5.86300000000028	0	0
4.66700000000037	0.769000000000005	4.92299999999977	0	0
4.55000000000018	0.631999999999948	4.84500000000025	0	0
4.52999999999975	0.601999999999975	4.74399999999969	0	0
4.22500000000036	0.291000000000054	4.25099999999929	0	0
4.60000000000036	0.263000000000034	4.5029999999997	0	0
4.67100000000028	0.455000000000041	5.03700000000026	0	0
4.53499999999985	0.215000000000032	4.42900000000009	0	0
5.26499999999942	1.05000000000007	5.47400000000016	0	0
4.86899999999969	0.926999999999907	5.1860000000006	0	0
5.65999999999985	2.69099999999992	5.99200000000019	0	0
4.68000000000029	0.268000000000029	4.63599999999951	0	0
4.80899999999929	0.309999999999945	4.71199999999953	0	0
4.78200000000015	0.886000000000081	4.88400000000001	0	0
4.26099999999951	0.300000000000068	4.45400000000063	0	0
4.34199999999964	0.483000000000061	4.59299999999985	0	0
4.77599999999984	1.14300000000003	5.14900000000034	0	0
4.41099999999915	0.451999999999998	4.49699999999939	0	0
5.09400000000005	1.64800000000002	5.52100000000064	0	0
4.81700000000001	0.607999999999947	4.83399999999983	0	0
5.08100000000013	0.717999999999961	5.35599999999977	0	0
4.76000000000022	0.865000000000009	4.79300000000057	0	0
4.48199999999997	0.870000000000005	4.64800000000014	0	0
4.86099999999988	1.11300000000006	5.01200000000063	0	0
4.84200000000055	1.54100000000005	5.30999999999949	0	0
5.23599999999988	1.75199999999995	5.50600000000031	0	0
4.78799999999956	1.19200000000001	5.01000000000022	0	0
4.40599999999995	0.230000000000018	4.35300000000007	0	0
4.89800000000014	0.283000000000015	4.79200000000037	0	0
4.67000000000007	0.524999999999977	4.76899999999932	0	0
4.47199999999975	0.257999999999925	4.48599999999988	0	0
4.17699999999968	0.145000000000095	4.20800000000054	0	0
4.30999999999949	0.163999999999987	4.31099999999969	0	0
4.41799999999967	0.175000000000068	4.32500000000073	0	0
4.58500000000004	0.520000000000095	4.63300000000072	0	0
4.57500000000073	0.73599999999999	4.71900000000005	0	0
4.36800000000039	0.340000000000032	4.79599999999937	0	0
4.76099999999951	0.88900000000001	5.01600000000053	0	0
4.68700000000081	0.688999999999965	4.80000000000018	0	0
4.49299999999948	0.47199999999998	4.74600000000009	0	0
4.69400000000041	0.26400000000001	4.71100000000024	0	0
4.62100000000009	0.503000000000043	4.7510000000002	0	0
4.60900000000038	0.947000000000003	5.05999999999949	0	0
4.84299999999985	1.38400000000001	5.41399999999976	0	0
4.82299999999941	0.916000000000054	5.24199999999928	0	0
4.76699999999983	1.27300000000002	5.13900000000012	0	0
4.67599999999948	0.719999999999914	4.92699999999968	0	0
4.57999999999993	0.576000000000022	4.88499999999931	0	0
4.58300000000054	0.355999999999995	4.79799999999977	0	0
4.46999999999935	0.404999999999973	4.52199999999993	0	0
4.84299999999985	0.650999999999954	5.13199999999961	0	0
4.88900000000012	0.694999999999936	5.03899999999976	0	0
4.49200000000019	0.422000000000025	4.57399999999961	0	0
5	1.46699999999998	5.24600000000009	0	0
5.34200000000055	2.08899999999994	5.57300000000032	0	0
5.63900000000012	2.60300000000007	6.26000000000022	0	0
4.88699999999972	1.26300000000003	5.34000000000015	0	0
4.85000000000036	1.17400000000009	5.02600000000075	0	0
5.04799999999977	2.19000000000005	5.53200000000015	0	0
4.97299999999996	1.20800000000008	5.26899999999932	0	0
4.57899999999972	0.822999999999979	4.80899999999929	0	0
4.75500000000011	0.773000000000025	4.90000000000055	0	0
4.72999999999956	0.992999999999938	4.92399999999998	0	0
4.72900000000027	0.954000000000065	5.09500000000025	0	0
4.31700000000001	0.441000000000031	4.64499999999953	0	0
4.72499999999945	0.278999999999996	4.72599999999966	0	0
4.63899999999921	0.760999999999967	5.09299999999985	0	0
4.85800000000017	1.29999999999995	5.04600000000028	0	0
4.42299999999977	0.429000000000087	4.69399999999951	0	0
5.06700000000001	1.18299999999999	5.50700000000052	0	0
4.70799999999963	0.93100000000004	5.03099999999995	0	0
4.44900000000052	0.632999999999925	4.77499999999964	0	0
4.73400000000038	0.987999999999943	4.83900000000085	0	0
4.67600000000039	0.598999999999933	5.08899999999994	0	0
4.28299999999945	0.214999999999918	4.27499999999964	0	0
4.40700000000015	0.371000000000095	4.4980000000005	0	0
4.38100000000031	0.252000000000066	4.38200000000052	0	0
4.8149999999996	1.29700000000003	5.04799999999977	0	0
5.40400000000045	1.32000000000005	5.63100000000031	0	0
4.54299999999967	0.614000000000033	4.70300000000043	0	0
4.80099999999948	0.649000000000001	4.82499999999982	0	0
4.52700000000004	0.558999999999969	4.58399999999983	0	0
5.39199999999983	2.24699999999996	6.03899999999976	0	0
4.60199999999986	0.453999999999951	4.71100000000024	0	0
4.68499999999949	0.857000000000085	4.89499999999953	0	0
4.32799999999952	0.461999999999989	4.45200000000023	0	0
4.66200000000026	0.674999999999955	4.82700000000023	0	0
4.41100000000006	0.333999999999946	4.50900000000001	0	0
5.29700000000048	0.855000000000018	5.86000000000058	0	0
4.89900000000034	1.09199999999998	5.16800000000057	0	0
4.65700000000015	0.610000000000014	4.88599999999951	0	0
4.96900000000005	1.23700000000008	5.27899999999954	0	0
4.89700000000084	1.32600000000002	5.42699999999968	0	0
4.39800000000014	0.299999999999955	4.42699999999968	0	0
4.52400000000034	0.971000000000004	4.73899999999958	0	0
5.28200000000015	1.81399999999996	5.85999999999967	0	0
4.51200000000063	0.739000000000033	4.73999999999978	0	0
4.34399999999914	0.5	4.51100000000042	0	0
4.59900000000016	0.702999999999975	4.70700000000033	0	0
4.23999999999978	0.302999999999997	4.32399999999961	0	0
4.75999999999931	0.737999999999943	5.06800000000021	0	0
4.53399999999965	0.456000000000017	4.89200000000073	0	0
4.69999999999982	0.538000000000011	4.97299999999996	0	0
4.54399999999987	0.525999999999954	4.77999999999975	0	0
4.65299999999934	0.83400000000006	4.79299999999967	0	0
4.58500000000004	0.233000000000061	4.65100000000075	0	0
4.99600000000009	1.29599999999994	5.24099999999999	0	0
4.51599999999962	0.230999999999995	4.41499999999996	0	0
4.25	0.139999999999986	4.22199999999975	0	0
4.65300000000025	0.720000000000027	4.85900000000038	0	0
4.75699999999961	1.19399999999996	5.11799999999948	0	0
5.04299999999967	0.993000000000052	5.27999999999975	0	0
4.55599999999959	0.311000000000035	4.83700000000044	0	0
4.79399999999987	1.01700000000005	5.22500000000036	0	0
4.71200000000044	0.783000000000015	4.81700000000001	0	0
4.45399999999972	0.206999999999994	4.6220000000003	0	0
4.78000000000065	1.03100000000006	5.26599999999962	0	0
5.07800000000043	2.00400000000002	5.78700000000026	0	0
4.30799999999999	0.537999999999897	4.45499999999993	0	0
4.99099999999999	1.63199999999995	5.22900000000027	0	0
4.90000000000055	1.32900000000006	5.1239999999998	0	0
4.89300000000003	1.39400000000001	4.97000000000025	0	0
4.75500000000011	0.603999999999928	4.77100000000064	0	0
4.76499999999942	0.762000000000057	4.9429999999993	0	0
5.48199999999997	1.971	5.85800000000017	0	0
4.45100000000002	0.414999999999964	4.47500000000036	0	0
4.59200000000055	0.630999999999972	4.93599999999969	0	0
4.59499999999935	0.498000000000047	4.67000000000007	0	0
4.5630000000001	0.702999999999975	4.76399999999921	0	0
4.33599999999933	0.301000000000045	4.42399999999907	0	0
4.51700000000073	0.290000000000077	4.61100000000079	0	0
4.64199999999983	0.609000000000037	4.72400000000016	0	0
4.73499999999967	1.00900000000001	4.86599999999999	0	0
5.52500000000055	1.28499999999997	5.82500000000073	0	0
4.60800000000017	0.38900000000001	4.56900000000132	0	0
4.81800000000021	1.28300000000002	5.02100000000064	0	0
4.60199999999986	0.231000000000108	4.47400000000016	0	0
5.00500000000011	1.30700000000002	5.21600000000035	0	0
5.86999999999989	3.18600000000004	6.45800000000054	0	0
4.40099999999984	0.692000000000007	4.63299999999981	0	0
4.32600000000002	0.230000000000018	4.30000000000109	0	0
4.45399999999972	0.63900000000001	4.59300000000076	0	0
5.57000000000062	1.95400000000006	5.96600000000035	0	0
4.59500000000025	0.525999999999954	4.8130000000001	0	0
4.48800000000028	0.894000000000005	4.628999999999	0	0
4.58899999999994	1.04900000000009	4.84900000000016	0	0
4.72899999999936	0.858000000000061	5.08200000000033	0	0
4.57500000000073	0.627000000000066	4.90400000000045	0	0
4.65500000000065	0.591999999999985	4.74799999999959	0	0
4.63400000000001	0.615999999999985	4.71600000000035	0	0
4.71599999999944	0.739000000000033	4.93599999999969	0	0
4.25900000000001	0.383000000000038	4.48700000000099	0	0
4.68299999999999	0.503999999999905	4.71999999999935	0	0
4.92600000000039	0.899000000000001	5.18799999999828	0	0
5.04599999999937	0.308999999999969	5.12800000000061	0	0
4.82399999999961	1.11299999999994	5.16699999999946	0	0
4.45499999999993	0.384000000000015	4.59500000000116	0	0
4.56299999999919	0.264999999999986	4.5049999999992	0	0
4.97900000000027	1.35599999999999	5.23799999999937	0	0
4.49200000000019	0.371999999999957	4.53700000000026	0	0
4.77700000000004	1.09199999999998	4.95099999999911	0	0
4.75799999999981	1.053	5.09900000000016	0	0
4.44499999999971	0.194999999999936	4.34199999999873	0	0
4.72299999999996	0.940000000000055	4.9380000000001	0	0
4.57200000000012	0.562000000000012	4.92399999999907	0	0
4.64599999999973	0.893999999999892	4.75300000000061	0	0
4.63200000000052	0.865999999999985	4.78399999999965	0	0
4.83799999999974	1.06200000000001	5.20900000000074	0	0
4.57200000000012	0.449999999999932	4.67300000000068	0	0
4.40300000000025	0.474000000000046	4.75900000000001	0	0
4.79200000000037	0.775999999999954	5.01300000000083	0	0
4.30299999999988	0.405999999999949	4.81400000000031	0	0
4.57200000000012	0.553999999999974	4.69100000000071	0	0
5.13699999999972	0.220000000000027	5.38899999999921	0	0
4.50300000000061	0.456999999999994	4.69100000000071	0	0
4.78800000000047	1.16500000000008	5.11299999999937	0	0
5.28800000000047	0.994000000000028	5.53400000000147	0	0
5.22700000000077	1.52200000000005	5.48400000000038	0	0
4.78499999999985	1.24699999999996	5.10000000000036	0	0
4.503999999999	0.571000000000026	4.95399999999972	0	0
4.54099999999926	0.226999999999975	4.4419999999991	0	0
5.33100000000013	1.46900000000005	5.5059999999994	0	0
4.84000000000015	0.555999999999926	4.90200000000004	0	0
4.84100000000035	1.11500000000001	5.24499999999898	0	0
4.58799999999974	0.769999999999982	4.89500000000044	0	0
4.57800000000134	0.357999999999947	4.64099999999962	0	0
4.44700000000012	0.693000000000097	4.75799999999981	0	0
5.13199999999961	1.56200000000001	5.33500000000095	0	0
4.5059999999994	0.205000000000041	4.4429999999993	0	0
4.72299999999996	1.10199999999998	4.95800000000054	0	0
6.51800000000003	4.20799999999997	7.55000000000109	0	0
4.97400000000016	1.14199999999994	5.16899999999987	0	0
4.46100000000115	0.492000000000075	4.76100000000042	0	0
4.46800000000076	0.372999999999934	4.67399999999907	0	0
4.47999999999956	0.682000000000016	4.63400000000001	0	0
5.48699999999917	2.16300000000001	6.05199999999968	0	0
5.01100000000042	1.32299999999998	5.39700000000084	0	0
4.41200000000026	0.237999999999943	4.38500000000022	0	0
4.46799999999894	0.466999999999985	4.66600000000108	0	0
4.78399999999965	0.894999999999982	5.32099999999991	0	0
4.28199999999924	0.267999999999915	4.29999999999927	0	0
4.5049999999992	0.591999999999985	4.67199999999866	0	0
4.61599999999999	0.615999999999985	4.85199999999895	0	0
4.71800000000076	1.14599999999996	4.95399999999972	0	0
4.33300000000054	0.275000000000091	4.35099999999875	0	0
4.30999999999949	0.505000000000109	4.36499999999978	0	0
5.58599999999933	0.997000000000071	5.66400000000067	0	0
5.04799999999886	1.64699999999993	5.29000000000087	0	0
5.1260000000002	1.99500000000012	5.87199999999939	0	0
5.38700000000063	2.01099999999997	5.76100000000042	0	0
4.45000000000073	0.213999999999942	4.48699999999917	0	0
5.38900000000103	2.05999999999995	5.76499999999942	0	0
4.69200000000092	1.0780000000002	4.91699999999946	0	0
4.49200000000019	0.775000000000091	4.63900000000103	0	0
4.82799999999952	0.940999999999804	4.93100000000049	0	0
4.54999999999927	0.641000000000076	4.69599999999991	0	0
4.6299999999992	1.18499999999995	5.16100000000006	0	0
4.64200000000164	0.477999999999838	4.82300000000032	0	0
4.59200000000055	0.662000000000035	4.71500000000015	0	0
4.45099999999911	0.30600000000004	4.73400000000038	0	0
4.89899999999943	1.26200000000017	5.36000000000058	0	0
5.19900000000052	0.591000000000122	5.58399999999892	0	0
5.30000000000109	1.73199999999997	5.54000000000087	0	0
4.52099999999882	0.801999999999907	4.97400000000016	0	0
4.32200000000012	0.217999999999847	4.41800000000148	0	0
4.47299999999996	0.586000000000013	4.6929999999993	0	0
5.31400000000031	0.509999999999991	5.57200000000012	0	0
4.45800000000054	0.439999999999827	4.58499999999913	0	0
4.65600000000086	0.777000000000044	5.14699999999903	0	0
4.38899999999921	0.315999999999804	4.58400000000074	0	0
4.67000000000007	0.298000000000002	4.65299999999843	0	0
4.79500000000007	0.573999999999842	4.92699999999968	0	0
4.82300000000032	0.692999999999984	4.9260000000013	0	0
5.40599999999904	1.41799999999989	5.5669999999991	0	0
4.71999999999935	0.608999999999924	4.8739999999998	0	0
4.72500000000036	1.09099999999989	5.03000000000065	0	0
4.97799999999916	1.38100000000009	5.27299999999923	0	0
5.37900000000081	0.442000000000007	5.33899999999994	0	0
5.1299999999992	1.32900000000018	5.30899999999929	0	0
4.29900000000089	0.509000000000015	4.38299999999981	0	0
5.04399999999987	1.16099999999983	5.19499999999971	0	0
4.74799999999959	0.829000000000178	4.96200000000135	0	0
5.25200000000041	2.11200000000008	5.56499999999869	0	0
4.71100000000115	1.09799999999996	5.18599999999969	0	0
4.6309999999994	0.93100000000004	5.14799999999923	0	0
4.7450000000008	1.25299999999993	5.22299999999996	0	0
4.95000000000073	0.780999999999949	5.05799999999908	0	0
4.63300000000163	0.375	4.83899999999994	0	0
4.39099999999962	0.474999999999909	4.41599999999926	0	0
4.79099999999926	0.872000000000071	4.96899999999914	0	0
4.56900000000132	0.884999999999991	4.80699999999888	0	0
4.83899999999994	1.2650000000001	5.37599999999838	0	0
5.29999999999927	0.446999999999889	5.33400000000074	0	0
4.3010000000013	0.255000000000109	4.23700000000099	0	0
4.71399999999994	1.33300000000008	4.84000000000015	0	0
5.0679999999993	1.92999999999984	5.55099999999948	0	0
4.57500000000073	0.776000000000067	4.73700000000099	0	0
6.1979999999985	0.867999999999938	6.371000000001	0	0
4.45000000000073	0.191000000000031	4.60000000000036	0	0
4.56400000000031	0.413999999999987	4.69399999999951	0	0
5.26499999999942	0.456000000000131	5.40499999999884	0	0
4.57400000000052	0.720000000000027	4.59399999999914	0	0
4.43599999999969	0.541999999999916	4.49599999999919	0	0
4.72400000000016	1.13800000000015	5.10100000000057	0	0
4.68000000000029	0.672000000000025	4.9989999999998	0	0
5.27599999999984	0.626999999999953	5.40300000000025	0	0
4.54399999999987	0.317000000000007	4.46600000000035	0	0
4.51900000000023	0.41599999999994	4.51200000000063	0	0
4.71299999999974	0.781999999999925	4.84699999999975	0	0
4.96800000000076	1.47499999999991	5.43900000000031	0	0
5.21600000000035	0.220000000000027	5.35800000000017	0	0
4.8119999999999	1.20000000000005	4.94900000000052	0	0
4.70600000000013	0.583999999999833	4.9320000000007	0	0
5.68499999999949	2.44899999999984	5.8179999999993	0	0
4.36800000000039	0.536000000000058	4.64300000000003	0	0
4.99300000000039	1.47499999999991	5.52100000000064	0	0
4.53600000000006	0.524999999999864	4.76399999999921	0	0
4.77900000000045	1.50300000000016	5.16899999999987	0	0
4.8239999999987	1.02100000000019	5.24700000000121	0	0
4.54600000000028	0.652000000000044	4.88400000000001	0	0
5.43499999999949	0.873000000000047	5.52300000000105	0	0
4.46799999999894	0.284000000000106	4.60599999999977	0	0
4.80899999999929	1.07200000000012	5.13900000000103	0	0
4.54899999999907	0.741999999999962	4.65399999999863	0	0
4.24099999999999	0.2349999999999	4.17699999999968	0	0
4.60699999999997	1.28800000000001	4.84099999999853	0	0
4.63799999999901	0.942000000000007	4.91400000000067	0	0
4.63899999999921	0.644999999999982	4.80299999999988	0	0
4.57800000000134	1.03999999999996	4.8760000000002	0	0
4.9419999999991	1.64699999999993	5.41699999999946	0	0
5.22600000000057	1.49599999999987	5.628999999999	0	0
4.38800000000083	0.297000000000025	4.40999999999985	0	0
4.54800000000068	0.68100000000004	4.70199999999932	0	0
4.23300000000017	0.391000000000076	4.33799999999974	0	0
5.44999999999891	1.05000000000018	5.62799999999879	0	0
5.60699999999997	2.5440000000001	5.84299999999894	0	0
4.60699999999997	0.61200000000008	4.86399999999958	0	0
4.73400000000038	1.19200000000001	5.20700000000033	0	0
4.61899999999878	0.973999999999933	4.73999999999978	0	0
4.71400000000176	1.30600000000004	4.98300000000017	0	0
4.36499999999978	0.423999999999978	4.60100000000057	0	0
5.39800000000105	1.02099999999996	5.55500000000029	0	0
4.496000000001	0.475000000000136	4.74299999999857	0	0
4.33100000000013	0.624000000000024	4.60100000000057	0	0
4.43900000000031	0.394999999999982	4.69900000000052	0	0
4.5049999999992	0.45900000000006	4.51499999999942	0	0
4.6239999999998	0.581000000000131	4.7489999999998	0	0
4.54700000000048	0.652000000000044	4.68999999999869	0	0
4.71199999999953	0.848999999999933	5.03800000000047	0	0
4.2510000000002	0.25	4.45199999999932	0	0
4.4260000000013	0.522999999999911	4.62299999999959	0	0
4.89199999999983	1.11900000000014	4.95399999999972	0	0
4.20699999999852	0.202999999999975	4.14400000000023	0	0
4.40099999999984	0.503999999999905	4.59099999999853	0	0
5.00699999999961	0.836000000000013	5.11200000000099	0	0
5.80599999999868	0.429000000000087	6.08200000000033	0	0
5.23399999999856	1.67999999999984	5.34499999999935	0	0
4.78900000000067	1.24799999999982	4.95399999999972	0	0
4.88299999999981	1.35500000000002	5.39100000000144	0	0
5.38199999999961	2.04900000000021	5.80400000000009	0	0
5.1880000000001	1.36200000000008	5.77300000000105	0	0
4.70300000000134	0.259000000000015	4.65200000000004	0	0
5.79300000000148	2.63800000000015	5.93099999999868	0	0
4.65200000000004	0.663000000000011	4.86700000000019	0	0
4.58399999999892	0.191000000000031	4.51699999999983	0	0
5.04400000000169	1.35200000000009	5.27199999999903	0	0
5.08600000000115	1.05899999999997	5.28000000000065	0	0
4.72099999999955	0.258000000000038	4.64799999999923	0	0
4.65599999999904	0.880000000000109	4.71800000000076	0	0
5.56600000000071	2.60699999999997	6.11599999999999	0	0
4.82999999999993	1.2170000000001	5.03600000000006	0	0
4.71399999999994	0.62700000000018	4.92199999999866	0	0
4.29700000000048	0.2349999999999	4.29199999999946	0	0
5.46799999999894	0.751999999999953	5.56400000000031	0	0
4.86000000000058	1.29600000000005	5.13100000000122	0	0
4.27700000000004	0.277999999999793	4.34100000000035	0	0
4.61800000000039	0.663000000000011	4.65500000000065	0	0
4.65200000000004	0.587999999999965	4.6989999999987	0	0
4.75799999999981	0.878000000000156	4.84900000000016	0	0
4.5049999999992	0.226999999999862	4.40499999999884	0	0
5.49099999999999	0.742999999999938	5.71799999999894	0	0
4.57999999999993	0.283000000000129	4.48700000000099	0	0
4.49699999999939	0.192000000000007	4.41300000000047	0	0
4.70900000000074	0.881999999999834	5.21099999999933	0	0
4.65799999999945	0.865999999999985	4.95299999999952	0	0
5.42799999999988	0.538000000000011	5.5010000000002	0	0
4.73500000000058	0.627999999999929	4.81599999999889	0	0
5.05299999999988	1.23299999999995	5.27200000000084	0	0
5.56899999999951	1.08400000000006	6.00200000000041	0	0
4.81500000000051	1.62699999999995	5.12700000000041	0	0
4.6190000000006	0.687999999999874	4.6869999999999	0	0
4.55600000000049	0.821999999999889	4.91899999999987	0	0
5.07400000000052	1.17599999999993	5.20000000000073	0	0
5.16299999999865	2.03899999999999	5.73999999999978	0	0
4.57400000000052	0.787000000000035	5.03800000000047	0	0
4.57899999999972	0.52800000000002	4.87099999999919	0	0
4.82899999999972	1.03199999999993	5.0010000000002	0	0
4.73000000000138	0.373000000000047	4.6880000000001	0	0
4.93900000000031	1.09700000000021	5.18099999999868	0	0
5.375	0.299999999999955	5.30900000000111	0	0
5.16200000000026	1.75800000000004	5.68900000000031	0	0
4.43399999999929	0.500999999999976	4.53199999999924	0	0
4.58600000000115	0.634000000000015	4.62300000000141	0	0
4.40799999999945	0.237999999999829	4.36000000000058	0	0
5.21299999999974	0.174999999999955	5.11199999999917	0	0
4.53199999999924	0.878000000000156	4.71399999999994	0	0
4.66400000000067	1.1110000000001	4.96200000000135	0	0
5.04799999999886	1.69699999999989	5.49599999999919	0	0
4.98499999999876	1.10699999999997	5.1349999999984	0	0
5.62900000000081	1.22700000000009	6.13000000000102	0	0
4.52100000000064	0.246000000000095	4.50200000000041	0	0
4.73999999999978	0.347000000000207	4.7559999999994	0	0
4.51500000000124	0.286000000000058	4.60499999999956	0	0
4.59499999999935	0.548000000000002	4.74799999999959	0	0
5.35499999999956	0.658999999999878	5.63199999999961	0	0
5.07000000000153	1.5780000000002	5.33100000000013	0	0
4.87900000000081	1.38200000000006	5.09999999999854	0	0
4.9330000000009	1.04399999999987	5.25799999999981	0	0
4.89400000000023	0.661000000000058	5	0	0
6.15899999999965	0.635999999999967	6.21000000000095	0	0
5.35599999999977	2.53500000000008	6.34900000000016	0	0
5.59100000000035	2.83400000000006	6.32100000000173	0	0
4.49799999999959	0.538000000000011	4.89599999999882	0	0
4.36800000000039	0.399000000000115	4.79399999999987	0	0
5.4940000000006	0.825000000000045	5.57400000000052	0	0
5.48699999999917	2.42399999999998	6.46500000000015	0	0
4.57200000000012	0.546000000000049	4.59399999999914	0	0
4.44499999999971	0.670000000000073	4.65300000000025	0	0
4.53199999999924	0.244999999999891	4.47999999999956	0	0
5.77400000000125	1.33400000000006	6.09599999999955	0	0
4.72900000000118	1.01300000000015	5.20000000000073	0	0
4.58799999999974	0.331000000000131	4.53900000000067	0	0
4.5739999999987	0.307000000000016	4.55299999999988	0	0
4.33900000000176	0.942999999999984	4.55500000000029	0	0
5.34000000000015	0.62700000000018	5.53999999999905	0	0
5.43000000000029	1.83899999999994	5.55799999999908	0	0
4.56400000000031	0.260999999999967	4.55099999999948	0	0
5.56500000000051	1.54600000000005	5.96000000000095	0	0
4.42100000000028	0.238999999999805	4.46299999999974	0	0
5.24599999999919	1.90599999999995	5.58500000000095	0	0
4.6880000000001	0.930000000000064	5.06399999999849	0	0
5.45300000000134	1.60199999999986	5.88299999999981	0	0
5.05699999999888	0.245999999999867	5.2489999999998	0	0
4.40099999999984	0.269000000000005	4.33100000000013	0	0
4.78499999999985	0.753999999999905	4.97800000000097	0	0
5.50200000000041	0.835000000000036	5.89499999999862	0	0
4.8700000000008	1.08699999999999	5.1309999999994	0	0
4.59400000000096	0.749000000000024	4.81900000000132	0	0
5.47099999999955	2.70999999999981	6.09099999999853	0	0
4.5059999999994	0.251999999999953	4.45800000000054	0	0
4.71899999999914	0.952999999999975	4.87200000000121	0	0
4.85000000000036	0.753999999999905	4.95499999999993	0	0
4.55099999999948	0.505000000000109	4.71399999999994	0	0
5.22299999999996	0.238000000000056	5.34100000000035	0	0
4.61200000000099	0.546000000000049	4.94499999999971	0	0
4.30799999999908	0.259999999999991	4.58199999999852	0	0
4.41700000000128	0.463000000000193	4.59599999999955	0	0
4.6869999999999	0.576999999999998	4.82300000000032	0	0
5.25400000000081	0.298999999999978	5.13999999999942	0	0
5.31399999999849	2.13499999999999	5.73799999999937	0	0
4.8130000000001	1.75800000000004	5.29099999999926	0	0
4.75900000000001	1.02099999999996	5.08499999999913	0	0
4.74199999999837	0.857999999999947	4.83500000000095	0	0
6.55899999999929	2.40699999999993	6.7510000000002	0	0
4.60000000000036	0.582000000000107	4.71099999999933	0	0
4.53600000000006	0.434999999999945	4.78399999999965	0	0
4.29700000000048	0.649999999999864	4.52900000000045	0	0
4.30199999999968	0.474999999999909	4.52600000000166	0	0
5.07499999999891	2.24700000000007	5.49199999999837	0	0
4.51800000000003	0.723999999999933	4.60599999999977	0	0
4.5580000000009	0.616999999999962	4.66199999999844	0	0
4.26699999999983	0.413000000000011	5.04700000000048	0	0
4.82099999999991	0.974999999999909	5.08499999999913	0	0
4.70199999999932	0.506000000000085	4.8739999999998	0	0
4.72700000000077	0.701000000000022	4.85599999999977	0	0
5.29099999999926	2.11900000000014	5.85499999999956	0	0
5.92100000000028	2.06600000000003	6.26400000000103	0	0
5.29700000000048	2.35899999999992	5.91100000000006	0	0
4.21100000000115	0.2349999999999	4.17499999999927	0	0
4.45000000000073	1.1099999999999	4.65100000000166	0	0
4.5729999999985	0.856999999999971	4.85699999999997	0	0
6.25799999999981	0.923999999999978	6.8070000000007	0	0
5.19700000000012	1.78899999999999	5.71199999999953	0	0
4.41399999999885	0.325000000000045	4.82300000000032	0	0
5.95499999999993	2.029	6.50799999999981	0	0
5.33100000000013	1.84299999999985	5.38600000000042	0	0
4.66300000000047	1.18799999999987	4.91599999999926	0	0
