5.506	2.05	4.8	0	0
6.078	3.594	6.093	0	0
3.992	1.58	3.518	0	0
4.33600000000001	1.988	3.818	0	0
3.917	1.608	3.616	0	0
3.91099999999999	2.752	3.867	0	0
3.55399999999999	1.245	3.219	0	0
4.031	2.243	3.808	0	0
3.824	3.184	3.92400000000001	0	0
3.36699999999999	1.816	3.349	0	0
3.25	1.354	3.383	0	0
3.494	1.669	3.58999999999999	0	0
3.71000000000001	2.665	3.613	0	0
3.94799999999999	2.252	3.54900000000001	0	0
4.69199999999999	4.091	3.833	0	0
4.161	2.64599999999999	3.322	0	0
3.806	2.47200000000001	3.629	0	0
4.12700000000001	1.77900000000001	3.87400000000001	0	0
3.35400000000001	1.74299999999999	3.369	0	0
3.31399999999999	0.932000000000002	3.27799999999999	0	0
3.369	1.232	3.39499999999998	0	0
3.624	1.834	3.49800000000002	0	0
3.33000000000001	1.129	3.33500000000001	0	0
3.03900000000002	0.914999999999992	3.077	0	0
3.69200000000001	1.98999999999999	3.589	0	0
3.03700000000001	0.768000000000001	2.91699999999997	0	0
3.63299999999998	1.34699999999999	3.506	0	0
3.42599999999999	0.992999999999995	3.21899999999999	0	0
3.876	2.94800000000001	3.52099999999999	0	0
3.21199999999999	0.98599999999999	3.197	0	0
4.00300000000001	1.914	3.364	0	0
3.93000000000001	1.61099999999999	3.69	0	0
3.11200000000002	0.837999999999994	2.93900000000002	0	0
3.446	1.27800000000001	3.346	0	0
3.89400000000001	1.702	3.27600000000001	0	0
3.50199999999998	1.40900000000001	3.34799999999998	0	0
4.584	2.604	3.89599999999999	0	0
4.02999999999997	2.49100000000001	3.55099999999999	0	0
3.67700000000002	1.56099999999998	3.47699999999998	0	0
3.38600000000002	1.012	3.101	0	0
4.42900000000003	2.13900000000001	3.69600000000003	0	0
3.87700000000001	2.08499999999998	3.17600000000004	0	0
3.74099999999999	2.30800000000002	3.471	0	0
3.85599999999999	2.31	3.75500000000005	0	0
3.71199999999999	2.29299999999998	3.41500000000002	0	0
3.73499999999996	1.55199999999999	3.53100000000001	0	0
3.47499999999997	1.27699999999999	3.15000000000003	0	0
3.63299999999998	1.79500000000002	3.48599999999999	0	0
4.35599999999999	2.196	3.48200000000003	0	0
4.30500000000001	2.22300000000001	3.71199999999999	0	0
3.66500000000002	1.96100000000001	3.51099999999997	0	0
4.21000000000004	1.88999999999999	3.53299999999996	0	0
4.17599999999999	3.239	4.08600000000001	0	0
4.14600000000002	1.96200000000002	4.03699999999998	0	0
3.875	2.703	3.26800000000003	0	0
3.56700000000001	1.76100000000002	3.47300000000001	0	0
3.50900000000001	1.25699999999998	3.12600000000003	0	0
3.19200000000001	1.37199999999999	3.12300000000005	0	0
3.16699999999997	1.322	3.38499999999999	0	0
3.47899999999998	1.63300000000001	3.58100000000002	0	0
3.53500000000003	1.78099999999998	3.45499999999998	0	0
3.17899999999997	1.17500000000001	3.36500000000001	0	0
3.76800000000003	1.12200000000001	3.82800000000003	0	0
3.39099999999996	1.852	3.18600000000004	0	0
3.52199999999999	1.49499999999998	3.48000000000002	0	0
3.56299999999999	1.96799999999999	3.64800000000002	0	0
3.96499999999997	1.09700000000001	3.87700000000001	0	0
3.02600000000001	0.865000000000009	3.04400000000004	0	0
3.14300000000003	0.924999999999983	3.20599999999996	0	0
3.245	1.03700000000001	3.50100000000003	0	0
3.601	1.14100000000002	3.74200000000002	0	0
4.08600000000001	2.58000000000001	3.43800000000005	0	0
3.31900000000002	0.811000000000007	3.29899999999998	0	0
3.428	1.12100000000001	3.101	0	0
4.01100000000002	2.07300000000001	4.07499999999999	0	0
3.45799999999997	1.26900000000001	3.28700000000003	0	0
4.01900000000001	2.03200000000001	3.62200000000001	0	0
3.45299999999997	1.23499999999996	3.245	0	0
3.63499999999999	1.86399999999998	3.38099999999997	0	0
4.30000000000007	2.16200000000003	3.72000000000003	0	0
3.35599999999999	1.67199999999997	3.24199999999996	0	0
3.38999999999999	1.12800000000004	3.03800000000001	0	0
3.19999999999993	1.23000000000002	3.24900000000002	0	0
3.57600000000002	1.14999999999998	3.32799999999997	0	0
4.11299999999994	1.76299999999998	3.5	0	0
4.05600000000004	2.04300000000001	3.41000000000008	0	0
3.70900000000006	1.43900000000002	3.36900000000003	0	0
4.16199999999992	2.48399999999998	3.53199999999993	0	0
4.63599999999997	2.15899999999999	3.71500000000003	0	0
4.02800000000002	2.10500000000002	3.59400000000005	0	0
3.77800000000002	1.41000000000003	3.26599999999996	0	0
3.61199999999997	1.64799999999997	3.28699999999992	0	0
3.79999999999995	1.68000000000001	3.54300000000001	0	0
3.77600000000007	1.49400000000003	3.71799999999996	0	0
3.79999999999995	1.911	3.11300000000006	0	0
3.81400000000008	1.74900000000002	3.52300000000002	0	0
3.92500000000007	2.10300000000001	3.57099999999991	0	0
3.90099999999995	2.26800000000003	3.31399999999996	0	0
3.93700000000001	2.11199999999997	3.53000000000009	0	0
3.49000000000001	1.33999999999997	3.30999999999995	0	0
3.553	1.637	3.35500000000002	0	0
3.91899999999998	1.97899999999998	3.37	0	0
3.803	1.90700000000004	3.25399999999991	0	0
3.44399999999996	1.32900000000001	3.279	0	0
3.61599999999999	1.31700000000001	3.51100000000008	0	0
3.71199999999999	1.56799999999998	3.32900000000006	0	0
3.55899999999997	1.505	3.49600000000009	0	0
4.28599999999994	2.03300000000002	3.76800000000003	0	0
3.28699999999992	1.72500000000002	3.26200000000006	0	0
3.83900000000006	2.16899999999998	3.46999999999991	0	0
3.32299999999998	0.848000000000013	3.42999999999995	0	0
3.35300000000007	0.790999999999997	3.34400000000005	0	0
3.245	1.291	3.15500000000009	0	0
3.62699999999995	2.21800000000002	3.476	0	0
3.35199999999998	1.51100000000002	3.73400000000004	0	0
3.20299999999997	1.05900000000003	3.24799999999993	0	0
3.69599999999991	1.209	3.90700000000004	0	0
3.09800000000007	0.754000000000019	3.12199999999996	0	0
3.53200000000004	1.27999999999997	3.14400000000001	0	0
3.81299999999999	1.77100000000002	3.41199999999992	0	0
4.21900000000005	1.50999999999999	3.83000000000004	0	0
3.65800000000002	1.83099999999996	3.47199999999998	0	0
3.65099999999995	2.34300000000002	3.74699999999996	0	0
3.24900000000002	1.34300000000002	3.36400000000003	0	0
3.154	0.711999999999989	3.32600000000002	0	0
3.07299999999998	1.02300000000002	3.06200000000001	0	0
3.8420000000001	1.59800000000001	3.55500000000006	0	0
3.8900000000001	1.84300000000002	3.20799999999997	0	0
3.61900000000003	2.08300000000003	3.40899999999999	0	0
3.03999999999996	1.32599999999996	3.14200000000005	0	0
3.37300000000005	1.762	3.33800000000008	0	0
3.76600000000008	2.26900000000001	3.44399999999996	0	0
3.19899999999996	1.06999999999999	3.29700000000003	0	0
3.95500000000004	2.75099999999998	4.14499999999998	0	0
3.60199999999998	1.17200000000003	3.423	0	0
3.55899999999997	1.33199999999999	3.14599999999996	0	0
3.18200000000002	1.166	3.11900000000003	0	0
3.86900000000003	1.60599999999999	3.97399999999993	0	0
3.71199999999999	1.54400000000004	3.553	0	0
3.399	1.274	3.11099999999999	0	0
3.49900000000002	1.50999999999999	3.38400000000001	0	0
3.91399999999999	1.49700000000001	3.99000000000001	0	0
4.10000000000002	2.23599999999999	3.33800000000008	0	0
3.49799999999993	1.23599999999999	3.13599999999997	0	0
3.44100000000003	1.42000000000002	3.36400000000003	0	0
3.86599999999999	1.21800000000002	3.899	0	0
3.70799999999997	1.34899999999999	3.20799999999997	0	0
3.30600000000004	0.879999999999995	3.17899999999997	0	0
4.21999999999991	2.66800000000001	3.35699999999997	0	0
3.57600000000002	1.66499999999996	3.29899999999998	0	0
3.82399999999996	1.74400000000003	3.10000000000002	0	0
3.88300000000004	2.03399999999999	3.29899999999998	0	0
3.63200000000006	1.76800000000003	3.27300000000002	0	0
3.84300000000007	1.59199999999998	3.36599999999999	0	0
4.62900000000013	1.89500000000004	3.798	0	0
4.28199999999993	2.71000000000004	3.60000000000002	0	0
3.81200000000013	2.10199999999998	3.28899999999999	0	0
3.86200000000008	1.88300000000004	3.44399999999996	0	0
3.40100000000007	1.14999999999998	3.279	0	0
3.41899999999987	1.20100000000002	3.13300000000004	0	0
3.49600000000009	1.71199999999999	3.47500000000002	0	0
3.07799999999997	1.06899999999996	3.28499999999997	0	0
3.38799999999992	1.69799999999998	3.22800000000007	0	0
3.31600000000003	1.39099999999996	3.44800000000009	0	0
3.73099999999999	2.07000000000005	3.21800000000007	0	0
3.74399999999991	1.83199999999999	2.98800000000006	0	0
4.07799999999997	1.92399999999998	3.35500000000002	0	0
4.04500000000007	1.36699999999996	3.6579999999999	0	0
3.64499999999998	1.78700000000003	3.16899999999987	0	0
3.88800000000015	2.29399999999998	3.28899999999999	0	0
4.08199999999988	2.36899999999991	3.62200000000007	0	0
4.25999999999999	2.34199999999998	3.68799999999987	0	0
4.12599999999998	2.30200000000002	3.60500000000002	0	0
4.44699999999989	1.94600000000003	3.66800000000012	0	0
3.77800000000002	1.38999999999999	3.24800000000005	0	0
3.97199999999998	1.81600000000003	3.2360000000001	0	0
4.01699999999983	1.94100000000003	3.26300000000015	0	0
3.64999999999986	1.48500000000001	3.28899999999999	0	0
3.95499999999993	1.69200000000001	3.19799999999987	0	0
3.94499999999994	2.11599999999999	3.34799999999996	0	0
4.32500000000005	2.36099999999999	3.83899999999994	0	0
3.56700000000001	1.46600000000001	3.2320000000002	0	0
3.904	2.11799999999994	3.34299999999985	0	0
3.92600000000016	1.779	3.548	0	0
4.27499999999986	1.94499999999994	3.86999999999989	0	0
3.54199999999992	1.37699999999995	3.26100000000019	0	0
3.65899999999988	1.399	3.24800000000005	0	0
3.32899999999995	1.10599999999999	3.20399999999995	0	0
4.40000000000009	1.91600000000005	3.75399999999991	0	0
3.55699999999979	1.67700000000002	3.13100000000009	0	0
3.53800000000001	1.72299999999996	3.45399999999995	0	0
4.11700000000019	2.08199999999999	3.47300000000018	0	0
3.78099999999995	1.92699999999991	3.62100000000009	0	0
4.45000000000005	2.971	3.61699999999996	0	0
3.53599999999983	1.54700000000003	3.66500000000019	0	0
3.79999999999995	2.33399999999995	3.49900000000002	0	0
3.43599999999992	1.12599999999998	3.36799999999994	0	0
3.27599999999984	1.05599999999993	3.08300000000008	0	0
3.21899999999982	1.16799999999989	3.27099999999996	0	0
3.47400000000016	0.97199999999998	3.36199999999985	0	0
3.67799999999988	1.42100000000005	3.19699999999989	0	0
3.63799999999992	1.56500000000005	3.07799999999997	0	0
4.06200000000013	2.375	3.37200000000007	0	0
4.09399999999982	2.029	3.34500000000003	0	0
3.68299999999999	1.98199999999997	3.346	0	0
4.14200000000005	1.80200000000002	3.75	0	0
3.06999999999994	0.614000000000033	3.3159999999998	0	0
3.69299999999998	1.20799999999997	3.24399999999991	0	0
3.46699999999987	1.202	3.12699999999995	0	0
3.98800000000006	1.56100000000004	3.71500000000015	0	0
4.02999999999997	1.93099999999993	3.24700000000007	0	0
3.77600000000007	1.93599999999992	3.42399999999998	0	0
3.23699999999985	0.841000000000008	3.33200000000011	0	0
3.21100000000001	1.06799999999998	3.4380000000001	0	0
3.21600000000012	1.09899999999993	3.404	0	0
3.279	1.15999999999997	3.221	0	0
3.81700000000001	2.41899999999998	3.5	0	0
3.22600000000011	1.17700000000002	3.15800000000013	0	0
4.11300000000006	1.70299999999997	3.82899999999995	0	0
4.27299999999991	3.83399999999995	3.72299999999996	0	0
3.50300000000016	1.38499999999999	3.27299999999991	0	0
4.15899999999988	2.96899999999994	3.60599999999999	0	0
4.48299999999995	2.34300000000007	3.79899999999998	0	0
3.08100000000013	0.600999999999999	3.09699999999998	0	0
3.68999999999983	1.75699999999995	3.32799999999997	0	0
3.08500000000004	0.766000000000076	3.29700000000003	0	0
3.8119999999999	1.31600000000003	3.80099999999993	0	0
3.85899999999992	2.58199999999999	3.54299999999989	0	0
3.31799999999998	1.28099999999995	3.25600000000009	0	0
3.21399999999994	1.24299999999994	3.18399999999997	0	0
3.72399999999993	1.096	3.72000000000003	0	0
3.13900000000012	1.11799999999994	3.16700000000014	0	0
3.57799999999997	1.57600000000002	3.22500000000014	0	0
3.64499999999998	1.67499999999995	3.27200000000016	0	0
4.32500000000005	1.61500000000001	3.74199999999996	0	0
4.11699999999996	2.43099999999993	3.52299999999991	0	0
3.94799999999987	2.33100000000002	3.70000000000005	0	0
3.89400000000001	2.20299999999997	3.43299999999999	0	0
4.18200000000002	1.36500000000001	3.77700000000004	0	0
3.66100000000006	1.68999999999994	3.11299999999983	0	0
3.78500000000008	1.64999999999998	3.50800000000004	0	0
4.00600000000009	2.63699999999994	3.62900000000013	0	0
4.27400000000011	1.23900000000003	3.95499999999993	0	0
3.62400000000002	1.70800000000008	3.40599999999995	0	0
3.36699999999996	0.885999999999967	3.28700000000003	0	0
4.0440000000001	1.952	3.70299999999997	0	0
4.15000000000009	2.30100000000004	4.11899999999991	0	0
3.23199999999997	1.64099999999996	3.2360000000001	0	0
3.18599999999992	1.13800000000003	3.22400000000016	0	0
3.99200000000019	2.53399999999999	3.42200000000003	0	0
3.57400000000007	1.51699999999994	3.44299999999998	0	0
3.68100000000004	1.11599999999999	3.73299999999995	0	0
3.25999999999999	0.79200000000003	3.35699999999997	0	0
3.38600000000019	1.37700000000007	3.39200000000005	0	0
3.48100000000022	1.303	3.53899999999999	0	0
3.7059999999999	1.22299999999996	3.81400000000008	0	0
3.43299999999999	1.37300000000005	3.41799999999989	0	0
3.76299999999992	1.93200000000002	3.53599999999983	0	0
3.41499999999996	1.22199999999998	3.83500000000004	0	0
3.74099999999999	0.871999999999957	3.80700000000002	0	0
3.61800000000017	1.75199999999995	3.46599999999989	0	0
3.37200000000007	1.09999999999991	3.13499999999999	0	0
3.28799999999978	1.18200000000002	3.10599999999999	0	0
4.16399999999999	1.45699999999999	3.76499999999987	0	0
4.02399999999989	2.87900000000002	3.66699999999992	0	0
3.16800000000012	1.02999999999997	3.30600000000004	0	0
3.18200000000002	0.926000000000045	3.31000000000017	0	0
3.97600000000011	1.73000000000002	3.69000000000005	0	0
3.50199999999995	2.37599999999998	3.27800000000002	0	0
3.32999999999993	1.42700000000002	3.28899999999999	0	0
3.39999999999986	1.37	3.31500000000005	0	0
3.82799999999997	1.21399999999994	3.61099999999988	0	0
3.04300000000012	0.833999999999946	3.06700000000001	0	0
3.67799999999988	1.50599999999997	3.09500000000003	0	0
3.91200000000003	2.10599999999999	3.14400000000001	0	0
4.44200000000001	2.24099999999999	3.75900000000001	0	0
3.59400000000005	1.79700000000003	3.17200000000003	0	0
4.0150000000001	2.12800000000004	3.33600000000001	0	0
3.875	1.93399999999997	3.20499999999993	0	0
3.94699999999989	1.26300000000003	3.53700000000003	0	0
3.53099999999995	1.27800000000002	3.34000000000015	0	0
3.42699999999991	1.66499999999996	3.31899999999996	0	0
3.90999999999985	2.14700000000005	3.57199999999989	0	0
4.11200000000008	2.33600000000001	3.83799999999997	0	0
3.8119999999999	1.55100000000004	3.47600000000011	0	0
3.62599999999998	1.96299999999997	3.61399999999981	0	0
4.04099999999994	1.822	3.28800000000001	0	0
4.46199999999999	2.42700000000002	3.89400000000001	0	0
3.51400000000012	1.36500000000001	3.029	0	0
3.3420000000001	0.801000000000045	3.21499999999992	0	0
3.56700000000001	1.50199999999995	3.30999999999995	0	0
4.05400000000009	1.81100000000004	3.779	0	0
3.14700000000016	0.677999999999997	3.06999999999994	0	0
3.52400000000011	1.20699999999999	3.44100000000003	0	0
3.46199999999999	1.27499999999998	3.1400000000001	0	0
3.95000000000005	0.980999999999995	3.84100000000012	0	0
3.63200000000006	1.36999999999989	3.30799999999999	0	0
3.92800000000011	1.91600000000005	3.39599999999996	0	0
3.94100000000003	1.93600000000004	3.21800000000007	0	0
4.09799999999996	2.28700000000003	4.04700000000003	0	0
3.33100000000013	1.29699999999991	3.24900000000002	0	0
3.91599999999994	1.47900000000004	3.37599999999998	0	0
6.89600000000019	4.16800000000001	6.16899999999987	0	0
3.45399999999972	1.44600000000003	3.39099999999985	0	0
3.63900000000012	1.83400000000006	3.6389999999999	0	0
6.71799999999985	3.47500000000002	5.51299999999992	0	0
4.18299999999999	2.19600000000003	3.79500000000007	0	0
3.86999999999989	2.11300000000006	3.41699999999992	0	0
3.29399999999987	1.375	3.25700000000006	0	0
3.56799999999976	1.60000000000014	3.44499999999994	0	0
4.24000000000024	1.87200000000007	3.87599999999998	0	0
4.42699999999968	3.94200000000001	3.93600000000015	0	0
3.49099999999999	1.65599999999995	3.37699999999995	0	0
3.35400000000027	1.25900000000001	3.42499999999995	0	0
3.92099999999982	1.27999999999997	3.73799999999983	0	0
3.52800000000025	1.56200000000013	3.26099999999997	0	0
3.33699999999999	1.18700000000013	3.27999999999997	0	0
3.64899999999989	1.72699999999986	3.48800000000006	0	0
3.98800000000028	1.81999999999994	3.96100000000001	0	0
4.54700000000003	4.84399999999982	4.13000000000011	0	0
3.44599999999991	1.57200000000012	3.39400000000001	0	0
3.09500000000025	0.977999999999838	3.11699999999996	0	0
3.96000000000004	0.886999999999944	3.99000000000001	0	0
3.10999999999967	0.972999999999956	3.25699999999983	0	0
3.04899999999998	0.804999999999836	3.25099999999998	0	0
3.33699999999999	0.637000000000171	3.24700000000007	0	0
4.37099999999964	2.90300000000002	4.00199999999995	0	0
3.79300000000012	1.81099999999992	3.76800000000003	0	0
3.62199999999984	1.77499999999986	3.57099999999991	0	0
3.53800000000001	1.36400000000003	3.51899999999978	0	0
3.59899999999971	1.05499999999984	3.51499999999987	0	0
3.71399999999994	1.94100000000003	3.27999999999975	0	0
3.86500000000024	2.19699999999989	3.49499999999989	0	0
3.90300000000025	2.43999999999983	3.6279999999997	0	0
3.99699999999984	2.01600000000008	3.69399999999996	0	0
3.721	2.22700000000009	3.26200000000017	0	0
3.87599999999975	2.24900000000002	3.28900000000021	0	0
3.84900000000016	2.40900000000011	3.27800000000025	0	0
4.62100000000009	3.11500000000001	3.79700000000003	0	0
3.65900000000011	1.44499999999994	3.42300000000023	0	0
3.42000000000007	0.804000000000087	3.279	0	0
3.71299999999974	2.08000000000015	3.29599999999982	0	0
4.19900000000007	1.70000000000005	3.79199999999992	0	0
3.72899999999981	1.47900000000004	3.19599999999991	0	0
3.25400000000036	0.988000000000056	3.03099999999995	0	0
3.61200000000008	1.80799999999999	3.48000000000002	0	0
3.68199999999979	2.23000000000002	3.3430000000003	0	0
3.91599999999971	1.71499999999992	3.65000000000009	0	0
3.52600000000029	1.24700000000007	3.18899999999985	0	0
3.84700000000021	1.95399999999995	3.40299999999979	0	0
3.61000000000013	1.60500000000002	3.07299999999987	0	0
4.1869999999999	2.2360000000001	3.88400000000001	0	0
3.45899999999983	1.73800000000006	3.01099999999997	0	0
3.46199999999999	1.327	3.15900000000011	0	0
3.36400000000003	0.948000000000093	3.13799999999992	0	0
4.14699999999993	1.85800000000017	3.82000000000016	0	0
3.82499999999982	1.82600000000002	3.3090000000002	0	0
3.48400000000038	1.61700000000019	3.38699999999972	0	0
3.54600000000028	1.5630000000001	3.28700000000026	0	0
3.29099999999971	0.965000000000146	3.18799999999965	0	0
3.32900000000018	1.14099999999985	3.12300000000005	0	0
3.35600000000022	0.864000000000033	3.20299999999997	0	0
3.86799999999994	2.69600000000014	3.57000000000016	0	0
3.95799999999963	1.60500000000002	3.72699999999986	0	0
3.89699999999993	2.13599999999997	3.28200000000015	0	0
4.13000000000011	2.32999999999993	3.30500000000029	0	0
3.79700000000003	2.04600000000005	3.04700000000003	0	0
3.90299999999979	1.6400000000001	3.51299999999992	0	0
3.27099999999973	1.36999999999989	3.17300000000023	0	0
3.69399999999996	0.625	3.63500000000022	0	0
3.64300000000003	1.67899999999986	3.22000000000025	0	0
3.79100000000017	1.15200000000004	3.65499999999975	0	0
3.66300000000001	1.39799999999991	3.03899999999976	0	0
3.69299999999976	1.62300000000005	3.23599999999988	0	0
3.29199999999992	1.08600000000001	3.36799999999994	0	0
4.346	3.1400000000001	3.83299999999963	0	0
3.61500000000024	1.49000000000001	3.14499999999998	0	0
3.86999999999989	2.02499999999986	3.26900000000023	0	0
3.54099999999971	1.596	3.14699999999993	0	0
3.76600000000008	1.41899999999987	3.76299999999992	0	0
3.39899999999989	1.75099999999998	3.10899999999992	0	0
3.62999999999965	1.74500000000012	3.04900000000043	0	0
3.45100000000002	1.63800000000015	3.34400000000005	0	0
3.71000000000004	1.4670000000001	3.52600000000029	0	0
3.92999999999984	2.91899999999987	3.47000000000025	0	0
3.42000000000007	1.32799999999997	3.25500000000011	0	0
3.66300000000001	1.78800000000001	3.41300000000001	0	0
4.13199999999961	2.11800000000017	3.54700000000003	0	0
3.5920000000001	1.80000000000018	3.2829999999999	0	0
3.51099999999997	1.7030000000002	3.08300000000008	0	0
3.95800000000008	1.85300000000007	3.21500000000015	0	0
3.53899999999976	1.6099999999999	3.22299999999996	0	0
4.10799999999972	2.375	3.29199999999992	0	0
3.6550000000002	1.79499999999985	3.24900000000025	0	0
3.94700000000012	1.93899999999985	3.76900000000023	0	0
3.49399999999969	1.38000000000011	3.13299999999981	0	0
3.14100000000008	1.15700000000015	3.16900000000032	0	0
3.19900000000007	0.688000000000102	3.27199999999993	0	0
3.99200000000019	2.05999999999995	3.91899999999987	0	0
2.99099999999999	0.913000000000011	3.02399999999989	0	0
3.09299999999985	0.980000000000018	3.02799999999979	0	0
3.91799999999967	1.79300000000012	3.36999999999989	0	0
3.66100000000006	1.30100000000016	3.44399999999996	0	0
3.54899999999998	1.82600000000002	3.01500000000033	0	0
3.36199999999963	1.22300000000018	3.01400000000012	0	0
3.68100000000004	2.01200000000017	3.06100000000015	0	0
3.86899999999969	1.83999999999992	3.82399999999961	0	0
3.83999999999969	1.83799999999997	3.15099999999984	0	0
3.46599999999989	1.42399999999998	3.43200000000024	0	0
3.52300000000014	1.596	3.51600000000008	0	0
3.82700000000023	1.61599999999999	3.73699999999963	0	0
3.51000000000022	1.79700000000003	3.46399999999994	0	0
3.10800000000017	0.854000000000042	3.22600000000011	0	0
6.70000000000027	3.654	5.8159999999998	0	0
3.94800000000032	2.10599999999999	3.15700000000015	0	0
4.29500000000007	2.28999999999996	3.31700000000001	0	0
4.11599999999999	2.048	3.42200000000003	0	0
3.8420000000001	2.00800000000004	3.58199999999988	0	0
3.96199999999999	1.38900000000012	3.87899999999991	0	0
3.74499999999989	1.62899999999991	3.13100000000031	0	0
3.64499999999998	1.40499999999997	3.35899999999992	0	0
4.029	1.51800000000003	3.73000000000002	0	0
3.33500000000004	0.963999999999942	3.24299999999994	0	0
3.44299999999976	1.20999999999981	3.52599999999984	0	0
3.76699999999983	1.91099999999983	3.2489999999998	0	0
3.24099999999999	0.957999999999856	3.13299999999981	0	0
3.80499999999984	1.9079999999999	3.47699999999986	0	0
3.50399999999991	1.49800000000005	3.33600000000024	0	0
4.01900000000023	1.88799999999992	3.64100000000008	0	0
3.5949999999998	1.67699999999991	3.39399999999978	0	0
3.56600000000026	1.12899999999991	3.62100000000009	0	0
3.70299999999997	1.45100000000002	3.42799999999988	0	0
3.66400000000021	1.52200000000016	3.65200000000004	0	0
3.52100000000019	1.30199999999991	3.47299999999996	0	0
3.51999999999998	1.13699999999994	3.43600000000015	0	0
3.57200000000012	1.51900000000001	3.40200000000004	0	0
3.86599999999999	1.40899999999988	3.31800000000021	0	0
3.33599999999979	1.58100000000013	3.404	0	0
3.66300000000001	1.3900000000001	3.221	0	0
3.49000000000024	1.529	3.38400000000001	0	0
3.95699999999988	1.452	3.96199999999999	0	0
3.404	2.49500000000012	3.44100000000026	0	0
6.07499999999982	2.24299999999994	5.5329999999999	0	0
4.00500000000011	2.05999999999995	3.33800000000019	0	0
3.94999999999982	2.16099999999983	3.74499999999989	0	0
3.41100000000006	1.9670000000001	3.37699999999995	0	0
3.74399999999969	1.51999999999998	3.34299999999985	0	0
4.22699999999986	1.71100000000001	4.19299999999976	0	0
3.76699999999983	1.42100000000005	3.32299999999987	0	0
4.09900000000016	2.00399999999991	3.32400000000007	0	0
3.94900000000007	1.86099999999988	3.28099999999995	0	0
3.73099999999977	1.40100000000007	3.65499999999975	0	0
3.67300000000023	1.75500000000011	3.38000000000011	0	0
3.36200000000008	1.29900000000021	3.51199999999972	0	0
3.73599999999988	1.39199999999983	3.47699999999986	0	0
3.69800000000032	0.890999999999849	3.78200000000015	0	0
3.65200000000004	1.89200000000005	3.23000000000002	0	0
3.70399999999972	1.82999999999993	3.42500000000018	0	0
3.846	1.74499999999989	3.4079999999999	0	0
4.05000000000018	1.79500000000007	3.41300000000001	0	0
3.44299999999976	1.43299999999999	3.1550000000002	0	0
3.67300000000023	1.19000000000005	3.41000000000031	0	0
3.68600000000015	1.29099999999994	3.9340000000002	0	0
3.41599999999971	1.38000000000011	3.27299999999968	0	0
3.47600000000011	1.41499999999996	3.50900000000001	0	0
3.94699999999966	2.27700000000004	3.87300000000005	0	0
3.90899999999965	1.76700000000005	3.9409999999998	0	0
2.90499999999975	0.662000000000035	2.88999999999987	0	0
3.47299999999996	1.23799999999983	3.40800000000036	0	0
3.4050000000002	1.03999999999996	3.3449999999998	0	0
4.0010000000002	1.52499999999986	4.01800000000003	0	0
3.84000000000015	1.97000000000003	3.44700000000012	0	0
3.83100000000013	1.5329999999999	3.14899999999989	0	0
3.7180000000003	1.13599999999997	3.92099999999982	0	0
3.84999999999991	1.96800000000007	3.44399999999996	0	0
3.90099999999984	2.65000000000009	3.69200000000001	0	0
3.32299999999987	1.13100000000009	3.22800000000007	0	0
3.36300000000028	1.31899999999996	3.05599999999959	0	0
3.19799999999987	0.778999999999996	3.41699999999992	0	0
3.221	1.36800000000017	3.19200000000001	0	0
4.35899999999992	1.67599999999993	3.77499999999964	0	0
3.3420000000001	1.19799999999987	3.53800000000001	0	0
3.11099999999988	0.904999999999973	3.125	0	0
4.04299999999967	1.78099999999995	3.31099999999969	0	0
3.9640000000004	3.10900000000015	3.64099999999962	0	0
3.41199999999981	1.71800000000007	3.41699999999992	0	0
3.4069999999997	1.58000000000015	3.26999999999998	0	0
3.81399999999985	1.41100000000006	3.23600000000033	0	0
4.44799999999987	2.77800000000002	3.95600000000013	0	0
3.60300000000007	1.56700000000001	3.54499999999962	0	0
3.39799999999968	2.04099999999994	3.49400000000014	0	0
3.35499999999956	1.29599999999982	3.42900000000009	0	0
4.45500000000038	2.83100000000013	4.05599999999959	0	0
3.41899999999987	1.41000000000008	3.35899999999992	0	0
4.0630000000001	3.24099999999999	3.71000000000004	0	0
3.18499999999995	1.21199999999999	3.3430000000003	0	0
3.75500000000011	2.18100000000004	3.24900000000025	0	0
4.25800000000027	2.58600000000001	3.4970000000003	0	0
3.98700000000008	2.29500000000007	3.39300000000003	0	0
4.1569999999997	2.14499999999998	3.94200000000001	0	0
3.69500000000016	1.97199999999998	3.2470000000003	0	0
3.79800000000023	1.88900000000012	3.21900000000005	0	0
3.76499999999987	1.78200000000015	3.22900000000027	0	0
3.80600000000004	1.64699999999993	3.70600000000013	0	0
3.61299999999983	2.40300000000002	3.36800000000039	0	0
6.59700000000021	3.79500000000007	5.63099999999986	0	0
3.94200000000001	1.56899999999996	3.92800000000034	0	0
3.42000000000007	2.06400000000008	3.40900000000011	0	0
3.48300000000017	1.31899999999996	3.17900000000009	0	0
3.45200000000023	1.50600000000009	3.30799999999999	0	0
3.33399999999983	1.30700000000002	3.36900000000014	0	0
3.24399999999969	1.34699999999998	3.40700000000015	0	0
3.84299999999985	2.24600000000009	3.6550000000002	0	0
3.99699999999984	1.50399999999991	3.75800000000027	0	0
3.89800000000014	2.13999999999987	3.31399999999985	0	0
3.51200000000017	1.75	3.20399999999972	0	0
3.53900000000021	1.5809999999999	3.59099999999989	0	0
3.23599999999988	1.29099999999994	3.25800000000027	0	0
3.64199999999983	1.45299999999997	3.35699999999997	0	0
3.13900000000012	0.68100000000004	3.13700000000017	0	0
3.77100000000019	1.65999999999985	3.9369999999999	0	0
3.26700000000028	1.22000000000003	3.28700000000026	0	0
4.02199999999993	1.77200000000016	3.82900000000018	0	0
4.1260000000002	2.59699999999998	3.6569999999997	0	0
4.07999999999993	1.16099999999983	3.77800000000025	0	0
3.52500000000009	1.33999999999992	3.10599999999977	0	0
4.0010000000002	2.42900000000009	3.19200000000001	0	0
3.80299999999988	1.77099999999996	3.22999999999956	0	0
3.78800000000001	1.83399999999983	3.06399999999985	0	0
3.74400000000014	1.88400000000001	3.19900000000007	0	0
4.19700000000012	2.28200000000015	3.19399999999996	0	0
4.61000000000013	2.76700000000005	3.91399999999976	0	0
3.86299999999983	2.14899999999989	3.47800000000007	0	0
3.35400000000027	1.41399999999999	3.16599999999971	0	0
3.76499999999987	1.96399999999994	3.279	0	0
4.02400000000034	1.548	3.85699999999997	0	0
3.57499999999982	1.53899999999999	3.20200000000023	0	0
3.39499999999998	1.53699999999981	3.28200000000015	0	0
3.2819999999997	1.09299999999985	3.19500000000016	0	0
3.76999999999998	1.6840000000002	3.50399999999991	0	0
3.8420000000001	1.86500000000001	3.17200000000003	0	0
3.62299999999959	1.95499999999993	3.29700000000003	0	0
3.78099999999995	2.96800000000007	3.55200000000013	0	0
4.16800000000012	1.78700000000003	4	0	0
6.80799999999999	2.73099999999999	6.13100000000031	0	0
3.58099999999968	1.53199999999993	3.21900000000005	0	0
3.95600000000013	2.13599999999997	3.33699999999999	0	0
4.20200000000023	2.38699999999994	4.00399999999991	0	0
3.40900000000011	1.48699999999985	3.35400000000027	0	0
3.82900000000018	2.92100000000005	3.96399999999994	0	0
3.63599999999997	1.89599999999996	3.53499999999985	0	0
3.36799999999994	0.963999999999942	3.32899999999972	0	0
3.39400000000023	0.968000000000075	3.36000000000013	0	0
3.7199999999998	1.62400000000002	3.34099999999989	0	0
4.00200000000041	1.91700000000014	3.68900000000031	0	0
3.52199999999993	1.51700000000005	3.32700000000023	0	0
3.88899999999967	2.14599999999996	3.46300000000019	0	0
4.01999999999998	1.74500000000012	3.26099999999997	0	0
3.76400000000012	2.17599999999993	3.32299999999987	0	0
3.76899999999978	1.38600000000019	3.14199999999983	0	0
3.54099999999971	1.66200000000003	3.31899999999996	0	0
3.98700000000008	1.00199999999995	3.84799999999996	0	0
3.45000000000027	1.08600000000001	3.38099999999986	0	0
3.41700000000037	1.0630000000001	3.22199999999975	0	0
3.37300000000005	1.32299999999987	3.32000000000016	0	0
3.97499999999991	1.77099999999996	3.86799999999994	0	0
3.529	1.40200000000004	3.32300000000032	0	0
3.54800000000023	1.404	3.42299999999977	0	0
3.1899999999996	1.57799999999997	3.52199999999993	0	0
3.42799999999988	1.31500000000005	3.24800000000005	0	0
3.54599999999982	2.06500000000005	3.35599999999977	0	0
3.57999999999993	1.93099999999981	3.59099999999989	0	0
3.90299999999979	1.24299999999994	4.0329999999999	0	0
3.80799999999999	1.90200000000004	3.67200000000003	0	0
3.60099999999966	1.38699999999994	3.19800000000032	0	0
3.7199999999998	1.58500000000004	3.31700000000001	0	0
3.51299999999992	1.37699999999995	3.40599999999995	0	0
3.375	1.202	3.20100000000002	0	0
3.33300000000008	1.22000000000003	3.33199999999988	0	0
3.90100000000029	1.47899999999981	3.95100000000002	0	0
3.47299999999996	1.48099999999999	3.01699999999983	0	0
3.39499999999998	0.899999999999864	3.23000000000002	0	0
4.06999999999971	1.75600000000009	3.75500000000011	0	0
3.2829999999999	0.958000000000084	3.19800000000032	0	0
3.41799999999967	0.932999999999993	3.24400000000014	0	0
3.38900000000012	1.25900000000001	3.28800000000001	0	0
4.49200000000019	3.21900000000005	3.98000000000002	0	0
3.60999999999967	1.44200000000001	3.26800000000003	0	0
3.846	1.75099999999998	3.3090000000002	0	0
4.03399999999965	1.36300000000006	3.67599999999993	0	0
3.87300000000005	2.0150000000001	3.23100000000022	0	0
3.87599999999975	2.09400000000005	3.30699999999979	0	0
3.8739999999998	1.72900000000004	3.2180000000003	0	0
3.36700000000019	1.34899999999993	3.05099999999993	0	0
3.85900000000038	2.93700000000013	3.77800000000025	0	0
3.40099999999984	1.56899999999996	3.4380000000001	0	0
3.51299999999992	0.676999999999907	3.91200000000026	0	0
3.66400000000021	1.5780000000002	3.20299999999997	0	0
3.33899999999994	1.76299999999992	3.18499999999995	0	0
3.46599999999989	1.89100000000008	3.36500000000024	0	0
3.8779999999997	1.34799999999996	4.07500000000027	0	0
3.7489999999998	2.202	3.69800000000032	0	0
4.0329999999999	2.12299999999982	3.44400000000041	0	0
3.95700000000033	2.01099999999997	3.32799999999997	0	0
4.30899999999974	2.13200000000006	4.17999999999984	0	0
3.56400000000031	1.25500000000011	3.32999999999993	0	0
3.31800000000021	1.21499999999992	3.48600000000033	0	0
3.70299999999952	1.80500000000006	3.59099999999989	0	0
3.45399999999972	1.36200000000008	3.27700000000004	0	0
3.57099999999991	1.63199999999983	3.52400000000034	0	0
4.02600000000075	1.529	3.88800000000037	0	0
3.84999999999945	1.74000000000001	3.38700000000017	0	0
3.59699999999975	1.79299999999989	3.48099999999977	0	0
3.74600000000009	2.61200000000008	3.59999999999991	0	0
4.1269999999995	2.18200000000024	3.52999999999975	0	0
3.80600000000049	1.86100000000033	3.29799999999977	0	0
3.97299999999996	2.34799999999996	3.32699999999977	0	0
3.42299999999977	1.03200000000015	3.25900000000001	0	0
3.44300000000021	1.82400000000007	3.37999999999965	0	0
3.33100000000013	1.19200000000001	3.53600000000006	0	0
6.52299999999923	1.99000000000024	6.51999999999998	0	0
3.47599999999966	1.17500000000018	3.16199999999981	0	0
3.89300000000003	2.19100000000026	3.35600000000022	0	0
4.125	1.63200000000006	3.81899999999996	0	0
3.57999999999993	1.60100000000011	3.17500000000018	0	0
3.83200000000033	1.30200000000013	3.3430000000003	0	0
3.83100000000013	1.77199999999993	3.92900000000009	0	0
3.58699999999953	1.30400000000009	3.15800000000036	0	0
3.8760000000002	1.97699999999986	3.23499999999967	0	0
3.47399999999925	1.80199999999968	3.03200000000015	0	0
3.3760000000002	1.31999999999971	3.02100000000019	0	0
3.49199999999928	1.47200000000021	3.66100000000006	0	0
3.5619999999999	1.08899999999994	3.50399999999991	0	0
3.50300000000061	0.987999999999829	3.66600000000017	0	0
3.25300000000061	1.13799999999992	3.21799999999985	0	0
4.21299999999974	3.05799999999999	3.68899999999985	0	0
3.65200000000004	2.00399999999991	3.45300000000043	0	0
3.40599999999995	1.53699999999981	3.375	0	0
3.59299999999985	1.79300000000012	3.47599999999966	0	0
3.47599999999966	1.17799999999988	3.36799999999994	0	0
3.51999999999953	1.51999999999998	3.09899999999971	0	0
3.73199999999997	2.07700000000023	3.37300000000005	0	0
3.30799999999999	1.07799999999997	3.16300000000001	0	0
4.04899999999998	1.54399999999987	3.95600000000013	0	0
3.44499999999971	1.08899999999994	3.55099999999993	0	0
3.67500000000018	1.72300000000041	3.54800000000023	0	0
3.98999999999978	1.71299999999974	3.82400000000007	0	0
3.33099999999922	1.08699999999999	3.21599999999989	0	0
4.05400000000009	3.78899999999976	3.82699999999977	0	0
4.20799999999963	1.53900000000021	3.70100000000002	0	0
3.47200000000066	1.81899999999996	3.48700000000008	0	0
3.43599999999969	1.4350000000004	3.21900000000005	0	0
4.03799999999956	1.67900000000009	3.375	0	0
3.71900000000005	2.23000000000002	3.54600000000028	0	0
3.8110000000006	1.71500000000015	3.31999999999971	0	0
3.24200000000019	1.42000000000007	3.50300000000016	0	0
3.31800000000021	0.827999999999975	3.20899999999983	0	0
3.78299999999945	2.92900000000009	3.46100000000024	0	0
3.27800000000025	1.41699999999992	3.07499999999982	0	0
3.64299999999912	1.07999999999993	3.64000000000033	0	0
3.15499999999975	1.08400000000029	2.86599999999999	0	0
3.67500000000018	1.59099999999989	3.3149999999996	0	0
3.21299999999974	0.969000000000051	3.30599999999959	0	0
4.89999999999964	3.55199999999968	4.21000000000004	0	0
3.11700000000019	0.82300000000032	3.10500000000047	0	0
4.21699999999964	2.38700000000017	3.39900000000034	0	0
3.97299999999996	1.86899999999969	3.68099999999959	0	0
3.78000000000065	1.78600000000006	3.26999999999953	0	0
6.96000000000004	3.97800000000007	6.07200000000012	0	0
4.09400000000005	1.72999999999956	3.49600000000009	0	0
3.54700000000048	1.69399999999996	3.19700000000012	0	0
3.45300000000043	1.23799999999983	2.96500000000015	0	0
3.5010000000002	1.11999999999989	3.5600000000004	0	0
3.1909999999998	0.980999999999767	3.11999999999989	0	0
3.48099999999977	1.00600000000031	3.29200000000037	0	0
3.58899999999994	1.1909999999998	3.45499999999993	0	0
3.92100000000028	1.74400000000014	3.38400000000001	0	0
3.44200000000001	1.1569999999997	3.30000000000018	0	0
3.67600000000039	0.89200000000028	3.71900000000005	0	0
3.41400000000067	1.29899999999998	3.07300000000032	0	0
3.97599999999966	2.64699999999993	3.48700000000008	0	0
3.34000000000015	1.12699999999995	3.27700000000004	0	0
3.40500000000065	1.54399999999987	3.08500000000004	0	0
3.79399999999987	2.15199999999959	3.44200000000001	0	0
3.80600000000049	1.68200000000024	3.11200000000008	0	0
3.91699999999946	1.62100000000009	3.74300000000039	0	0
4.03300000000036	2.69799999999987	3.32099999999991	0	0
3.68299999999999	1.89100000000008	3.16399999999976	0	0
3.59799999999996	1.42900000000009	3.10699999999997	0	0
3.69200000000001	1.64599999999973	3.60199999999986	0	0
6.50500000000011	4.04800000000023	5.76400000000012	0	0
3.42899999999918	1.32499999999982	3.07800000000043	0	0
4.00400000000081	1.22299999999996	3.93099999999959	0	0
3.10899999999947	0.846000000000004	3.15000000000055	0	0
3.84500000000025	1.90800000000036	3.54200000000037	0	0
3.83399999999983	1.68499999999995	3.1860000000006	0	0
3.33299999999963	1.70499999999993	3.57199999999921	0	0
3.16600000000017	0.969000000000051	3.33799999999974	0	0
3.91299999999956	1.77799999999979	3.89199999999983	0	0
3.27500000000055	1.0319999999997	3.29399999999987	0	0
3.75600000000031	1.63900000000012	3.97000000000025	0	0
3.9360000000006	1.04800000000023	3.6820000000007	0	0
3.77099999999973	1.9369999999999	3.28700000000026	0	0
3.77700000000004	1.45700000000033	3.36499999999978	0	0
3.8100000000004	0.974999999999909	3.58500000000004	0	0
3.46399999999994	1.16599999999971	3.32600000000002	0	0
3.5600000000004	1.23700000000008	3.4369999999999	0	0
4.02300000000014	1.44700000000012	3.83899999999994	0	0
3.3139999999994	1.05699999999979	3.38400000000001	0	0
3.5590000000002	1.45600000000013	3.24200000000019	0	0
4.18099999999959	1.596	3.65399999999954	0	0
3.5029999999997	1.27400000000034	3.29700000000048	0	0
3.48199999999997	1.41400000000021	3.37100000000009	0	0
3.80000000000018	2.32500000000027	3.29899999999998	0	0
4.31999999999971	1.92399999999998	3.81500000000051	0	0
3.54700000000048	1.29499999999962	3.33100000000013	0	0
3.73499999999967	1.87300000000005	3.29899999999998	0	0
3.88000000000011	2.49200000000019	3.38599999999951	0	0
3.63400000000001	1.30799999999999	3.29500000000007	0	0
3.78800000000047	1.97699999999986	3.22500000000036	0	0
4.09100000000035	3.08899999999994	3.57600000000002	0	0
3.77100000000064	1.20999999999958	3.73300000000017	0	0
3.20100000000002	1.33399999999983	3.25600000000031	0	0
3.27999999999975	2.08699999999999	3.18599999999969	0	0
3.71900000000005	2.19399999999996	3.56700000000001	0	0
3.11999999999989	0.909000000000106	3.03600000000006	0	0
3.52200000000084	1.63200000000006	3.23300000000017	0	0
3.84299999999985	2.42200000000003	3.4429999999993	0	0
4.02800000000025	1.70700000000033	3.2440000000006	0	0
3.51099999999951	1.95199999999977	3.44700000000012	0	0
3.85099999999966	1.94600000000037	3.39900000000034	0	0
4.04199999999946	1.74699999999984	4.22000000000025	0	0
3.3110000000006	0.980000000000018	3.32200000000012	0	0
3.29300000000057	1.31600000000026	3.32499999999982	0	0
3.92900000000009	1.79399999999987	4.11499999999978	0	0
3.65200000000004	1.50199999999995	3.31600000000071	0	0
3.03699999999935	0.706000000000131	3.14399999999932	0	0
3.90599999999995	1.29600000000028	3.65000000000055	0	0
3.05400000000009	1.26899999999978	3.27399999999943	0	0
3.01199999999972	1.02199999999993	3.20200000000023	0	0
3.90999999999985	1.75	3.56900000000041	0	0
3.65799999999945	1.65900000000011	3.24499999999989	0	0
3.45100000000002	1.48599999999988	3.17100000000028	0	0
3.65000000000055	2.20500000000038	3.21399999999994	0	0
6.67300000000068	2.40199999999959	6.40100000000075	0	0
3.41900000000078	1.04599999999982	3.44200000000001	0	0
4.02099999999973	1.75400000000036	3.59900000000016	0	0
3.46799999999985	1.72600000000011	3.34799999999996	0	0
3.75699999999961	1.55299999999988	3.08899999999994	0	0
3.91700000000037	2.25	3.25200000000041	0	0
3.86700000000019	2.31899999999996	3.29199999999946	0	0
3.9940000000006	2.28899999999976	3.42199999999957	0	0
3.55199999999968	1.11599999999999	3.31800000000021	0	0
3.84900000000016	1.78200000000015	3.41799999999967	0	0
3.28200000000015	1.27599999999984	3.28099999999995	0	0
4.05200000000059	2.52200000000039	3.83799999999974	0	0
3.58899999999994	1.72700000000032	3.48700000000008	0	0
3.86399999999958	1.66300000000001	3.6880000000001	0	0
4.17799999999988	3.31399999999985	3.74200000000019	0	0
3.32899999999972	1.221	3.19399999999951	0	0
3.74399999999969	1.92600000000039	3.50399999999991	0	0
4	1.44000000000005	3.84900000000016	0	0
3.28500000000076	1.2800000000002	3.10300000000007	0	0
3.78100000000086	1.74099999999999	3.44700000000012	0	0
4.19300000000021	1.84699999999975	3.71600000000035	0	0
3.64499999999953	1.21599999999989	3.28200000000015	0	0
3.61399999999958	1.21099999999979	3.33600000000024	0	0
4.41299999999956	2.01099999999997	3.75200000000041	0	0
3.6279999999997	1.61400000000003	3.25799999999981	0	0
3.39300000000003	1.23000000000002	3.39800000000014	0	0
3.88799999999992	1.52599999999984	3.73300000000017	0	0
3.75399999999991	2.10099999999966	3.08199999999943	0	0
3.67300000000068	1.35100000000011	3.14699999999993	0	0
4.29200000000037	2.32699999999977	3.86399999999958	0	0
3.66499999999996	2.20100000000002	3.49099999999999	0	0
3.20199999999932	0.954999999999927	3.09599999999955	0	0
4.45100000000002	1.73799999999983	3.61499999999978	0	0
3.9409999999998	1.79300000000012	3.69200000000001	0	0
3.86799999999948	1.64200000000028	3.27199999999993	0	0
4.40200000000004	2.89699999999993	4.27400000000034	0	0
3.59000000000015	1.39499999999998	3.49799999999959	0	0
3.95800000000054	1.96799999999985	3.58200000000033	0	0
3.71399999999994	1.14599999999973	3.86700000000019	0	0
3.78000000000065	2.64499999999998	3.3730000000005	0	0
3.52800000000025	1.32699999999977	3.30199999999968	0	0
4.66900000000078	3.30699999999979	4.28200000000015	0	0
3.34000000000015	1.20599999999968	3.14499999999953	0	0
3.17900000000009	0.855000000000018	3.07999999999993	0	0
4.55400000000009	2.43599999999969	3.94700000000012	0	0
3.26499999999942	1.06700000000001	3.28899999999976	0	0
3.77099999999973	1.85999999999967	3.22299999999996	0	0
4.03199999999924	1.35500000000002	3.82399999999961	0	0
3.56999999999971	2.02700000000004	3.72099999999955	0	0
3.63799999999992	2.19399999999996	3.65700000000015	0	0
3.9389999999994	1.51199999999972	3.76100000000042	0	0
3.09799999999996	0.552999999999884	3.05099999999948	0	0
3.46600000000035	1.42700000000013	3.52700000000004	0	0
3.84100000000035	1.13299999999981	3.8110000000006	0	0
3.33099999999922	1.36799999999994	3.28800000000047	0	0
4.02099999999973	1.60500000000002	3.48000000000047	0	0
4.03999999999996	1.2489999999998	4.0619999999999	0	0
3.78799999999956	2.39599999999973	3.34799999999996	0	0
3.61399999999958	1.96199999999999	3.33400000000074	0	0
4.16299999999956	1.28900000000021	4.17500000000018	0	0
3.47600000000057	1.0590000000002	3.1840000000002	0	0
3.10100000000057	0.829999999999927	3.16800000000057	0	0
3.85099999999966	1.84799999999996	3.27699999999913	0	0
3.6889999999994	2.0630000000001	3.38500000000022	0	0
3.43599999999969	1.24699999999984	3.33899999999994	0	0
3.34700000000066	1.00900000000001	3.32099999999991	0	0
3.83200000000033	2.07499999999982	3.74200000000019	0	0
3.77500000000055	1.40999999999985	3.62899999999991	0	0
3.90900000000056	1.86699999999973	3.16399999999976	0	0
4.38599999999951	2.4380000000001	3.72000000000025	0	0
4.02800000000025	1.59099999999989	3.54100000000017	0	0
4.02199999999993	1.51299999999992	3.46299999999974	0	0
3.85599999999977	1.15200000000004	3.64099999999962	0	0
4.07800000000043	1.721	3.34900000000016	0	0
3.65599999999995	1.31700000000001	3.29799999999977	0	0
3.85699999999997	1.21000000000004	3.64699999999993	0	0
3.90200000000004	2.78900000000021	3.67900000000009	0	0
3.47900000000027	2.11300000000028	3.18199999999979	0	0
4.41200000000026	2.20200000000023	3.80899999999929	0	0
3.78199999999924	1.89699999999993	3.29800000000068	0	0
3.5679999999993	1.17300000000023	3.4380000000001	0	0
3.86099999999988	0.978000000000065	3.76900000000023	0	0
3.70000000000073	1.79400000000032	3.31999999999971	0	0
3.55400000000009	1.93900000000031	3.25900000000001	0	0
3.98599999999988	1.66499999999996	3.55099999999948	0	0
3.44399999999951	1.46000000000004	3.26999999999953	0	0
3.6230000000005	1.85500000000002	3.34799999999996	0	0
4.14300000000003	2.0949999999998	3.82600000000002	0	0
3.83500000000004	1.85300000000007	3.12899999999991	0	0
3.36400000000049	1.60400000000027	3.40199999999913	0	0
3.91399999999976	1.2180000000003	3.94999999999982	0	0
3.48800000000028	2.03800000000001	3.46300000000065	0	0
3.31400000000031	1.39499999999998	3.32099999999991	0	0
4.36799999999948	2.28499999999985	4.09099999999944	0	0
3.2529999999997	1.67599999999993	3.2489999999998	0	0
3.26099999999951	0.921000000000276	3.40500000000065	0	0
4.61999999999989	2.75700000000006	3.84799999999996	0	0
3.97700000000077	1.74000000000024	3.37100000000009	0	0
3.44800000000032	1.33699999999999	3.31400000000031	0	0
4.31400000000031	2.71099999999979	3.92399999999998	0	0
3.44899999999961	1.66100000000006	3.36899999999969	0	0
3.89099999999962	0.835000000000036	3.5029999999997	0	0
3.57899999999972	0.94399999999996	3.42299999999977	0	0
3.80799999999999	1.79700000000003	3.2510000000002	0	0
3.76299999999992	2.00900000000001	3.15000000000055	0	0
4.17699999999968	2.36700000000019	4.25300000000061	0	0
3.6309999999994	1.75900000000001	3.53600000000006	0	0
3.29700000000048	1.29799999999977	3.3739999999998	0	0
3.7510000000002	1.29899999999998	3.58300000000054	0	0
3.99600000000009	2.23000000000002	3.29299999999967	0	0
3.65200000000004	1.33500000000004	3.51699999999983	0	0
4.19999999999982	2.04599999999982	3.8139999999994	0	0
3.24599999999919	1.08899999999994	3.24200000000019	0	0
3.50200000000041	1.20499999999993	3.32899999999972	0	0
4.1909999999998	2.49000000000024	3.92000000000007	0	0
3.24300000000039	0.813999999999851	3.21500000000015	0	0
3.41100000000006	1.85599999999977	3.31999999999971	0	0
3.82500000000073	1.67799999999988	3.80199999999968	0	0
3.65800000000036	1.14199999999983	3.1840000000002	0	0
3.54499999999916	1.26199999999972	3.40000000000055	0	0
3.6200000000008	1.08200000000033	3.66899999999987	0	0
3.53499999999985	1.15900000000011	3.22800000000007	0	0
3.29500000000007	1.21300000000019	3.17699999999968	0	0
4.0019999999995	1.875	3.8739999999998	0	0
3.4350000000004	1.20700000000033	3.17600000000039	0	0
3.52700000000004	2.029	3.48000000000047	0	0
3.83799999999974	1.96500000000015	3.43900000000031	0	0
3.95199999999932	2.52999999999975	3.23199999999997	0	0
3.50999999999931	1.19999999999982	3.17100000000028	0	0
3.76400000000012	1.40099999999984	3.58199999999943	0	0
3.56900000000041	1.76899999999978	3.27099999999973	0	0
3.55599999999959	1.29200000000037	3.36599999999999	0	0
3.85300000000007	1.26499999999987	3.74199999999928	0	0
4.02700000000004	1.89600000000019	3.67099999999937	0	0
3.74399999999969	1.92000000000007	3.42299999999977	0	0
3.82800000000043	1.47299999999996	3.73899999999958	0	0
3.72499999999945	1.14100000000008	3.34400000000005	0	0
3.47599999999966	1.24900000000025	3.50699999999961	0	0
3.89499999999953	1.58099999999968	3.64499999999953	0	0
3.95800000000054	2.58699999999999	3.32499999999982	0	0
3.91399999999976	1.654	3.24200000000019	0	0
3.54399999999987	1.30999999999995	3.32999999999993	0	0
3.85500000000047	1.54899999999998	3.35400000000027	0	0
6.99600000000009	3.23300000000017	6.47000000000025	0	0
3.76899999999932	2.56899999999996	3.60800000000017	0	0
3.39300000000003	1.85699999999997	3.31600000000071	0	0
3.93599999999969	1.61700000000019	3.83899999999994	0	0
3.61700000000019	1.79700000000003	3.15500000000065	0	0
3.28600000000006	1.23500000000013	3.23300000000017	0	0
3.66200000000026	0.889000000000124	3.8739999999998	0	0
3.375	1.66900000000032	3.07200000000012	0	0
3.30500000000029	1.6279999999997	3.27399999999943	0	0
4.2480000000005	2.64600000000019	4.05400000000009	0	0
3.52099999999973	2.33500000000004	3.33700000000044	0	0
3.32400000000052	1.15200000000004	3.21500000000015	0	0
3.44300000000021	1.19500000000016	3.11300000000028	0	0
3.77099999999973	3.07799999999997	3.67199999999957	0	0
3.72500000000036	1.06799999999976	3.92000000000007	0	0
3.17000000000007	1.01700000000028	3.08600000000024	0	0
3.89399999999932	1.6279999999997	3.26800000000003	0	0
4.42900000000009	1.8739999999998	3.83100000000013	0	0
3.83500000000004	1.74200000000019	3.43299999999999	0	0
4.25200000000041	2.47800000000007	3.31099999999969	0	0
3.93000000000029	1.42799999999988	3.66999999999916	0	0
3.90000000000055	2.04600000000028	3.51699999999983	0	0
3.67200000000048	1.20600000000013	3.2529999999997	0	0
3.8130000000001	1.07300000000032	3.8690000000006	0	0
3.91499999999996	1.90099999999984	3.18900000000031	0	0
3.92200000000048	1.99099999999999	3.5010000000002	0	0
3.68299999999999	1.47499999999991	3.64699999999993	0	0
3.42700000000059	1.35800000000017	3.35199999999986	0	0
3.33700000000044	1.38900000000012	3.23999999999978	0	0
4.3779999999997	2.11699999999973	3.98099999999977	0	0
3.40299999999934	1.53099999999995	3.18099999999959	0	0
3.48999999999978	1.58300000000008	3.08300000000054	0	0
4.12899999999991	1.5590000000002	3.47599999999966	0	0
3.92299999999977	1.71000000000004	3.42199999999957	0	0
3.71199999999953	1.46199999999999	3.26900000000023	0	0
4.34099999999944	2.32699999999977	3.69399999999951	0	0
4.05100000000039	2.07600000000002	3.42399999999998	0	0
3.59600000000046	1.4380000000001	3.35899999999947	0	0
3.63999999999942	1.26400000000012	3.40899999999965	0	0
3.6880000000001	2.02199999999993	3.12800000000061	0	0
3.95100000000002	1.75999999999976	3.44599999999991	0	0
4.13499999999931	2.22800000000007	3.5010000000002	0	0
3.71599999999944	1.73199999999997	3.19599999999991	0	0
3.68499999999949	1.60600000000022	3.2510000000002	0	0
4.24200000000019	1.36599999999999	3.81900000000041	0	0
3.77199999999993	1.346	3.84599999999955	0	0
3.22600000000057	0.909000000000106	3.26099999999951	0	0
4.2529999999997	2.51099999999997	3.57700000000023	0	0
3.64800000000014	1.20700000000033	3.1899999999996	0	0
3.84099999999944	1.30200000000013	3.3090000000002	0	0
4.47600000000057	2.26600000000008	4.09599999999955	0	0
3.81999999999971	1.84000000000015	3.45400000000063	0	0
4.5019999999995	3.16200000000026	3.4409999999998	0	0
3.83500000000004	1.1869999999999	3.56600000000071	0	0
3.73800000000028	1.19700000000012	3.36200000000008	0	0
3.38700000000063	1.57999999999993	3.13400000000001	0	0
4.26400000000012	2.2489999999998	3.79599999999937	0	0
3.22699999999986	0.900000000000091	3.01999999999953	0	0
3.3159999999998	1.21499999999969	3.05199999999968	0	0
3.70800000000054	1.25099999999975	3.58500000000004	0	0
3.61399999999958	1.42200000000003	3.3779999999997	0	0
4.15800000000036	2.89300000000003	3.42599999999948	0	0
3.93299999999999	1.10699999999997	3.83100000000013	0	0
3.65700000000015	1.42099999999982	3.47900000000027	0	0
3.34900000000016	0.893000000000029	3.30799999999999	0	0
4.04199999999946	1.53499999999985	3.94900000000052	0	0
3.90700000000015	2.06899999999996	3.6820000000007	0	0
4.05000000000018	1.90000000000009	3.7510000000002	0	0
4.30799999999999	1.28899999999976	3.96600000000035	0	0
3.73999999999978	1.50500000000011	3.35000000000036	0	0
3.61499999999978	1.221	3.34000000000015	0	0
4.6260000000002	3.46599999999989	4.22599999999966	0	0
3.54500000000007	1.07799999999997	3.28199999999924	0	0
3.23599999999988	0.684999999999945	3.07099999999991	0	0
4.09500000000025	1.66100000000006	3.97600000000057	0	0
3.67399999999998	1.76800000000003	3.31099999999969	0	0
3.66499999999996	1.65599999999995	3.40999999999985	0	0
4.0019999999995	1.51299999999992	3.7480000000005	0	0
3.92099999999937	2.08699999999999	3.40999999999985	0	0
3.43499999999949	1.47000000000025	3.34599999999955	0	0
4.19699999999921	2.95399999999972	3.93499999999949	0	0
4.08699999999953	2.9670000000001	3.72099999999955	0	0
3.52400000000034	1.33899999999994	3.20600000000013	0	0
4.05100000000039	1.44300000000021	3.41400000000067	0	0
4.0010000000002	2.55400000000009	3.35999999999967	0	0
4.00999999999931	2.53900000000021	3.28099999999995	0	0
3.93399999999929	1.11400000000003	3.57499999999982	0	0
3.94700000000012	1.72899999999981	3.11700000000019	0	0
3.63200000000052	1.42899999999963	3.07099999999991	0	0
4.29899999999998	2.84000000000015	3.36300000000028	0	0
4.06200000000081	1.8760000000002	3.26500000000033	0	0
3.9350000000004	1.89800000000014	3.65300000000025	0	0
3.73199999999997	2.27700000000004	3.04500000000007	0	0
3.99200000000019	2.13799999999992	3.19699999999921	0	0
4.4380000000001	2.64699999999993	3.94200000000001	0	0
3.65099999999984	1.69399999999996	3.14999999999964	0	0
3.21399999999994	1.61000000000013	2.95000000000073	0	0
3.92900000000009	2.76999999999998	3.58699999999953	0	0
4.13699999999972	2.09000000000015	3.01299999999992	0	0
3.64400000000023	3.14200000000028	3.11800000000039	0	0
4.26500000000033	2.00999999999976	3.32800000000043	0	0
3.50799999999981	1.69499999999971	2.78099999999995	0	0
3.51800000000003	1.86599999999999	2.80200000000059	0	0
4.18299999999999	2.00600000000031	3.36400000000049	0	0
3.54200000000037	2.15099999999984	2.92599999999948	0	0
3.57199999999921	2.30600000000004	3.07600000000002	0	0
4.41400000000067	2.29899999999998	3.30100000000039	0	0
4.05600000000049	2.65300000000025	2.97900000000027	0	0
4.41000000000076	3.02099999999973	3.29299999999967	0	0
4.07000000000062	2.04099999999971	2.69400000000041	0	0
3.86999999999989	2.15999999999985	2.82499999999982	0	0
3.85899999999947	2.0619999999999	2.87899999999991	0	0
3.65400000000045	2.16500000000042	2.5029999999997	0	0
