27.825	26.342	22.078	0	0
15.956	11.618	11.483	0	0
20.219	13.834	20.206	0	0
22.973	18.582	21.946	0	0
15.147	15.981	11.953	0	0
11.398	6.44899999999998	11.004	0	0
20.617	12.722	21.285	0	0
18.216	11.737	19.745	0	0
16.965	7.85499999999999	18.958	0	0
29.466	23.911	22.205	0	0
16.188	17.801	11.321	0	0
11.301	7.78300000000002	11.076	0	0
23.048	17.965	19.438	0	0
9.20999999999998	2.46600000000001	9.84699999999998	0	0
19.105	13.932	18.672	0	0
8.99199999999996	3.35399999999998	8.77799999999996	0	0
11.847	7.81200000000001	11.037	0	0
10.446	6.71100000000001	10.1270000000001	0	0
27.3670000000001	22.096	22.1949999999999	0	0
17.528	8.30399999999997	17.361	0	0
17.615	5.18500000000006	18.2619999999999	0	0
11.221	5.03599999999994	12.1129999999999	0	0
26.167	25.6260000000001	19.491	0	0
11.783	7.74599999999998	9.98800000000006	0	0
11.2670000000001	5.50800000000004	10.8150000000001	0	0
11.208	6.7700000000001	9.65700000000004	0	0
14.1750000000001	12.6260000000001	9.90600000000006	0	0
22.013	16.437	19.058	0	0
17.8819999999999	10.5939999999999	16.092	0	0
15.9409999999999	7.22799999999995	18.549	0	0
23.0819999999999	21.183	18.1700000000001	0	0
26.4650000000001	17.104	27.711	0	0
26.741	14.124	27.394	0	0
23.0119999999999	17.8380000000001	19.76	0	0
21.5599999999999	15.061	18.5	0	0
12.492	9.37299999999993	11.2079999999999	0	0
22.1559999999999	16.2360000000001	19.1659999999999	0	0
21.2270000000001	21.496	11.585	0	0
19.53	11.824	17.5159999999998	0	0
20.442	14.191	18.6759999999999	0	0
31.1659999999999	33.2370000000001	20.3699999999999	0	0
25.7730000000001	20.5290000000002	17.9740000000002	0	0
9.51900000000001	4.29099999999994	9.721	0	0
20.4319999999998	14.0650000000001	21.047	0	0
24.3320000000001	19.0910000000001	21.5149999999999	0	0
11.5989999999999	9.39599999999996	10.777	0	0
9.21299999999997	2.41599999999994	9.29700000000003	0	0
16.7949999999998	19.915	12.4970000000001	0	0
20.3109999999999	14.7269999999999	16.627	0	0
9.58300000000008	4.78400000000011	11.4679999999998	0	0
25.569	23.7670000000001	16.7809999999999	0	0
18.3329999999999	18.674	10.8620000000001	0	0
19.8919999999998	15.3389999999999	16.739	0	0
10.4300000000001	5.55899999999997	10.7139999999999	0	0
10.2169999999999	6	9.18000000000006	0	0
9.06500000000005	4.55999999999995	9.30700000000002	0	0
20.5110000000002	15.268	17.2060000000001	0	0
10.6870000000001	7.80600000000004	9.56800000000021	0	0
25.501	16.0910000000001	23.5609999999999	0	0
10.846	7.702	11.251	0	0
16.442	9.00599999999986	14.7940000000001	0	0
10.5259999999998	6.96900000000005	9.43500000000017	0	0
23.6770000000001	18.258	22.056	0	0
18.212	13.5329999999999	16.4749999999999	0	0
39.0149999999999	22.0030000000002	39.386	0	0
10.8899999999999	8.17799999999988	9.71400000000017	0	0
19.2440000000001	14.2179999999998	19.3009999999999	0	0
27.7719999999999	16.7750000000001	28.7439999999999	0	0
22.0909999999999	21.472	19.1900000000001	0	0
18.0729999999999	9.93399999999997	18.902	0	0
19.2199999999998	14.03	15.9079999999999	0	0
10.4900000000002	6.83899999999994	9.79700000000003	0	0
17.3969999999999	10.1559999999999	17.5799999999999	0	0
16.7090000000003	8.06400000000008	19.3940000000002	0	0
21.0300000000002	17.1900000000001	16.384	0	0
15.4079999999999	13.933	12.1579999999999	0	0
24.8019999999997	21.7739999999999	19.5010000000002	0	0
11.8759999999997	6.43200000000002	12.3879999999999	0	0
15.5819999999999	15.0900000000001	10.683	0	0
11.6130000000003	6.6239999999998	11.1840000000002	0	0
20.1410000000001	15.9010000000003	16.7919999999999	0	0
10.2710000000002	6.39400000000023	9.09799999999996	0	0
9.30499999999984	4.57200000000012	11.1150000000002	0	0
17.701	9.66800000000012	16.4319999999998	0	0
11.2440000000001	8.96099999999979	11.21	0	0
24.9720000000002	19.8710000000001	23.6150000000002	0	0
18.0239999999999	13.7840000000001	16.7719999999999	0	0
19.4920000000002	11.721	17.7369999999996	0	0
12.8100000000004	12.9749999999999	12.2820000000002	0	0
13.8049999999998	11.2529999999997	9.37699999999995	0	0
17.5020000000004	11.0949999999998	17.8049999999998	0	0
17.6270000000004	13.0859999999998	17.2529999999997	0	0
8.42399999999998	5.10000000000036	9.57400000000007	0	0
8.92200000000003	5.01500000000033	9.35699999999997	0	0
8.60500000000002	3.74200000000019	10.3440000000001	0	0
14.8830000000003	15.694	12.422	0	0
12.7570000000001	12.145	10.681	0	0
10.221	5.92699999999968	12.4490000000001	0	0
8.88799999999992	3.12300000000005	9.89400000000023	0	0
11.0329999999999	8.4409999999998	10.942	0	0
19.6610000000001	8.75399999999991	20.6129999999998	0	0
12.011	8.62199999999984	11.453	0	0
18.877	11.6610000000001	17.8360000000002	0	0
28.1439999999998	23.1879999999996	23.0929999999998	0	0
13.9810000000002	12.2440000000001	10.2240000000002	0	0
20.1690000000003	13.0550000000003	18.8940000000002	0	0
10.491	6.54899999999998	12.4829999999997	0	0
14.1690000000003	12.527	9.36400000000003	0	0
22.5070000000001	14.0969999999998	21.5450000000001	0	0
10.8450000000003	8.89899999999989	12.02	0	0
18.1500000000001	13.9470000000001	16.9009999999998	0	0
9.27800000000025	4.55600000000004	9.84100000000035	0	0
10.335	5.20699999999988	12.0149999999999	0	0
11.3110000000001	6.67000000000007	10.3880000000004	0	0
22.2829999999999	17.6960000000004	18.2910000000002	0	0
20.8630000000003	14.2440000000001	18.748	0	0
12.027	9.68200000000024	10.056	0	0
10.2750000000001	6.41599999999971	11.107	0	0
21.4029999999998	16.5999999999999	17.9839999999999	0	0
9.16400000000021	2.46399999999994	10.136	0	0
20.9489999999996	11.4279999999999	19.8789999999999	0	0
14.0309999999999	11.6759999999999	9.35399999999981	0	0
34.9189999999999	27.3420000000001	31.9290000000001	0	0
13.9369999999999	14.3389999999999	10.1219999999998	0	0
11.7829999999999	10.0590000000002	10.1749999999997	0	0
12.788	10.8110000000001	11.2799999999997	0	0
15.7080000000001	5.94299999999976	17.127	0	0
10.3669999999997	6.04300000000012	9.69100000000026	0	0
21.5290000000005	15.3399999999997	17.9430000000002	0	0
17.442	8.64899999999989	16.3679999999999	0	0
33.1019999999999	24.9939999999997	28.5880000000002	0	0
9.69999999999982	2.48000000000002	11.1010000000001	0	0
20.951	15.4370000000004	19.9989999999998	0	0
17.2290000000003	7.43299999999999	16.9469999999997	0	0
11.4140000000007	7.0300000000002	11.0059999999999	0	0
16.6449999999995	8.10899999999992	17.0789999999997	0	0
10.3679999999995	4.86099999999988	10.6709999999998	0	0
18.3899999999994	9.62899999999991	17.3209999999999	0	0
9.11800000000039	2.47200000000021	10.7269999999999	0	0
15.4709999999995	8.81099999999969	14.5439999999999	0	0
22.2429999999995	16.058	18.232	0	0
9.26299999999992	4.36000000000013	9.37300000000005	0	0
10.1679999999997	4.51600000000008	11.2559999999999	0	0
13.5190000000002	13.9970000000003	11.0919999999996	0	0
9.80599999999959	3.46799999999985	11.5389999999998	0	0
19.0810000000001	9.125	19.239	0	0
15.875	8.97600000000011	16.0929999999998	0	0
28.4570000000003	16.297	29.6099999999997	0	0
23.6580000000004	13.2930000000001	25.2260000000006	0	0
21.0459999999994	13.2240000000002	17.8109999999997	0	0
11.4189999999999	9.48600000000033	10.5169999999998	0	0
28.1809999999996	21.9070000000002	21.7860000000001	0	0
23.2280000000001	15.6690000000003	20.8729999999996	0	0
18.8999999999996	18.9250000000002	12.4550000000008	0	0
8.44599999999991	2.39799999999968	9.1860000000006	0	0
10.5770000000002	5.5	9.63299999999981	0	0
20.9480000000003	17.6420000000003	19.7040000000006	0	0
9.6220000000003	3.35299999999961	12.1610000000001	0	0
10.5999999999995	7.24799999999959	10.0839999999998	0	0
9.11600000000089	2.45699999999988	9.62199999999939	0	0
10.567	6.0010000000002	9.73199999999997	0	0
20.9570000000003	16.4279999999999	17.1759999999995	0	0
22.7290000000003	18.2979999999998	17.4849999999997	0	0
16.2809999999999	8.6899999999996	16.9789999999994	0	0
13.8689999999997	11.181	11.4059999999999	0	0
8.91199999999935	3.98600000000033	11.6210000000001	0	0
21.0609999999997	11.3109999999997	21.7520000000004	0	0
9.25699999999961	3.04700000000003	9.16499999999996	0	0
38.9409999999998	40.1259999999997	30.8230000000003	0	0
23.5680000000002	16.3499999999999	23.2430000000004	0	0
23.4740000000002	15.0520000000001	20.6710000000003	0	0
19.8100000000004	12.5430000000001	19.5749999999998	0	0
33.3579999999993	26.3049999999998	28.0519999999997	0	0
32.018	21.7869999999994	27.433	0	0
9.69100000000071	3.57999999999993	9.15599999999995	0	0
18.1080000000002	21.5009999999993	11.3119999999999	0	0
21.2140000000009	17.3800000000001	19.5659999999998	0	0
15.1170000000002	12.8730000000005	10.8389999999999	0	0
21.8539999999994	19.1800000000003	17.8939999999993	0	0
12.1479999999992	7.77399999999943	10.7219999999998	0	0
8.92499999999927	4.82299999999941	9.48800000000028	0	0
19.3490000000002	12.6109999999999	18.6610000000001	0	0
10.9560000000001	9.44799999999941	11.1550000000007	0	0
21.8860000000004	14.4840000000004	16.3939999999993	0	0
15.0729999999994	12.6669999999995	11.2290000000003	0	0
9.16899999999987	3.72000000000025	10.0689999999995	0	0
10.7309999999998	4.91200000000026	9.89600000000064	0	0
22.0200000000004	19.7530000000006	17.5929999999998	0	0
10.3540000000003	7.70199999999932	9.76500000000033	0	0
11.0030000000006	8.60300000000007	11.0510000000004	0	0
34.4279999999999	38.7830000000004	22.4690000000001	0	0
11.299	5.86899999999969	11.3640000000005	0	0
18.1719999999996	11.9850000000006	19.6260000000002	0	0
9.71799999999985	3.94100000000071	13.0479999999998	0	0
17.2610000000004	9.69999999999982	15.8110000000006	0	0
13.3789999999999	9.25900000000001	13.0790000000006	0	0
18.9950000000008	8.15799999999945	20.6729999999998	0	0
16.8760000000002	10.6300000000001	16.3020000000006	0	0
26.1800000000003	18.6509999999998	23.9140000000007	0	0
18.25	11.2219999999998	20.7079999999996	0	0
10.5370000000003	4.52900000000045	10.9559999999992	0	0
10.7560000000003	4.95799999999963	9.59299999999985	0	0
22.2480000000005	15.2190000000001	19.067	0	0
18.3680000000004	12.4870000000001	17.5799999999999	0	0
11.1459999999997	6.07799999999952	10.6310000000003	0	0
25.9870000000001	27.25	18.4769999999999	0	0
17.6319999999996	10.0169999999998	17.8710000000001	0	0
23.3029999999999	19.0550000000003	20.4049999999997	0	0
21.7849999999999	19.4560000000001	17.8530000000001	0	0
20.1310000000003	11.0880000000006	20.6670000000004	0	0
9.52999999999975	3.6840000000002	10.1190000000006	0	0
25.0129999999999	21.4139999999998	19.7260000000006	0	0
10.9520000000002	6	9.21100000000024	0	0
20.6360000000004	14.8059999999996	19.241	0	0
9.49300000000039	4.07200000000012	10.29	0	0
12.0029999999997	8.625	10.1019999999999	0	0
14.3990000000003	14.527	10.0549999999994	0	0
18.7139999999999	9.23499999999967	17.9160000000002	0	0
9.46299999999974	3.90999999999985	10.8959999999997	0	0
12.9700000000003	10.3739999999998	11.8089999999993	0	0
25.2190000000001	20.1929999999993	21.3590000000004	0	0
9.98500000000058	4.35999999999967	10.665	0	0
18.7489999999998	14.5540000000001	16.3959999999997	0	0
14.6880000000001	14.0870000000004	10.7999999999993	0	0
23.8059999999996	15.5510000000004	23.6629999999996	0	0
17.152	9.68199999999979	19.5550000000003	0	0
10.5240000000003	5.6889999999994	11.5129999999999	0	0
10.1120000000001	6.53099999999995	9.6239999999998	0	0
20.4800000000005	23.0079999999998	12.9530000000004	0	0
21.6030000000001	18.067	17.3040000000001	0	0
15.9520000000002	13.8299999999999	12.4759999999997	0	0
9.88900000000012	3.19500000000062	11.098	0	0
28.4319999999998	21.7449999999999	23.5149999999994	0	0
9.0010000000002	2.92500000000018	8.60499999999956	0	0
10.6540000000005	4.25	12.5780000000004	0	0
22.3139999999994	16.6379999999999	18.2340000000004	0	0
14.1439999999993	14.3620000000001	11.4270000000006	0	0
22.9960000000001	16.1319999999996	17.2439999999997	0	0
19.2930000000006	12.1400000000003	18.5500000000002	0	0
18.2160000000003	11.7730000000001	15.2910000000002	0	0
11.6620000000003	9.31999999999971	9.7489999999998	0	0
9.99199999999928	3.78999999999996	10.4959999999992	0	0
18.268	6.87800000000061	19.8419999999996	0	0
17.8780000000006	10.3229999999994	17.1509999999998	0	0
11.3310000000001	7.57300000000032	10.3360000000002	0	0
31.6930000000002	31.7219999999998	23.0250000000005	0	0
28.2429999999995	28.6700000000001	19.884	0	0
11.009	7.67399999999998	11.8309999999992	0	0
8.62299999999959	4.06800000000021	8.98999999999978	0	0
13.5079999999998	11.8739999999998	9.96900000000005	0	0
15.9529999999995	5.90000000000055	16.0619999999999	0	0
16.5259999999998	14.9660000000003	11.4120000000003	0	0
41.3119999999999	40.2669999999998	29.2840000000006	0	0
12.1450000000004	12.6359999999995	11.4710000000005	0	0
16.5659999999998	8.76799999999912	17.6100000000006	0	0
10.7710000000006	5.75600000000031	11.2209999999995	0	0
11.4439999999995	7.91199999999935	10.2079999999996	0	0
19.6910000000007	13.326	18.2060000000001	0	0
13.0159999999996	8.65400000000045	10.8109999999997	0	0
15.7860000000001	8.13699999999972	17.7430000000004	0	0
26.7240000000002	23.3140000000003	18.8990000000003	0	0
12.0380000000005	12.3620000000001	12.1359999999995	0	0
11.1649999999991	7.07800000000043	11.4340000000002	0	0
17.762999999999	10.7290000000003	16.2419999999993	0	0
13.8680000000004	12.29	10.0300000000007	0	0
12.2290000000012	11.5640000000003	9.54699999999957	0	0
15.6370000000006	6.10199999999986	17.8679999999995	0	0
10.3050000000003	7.48800000000028	10.1149999999998	0	0
26.3089999999993	20.8960000000006	23.1350000000002	0	0
12.6829999999991	8.91399999999976	10.4520000000002	0	0
22.9849999999988	13.0479999999998	19.8819999999996	0	0
9.94700000000012	4.42399999999998	8.97200000000066	0	0
18.8389999999999	8.01400000000012	20.1590000000006	0	0
20.723	14.7179999999998	21.1559999999999	0	0
9.08699999999953	5.0619999999999	9.94399999999951	0	0
21.4319999999989	10.0109999999995	21.1749999999993	0	0
8.68900000000031	4.5019999999995	8.93199999999979	0	0
11.6599999999999	8.1260000000002	10.9589999999998	0	0
9.54299999999967	3.76400000000012	8.6220000000003	0	0
20.4529999999995	16.3389999999999	17.3140000000003	0	0
20.1729999999989	15.3429999999998	18.0349999999999	0	0
10.7710000000006	7.57200000000012	10.8189999999995	0	0
23.6960000000017	15.8769999999995	22.1720000000005	0	0
10.2690000000002	4.8119999999999	10.5929999999998	0	0
23.1820000000007	15.9690000000001	23.607	0	0
9.33500000000095	4.38900000000012	10.0700000000006	0	0
13.2729999999992	8.71199999999953	10.5510000000004	0	0
10.098	8.40800000000036	9.01900000000023	0	0
17.362000000001	10.9520000000002	17.7710000000006	0	0
15.7540000000008	9.4409999999998	17.1010000000006	0	0
17.1309999999994	9.24699999999939	16.8010000000004	0	0
19.7649999999994	14.4960000000001	18.5650000000005	0	0
14.7219999999998	12.2089999999998	9.92399999999998	0	0
19.9259999999995	12.7949999999992	16.9889999999996	0	0
8.94100000000071	5.25699999999961	10.3250000000007	0	0
9.52199999999903	2.96299999999974	9.53399999999965	0	0
20.8189999999995	10.1229999999996	20.9370000000017	0	0
14.5730000000003	13.4070000000002	10.9080000000013	0	0
9.50900000000001	5.41600000000017	9.95399999999972	0	0
31.9509999999991	24.0969999999998	26.0389999999989	0	0
12.5550000000003	10.4700000000003	11.3189999999995	0	0
16.3250000000007	16.1320000000005	12.4060000000009	0	0
20.3940000000002	18.3229999999994	17.3850000000002	0	0
13.6910000000007	8.27700000000004	11.1689999999999	0	0
19.3950000000004	13.6980000000003	19.3720000000012	0	0
16.5599999999995	11.7110000000002	15.8940000000002	0	0
10.8240000000005	6.625	9.51900000000023	0	0
21.0490000000009	17.8440000000001	18.2989999999991	0	0
22.5869999999995	15.1130000000003	22.5470000000005	0	0
12.482	8.03799999999956	12.9200000000001	0	0
16.1760000000013	6.01699999999983	16.351999999999	0	0
23.0699999999997	12.5560000000005	22.7689999999984	0	0
17.6090000000004	9.21299999999974	16.7749999999996	0	0
18.9950000000008	20.7309999999998	11.7260000000006	0	0
20.9210000000003	13.8419999999996	16.9359999999997	0	0
25.5	21.4110000000001	21.1700000000001	0	0
11.2780000000002	7.68199999999979	11.6569999999992	0	0
8.51000000000022	2.14000000000033	11.9279999999999	0	0
16.527	7.95399999999972	17.5690000000013	0	0
23.0750000000007	18.7699999999995	17.4069999999992	0	0
10.8329999999987	5.91000000000076	11.378999999999	0	0
33.509	23.4499999999998	28.857	0	0
26.4210000000003	14.6509999999998	27.7129999999997	0	0
21.6090000000004	16.5889999999999	19.4470000000001	0	0
15.3389999999999	8.05299999999988	15.75	0	0
10.6479999999992	6.80000000000018	9.98499999999876	0	0
19.2129999999997	12.7939999999999	19.0049999999992	0	0
33.2810000000009	22.8539999999994	28.6579999999994	0	0
16.4709999999995	5.80499999999938	17.4099999999999	0	0
11.8330000000005	11.3220000000001	9.18099999999868	0	0
11.4799999999996	8.13799999999992	10.4459999999999	0	0
9.65599999999904	5.02599999999984	9.8119999999999	0	0
10.7950000000001	6.50700000000052	10.4500000000007	0	0
11.5240000000013	5.75500000000011	11.107	0	0
14.6149999999998	13.6409999999996	11.1280000000006	0	0
11.5640000000003	8.97200000000066	10.4750000000004	0	0
25.9549999999999	27.9409999999998	18.8829999999998	0	0
13.2260000000006	10.1449999999995	11.2180000000008	0	0
11.6659999999993	7.58599999999933	13.7600000000002	0	0
21.9570000000003	13.482	22.482	0	0
18.0910000000003	11.5590000000002	16.8820000000014	0	0
17.5969999999998	8.33600000000024	16.1309999999994	0	0
10.1920000000009	5.42900000000009	11.2110000000011	0	0
19.389000000001	13.134	19.7080000000005	0	0
18.7330000000002	11.6270000000004	17.2330000000002	0	0
9.53500000000167	3.77799999999934	9.97099999999955	0	0
28.3790000000008	21.5289999999995	25.393	0	0
16.884	7.91299999999956	16.7080000000005	0	0
10.5300000000007	6.28600000000006	10.1440000000002	0	0
19.0689999999995	12.491	17.7800000000007	0	0
21.473	14.9120000000003	19.7349999999988	0	0
20.7950000000001	14.5749999999998	17.4179999999997	0	0
17.2579999999998	8.35800000000017	17.5649999999987	0	0
9.84299999999894	4.23000000000047	11.9809999999998	0	0
9.93299999999908	3.83500000000004	10.4369999999999	0	0
9.07699999999932	3.14699999999993	10.0149999999994	0	0
15.139000000001	14.3010000000004	12.8490000000002	0	0
11.5	8.95499999999993	10.893	0	0
25.880000000001	21.5349999999999	20.0550000000003	0	0
9.23199999999997	4.58100000000013	9.75900000000001	0	0
9.71600000000035	5.12199999999939	11.0689999999995	0	0
26.7549999999992	16.1849999999995	27.6309999999994	0	0
19.375	14.503999999999	17	0	0
24.9940000000006	17.3449999999993	21.9489999999987	0	0
19.5720000000001	13.625	16.7979999999989	0	0
10.5749999999989	5.09100000000035	10.5349999999999	0	0
12.0540000000001	8.04800000000068	11.1800000000003	0	0
10.2450000000008	5.73999999999978	8.95199999999932	0	0
31.4300000000003	28.3899999999994	24.2899999999991	0	0
17.4379999999983	10.8910000000014	17.0650000000005	0	0
36.5560000000005	31.9430000000011	29.0759999999991	0	0
8.40899999999965	3.96200000000135	9.33100000000013	0	0
21.0619999999999	12.0609999999997	21.7260000000006	0	0
10.5619999999999	5.90500000000065	11.4140000000007	0	0
23.530999999999	18.9620000000014	19.7900000000009	0	0
32.2209999999995	24.6330000000016	24.5650000000005	0	0
10.630000000001	8.23999999999978	10.75	0	0
10.134	4.82200000000012	10.5059999999994	0	0
14.5429999999997	16.2459999999992	11.6739999999991	0	0
9.72500000000036	4.38400000000001	10.6970000000001	0	0
15.9099999999999	8.44099999999889	16.3790000000008	0	0
22.1270000000004	14.4229999999989	18.2659999999996	0	0
9.39199999999983	3.52000000000044	11.134	0	0
18.405999999999	11.1020000000008	20.7209999999995	0	0
38.232	19.1610000000001	40.6640000000007	0	0
21.3630000000012	14.8160000000007	22.9279999999999	0	0
10.8779999999988	6.98500000000058	11.2979999999989	0	0
10.7039999999997	5.64899999999943	11.3860000000004	0	0
10.2619999999988	4.53300000000127	11.0999999999985	0	0
10.8690000000006	5.82700000000114	10.9589999999989	0	0
12.8760000000002	10.375	11.0510000000013	0	0
9.07300000000032	4.74800000000141	10.6999999999989	0	0
17.9889999999996	9.24200000000019	17.3970000000008	0	0
20.9740000000002	17.0259999999998	19.6230000000014	0	0
17.9400000000005	12.4120000000003	17.7250000000004	0	0
24.6929999999993	17.0770000000011	23.0139999999992	0	0
24.4510000000009	13.5329999999994	24.3989999999994	0	0
18.9930000000004	12.7649999999994	17.5519999999997	0	0
20.603000000001	13.9589999999989	20.366	0	0
12.3029999999999	7.503999999999	10.402	0	0
20.9040000000005	14.2990000000009	19.1820000000007	0	0
27.8449999999993	23.5810000000001	24.2279999999992	0	0
12.491	7.96299999999974	9.27399999999943	0	0
26.0830000000005	21.509	19.6829999999991	0	0
23.3960000000006	16.8509999999987	22.1649999999991	0	0
17.4339999999993	9.34599999999955	17.518	0	0
18.4459999999999	11.5520000000015	15.5279999999984	0	0
10.7720000000008	7.69000000000051	11.7090000000007	0	0
17.4439999999995	16.2389999999996	11.0099999999984	0	0
12.3610000000008	9.65000000000146	10.8299999999999	0	0
10.2790000000005	4.59000000000015	10.7200000000012	0	0
19.6560000000009	14.8099999999995	18.2520000000004	0	0
24.2880000000005	14.4579999999987	23.4399999999987	0	0
9.40999999999985	5.75500000000102	9.08300000000054	0	0
8.44700000000012	3.99399999999878	8.9989999999998	0	0
10.8199999999997	7.85599999999977	11.6129999999994	0	0
10.2440000000006	5.26400000000103	11.2610000000004	0	0
14.134	12.732	10.9429999999993	0	0
10.1700000000001	3.40600000000086	10.6810000000005	0	0
21.4110000000001	14.3729999999996	17.7989999999991	0	0
18.3630000000012	10.5210000000006	15.8949999999986	0	0
23.5300000000007	17.2970000000005	18.3060000000005	0	0
20.0100000000002	14.9230000000007	17.3739999999998	0	0
26.1499999999996	20.6099999999988	21.4770000000008	0	0
11.8449999999993	7.92299999999886	11.3079999999991	0	0
10.8729999999996	6.26100000000042	11.1509999999998	0	0
19.8400000000001	12.4760000000006	17.116	0	0
14.0959999999995	13.4480000000003	12.607	0	0
13.0859999999993	9.46000000000095	12.7739999999994	0	0
10.8339999999989	6.53800000000047	10.7170000000006	0	0
22.3469999999998	12.4279999999999	22.9069999999992	0	0
19.601999999999	13.869999999999	19.1670000000013	0	0
19.0560000000005	13.5869999999995	17.3989999999994	0	0
19.0499999999993	10.8209999999999	17.1649999999991	0	0
21.0030000000006	15.5490000000009	18.0900000000001	0	0
9.59599999999955	4.67199999999866	9.93599999999969	0	0
14.2489999999998	15.1959999999999	11.4809999999998	0	0
22.625	16.9629999999997	16.5399999999991	0	0
22.4569999999985	17.3359999999993	18.3029999999999	0	0
12.5319999999992	10.2029999999995	9.92100000000028	0	0
12.1969999999983	8.73799999999937	11.9449999999997	0	0
22.1129999999994	17.9989999999998	16.7369999999992	0	0
26.235999999999	20.6419999999998	23.5920000000006	0	0
17.1499999999996	5.746000000001	19.2839999999997	0	0
14.4169999999995	12.6050000000014	12.4060000000009	0	0
9.20199999999932	2.31700000000092	10.3189999999995	0	0
11.4149999999991	4.84700000000157	11.0900000000001	0	0
8.9950000000008	4.09599999999955	9.37199999999939	0	0
10.1829999999991	5.81599999999889	11.1000000000004	0	0
15.6140000000014	6.10100000000057	15.1280000000006	0	0
11.612000000001	5.85599999999977	11.7330000000002	0	0
11.8299999999999	8.51900000000023	13.0609999999997	0	0
16.2260000000006	8.51800000000003	17.2450000000008	0	0
9.77099999999882	4.08500000000095	9.95199999999932	0	0
11.0239999999994	6.19300000000112	10.6670000000013	0	0
10.6190000000006	6	9.14599999999882	0	0
12.4300000000003	9.1929999999993	11.7389999999996	0	0
10.023000000001	4.67200000000048	11.1900000000005	0	0
9.58600000000115	5.72299999999996	10.4410000000007	0	0
16.366	8.65699999999924	16.6130000000012	0	0
17.0579999999991	15.7270000000008	10.1940000000013	0	0
24.2570000000014	19.0020000000004	21.4110000000001	0	0
9.70700000000033	4.07099999999991	11.6200000000008	0	0
24.8259999999991	15.598	23.3470000000016	0	0
18.2950000000001	11.1749999999993	16.6239999999998	0	0
9.74800000000141	5.75699999999961	9.77900000000045	0	0
12.7610000000004	10.2740000000013	13.2970000000005	0	0
9.31500000000051	3.51699999999983	9.55099999999948	0	0
12.1730000000007	7.18000000000029	10.8050000000003	0	0
18.3160000000007	10.2150000000001	19.655999999999	0	0
9.78600000000006	4.34499999999935	11.1229999999996	0	0
12.6740000000009	11.5959999999995	10.6859999999997	0	0
12.3960000000006	8.46199999999953	12.3350000000009	0	0
11.5070000000014	7.93599999999969	10.1170000000002	0	0
9.12199999999939	3.98400000000038	10.4359999999997	0	0
9.5059999999994	5.29800000000068	10.0059999999994	0	0
9.89199999999983	5.91599999999926	10.3889999999992	0	0
11.2610000000004	6.375	11.7980000000007	0	0
10.3289999999997	6.27200000000084	11.2790000000005	0	0
23.7720000000008	21.7249999999985	18.0830000000005	0	0
18.6800000000003	11.7090000000007	17.6999999999989	0	0
25.2909999999993	21.5529999999999	22.4799999999996	0	0
10.8350000000009	5.17100000000028	9.86700000000019	0	0
13.871000000001	9.33700000000135	13.5810000000001	0	0
19.8719999999994	11.2379999999994	20.0569999999989	0	0
11.9609999999993	7.72299999999996	11.6599999999999	0	0
25.1710000000003	15.7509999999984	22.1709999999985	0	0
17.994999999999	9.03399999999965	17.8359999999993	0	0
9.71999999999935	6.48099999999977	9.60399999999936	0	0
9.79099999999926	4.97099999999955	10.4930000000004	0	0
9.09700000000157	3.47700000000077	11.0910000000003	0	0
9.3700000000008	1.93899999999849	10.9670000000006	0	0
12.7780000000002	11.0169999999998	11.7780000000002	0	0
11.7469999999994	7.42999999999847	10.8209999999999	0	0
20.5429999999997	15.4499999999989	19.0599999999995	0	0
22.594000000001	17.4399999999987	19.643	0	0
14.1209999999992	13.6629999999986	11.3019999999997	0	0
10.9719999999998	8.39099999999962	9.51800000000003	0	0
8.30299999999988	4.18299999999908	9.03100000000086	0	0
10.1759999999995	7.29700000000048	10.7690000000002	0	0
10.6689999999999	5.6869999999999	11.2249999999985	0	0
12.241	8.69800000000032	11.8330000000005	0	0
23.5390000000007	12.8650000000016	23.2420000000002	0	0
30.985999999999	28.8559999999998	25.4719999999998	0	0
26.2289999999994	12.1059999999998	26.3990000000013	0	0
12.4510000000009	9.39099999999962	11.5200000000004	0	0
26.7989999999991	18.7929999999997	20.8940000000002	0	0
10.2880000000005	5.80400000000009	9.65899999999965	0	0
62.7440000000006	40.0640000000003	56.9529999999995	0	0
10.4840000000004	6.76400000000103	10.5530000000017	0	0
10.273000000001	5.65299999999843	10.6000000000004	0	0
32.7849999999999	25.7649999999994	30.2009999999991	0	0
10.8090000000011	8.9950000000008	11.0750000000007	0	0
14.2039999999997	11.2109999999993	11.0030000000006	0	0
17.4380000000001	11.5969999999998	17.8069999999989	0	0
9.1299999999992	3.62699999999859	10.3419999999987	0	0
15.4789999999994	13.6509999999998	10.6560000000009	0	0
9.57300000000032	6.00400000000081	9.11499999999978	0	0
11.0399999999991	7.67999999999847	11.8600000000006	0	0
11.143	5.48500000000058	10.1810000000005	0	0
19.9880000000012	12.7080000000005	18.3140000000003	0	0
10.8490000000002	6.35599999999977	10.616	0	0
10.7219999999998	6.1260000000002	12.1460000000006	0	0
9.56600000000071	4.47999999999956	10.1809999999987	0	0
25.3389999999999	16.8100000000013	26.0740000000005	0	0
14.1620000000003	13.9850000000006	12.8690000000006	0	0
29.8739999999998	26.2470000000012	21.6920000000009	0	0
11.6180000000004	8.72900000000118	9.47299999999996	0	0
19.0959999999995	12.0470000000005	19.0490000000009	0	0
18.9660000000003	10.1239999999998	20.6370000000006	0	0
19.512999999999	13.7430000000004	18.6959999999999	0	0
12.3429999999989	9.02200000000084	9.8690000000006	0	0
12.7910000000011	8.34999999999854	10.7119999999995	0	0
29.1339999999982	30.7780000000002	22.1370000000006	0	0
12.349000000002	8.41100000000006	11.5640000000003	0	0
24.0500000000029	18.3250000000007	21.1129999999994	0	0
12.4120000000003	11.1730000000007	11.1000000000004	0	0
10.4470000000001	6.08100000000013	9.77199999999903	0	0
18.752999999997	12.2009999999991	17.3990000000013	0	0
8.8859999999986	2.66500000000087	9.74099999999999	0	0
11.3139999999985	7.12099999999919	9.84400000000096	0	0
14.0720000000001	12.5310000000009	11.6840000000011	0	0
10.0349999999999	4.22699999999895	10.2459999999992	0	0
22.2630000000026	18.0820000000003	17.2560000000012	0	0
13.9860000000008	12.857	11.7489999999998	0	0
22.3169999999991	17.6829999999991	18.3119999999999	0	0
10.5249999999978	6.21000000000095	10.8990000000013	0	0
24.3060000000005	16.7300000000014	25.0349999999999	0	0
8.69899999999689	3.125	8.15399999999863	0	0
12.9670000000006	8.52200000000084	10.9169999999995	0	0
11.9419999999991	9.28399999999965	10.5579999999991	0	0
10.0260000000017	4.80199999999968	9.15600000000086	0	0
27.0930000000008	20.3490000000002	21.994999999999	0	0
18.2979999999989	9.56899999999951	16.5160000000014	0	0
10.6100000000006	6.63699999999881	10.3810000000012	0	0
18.9639999999999	11.9979999999996	18.8739999999998	0	0
11.9660000000003	7.98500000000058	11.4449999999997	0	0
19.6729999999989	21.2290000000012	11.9390000000003	0	0
10.3369999999995	4.46800000000076	9.47199999999975	0	0
24.6469999999972	15.9339999999993	19.7099999999991	0	0
14.8230000000003	11.5959999999995	13.0650000000005	0	0
21.3449999999975	17.2800000000007	19.1890000000003	0	0
23.7119999999995	18.9720000000016	20.2579999999998	0	0
8.79699999999866	4.25300000000061	8.51600000000144	0	0
9.2599999999984	3.74099999999999	10.1620000000003	0	0
23.7969999999987	23.027	19.2389999999996	0	0
10.0329999999994	5.30599999999868	10.9970000000012	0	0
17.9799999999996	11.8430000000008	16.2250000000004	0	0
15.3639999999978	13.2630000000008	11.3420000000006	0	0
11.8790000000008	7.42599999999948	11.4319999999989	0	0
26.3349999999991	12.9970000000012	25.8510000000006	0	0
30.4629999999997	19.3259999999991	28.5619999999999	0	0
10.9520000000011	6.60000000000036	11.1450000000004	0	0
9.02799999999843	3.84900000000016	11.8670000000002	0	0
18.0820000000022	9.76200000000063	17.5010000000002	0	0
11.260000000002	6.73699999999917	9.76599999999962	0	0
11.8529999999992	6.77399999999943	10.4430000000011	0	0
15.7739999999976	6.7510000000002	15.9290000000001	0	0
19.395999999997	19.5490000000009	12.4629999999997	0	0
35.9540000000015	28.1979999999985	32.1319999999996	0	0
18.7170000000006	9.62900000000081	17.6489999999994	0	0
21.4880000000012	14.9079999999994	16.5589999999993	0	0
10.8830000000016	7.49099999999999	11.7119999999995	0	0
16.4220000000023	7.25400000000081	16.3069999999989	0	0
10.9020000000019	7.46399999999994	10.0650000000005	0	0
18.6979999999967	10.8979999999992	20.0740000000005	0	0
15.0620000000017	15.746000000001	10.7039999999997	0	0
18.3119999999981	21.3149999999987	10.7569999999996	0	0
19.635000000002	20.3070000000007	11.3079999999991	0	0
24.4480000000003	17.8280000000013	17.9839999999986	0	0
16.461000000003	6.40500000000065	17.7929999999997	0	0
13.9609999999993	12.5869999999995	11.4139999999989	0	0
28.1710000000021	22.5890000000018	24.1180000000004	0	0
24.992000000002	19.6090000000004	22.098	0	0
18.7440000000024	12.3629999999994	18.2789999999986	0	0
24.7980000000025	26.0600000000013	20.4730000000018	0	0
19.1939999999995	13.9079999999994	17.6799999999967	0	0
16.4969999999994	6.56500000000051	16.8549999999996	0	0
28.6009999999987	22.8420000000006	24.6359999999986	0	0
12.0480000000025	7.7489999999998	11.6369999999988	0	0
9.84900000000198	2.65300000000025	10.0789999999979	0	0
20.0659999999989	11.0290000000005	20.6860000000015	0	0
15.2289999999994	15.1360000000004	10.9130000000005	0	0
17.1239999999998	18.2520000000004	12.6179999999986	0	0
15.2699999999968	14.277	12.8529999999992	0	0
25.2170000000006	20.8490000000002	17.4300000000003	0	0
12.747000000003	10.3299999999999	11.9959999999992	0	0
22.3359999999993	17.8829999999998	21.7929999999978	0	0
12.6549999999988	10.8180000000011	12.3430000000008	0	0
23.107	20.8280000000013	20.369999999999	0	0
14.6769999999997	12.5579999999991	12.1850000000013	0	0
15.5630000000019	6.14400000000023	16.8499999999985	0	0
10.0980000000018	5.45399999999972	10.7569999999978	0	0
32.9650000000001	29.6779999999999	25.2069999999985	0	0
11.4830000000002	7.23099999999977	10.7770000000019	0	0
9.70500000000175	4.11100000000079	10.4989999999998	0	0
18.1800000000003	10.0670000000009	17.2030000000013	0	0
9.45300000000134	3.70099999999911	10.3780000000006	0	0
11.1679999999978	7.16200000000026	12.7610000000022	0	0
18.018	13.3709999999992	18.3319999999985	0	0
9.67299999999886	5.98899999999958	9.65999999999985	0	0
19.9939999999988	14.1540000000005	17.1450000000004	0	0
24.5730000000003	22.4989999999998	19.3359999999993	0	0
14.1200000000026	13.2999999999993	10.112000000001	0	0
19.2710000000006	10.996000000001	19.1059999999998	0	0
16.9739999999983	16.0820000000003	13.9130000000005	0	0
25.6520000000019	24.2180000000008	21.4399999999987	0	0
22.0329999999994	17.2749999999996	17.6399999999994	0	0
14.8610000000008	11.7459999999992	11.3310000000019	0	0
11.5020000000004	8.70600000000013	11.0519999999997	0	0
25.9559999999983	20.6139999999996	20.864999999998	0	0
19.382999999998	13.0760000000009	18.3050000000003	0	0
9.23899999999776	2.90500000000065	10.4179999999978	0	0
8.93799999999828	2.70900000000074	11.6039999999994	0	0
9.32700000000114	4.19499999999971	10.2039999999979	0	0
9.60499999999956	4.07899999999972	9.84900000000198	0	0
10.4200000000019	7.07900000000154	9.64900000000125	0	0
19.4840000000004	8.80899999999929	21.2639999999992	0	0
18.8580000000002	10.9549999999999	17.737000000001	0	0
9.81999999999971	4.14600000000064	11.5879999999997	0	0
9.8839999999982	4.3119999999999	10.362000000001	0	0
21.622000000003	17.4689999999991	17.8310000000019	0	0
20.2820000000029	9.98999999999978	20.8619999999974	0	0
14.0119999999988	12.2440000000006	12.0459999999985	0	0
16.9689999999973	10.2690000000002	17.2150000000001	0	0
13.232	9.72700000000077	10.9780000000028	0	0
26.9490000000005	15.2579999999998	27.4110000000001	0	0
17.5709999999999	12.1720000000005	15.4660000000003	0	0
13.645999999997	9.77199999999903	12.9160000000011	0	0
12.6389999999992	10.527	11.1409999999996	0	0
20.4570000000022	15.7960000000003	19.0869999999995	0	0
10.1709999999985	5.8739999999998	10.5010000000002	0	0
21.6179999999986	13.768	18.989999999998	0	0
10.094000000001	4.38500000000022	11.9120000000003	0	0
13.8299999999981	10.2510000000002	11.9490000000005	0	0
11.4389999999985	6.65399999999863	11.9840000000004	0	0
18.8290000000015	10.2610000000004	22.476999999999	0	0
20.2099999999991	11.8540000000012	18.0910000000003	0	0
10.3089999999975	5.90200000000004	11.5469999999987	0	0
16.8420000000006	9.6299999999992	18.6290000000008	0	0
35.747000000003	32.0560000000005	34.7279999999992	0	0
19.4570000000022	12.2379999999994	21.7489999999998	0	0
35.5360000000001	32.0930000000008	28.518	0	0
13.4159999999974	11.223	10.2639999999992	0	0
12.900999999998	9.17899999999827	11.275999999998	0	0
17.3019999999997	12.1080000000002	16.4540000000015	0	0
18.3679999999986	10.6809999999987	17.2910000000011	0	0
25.8489999999983	22.973	19.2080000000024	0	0
22.018	13.9700000000012	22.1310000000012	0	0
8.95500000000175	4.06499999999869	9.48600000000079	0	0
8.84400000000096	4.43499999999949	9.79300000000148	0	0
32.7030000000013	33.6970000000001	26.2170000000006	0	0
26.6549999999988	27.3239999999987	21.7129999999997	0	0
12.2620000000024	8.04899999999907	12.3619999999974	0	0
21.512999999999	12.7129999999997	20.2139999999999	0	0
35.2919999999976	28.4249999999993	29.4239999999991	0	0
10.2219999999979	7.73000000000138	9.60300000000279	0	0
20.387999999999	12.5100000000002	19.8189999999995	0	0
10.4330000000009	7.02100000000064	10.8009999999995	0	0
18.4659999999967	11.223	19.7910000000011	0	0
22.5150000000031	15.9060000000009	19.7299999999996	0	0
12.726999999999	10.3720000000012	10.1889999999985	0	0
20.8070000000007	15.378999999999	19.0870000000032	0	0
9.40799999999945	4.85099999999875	9.78900000000067	0	0
16.9000000000015	8.09499999999935	17.9290000000001	0	0
8.57100000000355	3.57599999999911	11.0200000000004	0	0
22.8319999999985	20.612000000001	16.3300000000017	0	0
26.6280000000006	12.7340000000004	28.5370000000003	0	0
9.81600000000253	3.4369999999999	10.4010000000017	0	0
18.3630000000012	10.7380000000012	18.226999999999	0	0
17.0950000000012	8.68599999999969	16.8480000000018	0	0
17.4539999999979	11.5249999999996	16.6670000000013	0	0
10.6959999999999	7.61700000000019	9.84900000000198	0	0
8.12800000000061	3.125	9.23600000000079	0	0
17.5380000000005	9.06899999999951	18.4049999999988	0	0
10.4140000000007	4.82200000000012	8.57800000000134	0	0
20.4300000000003	16.5540000000001	19.4979999999996	0	0
17.4729999999981	9.39300000000003	17.5750000000007	0	0
9.3169999999991	4.95100000000093	9.3760000000002	0	0
30.0400000000009	22.348	26.1640000000007	0	0
25.4089999999997	16.9449999999997	25.1000000000022	0	0
12.5250000000015	11.0409999999993	10.4519999999975	0	0
16.8040000000001	7.58100000000013	17.4320000000007	0	0
18.2580000000016	14.7489999999998	17.5	0	0
19.8969999999972	13.402	15.2779999999984	0	0
24.6550000000025	23.5410000000011	18.5449999999983	0	0
10.5950000000012	8.19599999999991	9.22200000000157	0	0
9.64099999999962	2.74799999999959	9.76699999999983	0	0
9.95100000000093	5.8739999999998	10.1219999999994	0	0
17.0339999999997	9.21700000000055	17.3860000000022	0	0
9.79799999999886	5.21899999999914	9.97999999999956	0	0
16.7769999999982	9.71299999999974	17.7119999999995	0	0
30.0119999999988	22.7880000000005	27.3240000000005	0	0
10.885000000002	6.95999999999913	10.6359999999986	0	0
19.2920000000013	13.4480000000003	17.3079999999973	0	0
10.5149999999994	5.00400000000081	9.75799999999799	0	0
9.22499999999854	4.23200000000179	8.93600000000151	0	0
11.1700000000019	9.22000000000116	11.1229999999996	0	0
11.1759999999995	7.86899999999878	9.48799999999756	0	0
19.1119999999974	10.1419999999998	17.8870000000024	0	0
8.97100000000137	4.90899999999965	8.73199999999997	0	0
18.7560000000012	11.2079999999987	14.5799999999981	0	0
12.2669999999998	9.86999999999898	10.0190000000002	0	0
22.2930000000015	12.7899999999991	19.2199999999975	0	0
32.280999999999	19.1919999999991	26.1919999999991	0	0
19.2400000000016	13.3910000000014	13.867000000002	0	0
14.6579999999994	8.46600000000035	13.3770000000004	0	0
26.4399999999987	16.1790000000001	21.1409999999996	0	0
11.3230000000003	9.9369999999999	8.71299999999974	0	0
20.4789999999994	13.7060000000001	14.9629999999997	0	0
19.1779999999999	11.8679999999986	14.8159999999989	0	0
30.4850000000006	21.8780000000006	21.1720000000023	0	0
13.020999999997	9.99599999999919	9.19599999999991	0	0
9.90999999999985	4.65399999999863	8.62900000000081	0	0
18.2270000000026	13.2690000000002	14.2989999999991	0	0
8.54300000000148	2.80799999999726	8.40499999999884	0	0
21.2910000000011	15.9860000000008	14.3899999999994	0	0
11.8060000000005	7.39400000000023	8.02600000000166	0	0
9.30500000000029	3.54699999999866	7.88500000000204	0	0
9.63400000000183	4.27800000000207	7.32400000000052	0	0
9.65000000000146	4.79100000000108	7.69700000000012	0	0
8.72300000000178	3.8660000000018	7.48500000000058	0	0
14.4830000000002	5.44599999999991	12.3719999999994	0	0
15.9199999999983	7.02500000000146	13.8400000000001	0	0
15.9780000000028	6.52200000000084	16.9829999999965	0	0
30.650999999998	19.5850000000028	22.9979999999996	0	0
15.8849999999984	9.86000000000058	13.6029999999992	0	0
19.4989999999998	14.2340000000004	15.25	0	0
21.3109999999979	10.8709999999992	20.0210000000006	0	0
16.4879999999976	8.08099999999831	14.7289999999994	0	0
32.3070000000007	23.5149999999994	25.5090000000018	0	0
11.6150000000016	6.87199999999939	9.20000000000073	0	0
24.7439999999988	16.5950000000012	19.1039999999994	0	0
17.8839999999982	8.93999999999869	13.0220000000008	0	0
10.005000000001	6.3279999999977	8.36100000000079	0	0
9.19499999999971	3.67499999999927	7.54299999999785	0	0
21.7409999999982	16.7209999999977	16.4380000000019	0	0
8.91200000000026	4.53199999999924	8.18500000000131	0	0
27.0629999999983	12.9470000000001	21.492000000002	0	0
16.3719999999994	6.9429999999993	14.3179999999993	0	0
19.6269999999968	12.7839999999997	14.0010000000002	0	0
25.7450000000026	23.3009999999995	17.5949999999975	0	0
17.4510000000009	9.54500000000189	13.4510000000009	0	0
16.7979999999989	9.61299999999756	13.507999999998	0	0
8.95100000000093	3.0669999999991	7.59700000000157	0	0
15.9079999999994	6.81100000000151	13.6560000000027	0	0
7.80299999999988	2.80199999999968	7.06200000000172	0	0
16.257999999998	9.58499999999913	13.6800000000003	0	0
16.4069999999992	7.49800000000323	13.497000000003	0	0
18.4410000000025	10.2739999999976	16.7749999999978	0	0
24.8849999999984	12.729000000003	22.4900000000016	0	0
26.6280000000006	13.5920000000006	21.7020000000011	0	0
17.4980000000032	11.1130000000012	13.3780000000006	0	0
19.8480000000018	12.7259999999987	14.3339999999989	0	0
16.9340000000011	9.24300000000221	13.8450000000012	0	0
17.851999999999	13.4550000000017	13.4350000000013	0	0
24.7380000000012	17.6419999999998	16.987000000001	0	0
19.4749999999985	12.3340000000026	15.9259999999995	0	0
9.40999999999985	3.82900000000154	7.81300000000192	0	0
18.4259999999995	14.2920000000013	14.5080000000016	0	0
8.69800000000032	2.70100000000093	8.25799999999799	0	0
15.364999999998	7.35000000000218	13.9439999999995	0	0
19.3660000000018	9.27200000000084	15.7429999999986	0	0
9.84200000000055	5.35499999999956	9.39500000000044	0	0
19.119999999999	13.9909999999982	15.530999999999	0	0
9.5109999999986	3.5089999999982	8.34100000000035	0	0
10.8859999999986	7.19599999999991	8.43899999999849	0	0
16.510000000002	7.94900000000052	14.2560000000012	0	0
11.357	8.22799999999916	9.11700000000201	0	0
9.0470000000023	3.46700000000055	8.1239999999998	0	0
11.8889999999992	7.70599999999831	8.40600000000268	0	0
12.2460000000028	8.75400000000081	8.15799999999945	0	0
8.58399999999892	2.854000000003	8.70300000000134	0	0
17.2239999999983	10.1180000000022	15.1460000000006	0	0
17.9390000000021	10.0730000000003	14	0	0
11.5200000000004	8.20599999999831	8.35699999999997	0	0
9.4900000000016	2.90399999999863	9.27899999999863	0	0
8.42299999999886	2.34600000000137	8.22499999999854	0	0
17.6720000000023	10.2129999999997	15.4650000000001	0	0
10.719000000001	7.2599999999984	8.46600000000035	0	0
16.7849999999999	9.59100000000035	13.9259999999995	0	0
14.9850000000006	7.18799999999828	14.2220000000016	0	0
16.518	9.25500000000102	13.2379999999976	0	0
20.2079999999987	15.869999999999	13.9719999999979	0	0
9.70400000000154	3.59999999999854	9.61899999999878	0	0
11.2870000000003	8.47499999999854	9.28299999999945	0	0
22.8629999999976	18.1970000000001	18.237000000001	0	0
10.2920000000013	5.0109999999986	8.3660000000018	0	0
19.4399999999987	12.9279999999999	14.7099999999991	0	0
20.7540000000008	15.8280000000013	13.5869999999995	0	0
8.51599999999962	3.34300000000076	6.89899999999761	0	0
10.2690000000002	5.74400000000242	6.98099999999977	0	0
8.51500000000306	4.38300000000163	6.46099999999933	0	0
15.7010000000009	9.38500000000204	10.9119999999966	0	0
8.60800000000017	4.01800000000003	7.18699999999808	0	0
7.93599999999788	2.90899999999965	7.31000000000131	0	0
10.3580000000002	6.79699999999866	7.59500000000116	0	0
19.0440000000017	8.78899999999703	14.0319999999992	0	0
22.1749999999993	15.6560000000027	13.9249999999993	0	0
16.4159999999974	9.92399999999907	12.0620000000017	0	0
18.9840000000004	10.4079999999994	13.9860000000008	0	0
18.5879999999997	9.27999999999884	12.8509999999987	0	0
15.9170000000013	8.1919999999991	11.9580000000024	0	0
25.0190000000002	15.1009999999987	18.6039999999994	0	0
10.726999999999	7.14400000000023	7.89199999999983	0	0
7.87099999999919	5.14700000000084	6.85099999999875	0	0
11.1740000000027	7.84200000000055	6.66300000000047	0	0
8.64900000000125	4.8859999999986	6.68499999999767	0	0
24.5380000000005	11.0889999999999	18.3389999999999	0	0
26.1980000000003	10.9820000000036	19.7119999999995	0	0
21.8679999999986	15.1949999999997	13.9390000000021	0	0
21.9229999999989	12.5669999999991	14.1810000000005	0	0
9.27699999999822	5.08099999999831	6.39099999999962	0	0
16.4290000000001	6.18800000000192	12.1829999999973	0	0
8.66600000000108	4.58199999999852	6.39700000000084	0	0
10.2720000000008	7.54000000000087	7.01900000000023	0	0
8.26399999999921	3.06999999999971	5.98800000000119	0	0
7.94800000000032	3.57300000000032	5.92299999999886	0	0
14.344000000001	6.37999999999738	11.1100000000006	0	0
7.65000000000146	2.71899999999732	5.52199999999721	0	0
25.1140000000014	15.1919999999991	16.4310000000005	0	0
8.43600000000151	3.61200000000099	5.79799999999886	0	0
15.8679999999986	10.4599999999991	9.70699999999852	0	0
8.53100000000268	3.24900000000343	6.40899999999965	0	0
17.3300000000017	12.3999999999978	10.9219999999987	0	0
8.48499999999694	3.10000000000218	6.68000000000029	0	0
9.41799999999785	4.84000000000015	6.29500000000189	0	0
19.8460000000014	10.3450000000012	13.6850000000013	0	0
23.8140000000021	14.9269999999997	15.5900000000001	0	0
8.04399999999805	3.06399999999849	6.26699999999983	0	0
24.3009999999995	13.1790000000001	17.5649999999987	0	0
8.00500000000102	3.35299999999916	5.77100000000064	0	0
18.982	9.01900000000023	13.5519999999997	0	0
8.11499999999796	4.38299999999799	5.48500000000058	0	0
15.7489999999998	6.09900000000198	11.4180000000015	0	0
9.28700000000026	4.88299999999799	6.86199999999735	0	0
9.63900000000285	5.97300000000178	5.81500000000233	0	0
17.969000000001	9.6150000000016	12.6610000000001	0	0
8.39199999999983	3.36899999999878	6.19200000000274	0	0
9.09599999999773	4.38600000000224	6.56999999999971	0	0
8.4419999999991	4.24300000000221	6.86799999999857	0	0
15.0550000000003	8.17399999999907	10.6630000000005	0	0
7.98300000000017	3.46800000000076	5.71800000000076	0	0
15.7429999999986	10.6589999999997	10.8009999999995	0	0
9.70300000000134	5.25200000000041	6.89600000000064	0	0
11.1779999999999	7.70799999999872	6.53600000000006	0	0
9.28800000000047	3.6919999999991	6.68700000000172	0	0
15.4520000000011	10.2160000000003	10.4229999999989	0	0
21.5730000000003	16.1110000000008	12.0020000000004	0	0
8.33399999999892	3.84400000000096	5.92399999999907	0	0
8.69900000000052	4.88100000000122	7.0580000000009	0	0
18.1529999999984	12.8389999999999	11.101999999999	0	0
7.95200000000114	3.21900000000096	5.63800000000265	0	0
15.7569999999978	8.34600000000137	11.2039999999979	0	0
14.010000000002	6.95099999999729	10.8389999999999	0	0
8.47999999999956	3.29400000000169	6.17299999999886	0	0
21.1169999999984	12.5270000000019	15.2079999999987	0	0
18.137999999999	13.1779999999999	11.762999999999	0	0
7.18499999999767	2.35900000000038	5.84000000000015	0	0
9.70500000000175	6.29399999999805	6.51299999999901	0	0
17.6400000000031	10.6139999999978	11.2860000000001	0	0
14.7010000000009	6.13999999999942	10.6620000000003	0	0
16.1599999999999	9.46600000000035	11.1100000000006	0	0
8.37299999999959	5.39600000000064	6.38000000000102	0	0
9.45900000000256	5.14400000000023	7.2589999999982	0	0
9.22299999999814	4.520999999997	6.24399999999878	0	0
8.11300000000119	3.41999999999825	6.34600000000137	0	0
7.42499999999927	3.5470000000023	6.73199999999997	0	0
15.2049999999981	7.36100000000079	11.114999999998	0	0
16.9089999999997	10.3669999999984	11.1690000000017	0	0
9.17099999999846	5.625	6.57399999999689	0	0
8.57099999999991	3.71600000000035	6.42199999999866	0	0
8.66599999999744	4.1349999999984	5.64199999999983	0	0
9.62199999999939	5.22599999999875	6.00900000000183	0	0
8.93800000000192	3.17399999999907	6.28099999999904	0	0
8.25299999999697	3.39999999999782	5.82600000000093	0	0
23.1529999999984	15.887999999999	14.7279999999992	0	0
15.5730000000003	7.28099999999904	10.6820000000007	0	0
9.27000000000044	4.1150000000016	7.24299999999857	0	0
15.226999999999	8.47600000000239	10.9130000000005	0	0
8.33799999999974	3.4419999999991	6.06099999999788	0	0
14.6730000000025	7.17799999999988	10.9129999999968	0	0
8.30099999999948	3.36900000000242	6.1820000000007	0	0
8.01499999999942	5.93000000000029	6.35099999999875	0	0
15.4290000000001	7.71199999999953	10.0049999999974	0	0
16.648000000001	9.67000000000189	10.8499999999985	0	0
24.1389999999992	14.1140000000014	15.512999999999	0	0
17.0240000000013	8.66200000000026	11.7989999999991	0	0
14.7560000000012	6.76699999999983	11.3100000000013	0	0
8.59499999999753	5.66200000000026	5.89500000000044	0	0
22.9350000000013	13.0120000000024	16.732	0	0
9.77399999999761	5.90599999999904	6.64300000000003	0	0
9.54499999999825	4.56499999999869	6.16200000000026	0	0
16.6739999999991	9.1339999999982	11.1680000000015	0	0
15.9120000000003	9.04100000000108	10.9600000000028	0	0
8.41799999999785	3.68299999999726	6.16800000000148	0	0
8.17699999999968	3.48400000000038	5.98899999999776	0	0
9.63300000000163	5.35599999999977	6.45000000000073	0	0
15.6110000000008	8.04300000000148	10.630000000001	0	0
8.09000000000015	3.28300000000309	5.62199999999939	0	0
18.2639999999992	8.41700000000128	12.8520000000026	0	0
20.5499999999993	10.9039999999986	13.8400000000001	0	0
16.9579999999987	10.7250000000022	11.0240000000013	0	0
8.65399999999863	3.76199999999881	6.28499999999985	0	0
14.5970000000016	7.63299999999799	10.5879999999997	0	0
15.4700000000012	7.45899999999892	10.8250000000007	0	0
8.40199999999822	3.24699999999939	6.34700000000157	0	0
7.60900000000038	2.96199999999953	5.78299999999945	0	0
8.36300000000119	3.6239999999998	6.53299999999945	0	0
17.8810000000012	11.5570000000007	10.5929999999971	0	0
14.6830000000009	7.21600000000035	10.6879999999983	0	0
9.42599999999948	5.41900000000169	6.72399999999834	0	0
18.6460000000006	11.143	11.4599999999991	0	0
9.29499999999825	4.3660000000018	6.64000000000306	0	0
8.3169999999991	3.42199999999866	5.95100000000093	0	0
17.8270000000011	12.5249999999978	11.525999999998	0	0
34.6839999999975	21.7669999999998	23.6140000000014	0	0
15.6929999999993	10.2170000000006	9.79300000000148	0	0
15.4789999999994	6.8760000000002	10.1549999999988	0	0
14.6399999999994	7.12900000000081	9.88000000000102	0	0
7.89999999999782	3.38100000000122	5.66100000000006	0	0
21.6239999999998	11.3580000000002	14.4380000000019	0	0
7.94499999999971	3.96299999999974	5.27000000000044	0	0
22.6539999999986	12.8290000000015	15.6450000000004	0	0
14.5449999999983	7.52700000000186	10.018	0	0
16.6180000000022	9.52000000000044	10.1440000000002	0	0
7.41100000000006	3.82099999999991	5.21999999999753	0	0
18.4420000000027	11.1749999999993	11.1090000000004	0	0
7.64099999999962	3.34699999999793	5.79299999999785	0	0
8.24199999999837	4.68799999999828	5.36199999999735	0	0
13.4729999999981	7.23400000000038	9.24200000000201	0	0
6.78999999999724	2.62700000000041	5.14999999999782	0	0
13.614999999998	6.89999999999782	9.44500000000335	0	0
21.122000000003	9.02000000000044	15.1779999999999	0	0
7.95099999999729	3.24499999999898	5.625	0	0
15.7520000000004	10.6310000000012	9.78600000000006	0	0
8.26900000000023	3.51499999999942	5.71399999999994	0	0
8.45400000000154	3.42099999999846	5.7489999999998	0	0
8.21500000000015	4.10900000000038	5.75599999999758	0	0
14.518	7.47199999999793	10.4660000000003	0	0
14.7909999999974	7.6720000000023	9.81399999999849	0	0
13.4880000000012	6.37099999999919	9.86299999999756	0	0
6.38999999999942	1.85199999999895	5.19599999999991	0	0
11.632999999998	5.09200000000055	9.08499999999913	0	0
8.72999999999956	3.27499999999782	6.11300000000119	0	0
8.59399999999732	3.82300000000032	6.145999999997	0	0
8.73300000000017	4.45899999999892	6.45600000000195	0	0
7.96099999999933	3.35699999999997	5.58699999999953	0	0
9.29399999999805	4.03700000000026	6.05500000000029	0	0
18.4869999999974	13.1729999999989	10.3400000000001	0	0
7.94100000000253	3.28499999999985	5.22500000000218	0	0
8.29300000000148	3.56600000000253	5.64700000000084	0	0
8.17500000000291	3.39199999999983	5.46699999999691	0	0
8.83000000000175	4.06300000000192	5.92299999999886	0	0
14.5730000000003	7.40999999999985	9.32999999999811	0	0
7.08799999999974	2.93599999999788	5.10699999999997	0	0
7.57999999999811	3.32999999999811	5.13300000000163	0	0
8.10199999999895	3.06100000000151	5.43100000000049	0	0
13.5450000000019	6.92199999999866	9.96500000000015	0	0
8.2029999999977	3.21299999999974	5.66100000000006	0	0
14.8070000000007	6.79099999999744	9.84499999999753	0	0
8.38199999999779	3.52700000000186	5.6140000000014	0	0
15.8809999999976	10.6160000000018	10.3369999999995	0	0
16.4809999999998	9.93700000000172	9.80400000000009	0	0
9.20700000000215	5.21000000000276	5.58499999999913	0	0
14.0439999999981	7.47899999999936	10.1260000000002	0	0
23.505000000001	11.9710000000014	14.9179999999978	0	0
14.2710000000006	7.47400000000198	9.04799999999886	0	0
9.15999999999985	5.84899999999834	5.44099999999889	0	0
16.4510000000009	8.96699999999691	9.91500000000087	0	0
15.9509999999973	9.75600000000122	9.70599999999831	0	0
17.2440000000024	9.45999999999913	11.1270000000004	0	0
13.7520000000004	6.52000000000044	8.81200000000172	0	0
8.36000000000058	3.77899999999863	5.41600000000108	0	0
7.70999999999913	3.58300000000236	5.34599999999773	0	0
8.375	3.97699999999895	5.86299999999756	0	0
8.65599999999904	3.95699999999852	5.9429999999993	0	0
7.96399999999994	3.34400000000096	5.3660000000018	0	0
14.7249999999985	8.35499999999956	10.0640000000021	0	0
7.76399999999921	4.29399999999805	6.1710000000021	0	0
