7.689	3.246	7.186	0	0
8.313	3.437	7.941	0	0
21.834	9.117	19.836	0	0
7.678	3.008	7.057	0	0
13.984	2.905	13.241	0	0
8.24600000000001	6.064	7.37400000000001	0	0
13.562	5.73699999999999	12.496	0	0
8.10400000000001	1.717	7.71599999999998	0	0
8.047	4.875	7.36199999999999	0	0
6.874	2.45800000000001	6.43200000000002	0	0
6.76700000000002	2.25200000000001	5.96199999999999	0	0
7.26899999999998	2.559	6.66999999999999	0	0
7.066	2.482	6.55199999999999	0	0
7.15799999999999	2.291	6.999	0	0
7.44799999999998	1.999	7.21200000000002	0	0
27.465	9.455	25.765	0	0
7.17700000000002	2.32499999999999	6.41199999999998	0	0
14.153	4.72900000000001	12.786	0	0
6.88899999999995	2.31599999999997	6.64999999999998	0	0
15.019	5.18899999999999	13.619	0	0
6.12800000000004	1.67400000000001	6.25100000000003	0	0
18.366	5.40099999999998	17.665	0	0
7.17599999999999	2.09899999999999	6.43400000000003	0	0
13.303	3.066	12.595	0	0
14.755	5.21700000000001	13.783	0	0
7.09899999999993	3.03	6.90199999999999	0	0
14.631	5.44800000000001	13.237	0	0
13.774	5.19300000000001	12.551	0	0
8.14600000000007	3.357	7.61599999999999	0	0
10.977	3.61599999999999	10.5939999999999	0	0
7.11299999999994	2.99000000000001	6.94999999999993	0	0
6.48300000000006	3.06400000000002	5.88400000000001	0	0
6.77999999999997	1.899	6.33600000000001	0	0
6.8309999999999	2.518	6.41499999999996	0	0
13.029	2.90200000000002	12.521	0	0
6.13900000000001	1.41299999999995	5.72899999999993	0	0
6.74899999999991	1.56899999999996	6.09699999999998	0	0
7.18200000000002	2.262	6.43400000000008	0	0
6.87900000000002	1.75	6.59100000000001	0	0
7.26800000000003	2.83500000000004	6.851	0	0
7.01099999999997	2.36399999999998	6.37099999999998	0	0
7.15599999999995	1.73899999999998	6.52800000000002	0	0
13.203	5.46199999999999	11.778	0	0
14.223	2.68799999999999	13.4350000000001	0	0
8.21300000000008	2.93000000000001	7.68000000000006	0	0
15.628	4.91800000000001	13.819	0	0
13.426	3.79200000000003	12.3099999999999	0	0
12.276	5.714	11.135	0	0
6.625	2.06200000000001	6.93499999999995	0	0
13.394	4.17600000000004	13.3130000000001	0	0
6.21600000000001	1.42400000000004	6.34900000000005	0	0
18.496	6.89599999999996	17.5020000000001	0	0
14.476	5.06299999999999	13.043	0	0
6.17100000000005	1.82099999999997	6.25900000000001	0	0
13.8520000000001	5.18000000000001	13.186	0	0
19.9189999999999	5.82499999999999	18.963	0	0
6.75500000000011	1.83800000000002	6.48099999999999	0	0
14.4280000000001	6.37200000000001	13.231	0	0
12.7860000000001	5.565	12.1579999999999	0	0
18.4349999999999	4.10599999999999	18.0160000000001	0	0
13.7809999999999	3.49699999999996	12.9380000000001	0	0
34.5809999999999	13.311	31.9739999999999	0	0
13.8869999999999	5.67599999999999	13.3050000000001	0	0
20.2760000000001	6.18599999999998	18.9850000000001	0	0
8.44299999999998	2.06299999999999	7.59699999999998	0	0
7.24499999999989	2.32499999999999	6.71299999999997	0	0
7.06400000000008	2.221	6.27000000000021	0	0
14.2079999999999	5.53100000000001	13.3519999999999	0	0
7.6099999999999	3.11599999999999	6.61000000000013	0	0
15.1580000000001	5.58100000000002	14.095	0	0
7.34199999999987	1.52800000000002	6.70700000000011	0	0
7.38400000000001	2.09299999999996	7.28800000000001	0	0
13.1079999999999	5.22500000000002	12.5699999999999	0	0
7.31400000000008	2.72399999999993	7.01999999999998	0	0
7.28600000000006	2.19299999999998	6.63000000000011	0	0
8.22799999999984	2.86699999999996	7.58700000000022	0	0
13.9390000000001	4.19000000000005	12.942	0	0
7.27199999999993	1.97800000000007	6.8309999999999	0	0
13.7279999999998	5.69200000000001	12.8879999999999	0	0
7.72299999999996	2.20600000000002	7.39799999999991	0	0
15.22	4.61800000000005	13.809	0	0
7.23199999999997	1.87299999999993	6.88900000000012	0	0
7.74599999999987	4.101	6.99000000000001	0	0
27.4690000000001	9.89099999999996	24.8999999999999	0	0
19.4109999999998	4.30499999999995	18.6610000000001	0	0
13.3970000000002	3.20699999999999	12.6020000000001	0	0
7.721	3.41100000000006	7.1840000000002	0	0
25.4870000000001	6.32899999999995	24.904	0	0
8.10500000000002	2.74599999999998	7.23800000000006	0	0
6.92700000000013	1.97799999999995	6.75	0	0
14.037	3.86000000000001	13.1079999999999	0	0
14.865	6.09699999999998	13.4480000000001	0	0
14.1609999999998	4.053	13.258	0	0
12.9300000000001	3.96600000000001	12.653	0	0
7.58199999999988	3.03600000000006	7.471	0	0
7.16699999999992	1.48000000000002	6.90499999999997	0	0
6.88700000000017	1.25	6.80999999999995	0	0
12.931	3.96899999999994	12.6210000000001	0	0
13.9249999999997	4.34899999999993	12.604	0	0
15.203	6.20300000000009	13.7430000000002	0	0
14.3500000000004	6.36699999999996	12.893	0	0
6.97000000000025	2.43100000000004	6.30799999999999	0	0
19.413	7.09699999999998	18.123	0	0
15.1370000000002	6.06499999999994	14.173	0	0
20.5819999999999	5.94500000000005	19.5	0	0
12.5820000000003	2.94200000000001	12.038	0	0
8.69700000000012	2.89299999999992	8.10500000000002	0	0
12.6880000000001	5.79499999999996	11.0500000000002	0	0
13.3340000000003	3.10399999999993	13.009	0	0
13.721	3.57299999999998	12.5210000000002	0	0
6.23200000000043	2.07299999999998	5.70300000000043	0	0
7.76299999999992	3.577	7.52300000000014	0	0
8.0920000000001	3.11400000000003	7.25599999999986	0	0
7.31600000000026	2.61900000000003	6.77700000000004	0	0
14.0379999999996	5.10000000000002	13.1479999999997	0	0
21.71	8.31400000000008	20.2640000000001	0	0
14.5650000000001	5.8130000000001	13.4360000000001	0	0
6.78699999999981	2.81899999999996	6.38299999999981	0	0
7.69399999999996	1.38999999999999	7.41499999999996	0	0
22.1590000000001	9.2399999999999	20.1900000000001	0	0
27.3739999999998	9.90300000000002	24.509	0	0
6.80600000000004	2.24000000000001	6.3420000000001	0	0
7.34299999999985	2.73500000000001	6.83100000000013	0	0
20.2339999999999	5.85000000000002	19.0950000000003	0	0
20.5600000000004	7.572	19.3130000000001	0	0
13.3760000000002	3.41999999999996	12.6570000000002	0	0
6.9380000000001	2.88700000000006	6.20299999999997	0	0
12.9829999999997	3.76499999999999	12.5040000000004	0	0
14.0430000000001	5.41600000000005	13.3889999999997	0	0
13.9770000000003	4.83799999999997	12.2930000000001	0	0
8.26700000000028	3.21599999999989	7.34999999999991	0	0
20.047	5.20800000000008	18.5840000000003	0	0
12.5209999999997	4.53399999999988	12.241	0	0
14.7159999999999	5.54399999999987	13.5549999999998	0	0
7.77999999999975	3.42399999999998	6.846	0	0
13.6610000000001	6.68599999999992	12.3229999999999	0	0
7.97000000000025	2.71600000000012	6.99600000000009	0	0
7.53999999999996	2.63499999999999	6.85399999999981	0	0
27.7799999999997	9.92700000000013	26.0650000000001	0	0
13.3099999999999	4.0949999999998	13.422	0	0
6.34899999999971	1.6869999999999	6.25199999999995	0	0
8.096	4.26600000000008	7.14899999999989	0	0
6.6220000000003	2.21699999999987	6.48099999999977	0	0
14.3150000000001	4.56500000000005	13.3089999999997	0	0
6.8130000000001	1.62799999999993	6.56899999999996	0	0
7.33300000000008	3.22800000000007	6.67799999999988	0	0
6.88599999999997	2.71600000000012	6.04300000000012	0	0
7.66000000000031	2.3889999999999	7.24399999999969	0	0
7.25599999999986	2.4670000000001	6.54700000000003	0	0
7.42500000000018	2.43200000000002	6.89300000000003	0	0
20.2139999999999	5.83600000000001	18.826	0	0
6.23399999999992	1.99199999999996	5.75699999999961	0	0
20.6409999999996	6.30099999999993	18.5509999999999	0	0
7.52700000000004	2.96800000000007	6.86099999999988	0	0
6.68600000000015	1.77999999999997	6.51699999999983	0	0
20.3919999999998	4.41899999999987	19.9119999999998	0	0
6.88999999999987	1.89100000000008	6.38799999999992	0	0
7.66000000000031	3.71399999999994	7.24499999999989	0	0
14.3390000000004	4.8130000000001	13.0839999999998	0	0
7.29700000000003	2.63700000000017	7.07600000000002	0	0
14.8379999999997	4.83100000000013	13.5539999999996	0	0
7.89100000000008	3.60500000000002	6.79399999999987	0	0
7.62800000000016	2.37699999999995	7.18700000000035	0	0
13.8120000000004	5.50800000000004	12.9940000000001	0	0
6.8430000000003	2.30299999999988	6.21199999999999	0	0
7.09700000000021	1.84500000000003	6.27800000000025	0	0
13.2910000000002	4.48199999999997	12.6950000000002	0	0
20.8200000000002	6.04500000000007	18.5520000000001	0	0
21.163	7.55399999999986	18.875	0	0
6.51999999999998	1.43200000000002	5.96000000000004	0	0
19.6089999999999	5.91799999999989	19.3099999999999	0	0
7.34900000000016	2.74399999999991	6.86200000000008	0	0
6.13599999999997	1.45900000000006	5.94300000000021	0	0
14.1860000000001	4.96600000000012	13.8820000000001	0	0
27.0840000000003	8.82099999999991	24.3220000000001	0	0
6.65700000000015	2.70399999999995	6.62899999999991	0	0
14.2719999999999	4.18399999999997	13.4049999999997	0	0
7.16900000000032	2.89899999999989	6.57999999999993	0	0
13.665	5.02100000000019	12.2600000000002	0	0
6.95499999999993	2.452	6.79100000000017	0	0
13.6780000000003	4.68900000000008	12.8589999999999	0	0
6.846	1.97399999999993	6.17200000000003	0	0
20.1389999999997	7.44599999999991	19.4009999999998	0	0
14.998	9.42799999999988	13.5140000000001	0	0
6.40099999999984	1.97199999999998	5.73800000000028	0	0
7.22899999999981	1.95299999999997	6.80699999999979	0	0
20.6459999999997	8.69799999999987	18.8820000000001	0	0
13.4660000000003	3.53600000000006	13.018	0	0
7.67599999999948	3.06499999999983	7.08300000000008	0	0
7.87899999999991	3.0010000000002	6.70900000000029	0	0
7.57200000000012	3.39800000000014	7.05300000000034	0	0
14.3400000000001	6	13.0650000000001	0	0
19.8190000000004	6.21100000000001	19.1849999999999	0	0
13.8449999999993	4.41100000000006	13.0600000000004	0	0
6.27300000000014	1.84000000000015	6.30200000000013	0	0
13.7559999999994	4.16200000000003	13.0369999999998	0	0
7.61700000000019	3.79899999999998	6.84500000000025	0	0
7.3110000000006	2.43200000000002	6.76799999999957	0	0
6.80500000000029	2.87599999999998	5.98799999999983	0	0
7.34500000000025	1.90100000000007	6.90700000000015	0	0
21.7460000000001	7.93300000000022	19.7999999999997	0	0
6.76400000000012	2.18299999999999	6.05899999999974	0	0
7.33699999999953	1.37799999999993	7.11599999999999	0	0
7.57400000000052	3.89900000000011	6.97000000000025	0	0
7.16799999999967	1.59400000000005	6.75500000000011	0	0
20.2250000000004	5.89200000000005	18.5529999999999	0	0
6.95600000000013	1.53300000000013	6.55100000000039	0	0
6.89399999999932	3.14100000000008	6.51100000000042	0	0
7.75300000000061	2.65800000000013	7.5029999999997	0	0
19.3630000000003	4.44799999999987	18.1800000000003	0	0
8.12899999999991	4.03099999999995	7.12100000000009	0	0
14.3360000000002	3.75900000000001	13.7959999999994	0	0
13.741	5.44699999999989	12.6060000000007	0	0
6.90900000000056	2.38099999999986	6.29699999999957	0	0
7.93599999999969	1.95000000000005	7.39400000000023	0	0
14.1710000000003	6.16799999999989	12.3699999999999	0	0
13.9949999999999	5.51299999999992	12.7619999999997	0	0
14.2120000000004	4.99000000000001	13.366	0	0
7.13200000000052	2.73000000000002	6.38199999999961	0	0
7.77300000000014	2.625	7.13700000000063	0	0
7.17299999999977	1.87799999999993	6.40000000000055	0	0
7.42600000000039	2.27199999999993	6.72299999999996	0	0
7.01900000000023	2.88000000000011	6.27000000000044	0	0
12.6750000000002	6.07099999999991	11.7080000000005	0	0
13.634	4.96000000000004	12.9110000000001	0	0
14.8290000000006	6.423	13.384	0	0
14.5450000000001	4.79600000000005	13.9179999999997	0	0
7.94700000000012	3.54599999999982	7.30100000000039	0	0
7.22199999999975	1.65200000000004	6.6269999999995	0	0
6.79100000000017	2.59700000000021	6.14900000000034	0	0
14.482	7.27099999999996	13.8220000000001	0	0
20.6300000000001	5.78499999999985	18.8050000000003	0	0
14.7079999999996	4.75999999999999	13.5479999999998	0	0
7.47299999999996	1.8420000000001	6.92500000000018	0	0
6.85099999999966	2.27999999999997	6.64099999999962	0	0
11.3649999999998	4.57400000000007	10.9340000000002	0	0
14.0050000000001	3.42100000000005	13.098	0	0
20.2879999999996	4.779	19.2550000000001	0	0
6.66100000000006	2.44100000000003	6.38200000000052	0	0
6.8100000000004	2.84300000000007	6.41499999999996	0	0
12.5150000000003	5.66699999999992	11.1559999999999	0	0
6.81899999999951	2.18900000000008	6.46199999999953	0	0
8.16200000000026	2.49800000000005	7.20400000000063	0	0
20.7389999999996	7.25399999999991	18.6309999999994	0	0
13.2970000000005	4.52999999999997	12.5140000000001	0	0
6.3690000000006	1.846	6.25099999999929	0	0
21.335	8.37300000000005	19.6610000000001	0	0
7.09200000000055	1.798	7.02299999999923	0	0
7.79399999999987	2.28099999999995	7.09699999999975	0	0
14.1000000000004	4.42600000000016	13.3490000000002	0	0
6.33399999999983	1.6719999999998	6.11799999999948	0	0
8.56800000000021	1.85499999999979	8.10300000000007	0	0
14.4250000000002	7.04899999999998	13.4139999999998	0	0
6.67500000000018	2.29599999999982	6.13000000000011	0	0
15.3090000000002	8.19499999999994	13.7430000000004	0	0
20.174	5.4369999999999	18.7470000000003	0	0
6.5619999999999	2.32000000000016	6.14599999999973	0	0
19.9390000000003	7.12699999999995	18.0919999999996	0	0
7.26199999999972	3.28699999999981	6.27900000000045	0	0
6.70499999999993	1.54500000000007	5.96900000000005	0	0
14.5190000000002	6.72800000000007	13.018	0	0
8.09900000000016	4.63499999999999	7.10399999999936	0	0
7.18399999999929	1.22399999999993	7.43000000000029	0	0
6.98100000000068	3.03400000000011	6.71000000000004	0	0
14.3020000000006	4.40100000000029	13.058	0	0
6.76099999999951	2.82599999999957	6.34700000000066	0	0
7.01299999999992	1.51499999999987	6.68199999999979	0	0
7.14999999999964	2.3739999999998	6.51900000000023	0	0
13.3769999999995	3.44200000000001	12.6959999999999	0	0
13.5300000000007	4.39499999999998	12.9219999999996	0	0
7.01800000000003	1.875	6.30400000000009	0	0
8.35699999999997	5.24600000000009	7.21300000000065	0	0
7.69500000000062	2.63999999999987	6.76599999999962	0	0
14.6779999999999	5.18599999999969	13.5439999999999	0	0
13.4120000000003	3.63200000000006	12.8550000000005	0	0
6.61500000000069	2.30399999999963	6.25500000000011	0	0
7.4970000000003	2.60500000000002	7.09599999999955	0	0
14.8649999999998	7.39499999999998	12.7600000000002	0	0
6.98899999999958	2.91499999999996	6.6230000000005	0	0
15.8429999999998	6.64300000000003	13.6959999999999	0	0
6.97099999999955	2.42900000000009	6.52099999999973	0	0
7.12599999999929	2.45399999999972	6.83299999999963	0	0
6.25799999999981	0.986999999999625	5.97299999999996	0	0
6.77800000000025	2.21500000000015	6.11499999999978	0	0
6.5630000000001	2.9670000000001	6.18299999999999	0	0
14.4870000000001	4.65599999999995	13.6459999999997	0	0
12.1590000000006	2.74600000000009	11.9699999999993	0	0
7.03699999999935	2.53400000000011	6.69000000000051	0	0
14.0699999999997	4.28800000000001	13.2750000000005	0	0
6.92500000000018	2.78499999999985	6.1309999999994	0	0
8.05100000000039	4.7180000000003	7.63700000000063	0	0
7.28300000000036	3.1840000000002	6.3690000000006	0	0
20.9220000000005	7.03900000000021	19.8960000000006	0	0
20.0209999999997	4.61300000000028	19.4920000000002	0	0
6.97899999999936	2.04599999999982	6.63299999999981	0	0
18.1759999999995	5.30999999999995	17.1350000000002	0	0
6.70499999999993	2.00599999999986	6.40900000000056	0	0
7.52000000000044	1.69599999999991	6.89899999999943	0	0
7.69999999999982	4.38999999999987	6.5649999999996	0	0
7.01800000000003	2.39200000000028	6.16600000000017	0	0
6.55000000000018	1.69900000000007	6.07099999999991	0	0
7.03700000000026	2.04299999999967	6.37199999999939	0	0
13.4850000000006	3.82699999999977	12.4490000000005	0	0
7.11500000000069	2.36099999999988	6.61400000000049	0	0
7.41799999999967	2.83500000000004	6.88499999999931	0	0
20.2269999999999	5.19499999999971	19.3280000000004	0	0
7.96200000000044	3.01699999999983	7.06800000000021	0	0
14.9200000000001	5.67500000000018	13.4770000000008	0	0
6.61799999999948	2.5	6.06400000000031	0	0
19.1540000000005	4.44100000000026	18.2870000000003	0	0
19.9110000000001	7.17300000000023	19.6750000000002	0	0
14.143	3.41999999999962	12.6130000000003	0	0
15.7330000000002	7.02399999999989	13.6950000000006	0	0
7.38699999999972	3.17000000000007	6.88000000000011	0	0
23.6970000000001	5.70200000000023	23.3160000000007	0	0
7.5049999999992	2.26800000000003	6.95499999999993	0	0
6.64199999999983	2.06600000000026	6.20799999999963	0	0
15.2079999999996	6.779	13.7629999999999	0	0
7.64800000000014	2.41399999999976	7.45600000000013	0	0
7.41899999999987	2.25500000000011	7.08399999999983	0	0
14.9490000000005	3.0619999999999	14.5039999999999	0	0
6.95000000000073	1.90900000000011	6.40300000000025	0	0
7.89999999999964	3.11599999999999	7.38999999999942	0	0
7.6889999999994	4.02500000000009	7.46100000000024	0	0
7.38999999999942	2.45299999999997	6.83899999999994	0	0
25.576	10.8319999999999	23.4800000000005	0	0
13.0919999999996	3.95299999999997	12.6080000000002	0	0
19.8729999999996	5.95299999999997	18.2539999999999	0	0
14.6550000000007	4.76700000000028	13.1049999999996	0	0
6.91899999999987	2.17399999999998	6.28999999999996	0	0
21.9700000000003	6.72000000000025	20.1129999999994	0	0
14.3940000000002	3.86000000000013	12.9589999999998	0	0
7.24200000000019	2.42799999999988	6.99300000000039	0	0
14.5320000000002	4.41799999999967	13.9959999999992	0	0
13.8739999999998	4.54700000000003	13.2690000000002	0	0
19.3389999999999	5.41400000000021	18.473	0	0
21.607	6.60200000000032	19.9260000000004	0	0
21.8819999999996	9.1220000000003	20.2480000000005	0	0
19.3110000000006	6.32099999999991	18.4340000000002	0	0
6.97699999999986	1.52099999999973	6.52599999999984	0	0
26.7139999999999	6.51099999999997	25.1610000000001	0	0
6.50699999999961	2.11599999999999	6.40400000000045	0	0
6.75500000000011	1.63599999999997	6.37899999999991	0	0
14.6679999999997	5.13400000000001	13.4489999999996	0	0
18.5740000000005	4.41400000000021	18.1409999999996	0	0
7.28400000000056	1.91100000000006	6.63000000000011	0	0
7.29100000000017	2.17299999999977	7.03700000000026	0	0
14.4359999999997	5.40099999999984	13.0739999999996	0	0
6.38899999999921	2.23100000000022	6.06800000000021	0	0
7.72800000000007	3.34299999999985	7.23199999999997	0	0
11.107	4.5010000000002	10.4129999999996	0	0
13.5590000000002	3.18899999999985	12.9769999999999	0	0
7.25900000000001	1.86400000000003	6.74300000000039	0	0
14.3239999999996	5.98300000000017	13.0869999999995	0	0
8.05599999999959	2.14499999999998	7.39099999999962	0	0
7.54200000000037	3.22899999999981	6.96399999999994	0	0
19.9840000000004	6.00799999999981	19.1930000000002	0	0
20.942	6.48800000000028	18.9719999999998	0	0
13.4400000000005	5.15000000000009	12.3069999999998	0	0
12.4040000000005	5.48799999999983	11.0599999999995	0	0
13.2759999999998	4.875	12.5900000000001	0	0
6.43499999999949	1.60800000000017	6.64499999999953	0	0
13.7980000000007	5.04300000000012	12.8369999999995	0	0
6.08600000000024	1.43499999999995	6.1840000000002	0	0
20.7460000000001	5.72700000000032	19.0810000000001	0	0
6.92399999999998	2.20800000000008	6.38599999999951	0	0
20.058	6.53600000000006	18.5249999999996	0	0
14.6630000000005	5.20199999999977	12.7400000000007	0	0
6.42500000000018	1.82900000000018	5.73599999999988	0	0
8.08500000000004	1.93399999999974	7.31999999999971	0	0
7.63000000000011	2.87300000000005	7.11899999999969	0	0
6.78700000000026	2.10099999999966	6.84300000000076	0	0
21.7629999999999	5.45600000000013	20.3990000000003	0	0
6.97099999999955	2.45400000000018	6.57000000000062	0	0
6.65999999999985	1.76299999999992	6.41699999999946	0	0
8.22499999999945	1.875	7.54500000000007	0	0
7.39200000000073	2.05999999999995	6.99900000000071	0	0
15.4389999999994	5.35200000000032	13.9629999999997	0	0
7.14400000000023	2.846	6.7559999999994	0	0
8.2470000000003	1.92999999999984	7.59299999999985	0	0
6.86599999999999	2.51000000000022	6.69000000000051	0	0
14.9790000000003	5.24299999999994	13.6570000000002	0	0
7.11000000000058	1.54100000000017	6.65200000000004	0	0
7.3130000000001	2.63200000000006	6.64500000000044	0	0
15.6949999999997	5.70200000000023	14.0190000000002	0	0
14.0470000000005	3.3130000000001	12.9210000000003	0	0
21.2340000000004	7.36300000000028	19.6090000000004	0	0
22.0990000000002	7.01900000000023	20.0840000000007	0	0
12.6880000000001	5.58500000000004	11.5129999999999	0	0
11.991	3.30600000000004	11.732	0	0
7.91300000000047	2.08500000000004	7.18000000000029	0	0
14.9629999999997	5.19799999999987	13.3199999999997	0	0
6.4429999999993	1.88700000000017	6.07800000000043	0	0
7.58400000000074	2.94399999999996	7.55699999999979	0	0
7.47299999999996	2.63499999999976	6.9970000000003	0	0
13.4679999999989	3.68000000000029	12.5330000000004	0	0
20.4759999999987	5.5619999999999	19.6010000000006	0	0
11.2739999999994	2.79099999999971	10.7390000000005	0	0
7.04500000000007	2.48500000000013	6.39900000000034	0	0
14.3069999999989	6.64400000000023	13.299	0	0
14.3580000000002	3.31800000000021	14.0839999999998	0	0
7.01900000000023	1.43499999999995	6.45300000000043	0	0
20.4409999999989	6.76999999999998	18.8989999999994	0	0
7.53300000000127	2.59799999999996	6.90200000000004	0	0
7.38999999999942	2.17399999999998	6.69899999999961	0	0
14.0360000000001	4.58100000000013	12.6320000000005	0	0
6.63600000000042	1.79799999999977	6.22699999999986	0	0
6.84900000000016	3.06899999999996	6.39699999999993	0	0
14.8190000000013	5.89499999999998	14.3410000000003	0	0
6.95099999999911	1.91499999999996	6.35000000000036	0	0
7.8169999999991	2.48100000000022	6.89400000000023	0	0
14.2360000000008	5.45400000000018	12.5450000000001	0	0
7.97999999999956	3.69700000000012	7.08200000000033	0	0
13.5100000000002	3.60399999999981	12.6190000000006	0	0
6.75500000000102	2.63100000000031	6.29700000000048	0	0
6.51800000000003	2.29999999999973	5.95900000000074	0	0
7.42100000000028	2.65599999999995	6.9260000000013	0	0
14.3809999999994	5.71599999999989	12.8709999999992	0	0
13.5590000000011	4.26199999999972	12.5910000000003	0	0
18.9079999999994	4.69500000000016	18.9110000000001	0	0
25.8889999999992	8.49399999999969	24.0630000000001	0	0
11.6720000000005	3.80400000000009	10.8160000000007	0	0
7.65200000000004	1.86599999999999	7.07099999999991	0	0
6.53299999999945	2.09199999999964	6.30000000000109	0	0
21.2849999999999	6.26899999999978	19.3289999999997	0	0
7.34699999999975	2.13499999999976	6.82200000000012	0	0
6.50300000000061	2.65099999999984	6.06099999999969	0	0
11.3850000000002	4.64899999999989	10.9920000000002	0	0
22.5100000000002	9.34000000000015	19.8520000000008	0	0
7.22299999999996	3.02100000000019	6.5010000000002	0	0
6.36299999999937	1.70200000000023	6.31999999999971	0	0
7.57999999999993	3.90300000000025	6.93999999999869	0	0
6.88500000000022	2.12100000000009	6.30900000000111	0	0
14.2610000000004	3.84799999999996	13.8259999999991	0	0
7.28700000000026	3.09099999999989	6.47999999999956	0	0
7.46199999999953	2.48299999999972	6.65899999999965	0	0
7.80299999999988	3.77599999999984	6.67200000000048	0	0
6.90899999999965	1.63999999999987	6.75700000000143	0	0
13.0519999999997	4.28900000000021	12.4839999999986	0	0
6.94099999999889	2.0949999999998	6.54000000000087	0	0
7.19499999999971	1.79800000000023	7.28399999999965	0	0
7.0619999999999	2.6260000000002	6.62900000000081	0	0
6.70700000000033	1.70399999999972	6.35899999999856	0	0
6.75799999999981	1.55000000000018	6.41899999999987	0	0
7.21199999999953	2.14400000000023	6.72299999999996	0	0
12.8329999999987	6.54200000000037	11.9719999999998	0	0
15.3559999999998	7.36099999999988	13.4039999999986	0	0
6.54100000000108	1.5	6.13000000000102	0	0
21.2989999999991	7.89200000000028	18.6579999999994	0	0
13.9650000000001	4.72400000000016	12.7570000000014	0	0
14.2849999999999	4.95899999999983	13.2129999999997	0	0
19.6800000000003	7.31999999999971	19.5159999999996	0	0
14.2729999999992	4.83100000000013	13.6620000000003	0	0
15.2979999999989	4.74600000000009	14.4210000000003	0	0
13.762999999999	3.69800000000032	12.5429999999997	0	0
7.51699999999983	3.77500000000009	6.55599999999868	0	0
22.1439999999984	8.64300000000003	19.6460000000006	0	0
14.1110000000008	6.16900000000032	13.0640000000003	0	0
8.07699999999932	2.61400000000003	7.90799999999945	0	0
27.6139999999996	10.5989999999997	24.8870000000006	0	0
13.5110000000004	2.48199999999997	13.0299999999988	0	0
6.8799999999992	2.74800000000005	6.81999999999971	0	0
6.97600000000057	2.07099999999991	6.32099999999991	0	0
12.2540000000008	6.27500000000009	11.6890000000003	0	0
19.8979999999992	5.81700000000001	18.982	0	0
25.4899999999998	7.77399999999989	24.4219999999987	0	0
6.62700000000041	2.19799999999987	6.18499999999949	0	0
14.0149999999994	4.17500000000018	13.0760000000009	0	0
7.39199999999983	2.00599999999986	6.98400000000038	0	0
11.9040000000005	4.40900000000011	11.2039999999997	0	0
6.14600000000064	1.71500000000015	6.15899999999965	0	0
7.71100000000115	3.49399999999969	6.85399999999936	0	0
15.353000000001	5.28099999999995	14.1899999999987	0	0
7.88400000000001	2.6569999999997	7.22800000000097	0	0
6.89099999999962	2.08800000000019	6.4469999999983	0	0
7.15400000000045	2.23300000000017	6.78299999999945	0	0
12.2250000000004	2.73499999999967	11.5519999999997	0	0
15.1700000000001	6.12800000000016	13.884	0	0
14.860999999999	5.84299999999985	13.223	0	0
6.57800000000134	1.56700000000001	6.01000000000022	0	0
13.6930000000011	4.5630000000001	12.2980000000007	0	0
14.3079999999991	4.98599999999988	12.9699999999993	0	0
7.77399999999943	1.83999999999969	7.02499999999964	0	0
13.4210000000003	5.04700000000003	12.9320000000007	0	0
6.71299999999974	2.28699999999981	6.53100000000086	0	0
13.9930000000004	4.28999999999996	13.0799999999999	0	0
15.0720000000001	5.32300000000032	13.505000000001	0	0
6.89900000000125	1.77499999999964	6.28199999999924	0	0
6.96999999999935	1.34400000000005	6.51100000000042	0	0
7.98300000000017	1.81400000000031	7.46799999999894	0	0
13.8600000000006	7.47900000000027	12.7790000000005	0	0
14.2579999999998	5.50099999999975	12.9890000000014	0	0
21.7079999999987	6.02300000000014	20.518	0	0
7.09199999999873	3.83699999999999	6.91699999999946	0	0
13.4350000000013	4.375	12.6990000000005	0	0
13.7299999999996	3.61900000000014	12.8179999999993	0	0
22.3760000000002	8.03600000000006	20.3539999999994	0	0
7.70300000000134	1.87699999999995	7.05299999999988	0	0
14.5210000000006	5.09799999999996	13.2669999999998	0	0
7.11800000000039	2.77199999999993	6.47600000000057	0	0
7.30799999999908	2.06899999999996	6.8169999999991	0	0
19.4679999999989	4.96099999999979	19.0859999999993	0	0
7.18199999999888	2.23799999999983	6.41699999999946	0	0
21.098	8.20900000000029	19.0889999999999	0	0
14.7729999999992	5.62299999999959	13.7780000000002	0	0
7.72200000000157	1.92700000000013	7.67799999999988	0	0
6.6299999999992	1.471	6.41899999999987	0	0
13.9040000000005	5.89499999999998	12.8109999999997	0	0
14.6239999999998	5.07499999999982	13.2849999999999	0	0
15.1119999999992	6.24099999999999	13.485999999999	0	0
6.87200000000121	2.71799999999985	6.17000000000007	0	0
14.3280000000013	5.62100000000009	13.3389999999999	0	0
7.07999999999993	2.57300000000032	6.79600000000028	0	0
7.02700000000004	2.58500000000004	6.5719999999983	0	0
6.89999999999964	2.66399999999976	6.72099999999955	0	0
6.48800000000119	1.57999999999993	6.68499999999949	0	0
26.6579999999994	6.66600000000017	25.3239999999987	0	0
7.09000000000015	1.9380000000001	6.46600000000035	0	0
7.20999999999913	2.48300000000017	7.25799999999981	0	0
6.97999999999956	2.91600000000017	6.22600000000057	0	0
13.2939999999999	3.49800000000005	12.9099999999999	0	0
7.02400000000125	1.43600000000015	6.49099999999999	0	0
7.41200000000026	3.11700000000019	6.5619999999999	0	0
6.94000000000051	2.23699999999963	6.68899999999849	0	0
13.634	4.75700000000006	12.7970000000005	0	0
13.4320000000007	5.0319999999997	12.9979999999996	0	0
12.8469999999998	3.71399999999994	12.4330000000009	0	0
14.7919999999995	2.91100000000006	14.5839999999989	0	0
19.2720000000008	4.90599999999995	17.6800000000003	0	0
8.08499999999913	2.69299999999976	7.27800000000025	0	0
19.4279999999999	5.31400000000031	18.5299999999988	0	0
19.4400000000005	6.1239999999998	18.4320000000007	0	0
7.51699999999983	2.30200000000013	6.91300000000047	0	0
13.8299999999999	5.66300000000001	13.0969999999998	0	0
7.38000000000102	2.39600000000019	6.75300000000061	0	0
7.28299999999945	4.00199999999995	6.96200000000135	0	0
13.2029999999995	3.91800000000057	12.7260000000006	0	0
18.1650000000009	4.63799999999992	17.1389999999992	0	0
7.36599999999999	2.48499999999967	6.64300000000003	0	0
6.72800000000097	1.91700000000037	6.60399999999936	0	0
6.69700000000012	1.00500000000011	6.58899999999994	0	0
21.6739999999991	8.50200000000041	19.3729999999996	0	0
20.5150000000012	6.92699999999968	19.6449999999986	0	0
22.3910000000014	9.28199999999924	20.496000000001	0	0
7.66700000000128	2.81900000000041	6.73600000000079	0	0
6.72700000000077	1.3779999999997	6.41200000000026	0	0
7.71399999999994	2.91399999999976	7.08899999999994	0	0
15.3089999999993	7.8179999999993	13.5779999999995	0	0
7.22000000000116	2.20400000000063	6.45199999999932	0	0
15.3140000000003	5.90500000000065	13.9519999999993	0	0
7.54699999999866	2.05500000000029	7.02000000000044	0	0
14.2669999999998	4.15999999999985	13.1149999999998	0	0
8.29500000000007	4.58099999999922	7.31600000000071	0	0
25.5279999999984	5.20200000000023	25.0819999999985	0	0
18.7960000000003	6.4980000000005	18.4719999999998	0	0
7.48700000000099	2.23900000000049	6.85599999999977	0	0
7.12200000000121	2.08299999999963	6.26600000000144	0	0
13.8600000000006	4.32499999999982	13.4599999999991	0	0
13.741	3.90799999999945	12.9579999999987	0	0
19.7439999999988	5.75099999999929	17.902	0	0
13.75	5.42200000000048	13.6299999999992	0	0
7.1200000000008	2.84099999999944	6.46399999999994	0	0
14.0020000000004	3.74699999999939	13.0429999999997	0	0
8.74300000000039	3.75900000000001	7.6309999999994	0	0
6.51800000000003	2.61499999999978	6.10200000000077	0	0
7.38800000000083	3.04100000000017	6.57699999999932	0	0
15.1059999999998	5.01199999999972	13.6049999999996	0	0
13.978000000001	5.04800000000068	13.0699999999997	0	0
7.3130000000001	2.16300000000047	6.94000000000051	0	0
7.13299999999981	1.81999999999971	6.78600000000006	0	0
11.896999999999	5.22600000000057	10.2880000000005	0	0
19.7559999999994	6.26699999999983	18.8239999999987	0	0
8.05500000000029	1.9340000000002	7.25799999999981	0	0
7.97699999999895	1.57700000000023	7.45700000000033	0	0
13.7340000000004	5.1850000000004	12.8429999999989	0	0
6.85900000000038	1.79099999999926	6.59400000000096	0	0
27.0360000000001	8.74200000000019	24.8430000000008	0	0
22.255000000001	9.23000000000047	19.7259999999987	0	0
13.8580000000002	5.83600000000024	12.7189999999991	0	0
6.50699999999961	2.16700000000037	6.30799999999908	0	0
19.4259999999995	4.78700000000026	19.232	0	0
20.4700000000012	4.78800000000047	18.8780000000006	0	0
8.14600000000064	2.74299999999948	7.12799999999879	0	0
15.2960000000003	6.23400000000038	13.4569999999985	0	0
19.8670000000002	5.82099999999991	18.9799999999996	0	0
7.86000000000058	2.66499999999996	7.45400000000154	0	0
20.9839999999986	7.03500000000076	18.5249999999996	0	0
7.0570000000007	3.46399999999994	6.64199999999983	0	0
6.50900000000001	1.80199999999968	6.42000000000007	0	0
28.4509999999991	9.24099999999999	26.4709999999995	0	0
7.01900000000023	1.42000000000007	6.6969999999983	0	0
19.0400000000009	3.52300000000014	18.1329999999998	0	0
7.18199999999888	2.29200000000037	6.8760000000002	0	0
13.1279999999988	3.41100000000006	11.9599999999991	0	0
6.61099999999897	1.89300000000003	6.23899999999958	0	0
7.73800000000119	2.81800000000021	6.9380000000001	0	0
11.9750000000004	4.1850000000004	11.1579999999994	0	0
14.9510000000009	6.77199999999993	13.487000000001	0	0
35.0650000000005	13.8910000000005	31.7759999999998	0	0
7.1260000000002	2.09299999999985	6.90599999999904	0	0
12.277	3.59699999999975	12.235999999999	0	0
6.76800000000003	2.33700000000044	6.46099999999933	0	0
8.20000000000073	3.61899999999969	7.01200000000063	0	0
14.5850000000009	4.47100000000046	13.4920000000002	0	0
19.7940000000017	6.54100000000017	18.1739999999991	0	0
13.0879999999997	3.6239999999998	12.3220000000001	0	0
7.38800000000083	2.6260000000002	6.70800000000054	0	0
7.63500000000022	3.15200000000004	6.52900000000045	0	0
21.9269999999997	6.13900000000012	19.7910000000011	0	0
7.43299999999908	3.24199999999928	6.89700000000084	0	0
20.4439999999995	7.62599999999929	19.3870000000006	0	0
14.1149999999998	4.21600000000035	13.3379999999997	0	0
6.39400000000023	2.29500000000007	6.06999999999971	0	0
6.63100000000122	2.49499999999989	6.33100000000013	0	0
7.34100000000035	3.95300000000043	6.86200000000099	0	0
14.0799999999999	5.0590000000002	13.0010000000002	0	0
13.5190000000002	2.42999999999938	12.9979999999996	0	0
6.99099999999999	1.76800000000003	6.39199999999983	0	0
6.8130000000001	1.5610000000006	6.55000000000109	0	0
7.77800000000025	3.16900000000078	6.95600000000013	0	0
14.1389999999992	5.72599999999966	13.393	0	0
13.3230000000003	3.48500000000058	12.7980000000007	0	0
6.70899999999892	2.70999999999913	6.41200000000026	0	0
7.65400000000045	2.4970000000003	7.64600000000064	0	0
13.9049999999988	4.98800000000028	13.0389999999989	0	0
13.0750000000007	4.22600000000057	12.6040000000012	0	0
12.9609999999993	3.15200000000004	12.9319999999989	0	0
7.13999999999942	3.30000000000018	6.621000000001	0	0
13.098	4.43000000000029	12.2389999999996	0	0
12.7139999999999	3.80600000000049	11.8379999999997	0	0
6.76100000000042	2.15899999999965	6.03600000000006	0	0
14.5990000000002	5.58599999999933	13.8389999999999	0	0
7.06400000000031	2.43199999999979	7.02900000000045	0	0
9.34299999999894	7.47800000000007	7.72799999999916	0	0
26.9789999999994	8.45800000000054	25.3549999999996	0	0
24.7330000000002	12.8580000000002	21.2829999999994	0	0
21.8330000000005	7.98100000000068	19.982	0	0
6.95399999999972	2.07000000000062	6.71299999999974	0	0
7.05000000000109	2.38699999999972	6.40100000000166	0	0
13.8909999999996	4.80699999999979	13.018	0	0
7.8130000000001	4.5590000000002	6.89600000000064	0	0
7.30999999999949	2.47299999999996	6.59599999999955	0	0
7.80299999999988	3.04799999999977	7.20699999999852	0	0
19.2979999999989	5.20100000000002	18.1810000000005	0	0
13.737000000001	3.9380000000001	12.2510000000002	0	0
19.5959999999995	6.63900000000012	18.8160000000007	0	0
7.16200000000026	2.96399999999994	6.70000000000073	0	0
7.06099999999969	2.48300000000017	5.9900000000016	0	0
7.02700000000004	2.11699999999928	6.57200000000012	0	0
14.0990000000002	4.18000000000029	13.3739999999998	0	0
7.60199999999895	3.15300000000025	6.6979999999985	0	0
6.50199999999859	1.33600000000024	6.13000000000102	0	0
7.00900000000001	2.39500000000044	6.371000000001	0	0
7.29399999999987	2.3720000000003	6.91899999999987	0	0
14.1279999999988	4.95000000000073	13.4009999999998	0	0
13.744999999999	5.59699999999975	13.3559999999998	0	0
6.48699999999917	1.46000000000004	5.96399999999994	0	0
13.9069999999992	4.48199999999997	13.2289999999994	0	0
8.98999999999978	3.09799999999996	7.87200000000121	0	0
11.2869999999984	4.3739999999998	10.1790000000001	0	0
24.2160000000003	6.61000000000058	22.3670000000002	0	0
13.7079999999987	4.6889999999994	12.375	0	0
7.04200000000128	1.89500000000044	6.18100000000049	0	0
19.8629999999994	8.40700000000015	17.3629999999994	0	0
6.64499999999862	2.82700000000023	6.09499999999935	0	0
12.7930000000015	3.71700000000055	11.9989999999998	0	0
19.4310000000005	7.52499999999964	17.637999999999	0	0
6.76499999999942	2.2510000000002	6.19999999999891	0	0
19.5619999999999	6.79799999999977	17.4799999999996	0	0
24.9159999999993	10.9690000000001	21.6550000000007	0	0
13.2849999999999	4.14599999999973	12.4770000000008	0	0
14.0369999999984	5.77600000000075	12.4160000000011	0	0
6.66300000000047	1.55500000000029	6.21900000000096	0	0
6.88899999999921	2.10500000000047	6.03700000000026	0	0
7.82599999999911	2.6869999999999	6.86800000000039	0	0
20.7579999999998	6.35500000000047	18.5609999999997	0	0
8.84599999999955	5.21100000000024	7.2559999999994	0	0
7.00700000000143	3.28600000000006	6.07400000000052	0	0
7.59000000000015	3.02400000000034	6.68000000000029	0	0
13.5069999999996	4.38000000000011	12.0689999999995	0	0
13.2039999999997	4.95400000000063	11.8869999999988	0	0
13.6360000000004	3.21000000000004	12.4879999999994	0	0
6.82600000000093	1.80500000000029	6.06200000000172	0	0
13.5790000000015	3.96699999999964	11.7889999999989	0	0
6.89900000000125	2.87599999999929	6.36299999999937	0	0
11.1350000000002	3.13599999999951	10.8919999999998	0	0
6.54500000000007	2.13599999999951	5.80799999999908	0	0
14.6769999999997	4.88599999999951	13.2030000000013	0	0
7.89400000000023	4.30500000000029	6.35000000000036	0	0
6.64999999999964	1.93299999999999	5.93799999999828	0	0
12.3389999999999	2.58699999999953	11.5200000000004	0	0
7.3760000000002	2.60800000000017	6.52499999999964	0	0
18.5810000000001	4.41800000000057	17.2159999999985	0	0
25.6720000000005	7.40699999999924	23.6649999999991	0	0
19.2690000000002	7.93900000000031	16.5669999999991	0	0
13.8449999999993	5.92600000000039	12.6039999999994	0	0
14.1440000000002	4.3700000000008	12.603000000001	0	0
13.6970000000001	5.45200000000023	12.3999999999996	0	0
7.39500000000044	3.05600000000049	6.43599999999969	0	0
7.80400000000009	2.3100000000004	6.63799999999901	0	0
14.7399999999998	5.50500000000011	12.7420000000002	0	0
14.7890000000007	6.18499999999949	12.8770000000004	0	0
6.36099999999897	2.15500000000065	5.5619999999999	0	0
6.76900000000023	3.39199999999983	6.25500000000102	0	0
19.2880000000005	5.74799999999959	17.0500000000011	0	0
6.59399999999914	2.24099999999999	6.40999999999985	0	0
14.1509999999998	5.66600000000017	12.7699999999986	0	0
12.4310000000005	5.05199999999968	11.3140000000003	0	0
6.64799999999923	2.84400000000005	5.95900000000074	0	0
14.3670000000002	6.11500000000069	13.8690000000006	0	0
14.5450000000001	4.66899999999987	12.7210000000014	0	0
7.97500000000036	3.25600000000031	7.14699999999903	0	0
20.1760000000013	5.59799999999996	17.9430000000011	0	0
13.9179999999997	5.13600000000042	12.389000000001	0	0
13.8520000000008	4.71399999999994	12.6399999999994	0	0
12.6779999999999	3.08500000000004	12.1089999999986	0	0
12.9220000000005	3.25800000000072	11.759	0	0
6.67900000000009	3.58400000000074	6.01499999999942	0	0
13.2529999999988	4.65399999999954	12.2880000000005	0	0
7.42599999999948	1.43199999999979	6.78000000000065	0	0
7.0619999999999	2.31500000000051	6.03299999999945	0	0
6.76999999999862	2.90200000000004	6.35599999999977	0	0
7.22799999999916	3.13999999999942	6.34700000000157	0	0
7.20000000000073	2.1230000000005	6.33200000000033	0	0
7.35699999999997	2.92399999999998	6.37199999999939	0	0
7.08100000000013	3.28299999999945	5.97299999999996	0	0
14.1610000000001	4.17700000000059	12.5439999999999	0	0
7.06599999999889	2.38900000000012	6.47500000000036	0	0
6.37800000000061	2.32099999999991	6.13900000000103	0	0
13.7479999999996	3.97299999999996	11.8510000000006	0	0
6.82200000000012	2.66200000000026	6.31099999999969	0	0
7.64400000000023	2.68199999999979	6.77300000000105	0	0
6.63699999999881	2.03600000000006	6.20399999999972	0	0
7.47699999999895	2.70400000000063	7.02299999999923	0	0
19.7450000000008	6.85600000000068	17.25	0	0
11.2820000000011	5.31800000000021	10.2989999999991	0	0
7.2549999999992	2.61200000000008	6.17399999999907	0	0
6.90300000000025	1.92399999999998	6.42399999999907	0	0
6.40499999999884	1.36399999999958	6.28899999999885	0	0
7.04500000000007	2.07899999999972	6.31099999999969	0	0
13.5100000000002	4.53699999999935	12.2439999999988	0	0
6.19399999999951	2.18199999999979	6.04600000000028	0	0
7.34799999999996	3.35300000000007	6.38400000000001	0	0
19.478000000001	5.39399999999932	17.7620000000006	0	0
6.59799999999996	2.35300000000007	6.1190000000006	0	0
7.71000000000095	2.38199999999961	6.74599999999919	0	0
8.05600000000049	3.03600000000006	7.27900000000045	0	0
13.5650000000005	6.07499999999982	12.1270000000004	0	0
7.08400000000074	2.63699999999972	6.19499999999971	0	0
7.68599999999969	2.88600000000042	6.65200000000004	0	0
6.90099999999984	2.5010000000002	6.14500000000044	0	0
7.19000000000051	3.22399999999925	6.74499999999898	0	0
7.36299999999937	4.36999999999989	6.39400000000023	0	0
13.6470000000008	5.10300000000007	12.4080000000013	0	0
7.52099999999882	2.50200000000041	6.61099999999897	0	0
11.4279999999999	4.15099999999984	10.2800000000007	0	0
19.8050000000003	5.72000000000025	18.2659999999996	0	0
6.42500000000109	2.40099999999984	5.93599999999969	0	0
6.47199999999975	1.75700000000052	5.9380000000001	0	0
14.3739999999998	3.55400000000009	13.2549999999992	0	0
6.61199999999917	1.74600000000009	6.46000000000095	0	0
6.50399999999718	2.54099999999926	6	0	0
15.1189999999988	5.2559999999994	13.2009999999991	0	0
6.58699999999953	2.67900000000009	6.14900000000125	0	0
13.6219999999994	4.23300000000017	12.5059999999994	0	0
13.8110000000015	5.5659999999998	12.6910000000007	0	0
6.08199999999852	1.83500000000004	5.3700000000008	0	0
7.26000000000204	2.35699999999997	6.85299999999916	0	0
7.14600000000064	2.32600000000002	6.01599999999962	0	0
14.3070000000007	5.52599999999984	12.7420000000002	0	0
7.44099999999889	2.65300000000025	6.45700000000033	0	0
14.4950000000026	5.35500000000047	12.7749999999996	0	0
6.22399999999834	1.81600000000071	5.99800000000141	0	0
12.4279999999999	3.36399999999958	12.348	0	0
7.3169999999991	4.58899999999994	6.53200000000106	0	0
13.7150000000001	4.6279999999997	13.1010000000006	0	0
7.8169999999991	2.9989999999998	6.95099999999911	0	0
6.83599999999933	2.80299999999988	5.96600000000035	0	0
8.06200000000172	2.21200000000044	7.58100000000013	0	0
7.9210000000021	3.57299999999941	6.98999999999978	0	0
13.487000000001	3.10800000000017	12.6450000000004	0	0
15.4540000000015	5.8720000000003	14.237000000001	0	0
20.4040000000023	6.0600000000004	19.1939999999995	0	0
7.54499999999825	3.48000000000047	7.09299999999894	0	0
22.7899999999972	9.07600000000002	20.8649999999998	0	0
7.86199999999735	3.07099999999991	6.99799999999959	0	0
6.19499999999971	1.67799999999988	6.01399999999921	0	0
12.8410000000003	5.44000000000051	12.2489999999998	0	0
21.0349999999999	9.00799999999981	19.1229999999996	0	0
7.49599999999919	2.91499999999996	6.85800000000017	0	0
8.58399999999892	5.91199999999935	7.73999999999978	0	0
12.9929999999986	3.21199999999953	12.2150000000001	0	0
8.35099999999875	3.26500000000033	7.17300000000068	0	0
26.497000000003	7.01400000000012	25.0540000000001	0	0
7.63299999999799	2.02199999999993	6.96399999999994	0	0
7.15099999999802	3.30799999999999	6.85500000000138	0	0
7.55199999999968	4.03899999999976	6.8119999999999	0	0
6.70400000000154	2.93299999999999	6.60399999999936	0	0
7.31199999999808	2.88299999999981	6.62199999999939	0	0
14.4369999999981	5.83399999999983	13.5040000000008	0	0
7.45900000000256	3.27600000000075	6.53600000000006	0	0
14.9049999999988	4.73799999999937	13.7160000000003	0	0
7.39600000000064	1.95300000000043	6.92100000000028	0	0
7.25	2.03299999999945	6.91900000000169	0	0
7.51399999999921	2.13799999999992	7.46500000000015	0	0
7.02100000000064	2.00300000000061	6.36999999999898	0	0
20.7139999999999	8.30000000000018	19.2350000000006	0	0
7.73199999999997	2.78600000000006	7.5619999999999	0	0
7.68399999999747	3.01000000000022	6.65799999999945	0	0
14.8679999999986	3.4409999999998	13.6589999999997	0	0
15.5499999999993	7.85200000000077	14.1170000000002	0	0
27.494999999999	9.51800000000003	25.4269999999997	0	0
13.5060000000012	6.21900000000005	12.7049999999999	0	0
7.41900000000169	1.80599999999959	6.94700000000012	0	0
7.8739999999998	3.79399999999987	7.3130000000001	0	0
7.09300000000076	3.40599999999995	6.75299999999879	0	0
7.63699999999881	3.04100000000017	6.8179999999993	0	0
13.3589999999967	4.13500000000022	12.6509999999998	0	0
16.4360000000015	6.81800000000021	14.857	0	0
27.5090000000018	9.0010000000002	25.5439999999999	0	0
14.8719999999994	5.92200000000048	14.3410000000003	0	0
7.10200000000259	2.8070000000007	6.30099999999948	0	0
21.4379999999983	6.01900000000023	20.0459999999985	0	0
6.57499999999709	1.70600000000013	6.20600000000013	0	0
20.8489999999983	6.70200000000023	19.0949999999993	0	0
7.36200000000099	2.09900000000016	7.09400000000096	0	0
25.893	7.89800000000014	24.3019999999997	0	0
7.55899999999747	2.53700000000026	6.88899999999921	0	0
7.72999999999956	2.29399999999987	7.44100000000253	0	0
24.4539999999979	7.48300000000017	23.5220000000008	0	0
14.1959999999999	6.28399999999965	13.3449999999975	0	0
14.8780000000006	7.30699999999979	13.4260000000031	0	0
27.7609999999986	7.57099999999991	26.1469999999972	0	0
6.22699999999895	2.21299999999974	6.20499999999811	0	0
7.17299999999886	2.68299999999999	6.66300000000047	0	0
6.84000000000015	2.53800000000047	6.11300000000119	0	0
6.21399999999994	1.27300000000014	5.90300000000207	0	0
21.8300000000017	7.76299999999992	19.9419999999991	0	0
7.21000000000276	2.54299999999967	6.55699999999706	0	0
6.8650000000016	1.89999999999964	7.05099999999948	0	0
13.9350000000013	3.82399999999961	13.1709999999985	0	0
7.1160000000018	1.92399999999998	7.14300000000003	0	0
13.3309999999983	4.64599999999973	12.482	0	0
7.85699999999997	6.01199999999972	6.89400000000023	0	0
14.3870000000024	4.54200000000037	13.1870000000017	0	0
18.7860000000001	6.14100000000053	17.7419999999984	0	0
7.77799999999843	1.78399999999965	7.14099999999962	0	0
14.512999999999	4.69600000000082	13.7259999999987	0	0
14.1739999999991	4.35700000000088	13.2060000000019	0	0
20.5150000000031	7.76600000000053	19.4540000000015	0	0
6.71699999999691	3.15200000000004	6.67699999999968	0	0
7.82800000000134	3.79600000000028	6.96099999999933	0	0
14.507999999998	4.0659999999998	13.8950000000004	0	0
14.3250000000007	4.63400000000001	13.6659999999974	0	0
7.04300000000148	2.21100000000024	6.70999999999913	0	0
7.02300000000105	2.66300000000047	6.53600000000006	0	0
7.14600000000064	1.1909999999998	6.76599999999962	0	0
20.7040000000015	7.51400000000012	19.2390000000014	0	0
8.03700000000026	2.51599999999962	7.56999999999971	0	0
14.2789999999986	5.72900000000027	12.5679999999993	0	0
14.5569999999971	5.55500000000029	13.3290000000015	0	0
14.719000000001	3.90699999999924	14.0090000000018	0	0
7.45899999999892	2.89000000000033	7.18400000000111	0	0
13.7710000000006	3.96400000000085	14.0290000000023	0	0
8.20599999999831	1.96900000000005	7.52900000000227	0	0
14.0260000000017	5.07099999999991	12.9049999999988	0	0
6.51499999999942	1.67399999999998	5.88300000000163	0	0
20.4529999999977	7.32300000000032	19.0240000000013	0	0
11.8309999999983	6.51200000000063	10.8990000000013	0	0
20.2880000000005	4.86699999999928	18.9700000000012	0	0
7.71800000000076	2.07600000000002	7.06099999999788	0	0
7.47499999999854	2.69200000000001	6.65299999999843	0	0
22.2070000000022	7.27700000000004	20.2930000000015	0	0
7.28499999999985	3.6869999999999	7.22299999999814	0	0
14.893	4.95899999999983	14.1970000000001	0	0
7.22700000000259	3.20100000000002	6.38799999999901	0	0
20.1650000000009	7.5600000000004	18.5970000000016	0	0
6.91899999999805	1.6220000000003	6.67099999999846	0	0
13.8379999999997	4.33200000000033	13.3169999999991	0	0
7.11200000000099	2.52099999999973	6.12299999999959	0	0
7.05099999999948	2.17399999999998	6.27100000000064	0	0
14.635000000002	4.45499999999993	13.9079999999994	0	0
14.2039999999979	3.65400000000045	13.0780000000013	0	0
8.14399999999659	2.42999999999938	7.39300000000003	0	0
6.10499999999956	0.942000000000007	6.13100000000122	0	0
8.82400000000052	3.23199999999997	8.42500000000291	0	0
6.46900000000096	2.83800000000065	6.19399999999951	0	0
7.8650000000016	4.28600000000006	7.08999999999651	0	0
15.3319999999985	6.26600000000053	13.8240000000005	0	0
14.362000000001	4.94399999999951	13.0630000000019	0	0
7.92199999999866	2.86800000000039	7.4989999999998	0	0
6.58899999999994	2.46500000000015	6.31899999999951	0	0
14.1059999999998	4.95899999999983	13.4010000000017	0	0
7.06500000000233	1.56099999999969	6.73699999999735	0	0
7.11000000000058	3.50799999999981	6.81500000000233	0	0
6.06000000000131	1.48999999999978	6.32400000000052	0	0
6.46899999999732	1.61399999999958	6.56700000000274	0	0
7.2410000000018	1.89600000000064	6.73400000000038	0	0
7.45600000000195	2.6260000000002	6.89500000000044	0	0
14.9559999999983	6.18799999999919	13.5720000000001	0	0
7.56899999999951	2.36000000000058	7.05400000000009	0	0
13.9050000000025	4.6860000000006	12.4480000000003	0	0
7.27499999999782	3.25	6.18800000000192	0	0
15.1819999999971	4.89999999999964	14.2770000000019	0	0
7.27900000000227	2.27499999999964	6.61000000000058	0	0
7.28699999999662	2.88999999999942	6.56000000000131	0	0
6.72100000000137	1.55799999999999	6.58799999999974	0	0
20.7200000000012	7.38299999999981	18.8730000000032	0	0
13.1110000000008	3.05699999999979	12.6290000000008	0	0
14.4310000000005	4.31700000000001	13.4089999999997	0	0
7.80999999999767	2.59400000000005	7.10100000000239	0	0
6.72999999999956	2.0019999999995	6.33499999999913	0	0
14.0069999999978	5.28899999999976	12.6290000000008	0	0
14.6520000000019	5.29500000000007	13.7200000000012	0	0
14.1650000000009	3.3760000000002	13.1840000000011	0	0
6.50600000000122	1.6260000000002	5.94900000000052	0	0
13.4310000000005	4.64099999999962	12.4900000000016	0	0
6.93799999999828	2.24499999999989	6.40199999999822	0	0
20.6409999999996	5.94200000000001	19.4540000000015	0	0
7.78999999999724	2.61800000000039	7.41999999999825	0	0
13.8009999999995	4.61700000000019	12.5980000000018	0	0
15.3189999999995	4.08399999999983	14.8600000000006	0	0
15.0910000000003	5.45600000000013	13.8710000000028	0	0
6.23099999999977	1.68900000000031	5.79299999999785	0	0
14.4039999999986	4.36499999999978	13.6879999999983	0	0
6.5109999999986	2.2529999999997	6.42199999999866	0	0
6.10599999999977	2.15400000000045	5.86300000000119	0	0
6.73800000000119	2.16600000000017	6.46199999999953	0	0
6.52000000000044	2.06999999999971	6.20000000000073	0	0
26.7109999999993	7.47299999999996	25.0420000000013	0	0
6.36000000000058	1.83299999999963	5.59300000000076	0	0
11.3419999999969	5.48700000000008	10.5380000000005	0	0
13.9500000000007	5.89300000000003	12.768	0	0
26.5720000000001	8.08199999999943	26.3220000000001	0	0
26.8040000000001	9.89699999999993	25.9589999999989	0	0
19.1990000000005	4.1880000000001	18.2560000000012	0	0
6.93800000000192	2.42399999999998	6.71599999999671	0	0
12.0020000000004	3.81400000000031	10.9290000000001	0	0
8.18400000000111	3.63499999999931	7.40499999999884	0	0
13.3609999999971	3.21000000000004	12.8270000000011	0	0
13.8899999999994	5.88799999999992	12.1670000000013	0	0
14.0950000000012	6.17199999999957	13.2200000000012	0	0
6.81700000000274	2.4970000000003	6.40200000000186	0	0
7.90599999999904	3.375	7.20499999999811	0	0
12.961000000003	3.61999999999989	12.3359999999993	0	0
6.81199999999808	2.13900000000012	6.7300000000032	0	0
6.99099999999817	2.58699999999953	6.66600000000108	0	0
14.0270000000019	4.30600000000049	12.7790000000023	0	0
7.53600000000006	2.70200000000023	7.20999999999913	0	0
7.81499999999869	2.26199999999972	7.33800000000338	0	0
13.3869999999988	2.53200000000015	12.9619999999995	0	0
6.57600000000093	2.32800000000043	6.33500000000276	0	0
6.83799999999974	1.48400000000038	6.42599999999948	0	0
13.1470000000008	2.61200000000008	12.5250000000015	0	0
6.40599999999904	1.82700000000023	6.14799999999741	0	0
6.78399999999965	2.14999999999964	6.62700000000041	0	0
13.1179999999986	2.63599999999951	12.739999999998	0	0
10.8149999999987	4.27199999999993	10.4490000000005	0	0
15.1899999999987	6.50200000000041	13.6239999999998	0	0
20.1209999999992	4.9369999999999	18.8060000000005	0	0
6.58000000000175	1.33199999999943	6.3070000000007	0	0
14.3610000000008	3.125	13.8030000000035	0	0
6.88400000000183	1.82399999999961	6.58599999999933	0	0
7.27800000000207	2.05500000000029	7.22500000000218	0	0
20.6689999999981	6.1840000000002	19.1970000000001	0	0
7.61700000000201	2.26800000000003	7.48300000000017	0	0
7.31999999999971	1.73700000000008	7.2510000000002	0	0
6.79400000000169	1.61200000000008	6.08200000000215	0	0
6.76399999999921	1.72900000000027	6.19899999999689	0	0
14.2570000000014	4.12599999999929	13.0020000000004	0	0
19.2119999999995	4.95600000000013	18.0750000000007	0	0
19.6880000000019	5.92900000000009	18.9269999999997	0	0
13.8580000000002	4.18099999999959	13.6319999999978	0	0
14.3150000000023	4.11300000000028	13.0640000000021	0	0
15.1339999999982	4.6840000000002	14.2540000000008	0	0
6.76899999999659	1.5619999999999	6.8839999999982	0	0
7.03600000000006	1.875	6.71600000000035	0	0
13.1029999999992	2.38500000000022	12.773000000001	0	0
7.11200000000099	2.07299999999941	6.9910000000018	0	0
13.5220000000008	3.6869999999999	12.8859999999986	0	0
6.11200000000099	1.63500000000022	5.7489999999998	0	0
20.9730000000018	7.47599999999966	19.9200000000019	0	0
13.8289999999979	3.16699999999946	12.8739999999998	0	0
15.1290000000008	6.97599999999966	14.3590000000004	0	0
30.7089999999989	9.6840000000002	29.148000000001	0	0
13.7580000000016	4.1860000000006	12.6980000000003	0	0
6.43299999999726	2.46799999999985	6.04099999999744	0	0
13.5390000000007	4.05099999999948	12.8830000000016	0	0
7.58000000000175	3.72400000000016	6.71800000000076	0	0
13.2609999999986	2.5659999999998	13.4390000000021	0	0
6.98400000000038	2.43900000000031	6.17000000000189	0	0
8.04599999999846	1.63000000000011	7.57300000000032	0	0
13.3449999999975	3.57300000000032	12.6419999999998	0	0
15.1740000000027	4.44499999999971	14.1939999999995	0	0
8.32200000000012	1.51600000000053	7.78099999999904	0	0
19.0849999999991	5.47100000000046	18.2930000000015	0	0
25.9180000000015	7.39500000000044	25.0659999999989	0	0
13.8250000000007	3.75500000000011	12.5410000000011	0	0
13.4789999999994	4.48499999999967	12.4149999999972	0	0
12.8290000000015	2.67799999999988	12.5349999999999	0	0
