5.282	5.371	6.988	0	0
5.29	6.065	5.742	0	0
3.029	2.023	4.097	0	0
6.988	8.937	7.358	0	0
2.78299999999999	1.644	3.643	0	0
2.762	0.903999999999996	3.187	0	0
3.399	1.935	5.188	0	0
3.71299999999999	1.23	5.026	0	0
2.70699999999999	0.611999999999995	4.925	0	0
4.02200000000001	3.04799999999999	5.52600000000001	0	0
2.934	1.267	4.05600000000001	0	0
3.40300000000001	2.13800000000001	4.11100000000002	0	0
4.083	3.721	4.93000000000001	0	0
4.51000000000002	3.05500000000001	5.387	0	0
4.685	4.78	4.74099999999999	0	0
4.357	4.44	4.24200000000002	0	0
7.44500000000002	9.07299999999998	8.95499999999998	0	0
8.12700000000001	9.45499999999998	7.03100000000001	0	0
4.33000000000001	4.51499999999999	5.25300000000001	0	0
2.952	2.179	4.23299999999998	0	0
2.858	1.36100000000002	4.09999999999997	0	0
3.011	1.67000000000002	3.31100000000004	0	0
2.77599999999998	0.689999999999998	4.61899999999997	0	0
2.87	1.53199999999998	3.47399999999999	0	0
4.13800000000001	4.71100000000001	5.89600000000002	0	0
6.79300000000001	7.62799999999999	7.21499999999997	0	0
3.05900000000003	1.488	3.45400000000001	0	0
4.238	3.83699999999999	4.28900000000004	0	0
9.53100000000001	12.432	9.334	0	0
4.62900000000002	5.86900000000003	5.23099999999999	0	0
2.89400000000001	1.827	3.21000000000004	0	0
6.608	8.97999999999996	7.51900000000001	0	0
2.63100000000003	0.782999999999959	3.15299999999996	0	0
3.46900000000005	2.815	4.94099999999997	0	0
3.43399999999997	2.27200000000005	5.31900000000002	0	0
3.70499999999998	1.35199999999998	4.15800000000002	0	0
3.91199999999998	3.49900000000002	5.26500000000004	0	0
4.56399999999996	4.55099999999999	5.15000000000003	0	0
6.58000000000004	8.65699999999998	6.69100000000003	0	0
4.94400000000002	5.11199999999997	4.76599999999996	0	0
4.39699999999999	5.29199999999997	4.84800000000001	0	0
2.54199999999997	0.508999999999958	3.36199999999997	0	0
2.65899999999999	1.02499999999998	3.67099999999994	0	0
3.19299999999998	2.09400000000005	3.76900000000001	0	0
4.99800000000005	4.48499999999996	5.54999999999995	0	0
3.98399999999998	4.01799999999997	4.80200000000002	0	0
4.25299999999999	3.75799999999998	4.20699999999999	0	0
4.10599999999999	4.23200000000003	4.67499999999995	0	0
3.52599999999995	2.72999999999996	4.41499999999996	0	0
4.18799999999999	1.32599999999996	5.899	0	0
3.05700000000002	1.69400000000002	4.07799999999997	0	0
6.63300000000004	8.64699999999999	6.48199999999997	0	0
4.65499999999997	5.16399999999999	6.07899999999995	0	0
3.00199999999995	2.06599999999997	4.01499999999999	0	0
4.28399999999999	2.58300000000003	6.18399999999997	0	0
3.92100000000005	3.96000000000004	4.48799999999994	0	0
2.82600000000002	1.267	3.72000000000003	0	0
3.82800000000009	3.53200000000004	4.149	0	0
3.54700000000003	2.41800000000001	3.60299999999995	0	0
4.22799999999995	4.40100000000001	5.43100000000004	0	0
2.88400000000001	1.47799999999995	4.53400000000011	0	0
3.61900000000003	3.85599999999999	4.33499999999992	0	0
3.58699999999999	2.59400000000005	3.88799999999992	0	0
4.44600000000003	3.63299999999998	5.73400000000004	0	0
2.82899999999995	1.18799999999999	4.39200000000005	0	0
3.20100000000002	2.14100000000008	3.52499999999998	0	0
3.25099999999998	2.20500000000004	3.76499999999999	0	0
3.72399999999993	1.04700000000003	5.08600000000001	0	0
4.61000000000001	4.84199999999998	4.69399999999996	0	0
5.55000000000007	6.63700000000006	5.61799999999994	0	0
5.14700000000005	5.58499999999992	6.15899999999999	0	0
3.76199999999994	3.18500000000006	3.42700000000002	0	0
3.67999999999995	2.01699999999994	5.12099999999998	0	0
3.375	2.20500000000004	3.72400000000005	0	0
3.57600000000002	3.28000000000009	4.17100000000005	0	0
4.28599999999994	4.75799999999992	4.52600000000007	0	0
3.75999999999999	2.61300000000006	5.01099999999997	0	0
3.31399999999996	3.4319999999999	5.08300000000008	0	0
6.346	8.54500000000007	6.98500000000001	0	0
5.505	6.54999999999995	5.27599999999995	0	0
6.3069999999999	7.61699999999996	6.65999999999997	0	0
6.89200000000005	7.71000000000004	7.17200000000003	0	0
3.66600000000005	3.25300000000004	4.19400000000007	0	0
5.08699999999999	5.5	5.93600000000004	0	0
4.57999999999993	4.25200000000007	5.31499999999994	0	0
3.62	2.803	3.70100000000002	0	0
2.99000000000001	2.15599999999995	4.04700000000003	0	0
6.93799999999999	8.66600000000005	7.55600000000004	0	0
5.80399999999997	7.73299999999995	6.25499999999988	0	0
3.80200000000002	4.18399999999997	5.07600000000002	0	0
5.64099999999996	6.82100000000003	5.63200000000006	0	0
5.23699999999997	6.6690000000001	6.14800000000014	0	0
3.20400000000006	2.23300000000006	3.43000000000006	0	0
10.937	13.86	10.973	0	0
8.803	10.4	8.79600000000005	0	0
8.77299999999991	10.028	8.13699999999994	0	0
3.86300000000006	3.04499999999996	4.20100000000002	0	0
5.18700000000001	4.78699999999992	6.32899999999995	0	0
8.06700000000001	10.158	7.68299999999999	0	0
4.48299999999995	4.39999999999998	4.28399999999988	0	0
4.68700000000013	4.57600000000002	5.12899999999991	0	0
9.05099999999993	11.0949999999999	8.34799999999996	0	0
4.71799999999985	5.19999999999993	5.35099999999989	0	0
4.62699999999995	3.72400000000005	4.23300000000017	0	0
4.58699999999999	4.00300000000004	5.49399999999991	0	0
6.88299999999981	8.68000000000006	7.7639999999999	0	0
2.99000000000001	1.90800000000002	3.58100000000013	0	0
7.25500000000011	9.02199999999993	7.24400000000014	0	0
2.971	1.11400000000003	3.04899999999998	0	0
2.94899999999984	0.980999999999995	4.846	0	0
7.096	7.029	8.18200000000002	0	0
6.10599999999999	6.649	5.99900000000002	0	0
5.90200000000004	6.14800000000002	6.0809999999999	0	0
3.54299999999989	3.29700000000003	3.99399999999991	0	0
2.84299999999985	1.48900000000003	4.15599999999995	0	0
7.14499999999998	8.63599999999997	6.98299999999995	0	0
3.45000000000005	3.05400000000009	4.43599999999992	0	0
6.32300000000009	8.33899999999994	6.57900000000018	0	0
2.98699999999985	1.60000000000014	3.37200000000007	0	0
5.2650000000001	4.23599999999988	5.72399999999993	0	0
3.28499999999985	1.96000000000004	4.65200000000004	0	0
5.67399999999998	6.84500000000003	5.88400000000001	0	0
4.15200000000004	2.94100000000003	4.50800000000004	0	0
6.98299999999995	9.29999999999995	6.87300000000005	0	0
5.27600000000007	6.46699999999987	5.077	0	0
4.4860000000001	4.92800000000011	5.14300000000003	0	0
2.87899999999991	1.54399999999987	3.25399999999991	0	0
3.68299999999999	2.97000000000003	4.51900000000001	0	0
3.08699999999999	1.79300000000012	3.22300000000018	0	0
2.99099999999999	1.11200000000008	3.72900000000004	0	0
3.03099999999995	1.32099999999991	4.27300000000014	0	0
5.23000000000002	5.60400000000004	4.721	0	0
3.97199999999998	0.65300000000002	5.70700000000011	0	0
3.779	3.00399999999991	3.92899999999986	0	0
5.32000000000016	6.71399999999994	5.33999999999992	0	0
3.02700000000004	2.09400000000005	4.1690000000001	0	0
4.952	6.48800000000006	5.471	0	0
4.50900000000001	5.52499999999986	5.49199999999996	0	0
2.74399999999991	0.746000000000095	3.27999999999997	0	0
4.25599999999986	4.41599999999994	5.33600000000001	0	0
3.11500000000001	2.39400000000001	4.327	0	0
8.13300000000004	10.3990000000001	7.78600000000006	0	0
5.92600000000016	7.21299999999997	6.10100000000011	0	0
3.70100000000002	3.42000000000007	4.56999999999994	0	0
3.82199999999989	2.94200000000001	4.99099999999999	0	0
2.90699999999993	0.597999999999956	3.70499999999993	0	0
2.78899999999999	0.867999999999938	3.58600000000001	0	0
7.07799999999997	9.55999999999995	8.19599999999991	0	0
5.01999999999998	5.89599999999996	5.65999999999985	0	0
4.31500000000005	4.78700000000003	5.14400000000001	0	0
3.6110000000001	2.63799999999992	4.21199999999999	0	0
2.89499999999998	1.25800000000004	3.85300000000007	0	0
8.22900000000004	11.126	7.89799999999991	0	0
4.84999999999991	5.65300000000002	5.29899999999998	0	0
7.22299999999996	9.10699999999997	7.41000000000008	0	0
3.04700000000003	1.55500000000006	3.33299999999986	0	0
3.35699999999997	1.74099999999999	3.63400000000001	0	0
3.60500000000002	2.50700000000006	5.04299999999989	0	0
6.1429999999998	7.36899999999991	5.87099999999987	0	0
4.52100000000019	4.35100000000011	4.40100000000007	0	0
4.78399999999988	4.84700000000021	6.16499999999996	0	0
6.00099999999998	7.39200000000005	5.74299999999994	0	0
7.18399999999997	10.4070000000002	7.11500000000001	0	0
4.71199999999999	5.26999999999998	4.62000000000012	0	0
6.82999999999993	9.45399999999995	6.99099999999999	0	0
4.67399999999998	6.02999999999997	5.71399999999994	0	0
3.91100000000006	3.07500000000005	4.02700000000004	0	0
6.23900000000003	7.57200000000012	5.93000000000006	0	0
2.88300000000004	1.70499999999993	3.6239999999998	0	0
3.62000000000012	3.49800000000005	4.93199999999979	0	0
5.56899999999996	4.20600000000013	6.79099999999971	0	0
3.11400000000003	2.45500000000015	3.89899999999989	0	0
3.88099999999986	3.46599999999989	6.221	0	0
4.17000000000007	3.77200000000016	5.23199999999997	0	0
4.42000000000007	4.07799999999997	4.91800000000012	0	0
2.5139999999999	0.59900000000016	4.1880000000001	0	0
4.47900000000004	4.30399999999986	5.04199999999992	0	0
5.0440000000001	6.19800000000009	5.69000000000005	0	0
3.24499999999989	2.00099999999998	3.73499999999967	0	0
5.67699999999991	5.98900000000003	6.19700000000012	0	0
3.98299999999995	3.33799999999997	5.55600000000004	0	0
2.63900000000012	0.394000000000005	3.27399999999989	0	0
5.19599999999991	6.84299999999985	6.08899999999994	0	0
4.38400000000001	4.17800000000011	5.875	0	0
4.2679999999998	3.72700000000009	5.13799999999992	0	0
3.15600000000018	1.50600000000009	3.28600000000006	0	0
3.18700000000013	1.79399999999987	3.46100000000024	0	0
2.76400000000012	1.18399999999997	4.05099999999993	0	0
3.60500000000002	3.00299999999993	3.8130000000001	0	0
8.59000000000015	13.181	8.45699999999988	0	0
7.83200000000011	10.2450000000001	7.22899999999981	0	0
4.10300000000007	4.12599999999998	4.58600000000024	0	0
3.37899999999991	2.67399999999998	3.58399999999983	0	0
7.31500000000005	8.94499999999994	6.97999999999956	0	0
2.93299999999999	1.27999999999997	3.54599999999982	0	0
3.69100000000003	3.39099999999985	3.95600000000013	0	0
2.70699999999988	0.944999999999936	4.04199999999992	0	0
7.42000000000007	10.241	7.71299999999974	0	0
4.68399999999974	5.21300000000019	5.39399999999978	0	0
7.43299999999999	9.75199999999995	7.97200000000021	0	0
3.154	1.76800000000003	3.99499999999989	0	0
2.74400000000014	0.345000000000027	3.67999999999984	0	0
5.779	7.53199999999993	6.221	0	0
6.8739999999998	8.89400000000001	7.66499999999996	0	0
4.11599999999999	3.61599999999999	4.71199999999999	0	0
3.13200000000006	0.861999999999853	4.49600000000009	0	0
2.7800000000002	0.523000000000138	4.05499999999984	0	0
6.57799999999997	8.452	6.36000000000013	0	0
4.42799999999988	5.36200000000008	4.73800000000028	0	0
4.24800000000005	4.42099999999982	5.06700000000001	0	0
4.29799999999977	4.30600000000004	5.18499999999995	0	0
3.8430000000003	3.75900000000001	4.54300000000012	0	0
2.96900000000005	2.39100000000008	4.97299999999996	0	0
4.26400000000012	4.41499999999996	5.36499999999978	0	0
3.23999999999978	2.07299999999987	3.82200000000012	0	0
4.79399999999987	5.51199999999994	4.875	0	0
5.73000000000002	6.51499999999987	5.08000000000038	0	0
5.65499999999975	7.7349999999999	6.38899999999967	0	0
3.98099999999977	4.16999999999985	4.41800000000012	0	0
4.70499999999993	4.39499999999998	4.67599999999993	0	0
5.41499999999996	7.029	5.50799999999981	0	0
2.89100000000008	1.44699999999989	3.73900000000003	0	0
5.74699999999984	6.20900000000006	5.04799999999977	0	0
7.30199999999968	9.62599999999998	7.33500000000004	0	0
5.98900000000003	7.98099999999999	6.49099999999999	0	0
4.26200000000017	4.83700000000022	5.56500000000005	0	0
3.99400000000014	3.58000000000015	5.03999999999996	0	0
8.09900000000016	11.6909999999998	8.21100000000024	0	0
6.14100000000008	8.25199999999995	6.471	0	0
5.21300000000019	5.61700000000019	6.3159999999998	0	0
4.02300000000014	3.88200000000006	4.79500000000007	0	0
3.19900000000007	2.99699999999984	4.2180000000003	0	0
2.63599999999997	0.472000000000207	3.34000000000015	0	0
4.17799999999988	3.84000000000015	4.70399999999972	0	0
4.28499999999985	4.64000000000033	5.44200000000001	0	0
3.62300000000005	3.21399999999994	4.11299999999983	0	0
5.80199999999968	7.875	6.66599999999971	0	0
8.5590000000002	11.473	7.35100000000011	0	0
5.91100000000006	7.29700000000003	5.20499999999993	0	0
6.096	7.90900000000011	5.85600000000022	0	0
7.0659999999998	8.21900000000005	7.03200000000015	0	0
6.60399999999981	9.17299999999977	7.14300000000003	0	0
3.71199999999999	3.59799999999996	3.92700000000013	0	0
4.39100000000008	4.69200000000001	4.81500000000005	0	0
2.95100000000002	1.19100000000026	4.13099999999986	0	0
7.25900000000001	8.96300000000019	7.04300000000012	0	0
4.60699999999997	5.51099999999997	5.28200000000015	0	0
3.529	2.63800000000037	4.83399999999983	0	0
3.89700000000039	3.26499999999987	4.23199999999997	0	0
2.92300000000023	0.797000000000025	3.72499999999991	0	0
3.26599999999962	2.56399999999985	4.11200000000008	0	0
6.85899999999992	8.31399999999985	6.68199999999979	0	0
6.19000000000005	7.51999999999998	6.38800000000037	0	0
4.44900000000007	4.17500000000018	5.27500000000009	0	0
3.01400000000012	1.08300000000008	3.73799999999983	0	0
2.98700000000008	1.81899999999996	3.9369999999999	0	0
3.69200000000001	3.18799999999965	4.16699999999992	0	0
5.12699999999995	6.02399999999989	6.21900000000005	0	0
7.41499999999996	8.76800000000003	7.07600000000002	0	0
4.55299999999988	5.19200000000001	4.74600000000009	0	0
6.68100000000004	9.27199999999993	6.9970000000003	0	0
7.44400000000041	9.36700000000019	6.84400000000005	0	0
5.57299999999987	5.88599999999997	4.93299999999999	0	0
2.90099999999984	1.71599999999989	3.42900000000009	0	0
2.96000000000004	2.35600000000022	4.42000000000007	0	0
5.75600000000031	7.83500000000004	6.19100000000026	0	0
4.17399999999998	4.13999999999987	4.22800000000007	0	0
2.67600000000039	0.958999999999833	3.77399999999989	0	0
4.97200000000021	5.02500000000009	5.47600000000011	0	0
6.14499999999998	6.38200000000006	5.08800000000019	0	0
6.50500000000011	8.15200000000004	6.68899999999985	0	0
8.93599999999969	12.1380000000004	9.13300000000027	0	0
3.92100000000028	2.46499999999969	3.5939999999996	0	0
5.22300000000041	6.49400000000014	5.52700000000004	0	0
6.37000000000035	9.74600000000009	6.73300000000017	0	0
4.76900000000023	5.30500000000029	5.08800000000019	0	0
3.32400000000007	2.3430000000003	4.14000000000033	0	0
3.00199999999995	1.02199999999993	3.13899999999967	0	0
3.68100000000004	3.86299999999983	4.31999999999971	0	0
8.46199999999999	10.627	7.64799999999968	0	0
5.74200000000019	7.00500000000011	5.82799999999997	0	0
4.27399999999989	4.1279999999997	4.67200000000003	0	0
6.26800000000003	8.154	5.88200000000006	0	0
5.21900000000005	6.08300000000008	5.98999999999978	0	0
7.12300000000005	9.73100000000022	6.46099999999979	0	0
3.07899999999972	1.75	4.08400000000029	0	0
3.56700000000001	2.66599999999971	4.59900000000016	0	0
3.97000000000025	2.99500000000035	4.11699999999973	0	0
5.07099999999991	4.83500000000004	5.44299999999976	0	0
4.86500000000024	5.50900000000001	5.69999999999982	0	0
4.99300000000039	5.86000000000013	5.08600000000024	0	0
3.63599999999997	2.88500000000022	4.22499999999991	0	0
2.86999999999989	1.29299999999967	4.4369999999999	0	0
7.64699999999993	10.2849999999999	8.69899999999961	0	0
3.28800000000001	2.54700000000003	3.79700000000003	0	0
8.94700000000012	11.7939999999999	8.37100000000009	0	0
9.14800000000014	12.5189999999998	8.74499999999989	0	0
3.41700000000037	2.09999999999991	3.84699999999975	0	0
3.15700000000015	2.15700000000015	3.3420000000001	0	0
3.779	3.47699999999986	5.13599999999997	0	0
4.60500000000002	4.96500000000015	5.87899999999991	0	0
3.57999999999993	1.62299999999959	3.29199999999992	0	0
4.45699999999988	3.8449999999998	5.36400000000003	0	0
5.07700000000023	5.77200000000039	6.22699999999986	0	0
3.89300000000003	3.24599999999964	4.63500000000022	0	0
4.7199999999998	4.48099999999977	5.91499999999996	0	0
5.58399999999983	6.11799999999994	5.93399999999974	0	0
4.68799999999965	5.91499999999996	4.99200000000019	0	0
3.53800000000001	2.89600000000019	4.93899999999985	0	0
3.21000000000004	1.56700000000001	4.49400000000014	0	0
8.57799999999997	10.4949999999999	8.10399999999981	0	0
4.54399999999987	4.42599999999993	4.98300000000017	0	0
5.58399999999983	6.05400000000009	6.13100000000031	0	0
4.11700000000019	3.46000000000004	5.00900000000001	0	0
6.02999999999975	8.15899999999965	6.49799999999959	0	0
6.54999999999973	7.60500000000002	6.30000000000018	0	0
4.17799999999988	4.62099999999964	5.49800000000005	0	0
4.00499999999965	3.90199999999959	4.76800000000003	0	0
5.47700000000032	6.60900000000038	5.44100000000026	0	0
5.34899999999971	6.29800000000023	5.21399999999994	0	0
2.87400000000025	1.54399999999987	3.41499999999996	0	0
4.29199999999992	4.1909999999998	4.28200000000015	0	0
3.60000000000036	2.53999999999996	4.0010000000002	0	0
9.54599999999982	11.4839999999999	8.77399999999989	0	0
3.45499999999993	2.17799999999988	4.44900000000007	0	0
3.85699999999997	3.0300000000002	4.1279999999997	0	0
3.25999999999976	1.34799999999996	3.7489999999998	0	0
3.49400000000014	2.26699999999983	4.38200000000006	0	0
3.89300000000003	3.48499999999967	4.4970000000003	0	0
3.09299999999985	1.00799999999981	3.43199999999979	0	0
5.51599999999962	6.37599999999975	5.94999999999982	0	0
10.0240000000003	13.511	9.8720000000003	0	0
9.43199999999979	13.0679999999998	9.44699999999966	0	0
5.89099999999962	7.09400000000005	5.92300000000023	0	0
3.29299999999967	2.05400000000009	3.32399999999961	0	0
3.04700000000003	1.46799999999985	3.75400000000081	0	0
3.90499999999975	3.61999999999989	4.21299999999974	0	0
4.65900000000011	4.80999999999995	4.96299999999974	0	0
5.99200000000019	7.30600000000004	6.2489999999998	0	0
5.01299999999992	5.39000000000033	5.54700000000048	0	0
3.38099999999986	2.62400000000025	4.95000000000073	0	0
3.22200000000021	1.85400000000027	3.92399999999998	0	0
4.06100000000015	3.30000000000018	4.35099999999966	0	0
3.02500000000009	2.18399999999974	4.61800000000039	0	0
6.69599999999991	8.27300000000014	7.38500000000022	0	0
2.98300000000017	1.97000000000025	4.47999999999956	0	0
4.39499999999998	5.20100000000002	4.38400000000001	0	0
3.01499999999987	1.69200000000001	3.40400000000045	0	0
5.77100000000019	6.85199999999986	6.67799999999988	0	0
7.90800000000036	10.0740000000001	8.92199999999957	0	0
6.21099999999979	7.08199999999988	6.53799999999956	0	0
3.80000000000018	3.54099999999971	4.56900000000041	0	0
2.92900000000009	1.83300000000008	3.97100000000046	0	0
4.37599999999975	4.88499999999976	5.24099999999999	0	0
3.4989999999998	2.7800000000002	4.33500000000004	0	0
2.86199999999963	1.59299999999985	4.24600000000009	0	0
4.86000000000013	5.71500000000015	5.18299999999999	0	0
6.0300000000002	6.61399999999958	6.27300000000014	0	0
4.16400000000021	4.45199999999977	4.57699999999932	0	0
4.68900000000031	5.94700000000012	4.92700000000059	0	0
4.04199999999992	3.95800000000008	4.93599999999969	0	0
4.83399999999983	5.87100000000009	5.40700000000015	0	0
3.0010000000002	0.769999999999982	3.89800000000014	0	0
5.69400000000041	7	5.38699999999972	0	0
2.82799999999997	1.76499999999987	3.78299999999945	0	0
11.1779999999999	15.377	9.36499999999978	0	0
6.72499999999991	8.20699999999988	7.82600000000002	0	0
4.27399999999989	3.94200000000001	5.43099999999959	0	0
6.59900000000016	8.66200000000026	7.39199999999983	0	0
3.67999999999984	3.61599999999999	4.01199999999972	0	0
3.70199999999977	3.17600000000039	4.48199999999997	0	0
4.94200000000001	6.20700000000033	5.24200000000019	0	0
5.68200000000024	5.81100000000015	6.41299999999956	0	0
5.10500000000002	5.90499999999975	4.88100000000031	0	0
5.63700000000017	5.83300000000008	6.15400000000045	0	0
3.66100000000006	3.92099999999982	4.61499999999978	0	0
5.83400000000029	6.029	7.52400000000034	0	0
5.26700000000028	6.04300000000012	5.92699999999968	0	0
4.14499999999998	4.15100000000029	5.43900000000031	0	0
3.00500000000011	1.82899999999972	3.89399999999932	0	0
4.89100000000008	5.12599999999975	5.04200000000037	0	0
3.46599999999989	2.74199999999973	3.84699999999975	0	0
5.25099999999975	6.43600000000015	5.88000000000011	0	0
3.1190000000006	1.46199999999999	3.67599999999948	0	0
3.43100000000049	2.25599999999986	4.45800000000054	0	0
5.16300000000047	4.06600000000026	6.59399999999914	0	0
2.63400000000001	1.32600000000002	3.44999999999982	0	0
4.07100000000082	3.75	4.48900000000049	0	0
3.02599999999984	2.03400000000011	3.88799999999992	0	0
4.04100000000017	4.24800000000005	5.0630000000001	0	0
2.67000000000007	0.442000000000007	3.8720000000003	0	0
4.17500000000018	3.88700000000017	4.66799999999967	0	0
3.8130000000001	1.13299999999981	5.94700000000012	0	0
2.98799999999937	1.14799999999968	4.72200000000066	0	0
3.60100000000057	2.74400000000014	3.62100000000009	0	0
6.82200000000012	8.01000000000022	7.21299999999974	0	0
5.47099999999955	6.7859999999996	6.83300000000054	0	0
4.54400000000078	4.70700000000033	4.84499999999935	0	0
3.03200000000015	1.73500000000013	3.16399999999976	0	0
6.61599999999999	8.25800000000027	7.50699999999961	0	0
3	1.21000000000004	4.64500000000044	0	0
4.08800000000065	3.69300000000021	4.47700000000077	0	0
3.85999999999967	2.88999999999987	3.95299999999952	0	0
2.63600000000042	1.52700000000004	3.99099999999999	0	0
3.96600000000035	3.75399999999991	5.16499999999996	0	0
8.0029999999997	10.0250000000001	7.35699999999997	0	0
5.03300000000036	5.67500000000018	5.69699999999921	0	0
6.75500000000011	8.45600000000013	7.30299999999988	0	0
3.02900000000045	1.10199999999986	3.37700000000041	0	0
3.02599999999984	1.91499999999996	3.84100000000035	0	0
3.07600000000002	1.61900000000014	3.59799999999996	0	0
3.19999999999982	1.79700000000003	3.55200000000059	0	0
3.23400000000038	1.46300000000019	3.80100000000039	0	0
2.91600000000017	1.68100000000004	3.97299999999996	0	0
3.17099999999937	1.44000000000005	3.97299999999996	0	0
3.39500000000044	1.91699999999992	3.46299999999974	0	0
3.36700000000019	2.02999999999975	3.33700000000044	0	0
5.58500000000004	7.41899999999987	5.75099999999929	0	0
3.96499999999924	4	4.54899999999998	0	0
6.19599999999991	9.24699999999984	6.22000000000025	0	0
5.46500000000015	4.66499999999996	6.59600000000046	0	0
3.46399999999994	1.60400000000027	4.53700000000026	0	0
3.7480000000005	3.30799999999999	4.44200000000001	0	0
2.625	0.692000000000007	3.16200000000026	0	0
2.35199999999986	0.23700000000008	2.56800000000021	0	0
2.73999999999978	0.766000000000076	4.20499999999993	0	0
2.66499999999996	1.05000000000018	3.45300000000043	0	0
3.66199999999935	1.06399999999985	4.67599999999948	0	0
2.89500000000044	1.47600000000011	3.63200000000052	0	0
4.99300000000039	5.22200000000021	4.90700000000015	0	0
4.14000000000033	3.58800000000019	4.02300000000014	0	0
5.61499999999978	4.15999999999985	6.8779999999997	0	0
2.70899999999983	0.604000000000269	4.39000000000033	0	0
6.63600000000042	8.17599999999993	7.11599999999999	0	0
5.52999999999975	5.85900000000038	6.75600000000031	0	0
2.90400000000045	1.73000000000002	3.49499999999989	0	0
4.05100000000039	4.7489999999998	4.51200000000063	0	0
4.36999999999989	4.59500000000025	5.02700000000004	0	0
7.73199999999997	11.1389999999997	8.37299999999959	0	0
9.45300000000043	12.9659999999994	9.25900000000001	0	0
5.1279999999997	5.54400000000078	6.64099999999962	0	0
3.81099999999969	2.97000000000025	4.65400000000045	0	0
4.97900000000027	5.05099999999948	4.51099999999951	0	0
4.44499999999971	3.88900000000012	5.03000000000065	0	0
3.23000000000047	1.96499999999924	3.70299999999952	0	0
2.67100000000028	0.304999999999382	3.16299999999956	0	0
4.35499999999956	3.85199999999986	5.69499999999971	0	0
4.72099999999955	4.6309999999994	4.32100000000082	0	0
3.26299999999992	2.46399999999994	3.62700000000041	0	0
3.1309999999994	2.3110000000006	4.10900000000038	0	0
4.93100000000049	5.78499999999985	6.03300000000036	0	0
4.15899999999965	4.17900000000009	4.98000000000047	0	0
7.37899999999991	7.67100000000028	7.19400000000041	0	0
7.69300000000021	10.9179999999997	7.48499999999967	0	0
6.89099999999962	8.22500000000036	7.125	0	0
5.36399999999958	6.80599999999959	5.09400000000005	0	0
3.55899999999929	3.41399999999976	4.1190000000006	0	0
2.78900000000067	1.08500000000004	4.22299999999996	0	0
5.30400000000009	5.78200000000015	5.21000000000004	0	0
6.9409999999998	8.9399999999996	7.28099999999995	0	0
3.50999999999931	3.38499999999931	3.80699999999979	0	0
3.87299999999959	3.79599999999937	4.78700000000026	0	0
3.40300000000025	2.64100000000053	3.99200000000019	0	0
5.12700000000041	5.78199999999924	5.42799999999988	0	0
8.39899999999943	12.3050000000003	7.57099999999991	0	0
4.08100000000013	4.31700000000001	5.04500000000007	0	0
4.16400000000067	4.26699999999983	5.66399999999976	0	0
3.23499999999967	2.25799999999981	4.15400000000045	0	0
5.46399999999994	6.47699999999986	5.20399999999972	0	0
2.96900000000005	2.34400000000005	4.07000000000062	0	0
2.8139999999994	1.27700000000004	4.44899999999961	0	0
4.21200000000044	4.64400000000023	4.98999999999978	0	0
4.33100000000013	4.3149999999996	4.19300000000021	0	0
2.52800000000025	0.694999999999709	3.66299999999956	0	0
3.91900000000078	4.20499999999993	4.94899999999961	0	0
5.22699999999986	5.97500000000036	5.17399999999998	0	0
5.33899999999994	5.18199999999979	7.55099999999948	0	0
2.85199999999986	1.33800000000065	3.38200000000052	0	0
2.97000000000025	0.980999999999767	4.45400000000063	0	0
2.66899999999987	0.401000000000749	3.46100000000024	0	0
3.31800000000021	2.48300000000017	4.34200000000055	0	0
4.39199999999983	4.38199999999961	4.6899999999996	0	0
5.97599999999966	6.65399999999954	6.95200000000023	0	0
2.73700000000008	1.34700000000066	3.30699999999979	0	0
3.95700000000033	4.05299999999988	4.75400000000081	0	0
3.03299999999945	1.28699999999935	4.41499999999996	0	0
3.53900000000067	0.590000000000146	5.11799999999948	0	0
2.85699999999997	1.56099999999969	4.16100000000006	0	0
3.6220000000003	1.81999999999971	4.66299999999956	0	0
3.53699999999935	1.02499999999964	3.55199999999968	0	0
2.82399999999961	1.71300000000065	3.80100000000039	0	0
2.92900000000009	1.42500000000018	4.75700000000052	0	0
4.86399999999958	5.28500000000076	4.79600000000028	0	0
3.11500000000069	2.34699999999975	3.89000000000033	0	0
5.59799999999996	5.53200000000015	5.71000000000004	0	0
8.0619999999999	9.93900000000031	8.23399999999947	0	0
5.84900000000016	6.11399999999958	6.03400000000056	0	0
3.39999999999964	2.19999999999982	3.90200000000004	0	0
3.98700000000008	3.58200000000033	4.29700000000048	0	0
5.0029999999997	5.98300000000017	5.7529999999997	0	0
2.72199999999975	1.66299999999956	3.69200000000001	0	0
3.05299999999988	2.22000000000025	4.28700000000026	0	0
2.88700000000063	1.76299999999992	3.32099999999991	0	0
5.42199999999957	5.96100000000024	5.77899999999954	0	0
7.1840000000002	9.66800000000057	7.14099999999962	0	0
5.57600000000002	6.61999999999989	5.52999999999975	0	0
3.50799999999981	3.52399999999943	4.32600000000002	0	0
2.98900000000049	1.20200000000023	4.11800000000039	0	0
4.85099999999966	5.65700000000015	5.38000000000011	0	0
6.22599999999966	7.64599999999973	6.23899999999958	0	0
3.48799999999937	3.47400000000016	4.32299999999941	0	0
6.56700000000001	7.9380000000001	6.52999999999975	0	0
3.59500000000025	3.10800000000017	4.01800000000003	0	0
6.78300000000036	8.75799999999981	6.54799999999977	0	0
4.98999999999978	5.625	5.73400000000038	0	0
5.54100000000017	6.59699999999975	5.94300000000021	0	0
3.00400000000081	2.21500000000015	4.17799999999988	0	0
3.20799999999963	2.70600000000013	3.82300000000032	0	0
5.46600000000035	6.31700000000001	6.58699999999953	0	0
4.08899999999994	4.23899999999958	5.51499999999942	0	0
4.38599999999951	4.62599999999929	5.14800000000014	0	0
4.4970000000003	5.36599999999999	5.82300000000032	0	0
2.8739999999998	1.99099999999999	3.87899999999991	0	0
4.50600000000031	3.58100000000013	5.81700000000001	0	0
2.72299999999996	0.946000000000822	3.58999999999924	0	0
2.67999999999938	0.682999999999993	4.14400000000023	0	0
2.95600000000013	0.347999999999956	5.02999999999975	0	0
3.60099999999966	2.24200000000019	3.97699999999986	0	0
3.26299999999992	2.53500000000076	3.78200000000015	0	0
8.04700000000048	11.5370000000003	7.72900000000027	0	0
6.21899999999914	9.28099999999995	6.11700000000019	0	0
4.17900000000009	3.87700000000041	4.31899999999951	0	0
5.15800000000036	5.65799999999945	6.91800000000057	0	0
4.97100000000046	5.87700000000041	5.84200000000055	0	0
4.67399999999998	4.83699999999953	5.26099999999951	0	0
6.21999999999935	8.20899999999983	7.06400000000031	0	0
2.94700000000012	2.0649999999996	3.45199999999932	0	0
5.00900000000001	4.24399999999969	6.1309999999994	0	0
3.19400000000041	1.62400000000071	3.85000000000036	0	0
3.68100000000049	2.74499999999989	3.89400000000023	0	0
4.35300000000007	4.64099999999962	4.64800000000014	0	0
3.61899999999969	2.5059999999994	4.71100000000024	0	0
5.58500000000004	6.33700000000044	5.4989999999998	0	0
3.55000000000018	2.71599999999944	3.65699999999924	0	0
4.46800000000076	5.41699999999946	5.15599999999995	0	0
4.3739999999998	3.97100000000046	5.08200000000033	0	0
3.35899999999947	2.36300000000028	3.92000000000007	0	0
3.59299999999985	1.28499999999985	4.81400000000031	0	0
3.84299999999985	3.64300000000003	3.84700000000066	0	0
2.54200000000037	0.442000000000007	2.84199999999964	0	0
6.22199999999975	7.00899999999911	7.13600000000042	0	0
5.45400000000063	6.6869999999999	7.40700000000015	0	0
6.82699999999932	9.26599999999962	7.86099999999988	0	0
5.54500000000007	5.86299999999937	6.11300000000028	0	0
6.30699999999979	6.54899999999998	6.95899999999983	0	0
2.78200000000015	1.27999999999975	4.58100000000013	0	0
2.70399999999972	1.02300000000014	3.65900000000056	0	0
3.4350000000004	2.8769999999995	4.25799999999981	0	0
3.09699999999975	2.32299999999941	3.84200000000055	0	0
6.48500000000058	7.59400000000005	6.36200000000008	0	0
5.57399999999961	6.67399999999998	5.66199999999935	0	0
5.87700000000041	7.26500000000033	6.52300000000014	0	0
6.39899999999943	8.60000000000036	6.67799999999988	0	0
5.43299999999999	6.20800000000054	6.19100000000071	0	0
8.17399999999998	9.88799999999992	8.32599999999911	0	0
7.02799999999934	9.41200000000026	7.44499999999971	0	0
4.8730000000005	5.48499999999967	5.28799999999956	0	0
6.01200000000063	6.66100000000006	6.21299999999974	0	0
4.3730000000005	5.21900000000005	5.80199999999968	0	0
10.0630000000001	13.8540000000003	9.06400000000031	0	0
6.13700000000063	7.22000000000025	6.71100000000024	0	0
4.38500000000022	4.74099999999999	4.88900000000012	0	0
7.14899999999943	9.70799999999963	7.49199999999928	0	0
5.94999999999982	7.13600000000042	5.90599999999995	0	0
4.45700000000033	3.14400000000023	5.90499999999975	0	0
3.04899999999998	1.95200000000023	4.51499999999942	0	0
5.54500000000007	6.38499999999931	6.27700000000004	0	0
5.57499999999982	6.33200000000033	5.47200000000066	0	0
5.67900000000009	6.85599999999977	6.06400000000031	0	0
4.06899999999951	4.21299999999974	4.21099999999933	0	0
6.27199999999993	7.48400000000038	7.23899999999958	0	0
4.49099999999999	2.85400000000027	5.98999999999978	0	0
4.82600000000002	5.02400000000034	5.64899999999943	0	0
6.37899999999991	8.23099999999977	6.51500000000033	0	0
4.96799999999985	5.59599999999955	5.66499999999996	0	0
9.16899999999987	11.7849999999999	8.82899999999972	0	0
3.41200000000026	2.85400000000027	4.48000000000047	0	0
4.01599999999962	3.39199999999983	4.5010000000002	0	0
3.54600000000028	2.52199999999993	3.86899999999969	0	0
2.80400000000009	1.39300000000003	3.9409999999998	0	0
3.00500000000011	1.2519999999995	3.81600000000071	0	0
3.92500000000018	1.72400000000016	6.13299999999981	0	0
4.55999999999949	5.13500000000022	5.16399999999976	0	0
5.57400000000052	7.04500000000007	6.33299999999963	0	0
3.92299999999977	3.57699999999932	4.33599999999933	0	0
3.69599999999991	3.11299999999937	3.85500000000047	0	0
3.66899999999987	2.90099999999984	4.48099999999977	0	0
3.00500000000011	1.36799999999948	3.96500000000015	0	0
2.77700000000004	0.808999999999287	4.04899999999998	0	0
5.13300000000072	5.8720000000003	6.32099999999991	0	0
5.66700000000037	5.52900000000045	6.35300000000007	0	0
3.92499999999927	4.44100000000071	4.29799999999977	0	0
3.16899999999987	0.988999999999578	4.76900000000023	0	0
3.60499999999956	2.61000000000058	4.81800000000021	0	0
4.01399999999921	0.5	4.69700000000012	0	0
5.53099999999995	5.52600000000075	6.75799999999981	0	0
2.78800000000047	1.02999999999975	4.05500000000029	0	0
7.07199999999921	9.25800000000072	7.84100000000035	0	0
4.48900000000049	4.78400000000056	5.2489999999998	0	0
5.66499999999996	6.45900000000074	6.1840000000002	0	0
3.01099999999951	1.46600000000035	3.72699999999986	0	0
2.66100000000006	1.44200000000001	4.52599999999984	0	0
2.85400000000027	1.63799999999992	4.39699999999993	0	0
6.46299999999974	6.51999999999953	7.16200000000026	0	0
4.97800000000007	5.26499999999942	5.54200000000037	0	0
5.71999999999935	6.15700000000015	6.46200000000044	0	0
4.52100000000064	3.84900000000016	5.89800000000014	0	0
5.0590000000002	4.75900000000001	6.55999999999949	0	0
5.30199999999968	5.86599999999999	5.58100000000013	0	0
5.12199999999939	5.04400000000078	4.26400000000012	0	0
4.01499999999942	1.69599999999991	4.49099999999999	0	0
9.27899999999954	11.7749999999996	8.23599999999988	0	0
4.24099999999999	3.20200000000023	4.05000000000018	0	0
4.78700000000026	5.91100000000006	5.46800000000076	0	0
4.9369999999999	5.29399999999987	6.07899999999972	0	0
4.1840000000002	4.33600000000024	5.84000000000015	0	0
3.30000000000018	2.06800000000021	3.63500000000022	0	0
5.48599999999988	6.73100000000068	7.20899999999983	0	0
6.53699999999935	8.19399999999951	6.29100000000017	0	0
3.35800000000017	1.71499999999924	4.76200000000063	0	0
3.08599999999933	1.59199999999964	3.92399999999998	0	0
6.51500000000033	8.03299999999945	6.63799999999992	0	0
8.48400000000038	10.5230000000001	7.49600000000009	0	0
2.9970000000003	1.84500000000025	4.00699999999961	0	0
2.59900000000016	0.585000000000036	3.43499999999949	0	0
2.87100000000009	1.80799999999999	3.65200000000004	0	0
3.27599999999984	2.44100000000071	3.81700000000001	0	0
3.17699999999968	1.32200000000012	3.14399999999932	0	0
2.72899999999936	0.77599999999984	3.29700000000048	0	0
5.71500000000015	6.2529999999997	5.73800000000028	0	0
4.19700000000012	4.09199999999964	4.72699999999986	0	0
3.61999999999989	3.22399999999925	4.02799999999934	0	0
8.15099999999984	10.6439999999993	7.67900000000009	0	0
3.58300000000054	2.48000000000047	3.80699999999979	0	0
7.04699999999957	7.96900000000005	7.40299999999934	0	0
6.95600000000013	9.71100000000024	7.09100000000035	0	0
4.39500000000044	3.90700000000015	5.92399999999998	0	0
4.38699999999972	4.2480000000005	5.30599999999959	0	0
6.94300000000021	8.89900000000034	6.86300000000028	0	0
3.32399999999961	2.10699999999997	3.66100000000006	0	0
5.34799999999996	6.1820000000007	6.35599999999977	0	0
4.22699999999986	4.13900000000012	4.94799999999941	0	0
4.73800000000028	4.37299999999959	6.22700000000077	0	0
3.70399999999972	3.44400000000041	4.76299999999992	0	0
5.19000000000051	6.75200000000041	5.79799999999977	0	0
4.00799999999981	4.26899999999932	5.16499999999996	0	0
3.09500000000025	0.742999999999483	4.4409999999998	0	0
5.4970000000003	6.59400000000005	5.33899999999994	0	0
3.46599999999944	3.54499999999916	3.96299999999974	0	0
4.79399999999987	5.07599999999911	4.44899999999961	0	0
3.70100000000002	3.25500000000011	4.41100000000006	0	0
3.6840000000002	3.00900000000001	4.07899999999972	0	0
4.22099999999955	4.34400000000005	5.5590000000002	0	0
6.13899999999921	7.83599999999933	6.82999999999993	0	0
8.84799999999996	12.0690000000004	8.02299999999923	0	0
3.95899999999983	2.78700000000026	5.3149999999996	0	0
5.28299999999945	4.68499999999949	6.09799999999996	0	0
2.86200000000008	1.50200000000041	3.91899999999987	0	0
5.03200000000015	5.36499999999978	6.21000000000004	0	0
3.50700000000052	3.02899999999954	4.44300000000021	0	0
7.73300000000017	11.259	7.13000000000011	0	0
5.13200000000052	5.21299999999974	5.49700000000121	0	0
3.67900000000009	1.22200000000066	4.97299999999996	0	0
3.22599999999966	2.38100000000031	3.77500000000146	0	0
9.21299999999974	13.7740000000003	8.84100000000035	0	0
5.18199999999979	6.26900000000023	5.20399999999972	0	0
2.6220000000003	0.702000000000226	3.49099999999999	0	0
3.40900000000056	1.78400000000056	5.63799999999901	0	0
4.67799999999988	5.0049999999992	6.85900000000038	0	0
3.5029999999997	2.77800000000025	4.69500000000153	0	0
4.3149999999996	4.84499999999935	6.34100000000035	0	0
4.22699999999986	3.75699999999961	4.66599999999926	0	0
8.6899999999996	10.143	8.14500000000044	0	0
6.80499999999938	8.97299999999996	6.85000000000036	0	0
4.23499999999967	4.66200000000026	4.78899999999885	0	0
4.74200000000019	4.26599999999962	6.0679999999993	0	0
3.14199999999983	1.90800000000036	4.00800000000163	0	0
2.76499999999942	0.798999999999978	4.72600000000057	0	0
7.21900000000005	9.03799999999956	6.90400000000045	0	0
5.87899999999991	7.02500000000055	6.77099999999882	0	0
6.48199999999997	7.69300000000021	6.30400000000009	0	0
4.32899999999972	4.89499999999953	4.42099999999846	0	0
3.82900000000063	3.89499999999953	4.76100000000042	0	0
6.11000000000058	8.18199999999979	7.3130000000001	0	0
3.74099999999999	1.76699999999983	5.39700000000084	0	0
7.94999999999982	8.61000000000058	7.76499999999942	0	0
6.69700000000012	7.23300000000017	6.63500000000022	0	0
4.17700000000059	1.77599999999984	5.95499999999993	0	0
3.19599999999991	2.67000000000007	4.25900000000001	0	0
3.66900000000078	2.63100000000031	4.3229999999985	0	0
3.38000000000011	0.289999999999964	4.10000000000036	0	0
2.53000000000065	0.4399999999996	2.93499999999949	0	0
3.3760000000002	2.55699999999979	5.36499999999978	0	0
3.54300000000057	0.712000000000444	4.76100000000042	0	0
2.75500000000011	1.33500000000004	3.38600000000042	0	0
3.21900000000005	1.78400000000056	3.39899999999943	0	0
6.02300000000014	6.88000000000011	5.47800000000097	0	0
4.42299999999977	5.26100000000042	4.79199999999946	0	0
4.43499999999949	3.63400000000001	5.02800000000025	0	0
5.23999999999978	6.79600000000028	6.55099999999948	0	0
4.55799999999999	4.08200000000033	5.75299999999879	0	0
4.84799999999996	5.09199999999964	5.61399999999958	0	0
5.34199999999964	4.60800000000017	5.08799999999974	0	0
8.70200000000023	10.4570000000003	7.08200000000033	0	0
3.35899999999947	1.5619999999999	4.67000000000007	0	0
8.05699999999979	10.5919999999996	7.82400000000052	0	0
3.04399999999987	1.85500000000047	4.17199999999866	0	0
4.59400000000005	4.41100000000006	6.02800000000025	0	0
6.09199999999964	7.65400000000045	6.60800000000017	0	0
5.30999999999949	6.54099999999926	5.62199999999939	0	0
2.82999999999993	1.41800000000057	3.35499999999956	0	0
4.34000000000015	3.86200000000008	4.56599999999889	0	0
5.7510000000002	6.76499999999942	5.32499999999891	0	0
3.90899999999965	4.05199999999968	5.3799999999992	0	0
7.64500000000044	9.98000000000047	7.29299999999967	0	0
5.7559999999994	6.97699999999986	5.7440000000006	0	0
7.36800000000039	9.41899999999987	7.43299999999908	0	0
5.19200000000001	5.94000000000051	5.46000000000095	0	0
3.68499999999949	2.93099999999959	4.85800000000017	0	0
6.00400000000081	7.15699999999924	6.65899999999965	0	0
9.23399999999947	11.0990000000002	9.90099999999984	0	0
3.56700000000001	2.8100000000004	4.63199999999961	0	0
4.58100000000013	4.52700000000004	4.38700000000063	0	0
4.84699999999975	5.86000000000058	4.60200000000077	0	0
6.47100000000046	8.91099999999915	6.65700000000106	0	0
3.79100000000017	3.54399999999987	4.625	0	0
5.28399999999965	4.79700000000048	5.27500000000146	0	0
3.79100000000017	3.65300000000025	4.39200000000164	0	0
4.3760000000002	4.12100000000009	4.96800000000076	0	0
4.02099999999973	3.56900000000041	5.36299999999937	0	0
5.26599999999962	6.42699999999968	5.37700000000041	0	0
6.95299999999952	9.48400000000038	6.26300000000083	0	0
2.94200000000001	1.41399999999976	3.21100000000115	0	0
6.19999999999982	7.22900000000027	6.19000000000051	0	0
4.38000000000011	4.26099999999951	5.25200000000041	0	0
3.66600000000017	3.45100000000002	4.18299999999908	0	0
3.63799999999992	0.925000000000182	4.9479999999985	0	0
5.09700000000066	5.8760000000002	5.18299999999908	0	0
3.8739999999998	3.79899999999998	4.34500000000116	0	0
5.80799999999999	5.35300000000007	7.37800000000061	0	0
4.36599999999999	3.96800000000076	4.93099999999868	0	0
6.08199999999943	5.89300000000003	6.73700000000099	0	0
8.56700000000001	9.68599999999969	8.42699999999968	0	0
3.86999999999989	3.08500000000004	4.9369999999999	0	0
4.59000000000015	5.24799999999959	5.18000000000029	0	0
9.45100000000002	11.1080000000002	9.17300000000068	0	0
4.45399999999972	4.78799999999956	4.59100000000035	0	0
9.50799999999981	12.2690000000002	8.48599999999897	0	0
4.29600000000028	4.41499999999996	4.3070000000007	0	0
4.14199999999983	3.46500000000015	4.69300000000112	0	0
2.86700000000019	1.15500000000065	3.76500000000124	0	0
4.50799999999981	5.10100000000057	5.56500000000051	0	0
4.74399999999969	4.18100000000049	6.51499999999942	0	0
4.2519999999995	3.96000000000004	4.30299999999988	0	0
5.58300000000054	7.57500000000073	6.66899999999987	0	0
6.65399999999954	7.75	7.1260000000002	0	0
3.95399999999972	2.90099999999984	4.0580000000009	0	0
5.51599999999962	6.40700000000015	5.96100000000115	0	0
4.52799999999934	4.43099999999959	4.6260000000002	0	0
4.77100000000064	4.51900000000023	5.1309999999994	0	0
7.69999999999891	10.5470000000005	7.25299999999879	0	0
10.4120000000003	13.058	8.22700000000077	0	0
6.76599999999962	8.55000000000018	6.97299999999996	0	0
4.07599999999911	3.53699999999935	4.3760000000002	0	0
4.07699999999932	3.76699999999983	4.20200000000114	0	0
3.91599999999926	3.91700000000037	5.10099999999875	0	0
3.27800000000025	2.11799999999948	4.22099999999955	0	0
4.85699999999997	5.6889999999994	4.42499999999927	0	0
3.15500000000065	1.77199999999993	3.6880000000001	0	0
3.00900000000001	1.16299999999956	3.82599999999911	0	0
2.86700000000019	0.606999999999971	4.31099999999969	0	0
5.98199999999997	7.57999999999993	6.84399999999914	0	0
8.5619999999999	10.4680000000008	7.74300000000039	0	0
5.76800000000003	7.1220000000003	5.50200000000041	0	0
4.79000000000087	5.22200000000066	6.04800000000068	0	0
3.0010000000002	1.29799999999977	3.17399999999907	0	0
3.14500000000044	2.03699999999935	4.07600000000093	0	0
6.16400000000067	7.75700000000052	6.80999999999949	0	0
5.63800000000083	7.10900000000038	6.32899999999972	0	0
4.87900000000081	4.78499999999985	6.15400000000045	0	0
3.52199999999903	2.49199999999928	4.06899999999951	0	0
3.23500000000058	1.69200000000001	4.10699999999997	0	0
4.91399999999885	5.96200000000044	5.67799999999988	0	0
4.87199999999939	5.23999999999978	5.70299999999952	0	0
6.77599999999984	8.78700000000026	7.38500000000022	0	0
6.02900000000045	6.92399999999998	7.41200000000026	0	0
4.01599999999962	3.77700000000004	4.8859999999986	0	0
2.78299999999945	0.528999999999542	4.73500000000058	0	0
4.18399999999929	4.39900000000034	4.33599999999933	0	0
5.65299999999843	6.4369999999999	7.20900000000074	0	0
2.84000000000015	1.33700000000044	4.02299999999923	0	0
5.73500000000058	8.14699999999993	6.64000000000124	0	0
6.01900000000023	8.39699999999993	6.49499999999898	0	0
6.17300000000068	7.7470000000003	6.07700000000114	0	0
4.85100000000057	4.65800000000036	4.32099999999991	0	0
3.70399999999972	3.28099999999995	4.01599999999962	0	0
6.10100000000057	7.66100000000006	5.96099999999933	0	0
5.86399999999958	6.75500000000011	5.97199999999975	0	0
5.63600000000042	6.89599999999973	4.89400000000023	0	0
9.17300000000068	13.9490000000005	8.52700000000004	0	0
7.30999999999949	8.47500000000036	6.88299999999981	0	0
7.19000000000051	7.9320000000007	6.66899999999987	0	0
2.86000000000058	1.36599999999999	3.68499999999949	0	0
3.45799999999872	1.71500000000015	3.51400000000103	0	0
5.13199999999961	5.28600000000006	5.47200000000157	0	0
2.89400000000023	1.09100000000035	3.71899999999914	0	0
3.82099999999991	3.39900000000034	4.59100000000035	0	0
3.44800000000032	2.24300000000039	4.99499999999898	0	0
3.55000000000109	2.49300000000039	3.94300000000112	0	0
3.46899999999914	2.25799999999981	4.47600000000057	0	0
3.02500000000146	2.34900000000016	3.82600000000093	0	0
5.13500000000022	4.28399999999965	6.76599999999962	0	0
2.87700000000041	1.81099999999969	3.77199999999903	0	0
5.56099999999969	6.28200000000015	5.52499999999964	0	0
5.50699999999961	6.45399999999972	5.82899999999972	0	0
4.96899999999914	5.35900000000038	5.41599999999926	0	0
3.67200000000048	2.8090000000002	3.97999999999956	0	0
5.14199999999983	6.21900000000005	5.97999999999956	0	0
7.17000000000007	9.70800000000054	6.44499999999971	0	0
6.59500000000116	8.61000000000058	6.60499999999956	0	0
5.07200000000012	6.22899999999936	5.65699999999924	0	0
5.00500000000102	5.54400000000078	5.49099999999999	0	0
3.0570000000007	1.8730000000005	3.80000000000109	0	0
3.16300000000047	1.65000000000055	3.66100000000006	0	0
2.91799999999967	1.23199999999997	3.55000000000109	0	0
3.22799999999916	1.45700000000033	3.4320000000007	0	0
8.59100000000035	10.9669999999996	8.54899999999907	0	0
6.75300000000061	8.80299999999988	6.44200000000092	0	0
4.88899999999921	5.79299999999967	4.96799999999894	0	0
2.85599999999977	0.858000000000175	3.20499999999993	0	0
3.31499999999869	2.10600000000068	3.77400000000125	0	0
3.76699999999983	3.28200000000015	4.10999999999876	0	0
4.10000000000036	2.41800000000057	5.63799999999901	0	0
4.5	5.44200000000001	5.12800000000061	0	0
4.1880000000001	4.98099999999977	5.49300000000039	0	0
2.76100000000042	1.26699999999983	3.33199999999852	0	0
2.99499999999898	1.02900000000045	3.93000000000029	0	0
5.25699999999961	6.28399999999965	5.36799999999857	0	0
3.40600000000086	2.85000000000036	3.91500000000087	0	0
3.94599999999991	3.7510000000002	3.75900000000001	0	0
4.48800000000119	5.23900000000049	5.01200000000063	0	0
2.77700000000004	0.273999999999432	3.4369999999999	0	0
2.78899999999885	0.422999999999774	4.15500000000065	0	0
5.26699999999983	5.79300000000057	6.05099999999948	0	0
3.13100000000122	0.979000000000269	3.53299999999945	0	0
2.77800000000025	0.356000000000677	3.76399999999921	0	0
2.69399999999951	0.543000000000575	3.97299999999996	0	0
6.42100000000028	9.09900000000016	7.16500000000087	0	0
2.98199999999997	2.14699999999993	4.34699999999975	0	0
3.89899999999943	4.09799999999996	5.09200000000055	0	0
3.16499999999905	1.4340000000002	4.68499999999949	0	0
6.17699999999968	8.43099999999959	6.96799999999894	0	0
2.97999999999956	1.89699999999993	3.72099999999955	0	0
3.80799999999908	3.56700000000001	4.45299999999952	0	0
4.03100000000086	3.77500000000146	3.94099999999889	0	0
3.59399999999914	3.15699999999924	4.24299999999857	0	0
5.15099999999984	6.05299999999988	5.76699999999983	0	0
2.99099999999999	1.03399999999965	4.05199999999968	0	0
3.75400000000081	2.3700000000008	4.98499999999876	0	0
7.84400000000096	10.8590000000004	7.23099999999977	0	0
5.4369999999999	6.89800000000105	6.12800000000061	0	0
2.95499999999993	2.01899999999841	3.65500000000065	0	0
5.73799999999937	6.12199999999939	7.46399999999994	0	0
5.88699999999881	6.71299999999974	5.80500000000029	0	0
6.44700000000012	7.32999999999993	7.12200000000121	0	0
5.55899999999929	5.69399999999951	6.82700000000114	0	0
5.61000000000058	6.46399999999994	6.32499999999891	0	0
2.96299999999974	1.10100000000057	2.88500000000022	0	0
3.84899999999834	1.74699999999939	5.07300000000032	0	0
6.78299999999945	8.86000000000058	6.87299999999959	0	0
9.12299999999959	11.4770000000008	9.03300000000127	0	0
7.11200000000099	8.35800000000017	6.95399999999972	0	0
4.36499999999978	4.94800000000032	5.6880000000001	0	0
4.32400000000052	4.10499999999956	4.5	0	0
3.53700000000026	2.39300000000003	3.99799999999959	0	0
4.78000000000065	5.10200000000077	5.14699999999903	0	0
3.02900000000045	0.933000000000902	4.13800000000083	0	0
4.79699999999866	5.28399999999965	5.35800000000017	0	0
2.80400000000009	1.98499999999876	3.31899999999951	0	0
6.62099999999919	8.38700000000063	6.81900000000132	0	0
3.78299999999945	3.77599999999984	4.16799999999967	0	0
2.94399999999951	1.36700000000019	4.24799999999959	0	0
3.12700000000041	1.0049999999992	4.89099999999962	0	0
8.00699999999961	11.2529999999988	9.14999999999964	0	0
2.90099999999984	1.39500000000044	3.51100000000042	0	0
3.42599999999948	2.75500000000102	4.6760000000013	0	0
3.44999999999891	2.7450000000008	4.52100000000064	0	0
3.59799999999996	2.74099999999999	3.90200000000004	0	0
9.7450000000008	12.7900000000009	8.20699999999852	0	0
5.88000000000102	6.92100000000028	5.59699999999975	0	0
3.34199999999873	2.59300000000076	4.04700000000048	0	0
3.21100000000115	1.95299999999952	3.20800000000054	0	0
4.04199999999946	3.63299999999981	4.20000000000073	0	0
6.41399999999885	8.83700000000135	6.65799999999945	0	0
6.85000000000036	9.48199999999997	7.55699999999888	0	0
2.80299999999988	0.485000000000582	3.99199999999837	0	0
2.84499999999935	1.16500000000087	3.56800000000112	0	0
4.24599999999919	3.98199999999997	5.06700000000092	0	0
5.59199999999873	7.63500000000022	5.84499999999935	0	0
7.89300000000003	10.0220000000008	7.03100000000086	0	0
4.18199999999888	4.69700000000012	5.07200000000012	0	0
5.76700000000164	6.98300000000017	5.72499999999854	0	0
4.40599999999904	4.98300000000017	4.8739999999998	0	0
2.84000000000015	0.828000000001339	3.86599999999999	0	0
4.00900000000001	4.47400000000016	6.05299999999988	0	0
2.71899999999914	1.46099999999933	3.51899999999841	0	0
3.24099999999999	1.90900000000147	3.63900000000103	0	0
2.75799999999981	0.828999999999724	3.42100000000028	0	0
5.65899999999965	6.45999999999913	7.19399999999951	0	0
6.42799999999988	8.58799999999974	6.96999999999935	0	0
6.01999999999862	8.24699999999939	6.54599999999846	0	0
3.17500000000109	1.40499999999884	3.92699999999968	0	0
5.96100000000115	7.46999999999935	6.8169999999991	0	0
2.80500000000029	0.69300000000112	3.85800000000017	0	0
2.92199999999866	1.80900000000111	3.5619999999999	0	0
3.31600000000071	0.60399999999936	4.13900000000103	0	0
5.00200000000041	5.01499999999942	5.32600000000093	0	0
7.66100000000006	9.81899999999951	7.16899999999987	0	0
7.58799999999974	10.0419999999995	7.61300000000119	0	0
2.83100000000013	1.53900000000067	3.72799999999916	0	0
5.25300000000061	6.13899999999921	5.80600000000049	0	0
4.46099999999933	3.8119999999999	5.52999999999884	0	0
4.06099999999969	3.91100000000006	4.80199999999968	0	0
9.09100000000035	11.253999999999	8.63700000000063	0	0
5.25900000000001	5.20399999999972	6.17900000000009	0	0
5.50299999999879	6.63899999999921	6.13500000000022	0	0
4.59400000000096	5.00299999999879	5.29500000000007	0	0
6.33599999999933	7.96299999999974	6.60399999999936	0	0
4.4380000000001	2.60400000000118	5.03800000000047	0	0
4.60399999999936	5.83399999999892	5.64400000000023	0	0
3.36799999999857	2.60800000000017	3.76300000000083	0	0
4.73199999999997	5.18099999999868	5.32099999999991	0	0
3.70300000000134	2.58200000000033	5.17599999999948	0	0
5.08799999999974	5.97099999999955	5.50699999999961	0	0
8.12900000000081	10.8589999999986	8.69200000000092	0	0
3.64200000000164	2.69500000000153	3.97199999999975	0	0
4.53399999999965	5.00200000000041	5.11800000000039	0	0
4.52800000000025	4.29500000000007	4.50200000000041	0	0
5.0049999999992	6.01199999999881	4.65899999999965	0	0
6.5679999999993	8.19900000000052	6.07899999999972	0	0
4.24099999999999	2.89899999999943	5.65799999999945	0	0
4.15099999999984	3.90600000000086	4.6989999999987	0	0
3.72600000000057	2.3130000000001	4.97600000000057	0	0
4.50799999999981	4.69800000000032	4.96000000000095	0	0
3.60200000000077	3.00300000000061	4.18900000000031	0	0
6.1880000000001	7.12900000000081	6.93499999999949	0	0
7.31500000000051	8.34399999999914	7.62799999999879	0	0
4.63899999999921	5.00300000000061	5.1309999999994	0	0
2.85199999999895	0.931000000000495	3.86700000000019	0	0
6.2390000000014	8.30699999999888	6.94700000000012	0	0
4.58499999999913	4.98400000000038	5.05900000000111	0	0
5.37200000000121	6.5580000000009	5.34900000000016	0	0
2.86700000000019	0.61200000000099	3.45400000000154	0	0
5.97500000000036	7.39600000000064	6.12299999999959	0	0
6.32200000000012	7.53399999999965	6.73999999999978	0	0
9.40999999999985	12.1689999999999	9.60399999999936	0	0
6.52999999999884	7.90899999999965	7.17499999999927	0	0
7.89300000000003	9.76399999999921	7.58099999999831	0	0
4.29899999999907	4.16500000000087	4.73300000000017	0	0
5.06700000000092	6.3229999999985	5.63299999999981	0	0
3.86199999999917	2.44300000000112	3.69099999999889	0	0
4.98099999999977	5.77299999999923	5.42200000000048	0	0
6.46999999999935	7.23199999999997	6.38100000000122	0	0
2.69499999999971	0.632000000001426	2.89000000000124	0	0
4.06100000000151	4.40600000000086	3.96799999999894	0	0
2.65700000000106	0.934000000001106	3.13999999999942	0	0
3.48699999999917	1.55499999999847	4.82500000000073	0	0
5.1869999999999	5.43399999999929	6.05400000000009	0	0
7.73400000000038	9.77799999999843	8.32799999999952	0	0
3.46099999999933	2.04299999999967	4.57599999999911	0	0
2.83700000000135	1.26000000000022	3.56099999999969	0	0
5	4.86000000000058	4.70600000000013	0	0
3.95400000000154	3.378999999999	4.30999999999949	0	0
3.77700000000004	3.09900000000016	4.18599999999969	0	0
3.01200000000063	1.89999999999964	3.39400000000023	0	0
3.79200000000128	2.81499999999869	5.43400000000111	0	0
5.20600000000013	5.11899999999878	6.0739999999987	0	0
4.47000000000116	4.94100000000071	5.01900000000023	0	0
7.25799999999981	8.79899999999907	6.37700000000041	0	0
5.94499999999971	7.3119999999999	6.67300000000068	0	0
5.16500000000087	5.28800000000047	5.10800000000017	0	0
8.86499999999978	11.496000000001	9.55199999999968	0	0
5.11399999999958	5.39600000000064	6.07799999999952	0	0
6.39600000000064	7.7559999999994	6.16399999999885	0	0
7.86300000000119	8.92100000000028	7.68600000000151	0	0
3.78700000000026	3.88999999999942	4.38500000000022	0	0
3.63199999999961	2.97999999999956	4.42799999999988	0	0
4.54800000000068	5.0099999999984	4.84099999999853	0	0
5.26800000000003	5.38999999999942	5.68599999999969	0	0
7.66299999999865	11.6299999999992	8.75400000000081	0	0
