7.299	2.939	6.799	0	0
6.424	2.297	5.932	0	0
6.919	2.222	6.262	0	0
5.36999999999999	2.471	5.014	0	0
5.627	1.913	5.06100000000001	0	0
5.247	1.55	4.673	0	0
5.706	1.688	5.292	0	0
5.75800000000001	1.939	5.143	0	0
5.42	2.518	4.83200000000001	0	0
5.654	1.93	5.125	0	0
5.75400000000002	1.616	5.41900000000001	0	0
5.178	2.106	4.982	0	0
5.441	1.92299999999999	5.292	0	0
6.54999999999998	3.294	6.24300000000002	0	0
5.69400000000002	1.66199999999999	5.26899999999998	0	0
6.22200000000001	2.71599999999999	5.65699999999998	0	0
6.16299999999998	1.13600000000001	5.655	0	0
5.976	1.777	5.76599999999999	0	0
6.13499999999999	2.315	5.45400000000001	0	0
6.25099999999998	2.709	5.70100000000002	0	0
6.22199999999998	1.669	5.471	0	0
6.40800000000002	2.55500000000001	5.93499999999995	0	0
5.94900000000001	2.164	5.97800000000001	0	0
6.291	1.79000000000001	6.58100000000002	0	0
5.97399999999999	2.18599999999999	5.62199999999996	0	0
5.70499999999998	3.259	5.42099999999999	0	0
6.58700000000005	1.60600000000002	5.91899999999998	0	0
6.07499999999999	2.67400000000001	5.82800000000003	0	0
5.88600000000002	1.49700000000001	5.32400000000001	0	0
6.089	1.572	5.48599999999999	0	0
6.25199999999995	1.59399999999999	5.863	0	0
7.01400000000001	3.44800000000001	6.73600000000005	0	0
6.17200000000003	2.16800000000001	6.07400000000001	0	0
5.84800000000001	1.726	5.47199999999998	0	0
6.09399999999999	2.81300000000002	5.892	0	0
5.91199999999998	1.89699999999999	5.78399999999999	0	0
6.08100000000002	1.678	5.60599999999999	0	0
6.29500000000007	2.55199999999999	5.83099999999996	0	0
5.76499999999999	1.88800000000001	5.41699999999997	0	0
6.63200000000006	3.68099999999998	5.88999999999999	0	0
6.96600000000001	6.83600000000001	6.19100000000003	0	0
5.1339999999999	1.15000000000001	5.20699999999999	0	0
5.13600000000008	1.34100000000001	4.88900000000001	0	0
6.35699999999997	2.06099999999998	6.04300000000001	0	0
5.96600000000001	1.994	5.89099999999996	0	0
5.28300000000002	1.19300000000001	5.14699999999993	0	0
7.47500000000002	4.35599999999999	6.59500000000003	0	0
5.57999999999993	2.48500000000001	5.31299999999999	0	0
5.39300000000003	2.249	4.85899999999992	0	0
6.06999999999994	2.09299999999999	5.69899999999996	0	0
5.78700000000003	1.60300000000001	5.73300000000006	0	0
5.57499999999993	1.536	5.48799999999994	0	0
11.4350000000001	2.87200000000001	11.076	0	0
6.55200000000002	1.41199999999998	6.20399999999995	0	0
6.74899999999991	2.71799999999996	6.20500000000004	0	0
6.60700000000008	3.15199999999999	6.37800000000004	0	0
5.625	1.98699999999997	5.404	0	0
6.34799999999996	2.41499999999996	5.673	0	0
6.36200000000008	0.973000000000013	5.97800000000007	0	0
6.10900000000004	2.077	6.03300000000002	0	0
5.83299999999997	2.13299999999998	5.51700000000005	0	0
6.13	2.53800000000001	5.32600000000002	0	0
6.91200000000003	1.99800000000005	6.71400000000006	0	0
5.95800000000008	1.54300000000001	5.39800000000002	0	0
6.56200000000001	2.72800000000001	6.35400000000004	0	0
5.81500000000005	2.37599999999998	5.322	0	0
5.71000000000004	1.32800000000003	5.60500000000002	0	0
6.07100000000003	1.56799999999998	5.81499999999994	0	0
6.08400000000006	1.71199999999999	5.85799999999995	0	0
5.39700000000005	1.51299999999998	5.27700000000004	0	0
6.41800000000001	1.351	5.89199999999994	0	0
6.577	2.56899999999996	6.07899999999995	0	0
5.827	1.69800000000004	5.41199999999992	0	0
5.11800000000005	1.48199999999997	4.85599999999999	0	0
6.01300000000003	2.42499999999995	5.56400000000008	0	0
5.702	2.17500000000001	5.07899999999995	0	0
6.11200000000008	2.58499999999998	5.50799999999992	0	0
6.94699999999989	3.32799999999997	6.14499999999998	0	0
6.596	2.23399999999998	6.351	0	0
5.90499999999997	2.75200000000001	4.99000000000012	0	0
5.54099999999994	2.13499999999999	5.30400000000009	0	0
6.62599999999998	4.11100000000005	5.71400000000017	0	0
5.40100000000007	2.27800000000002	4.93199999999979	0	0
5.55199999999991	1.71499999999997	5.47599999999989	0	0
5.76600000000008	2.05800000000005	5.30599999999981	0	0
5.88300000000004	2.60199999999998	5.32600000000002	0	0
5.34100000000012	2.65999999999997	5.26699999999983	0	0
5.70000000000005	1.96899999999999	5.39499999999998	0	0
6.06700000000001	1.74400000000003	5.94200000000001	0	0
6.15000000000009	1.86700000000002	5.59699999999998	0	0
6.54700000000003	2.90800000000002	5.79300000000012	0	0
5.82600000000002	1.67699999999996	5.36899999999991	0	0
5.92699999999991	1.67899999999997	5.29999999999995	0	0
6.45299999999997	2.09500000000003	6.07099999999991	0	0
5.43700000000013	2.06099999999998	4.82400000000007	0	0
6.27199999999993	3.35500000000002	5.6110000000001	0	0
6.04299999999989	3.68099999999998	5.19000000000005	0	0
6.17000000000007	1.34199999999998	5.70700000000011	0	0
6.55099999999993	2.56200000000001	6.11199999999985	0	0
7.07400000000007	2.85200000000003	5.96299999999997	0	0
6.3130000000001	3.01699999999994	5.80300000000011	0	0
6.53300000000013	2.68399999999997	6.1690000000001	0	0
5.82099999999991	1.17000000000007	5.54299999999989	0	0
6.42699999999991	2.13700000000006	5.75299999999993	0	0
5.41300000000001	2.49200000000008	5.42600000000016	0	0
6.60899999999992	2.88600000000008	5.97299999999996	0	0
6.06500000000005	1.42700000000002	5.79000000000019	0	0
5.86899999999991	1.42599999999993	5.96800000000007	0	0
6.01800000000003	2.28499999999997	5.81899999999996	0	0
6.10400000000004	1.67100000000005	6.03700000000003	0	0
6.15000000000009	1.322	5.59800000000018	0	0
6.06299999999987	2.20600000000002	5.63900000000012	0	0
6.36200000000008	1.78300000000002	5.74699999999984	0	0
5.91899999999987	1.91500000000008	5.57199999999989	0	0
6.10500000000002	1.83500000000004	5.50400000000013	0	0
5.84799999999996	1.44000000000005	5.49500000000012	0	0
6.00099999999998	2.09000000000003	5.29299999999989	0	0
5.48000000000002	2.16999999999996	5.16199999999981	0	0
5.39100000000008	2.47199999999998	4.91399999999999	0	0
5.89799999999991	1.91600000000005	5.21900000000005	0	0
5.16100000000006	1.56900000000007	5.28700000000003	0	0
7.0329999999999	1.53699999999992	6.64400000000001	0	0
5.03700000000003	1.08400000000006	4.89100000000008	0	0
7.13100000000009	1.53699999999992	6.69399999999996	0	0
5.8599999999999	1.62200000000007	5.34300000000007	0	0
5.98399999999992	1.68299999999999	6.08199999999988	0	0
6.38999999999987	2.27999999999997	6.08500000000004	0	0
6.38300000000004	1.86400000000003	5.63699999999994	0	0
6.30799999999999	2.75199999999995	5.75800000000004	0	0
5.74199999999996	1.72500000000002	5.33200000000011	0	0
6.21399999999994	2.71299999999997	6.00900000000001	0	0
5.51400000000012	1.68500000000006	5	0	0
6.25999999999999	2.99900000000002	5.66399999999999	0	0
5.33299999999986	1.07900000000006	5.07999999999993	0	0
5.79399999999987	1.774	5.73500000000013	0	0
6.12599999999998	1.42200000000003	5.69400000000019	0	0
6.5150000000001	2.91899999999998	6.08199999999988	0	0
6.59300000000007	3.221	5.62699999999995	0	0
5.62000000000012	1.97500000000002	5.21299999999997	0	0
5.29099999999994	1.69799999999998	5.05899999999997	0	0
5.50199999999995	2.096	5.0440000000001	0	0
6.35899999999992	3.31299999999999	5.4849999999999	0	0
5.77300000000014	1.029	5.70100000000002	0	0
5.97499999999991	1.98000000000002	5.37700000000018	0	0
5.62400000000002	2.02600000000007	5.63599999999997	0	0
5.38500000000022	1.27599999999995	5.03899999999999	0	0
5.31200000000013	2.15599999999995	5.31600000000003	0	0
5.52199999999993	1.48500000000001	5.65199999999982	0	0
5.75300000000016	2.74699999999996	5.25800000000004	0	0
6.34699999999998	2.52499999999998	6.32300000000009	0	0
5.30899999999997	1.07100000000003	5.32599999999979	0	0
5.76699999999983	3.16699999999992	5.29300000000012	0	0
5.90999999999985	2.00500000000011	5.27499999999986	0	0
5.95100000000002	2.45800000000008	5.14100000000008	0	0
5.66699999999992	1.024	5.65200000000004	0	0
5.9060000000004	1.79499999999996	5.39099999999985	0	0
5.58100000000013	1.62600000000009	5.56400000000008	0	0
5.63400000000001	2.327	5.38000000000011	0	0
5.72499999999991	1.75300000000004	5.39699999999993	0	0
5.94200000000001	1.09199999999998	5.54399999999987	0	0
5.69599999999991	2.50400000000002	4.96499999999992	0	0
6.28800000000001	1.64999999999998	5.68000000000006	0	0
6.33999999999969	2.58500000000004	5.76199999999972	0	0
6.05600000000004	2.31899999999996	5.72299999999996	0	0
6.46199999999999	2.72699999999998	5.79399999999987	0	0
5.40599999999995	0.553999999999974	5.59900000000016	0	0
6.05300000000034	3.60900000000004	5.64699999999993	0	0
5.70800000000008	1.92600000000004	5.14699999999993	0	0
5.33300000000008	1.39800000000002	5.4369999999999	0	0
6.47299999999996	2.30499999999995	5.85100000000011	0	0
5.15499999999975	2.03199999999993	5.12199999999984	0	0
6.10800000000017	2.09100000000001	5.79299999999967	0	0
6.14499999999998	1.89099999999996	5.73799999999983	0	0
5.56400000000031	1.61799999999994	5.30299999999988	0	0
6.94100000000026	2.39400000000001	6.12300000000005	0	0
5.68100000000004	2.68100000000004	5.15200000000004	0	0
5.54599999999982	1.48199999999997	5.73999999999978	0	0
5.39799999999968	2.22799999999995	5.29300000000012	0	0
5.66300000000001	1.15300000000002	5.58699999999999	0	0
6.05999999999995	2.36200000000008	5.4970000000003	0	0
6.2180000000003	1.97799999999995	5.67599999999993	0	0
6.02299999999968	3.20499999999993	5.33500000000004	0	0
5.59900000000016	1.28899999999999	5.10999999999967	0	0
6.15200000000004	1.58699999999999	5.62300000000005	0	0
5.94200000000001	1.47800000000007	5.38099999999986	0	0
6.41400000000021	2.54099999999994	5.63999999999987	0	0
6.62199999999984	5.44599999999991	6	0	0
5.62300000000005	0.751999999999953	5.61799999999994	0	0
6.21000000000004	2.36200000000008	5.38899999999967	0	0
5.71599999999989	2.75400000000002	5.61700000000019	0	0
5.23799999999983	1.15800000000002	5.04899999999998	0	0
5.59099999999989	1.83500000000004	5.38099999999986	0	0
6.63999999999987	4.58899999999994	6.13900000000012	0	0
6.27500000000009	2.12800000000004	5.9380000000001	0	0
5.78999999999996	2.16300000000001	5.69699999999966	0	0
5.58399999999983	1.84799999999996	5.36900000000014	0	0
6.42500000000018	2.38900000000001	5.66600000000017	0	0
6.49499999999989	1.83800000000008	5.9680000000003	0	0
6.34900000000016	2.63	5.89899999999989	0	0
5.43199999999979	1.86699999999996	5.39399999999978	0	0
6.07400000000007	2.69399999999996	5.52800000000025	0	0
6.23300000000017	2.98900000000003	5.23199999999997	0	0
5.89199999999983	1.86099999999999	5.59999999999991	0	0
5.38000000000011	1.61399999999992	4.99000000000024	0	0
6.00700000000006	2.29600000000005	5.43600000000015	0	0
5.65499999999975	1.34100000000001	5.31100000000015	0	0
6.13800000000037	1.64599999999996	6.08500000000004	0	0
6.27700000000004	2.39400000000001	5.84400000000005	0	0
5.904	1.28800000000001	5.33600000000024	0	0
7.47600000000011	2.14999999999986	6.79600000000028	0	0
6.14199999999983	2.34300000000007	5.23999999999978	0	0
5.99799999999959	2.74400000000014	5.54700000000003	0	0
6.08300000000008	2.4050000000002	5.75300000000016	0	0
5.94999999999982	1.27600000000007	5.45299999999997	0	0
5.9079999999999	1.43399999999997	5.66700000000037	0	0
5.51600000000008	1.548	5.1609999999996	0	0
5.69399999999996	1.65700000000015	5.53700000000026	0	0
5.32099999999991	1.43299999999999	5.07400000000007	0	0
5.75900000000001	2.25500000000011	5.23300000000017	0	0
5.98300000000017	2.67000000000007	5.45699999999988	0	0
7.38799999999992	2.99700000000007	6.87400000000025	0	0
5.54799999999977	1.55399999999986	5.28899999999976	0	0
6.89199999999983	4.27999999999997	6.33300000000008	0	0
6.24200000000019	3.01199999999994	5.91600000000017	0	0
5.87300000000005	2.50999999999999	5.74400000000014	0	0
5.29900000000043	1.00099999999998	5.42500000000018	0	0
6.62100000000009	2.80500000000006	5.93899999999985	0	0
6.1579999999999	2.73099999999999	5.53699999999981	0	0
6.16100000000006	1.33799999999997	5.3739999999998	0	0
6.40599999999995	1.98900000000003	6.03800000000001	0	0
6.92099999999982	2.57500000000005	6.10699999999997	0	0
6.01399999999967	3.05700000000002	5.61599999999999	0	0
5.5590000000002	1.35799999999995	5.44299999999976	0	0
7.04199999999992	1.36599999999999	6.63999999999987	0	0
6.35599999999977	1.44499999999994	5.76400000000012	0	0
6.1550000000002	3.3119999999999	5.97900000000027	0	0
6.24400000000014	2.11000000000013	5.84199999999964	0	0
6.29099999999971	2.92800000000011	5.63200000000006	0	0
6.62300000000005	1.75199999999995	6.04899999999998	0	0
6.47399999999971	1.51299999999992	6.10300000000007	0	0
5.78399999999965	2.09300000000007	5.82099999999991	0	0
7.63700000000017	2.61299999999983	6.52599999999984	0	0
5.38799999999992	1.24699999999984	5.00600000000031	0	0
6.17500000000018	3.63499999999999	5.4369999999999	0	0
5.82399999999961	2.31799999999998	5.80799999999999	0	0
6.85399999999981	3.23800000000006	6.79800000000023	0	0
5.81399999999985	2.66000000000008	5.59900000000016	0	0
5.7819999999997	1.63099999999986	5.69599999999991	0	0
7.18600000000015	3.40200000000004	6.07499999999982	0	0
5.29899999999998	1.35100000000011	5.3420000000001	0	0
6.45499999999993	2.65300000000002	5.93000000000029	0	0
6.54500000000007	3.27200000000016	6.10099999999966	0	0
6.15999999999985	2.4079999999999	5.61699999999973	0	0
6.30400000000009	1.77700000000004	5.65899999999965	0	0
6.03900000000021	1.85500000000002	5.46299999999974	0	0
6.22499999999991	1.63300000000004	5.91699999999992	0	0
6.65499999999975	2.97600000000011	6.01299999999992	0	0
6.44999999999982	3.56700000000001	6.23900000000003	0	0
5.64700000000039	1.35900000000015	5.51700000000028	0	0
5.57900000000018	1.81600000000003	5.06100000000015	0	0
5.80400000000009	2.82500000000005	5.32900000000018	0	0
5.4369999999999	2.08600000000001	4.95800000000008	0	0
6.26799999999957	2.59799999999996	5.76400000000012	0	0
5.971	2.07099999999991	5.58899999999994	0	0
5.86599999999999	2.87800000000016	5.29499999999962	0	0
5.86799999999994	2.23699999999985	5.86700000000019	0	0
5.67599999999993	1.35899999999992	5.42599999999993	0	0
6.72199999999975	4.154	6.09700000000021	0	0
6.98100000000022	1.61699999999996	6.45700000000033	0	0
5.86500000000024	1.30700000000002	5.5329999999999	0	0
6.04300000000012	1.904	5.42699999999968	0	0
6.39699999999993	2.98399999999992	5.81399999999985	0	0
5.94899999999961	1.99099999999999	5.56500000000005	0	0
5.47299999999996	1.77300000000014	5.2170000000001	0	0
5.61300000000028	2.5150000000001	5.23100000000022	0	0
5.76899999999978	1.93000000000006	5.48600000000033	0	0
5.81100000000015	1.22399999999993	5.56800000000021	0	0
5.99900000000025	2.04899999999998	6.03499999999985	0	0
6.45000000000027	1.20000000000005	6.26699999999983	0	0
6.36199999999963	1.22299999999996	5.92700000000013	0	0
6.6909999999998	2.22000000000003	6.26700000000028	0	0
7.06700000000001	1.85099999999989	6.32600000000002	0	0
5.73400000000038	2.42900000000009	5.36900000000014	0	0
5.97800000000007	1.36199999999985	5.89200000000028	0	0
5.94300000000021	1.90200000000004	5.39599999999973	0	0
5.67799999999988	2.0619999999999	5.15300000000025	0	0
6.5310000000004	2.98000000000002	5.72199999999975	0	0
5.49399999999969	1.798	5.404	0	0
5.51400000000012	1.66600000000017	5.07900000000018	0	0
5.93200000000024	2.70399999999995	5.15099999999984	0	0
7.19799999999987	4.44499999999994	6.37699999999995	0	0
5.8159999999998	1.75199999999995	5.00099999999975	0	0
6.16300000000001	2.07200000000012	5.99199999999973	0	0
6.42000000000007	4.66100000000006	5.70299999999997	0	0
5.68600000000015	2.452	5.36200000000008	0	0
6.19200000000001	2.08400000000006	5.9350000000004	0	0
6.08799999999974	2.39799999999991	5.55699999999979	0	0
6.5010000000002	2.13199999999983	6.41400000000021	0	0
6.03800000000001	2.21000000000004	5.73999999999978	0	0
5.94800000000032	2.10300000000007	5.20099999999957	0	0
6.21500000000015	2.58300000000008	5.62899999999991	0	0
7.0329999999999	3.58200000000011	6.45899999999983	0	0
6.13299999999981	2.1550000000002	5.85800000000017	0	0
5.89699999999993	2.25399999999991	5.14600000000019	0	0
5.51599999999962	1.69200000000001	5.28499999999985	0	0
5.59400000000005	2.23800000000006	5.05099999999993	0	0
5.46700000000055	1.81099999999992	5.36999999999989	0	0
5.7470000000003	2.36300000000006	5.10199999999986	0	0
5.7529999999997	2.15699999999993	5.52200000000039	0	0
4.79000000000087	0.604000000000042	4.58999999999969	0	0
6.47299999999996	2.49900000000002	5.61400000000003	0	0
6.72000000000025	2.63300000000004	6.21000000000004	0	0
5.22500000000036	0.977000000000089	5.0630000000001	0	0
5.92699999999968	2.71299999999997	5.25700000000006	0	0
6.29100000000017	2.17600000000016	5.57799999999997	0	0
6.39500000000044	2.61799999999994	5.81100000000015	0	0
5.61700000000019	1.24099999999999	5.21599999999989	0	0
6.32800000000043	1.95899999999983	5.75	0	0
6.51099999999951	1.12400000000002	6.24099999999999	0	0
6.07300000000032	4.3420000000001	5.44200000000001	0	0
5.48999999999978	1.52099999999996	5.27800000000025	0	0
5.65799999999945	3.04899999999998	5.4050000000002	0	0
5.98099999999977	2.22500000000014	5.74699999999984	0	0
5.16899999999987	0.825000000000045	5.14600000000019	0	0
5.98499999999967	1.57400000000007	5.69399999999996	0	0
5.75900000000001	1.20900000000006	5.71500000000015	0	0
6.44800000000032	1.77000000000021	6.13000000000011	0	0
5.83399999999983	1.60500000000002	5.55899999999929	0	0
6.0630000000001	1.98500000000013	5.17000000000007	0	0
6.91499999999996	2.73500000000013	6.10199999999986	0	0
5.77900000000045	1.56399999999985	5.44499999999971	0	0
5.10300000000007	0.567999999999984	5.14400000000023	0	0
5.3130000000001	1.60900000000015	5.13799999999992	0	0
5.64000000000033	2.99099999999999	5.89000000000033	0	0
6.20600000000013	0.958000000000084	5.77900000000045	0	0
5.6909999999998	2.29700000000003	5.67399999999998	0	0
5.74799999999959	1.55299999999988	5.625	0	0
6.86200000000008	2.20000000000005	6.21900000000005	0	0
6.11799999999948	2.83299999999986	5.35899999999947	0	0
6.51199999999972	2.65800000000013	5.75799999999981	0	0
5.77999999999975	2.34999999999991	5.24799999999959	0	0
6.94300000000021	3.34100000000012	6.30000000000018	0	0
6.16600000000017	2.279	5.39099999999962	0	0
5.84799999999996	1.15200000000004	5.70500000000084	0	0
5.5059999999994	1.30500000000006	5.46500000000015	0	0
5.25	2.17200000000003	4.88599999999951	0	0
5.26400000000012	1.57200000000012	5.09100000000035	0	0
5.85499999999956	1.34000000000015	5.5059999999994	0	0
5.5619999999999	3.40100000000007	5.09699999999975	0	0
5.60099999999966	1.73399999999992	5.40399999999954	0	0
5.92900000000009	1.47800000000007	5.43900000000031	0	0
6.2489999999998	2.01700000000005	5.58799999999974	0	0
12.0709999999999	4.24000000000001	10.6959999999999	0	0
6.45399999999972	3.96799999999985	6.10900000000038	0	0
6.52999999999975	1.88999999999987	5.80200000000059	0	0
5.90800000000036	1.37700000000018	5.53999999999996	0	0
5.92399999999998	1.76299999999992	5.63799999999992	0	0
5.89900000000034	1.45500000000015	5.95499999999993	0	0
5.61599999999999	1.15100000000007	5.16900000000078	0	0
5.67100000000028	1.68599999999992	5.34799999999996	0	0
5.98199999999997	1.90300000000002	5.63400000000001	0	0
5.17500000000018	1.45999999999981	5.15200000000004	0	0
5.63500000000022	1.63300000000004	5.36099999999988	0	0
6.26300000000083	1.80799999999999	5.73599999999988	0	0
7.07899999999972	3.62900000000013	6.43100000000049	0	0
7.00399999999991	2.24900000000002	6.04100000000017	0	0
5.70300000000043	1.27600000000007	5.27000000000044	0	0
5.81500000000051	1.61599999999999	5.15499999999975	0	0
5.41800000000057	2.21199999999999	5.33899999999994	0	0
5.73999999999978	2.09000000000015	5.50700000000052	0	0
5.71100000000024	1.46299999999997	5.22499999999945	0	0
5.78200000000015	1.46400000000017	5.32200000000012	0	0
5.36099999999988	1.41000000000008	5.03700000000026	0	0
4.69100000000071	1.27400000000011	4.69000000000051	0	0
5.52400000000034	1.4849999999999	4.9989999999998	0	0
5.79399999999987	2.06799999999998	5.31700000000001	0	0
5.45399999999972	1.48399999999992	5.58200000000033	0	0
5.29600000000028	2.31799999999998	4.95899999999983	0	0
5.9989999999998	2.68100000000004	5.67200000000048	0	0
6.34899999999925	1.50600000000009	5.61000000000058	0	0
6.50200000000041	2.58699999999999	5.78799999999956	0	0
5.19599999999991	1.92599999999993	5.27900000000045	0	0
5.47000000000025	2.1550000000002	5.16499999999996	0	0
6.02500000000055	2.13499999999999	5.74200000000019	0	0
5.79600000000028	2.15499999999997	5.66899999999987	0	0
6.05100000000039	1.38700000000017	5.94699999999921	0	0
6.64699999999993	2.38400000000001	6.05400000000009	0	0
6.22699999999986	2.36399999999981	5.79099999999926	0	0
5.41100000000006	1.35699999999997	5.37299999999959	0	0
5.95499999999993	1.23599999999988	5.51900000000023	0	0
6.09199999999964	1.67000000000007	5.82900000000063	0	0
6.17299999999977	1.51800000000003	6.23199999999997	0	0
6.15399999999954	2.18299999999999	5.66600000000017	0	0
5.91600000000017	1.56800000000021	5.76299999999992	0	0
5.28899999999976	0.925999999999931	5.00500000000011	0	0
6.28099999999995	2.9380000000001	5.39899999999943	0	0
6.50799999999981	4.73599999999988	5.64900000000034	0	0
6.46100000000024	1.42099999999982	6.29500000000007	0	0
6.48099999999977	2.404	5.89699999999993	0	0
6.33300000000054	4.12599999999998	5.71000000000004	0	0
6.68599999999969	2.35599999999999	5.98300000000017	0	0
6.25699999999961	3.15200000000004	5.80199999999968	0	0
5.34700000000066	1.53300000000013	5.26699999999983	0	0
6.22599999999966	2.01499999999987	5.88900000000012	0	0
5.77399999999943	1.28199999999993	5.20799999999963	0	0
6.59500000000025	2.35200000000009	6.09000000000015	0	0
5.69999999999982	2.02700000000004	5.83600000000024	0	0
6.44000000000051	2.673	5.59900000000016	0	0
6.62100000000009	2.26600000000008	5.68000000000029	0	0
6.79600000000028	3.93100000000004	6.0659999999998	0	0
6.46399999999994	2.43599999999992	5.9940000000006	0	0
6.89999999999964	3.35500000000002	6.06700000000001	0	0
5.82499999999982	1.75700000000006	5.42299999999977	0	0
6.66299999999956	2.18499999999995	5.98800000000028	0	0
6.27400000000034	2.27200000000016	5.47500000000036	0	0
6.64300000000003	1.88699999999994	6.52499999999964	0	0
6.2470000000003	2.10500000000002	5.42700000000059	0	0
5.79100000000017	1.63200000000006	5.43299999999999	0	0
6.02599999999984	2.09900000000016	5.70300000000043	0	0
5.82999999999993	1.37800000000016	5.55200000000059	0	0
5.39400000000023	1.32499999999982	4.92699999999968	0	0
6.20199999999932	2.63200000000006	5.75399999999991	0	0
5.45200000000023	1.57600000000002	5.16299999999956	0	0
6.26599999999962	2.71299999999974	5.48800000000028	0	0
6.43299999999999	2.7510000000002	5.58399999999983	0	0
5.81500000000051	1.75599999999986	5.27500000000055	0	0
5.51300000000083	2.3449999999998	5.20000000000073	0	0
5.52300000000014	1.49299999999994	5.27700000000004	0	0
5.59299999999985	1.42200000000003	5.40700000000015	0	0
5.17799999999988	1.654	4.8100000000004	0	0
5.62299999999959	2.27100000000019	5.35900000000038	0	0
5.37199999999939	2.41599999999971	5.02700000000004	0	0
4.9320000000007	1.41400000000021	4.95400000000063	0	0
6.10800000000017	2.17599999999993	5.86300000000028	0	0
5.23400000000038	1.23799999999983	5.03999999999996	0	0
7.04500000000007	3.38400000000001	6.11599999999999	0	0
6.10800000000017	2.73099999999977	5.56999999999971	0	0
6.26500000000033	3.07099999999991	5.49099999999999	0	0
5.42500000000018	1.07999999999993	5.05499999999938	0	0
5.68499999999949	1.46500000000015	5.46399999999994	0	0
5.6860000000006	2.43600000000015	5.1880000000001	0	0
5.79799999999977	1.95299999999997	5.38899999999921	0	0
5.22499999999945	2.23499999999967	5.08500000000004	0	0
6.30099999999948	2.60799999999972	5.69500000000062	0	0
5.44499999999971	2.64300000000003	5.34900000000016	0	0
5.87800000000061	2.20299999999997	5.38000000000011	0	0
5.80300000000079	2.65700000000015	5.59599999999955	0	0
6.17099999999937	2.44699999999966	5.63100000000031	0	0
5.84799999999996	2.30999999999995	5.5619999999999	0	0
6.05199999999968	1.73900000000003	5.7519999999995	0	0
7.11999999999989	4.77199999999993	6.25600000000031	0	0
6.94800000000032	2.82899999999972	6.17900000000009	0	0
9.53600000000006	4.1840000000002	8.86700000000019	0	0
6.03300000000036	2.38300000000027	5.46599999999944	0	0
5.45700000000033	1.97500000000036	5.09500000000025	0	0
6.67000000000007	3.11599999999999	5.8769999999995	0	0
6.59100000000035	3.40100000000029	5.66100000000006	0	0
6.27400000000034	1.70100000000002	5.35699999999997	0	0
6.97099999999955	2.77799999999979	6.50800000000072	0	0
5.9369999999999	2.5590000000002	5.40100000000075	0	0
5.87100000000009	1.65599999999995	5.66399999999976	0	0
7.2529999999997	3.0010000000002	6.70499999999993	0	0
5.71700000000055	2.25199999999995	5.47499999999945	0	0
6.2559999999994	2.9640000000004	5.44300000000021	0	0
5.19599999999991	1.05699999999979	5.04199999999946	0	0
5.98700000000008	2.43100000000004	5.21399999999994	0	0
6.48399999999947	2.86400000000003	6.08999999999924	0	0
6.13600000000042	1.80099999999993	5.39999999999964	0	0
6.26999999999953	1.99099999999999	5.6899999999996	0	0
5.75399999999991	1.88500000000022	5.52000000000044	0	0
6.26600000000053	2.02100000000019	5.38799999999992	0	0
5.02300000000014	1.29399999999987	5.1239999999998	0	0
6.36499999999978	1.86199999999963	5.86999999999989	0	0
6.22099999999955	1.20800000000008	5.96399999999994	0	0
6.20299999999952	1.95899999999983	5.6239999999998	0	0
7.01100000000042	2.26399999999967	6.46199999999953	0	0
6.68100000000049	2.23700000000008	6.08699999999953	0	0
6.21599999999944	2.6220000000003	6.01599999999962	0	0
5.81400000000031	1.78600000000006	5.26299999999992	0	0
5.50900000000001	1.97299999999996	5.58600000000024	0	0
5.17000000000007	1.26299999999992	5.15800000000036	0	0
5.25799999999981	1.14300000000003	5.23499999999967	0	0
5.45799999999963	2.30700000000024	5.32500000000073	0	0
5.63199999999961	2.6569999999997	5.26100000000042	0	0
4.63400000000001	1.09999999999991	5.00699999999961	0	0
6.01100000000042	2.9069999999997	5.80200000000059	0	0
5.59600000000046	1.375	5.83600000000024	0	0
5.14400000000023	1.14100000000008	5.07700000000023	0	0
5.56600000000071	2.01299999999992	5.45600000000013	0	0
5.55299999999988	4.13700000000017	5.39799999999923	0	0
5.61899999999969	2.51899999999978	5.05400000000009	0	0
5.26999999999953	2.62300000000005	5.10899999999947	0	0
5.56800000000021	3.51499999999987	5.32800000000043	0	0
5.43900000000031	2.03600000000006	5.2440000000006	0	0
5.86399999999958	3.51200000000017	5.34199999999964	0	0
5.57899999999972	2.05099999999993	5.02599999999984	0	0
7.22800000000007	1.73300000000017	6.66499999999996	0	0
6.2489999999998	2.26800000000003	5.32499999999982	0	0
6.27099999999973	1.54799999999977	5.85300000000007	0	0
7.02000000000044	3.98100000000022	6.61799999999948	0	0
6.09400000000005	2.64499999999998	5.34699999999975	0	0
5.72299999999996	0.639999999999873	5.53099999999995	0	0
6.71699999999964	2.31799999999976	6.5059999999994	0	0
5.99600000000009	1.99000000000024	5.4989999999998	0	0
5.25500000000011	1.98600000000033	5.28700000000026	0	0
5.57600000000002	1.5630000000001	5.3070000000007	0	0
6.13699999999972	2.08199999999988	5.68700000000081	0	0
5.93900000000031	1.57600000000002	5.26800000000003	0	0
6.6200000000008	2.91100000000006	5.68499999999949	0	0
5.49600000000009	1.8130000000001	4.89500000000044	0	0
5.85699999999997	2.75499999999965	5.44699999999921	0	0
5.1840000000002	2.03500000000031	5.10500000000047	0	0
5.61499999999978	1.73799999999983	5.34700000000066	0	0
5.85699999999997	1.94300000000021	5.40899999999965	0	0
6.13299999999981	1.54400000000032	5.98800000000028	0	0
6.35199999999986	2.35399999999981	6.10099999999966	0	0
5.57000000000062	1.52199999999993	5.61099999999988	0	0
5.95899999999983	2.35599999999977	5.56800000000021	0	0
5.79899999999998	2.60400000000027	5.16100000000006	0	0
5.13400000000001	1.77999999999975	4.82499999999982	0	0
5.13400000000001	1.76199999999972	4.97000000000025	0	0
5.88300000000072	1.51199999999972	5.17200000000048	0	0
6.36200000000008	2.89300000000003	6.27400000000034	0	0
5.8690000000006	3.04700000000003	5.30199999999968	0	0
5.83799999999974	1.69200000000001	5.74099999999999	0	0
11.4679999999998	6.29299999999967	10.0730000000003	0	0
5.99099999999999	1.58300000000008	5.34599999999955	0	0
5.06099999999969	1.26099999999997	5.0659999999998	0	0
5.80400000000009	1.78900000000021	5.34700000000066	0	0
5.82700000000023	2.53800000000001	5.36599999999999	0	0
5.34600000000046	1.69999999999982	5.10199999999986	0	0
5.79799999999977	1.54399999999987	5.37700000000041	0	0
6.13699999999972	2.22200000000021	5.54600000000028	0	0
6.13000000000011	2.10300000000007	5.68299999999999	0	0
6.26500000000033	1.24199999999973	6.00600000000031	0	0
5.48300000000017	1.29599999999982	5.31600000000071	0	0
6.50399999999991	3.30400000000009	5.66999999999916	0	0
5.16499999999996	1.50599999999986	5.23999999999978	0	0
5.42799999999988	1.34700000000021	5.33899999999994	0	0
6.92499999999927	2.85099999999966	6.3130000000001	0	0
6.01600000000053	1.02600000000029	5.92600000000039	0	0
6.28600000000006	2.18100000000004	5.78999999999996	0	0
5.50700000000052	1.46799999999985	5.33600000000024	0	0
6.64899999999943	1.28699999999981	5.92100000000028	0	0
5.15899999999965	2.21599999999989	5.28200000000015	0	0
5.46900000000005	1.52599999999984	5.52700000000004	0	0
5.56900000000041	1.71300000000019	5.26800000000003	0	0
6.00200000000041	1.16100000000006	5.76800000000003	0	0
5.60499999999956	0.682999999999993	5.58899999999994	0	0
5.92500000000018	2.46600000000035	5.47599999999966	0	0
6.00500000000011	2.70699999999988	5.35000000000036	0	0
6.07300000000032	1.55399999999963	5.34600000000046	0	0
5.94599999999991	1.7510000000002	5.53600000000006	0	0
6.65300000000025	2.404	6.14000000000033	0	0
5.86200000000008	2.63899999999967	5.97699999999986	0	0
5.80099999999948	2.99399999999969	5.59500000000025	0	0
5.74599999999919	2.36500000000024	5.38700000000063	0	0
6.07699999999932	2.11000000000013	5.42700000000059	0	0
5.47000000000025	0.835999999999785	5.27999999999975	0	0
5.8090000000002	1.67700000000013	5.7510000000002	0	0
6.01900000000023	1.99099999999999	5.73099999999977	0	0
6.08600000000024	2.45299999999997	5.84400000000005	0	0
7.02199999999993	2.85100000000011	6.29799999999977	0	0
6.4369999999999	1.62100000000009	5.78399999999965	0	0
6.72900000000027	3.36000000000013	6.0010000000002	0	0
7.81800000000021	3.86900000000014	6.93499999999949	0	0
6.18900000000031	3.33500000000004	5.81900000000041	0	0
6.59900000000016	2.29700000000003	5.87800000000061	0	0
11.5889999999999	6.05300000000034	10.6610000000001	0	0
6.8159999999998	1.99099999999999	6.70700000000033	0	0
5.41899999999987	2.11400000000003	5.53399999999965	0	0
6.14699999999993	2.3119999999999	5.50799999999981	0	0
6.28700000000026	2.36999999999989	5.97800000000007	0	0
5.53899999999976	1.59700000000021	4.95399999999972	0	0
5.96599999999944	2.23799999999983	5.29100000000017	0	0
5.90099999999984	1.47499999999991	5.90499999999975	0	0
6.54500000000007	3.07799999999997	5.97599999999966	0	0
5.86700000000019	1.16400000000021	5.48600000000079	0	0
5.32200000000012	1.80999999999995	4.88599999999951	0	0
5.59000000000015	1.64100000000008	5.29399999999987	0	0
5.95600000000013	2.4670000000001	5.38400000000001	0	0
5.46300000000065	2.28200000000015	5.44900000000052	0	0
5.4409999999998	2.03499999999985	5.06900000000041	0	0
6.20200000000023	3.06800000000021	5.32099999999991	0	0
5.13699999999972	1.45299999999997	4.75600000000031	0	0
6.3760000000002	3.9670000000001	5.35200000000077	0	0
6.27000000000044	3.65099999999984	5.55200000000059	0	0
5.96600000000035	1.81500000000005	5.18100000000049	0	0
4.94900000000052	1.54199999999992	4.83100000000013	0	0
5.38800000000083	2.6550000000002	5.11299999999937	0	0
5.37700000000041	1.71500000000015	5.65200000000004	0	0
6.22400000000016	3.20299999999997	5.98899999999958	0	0
6.17500000000018	1.64800000000014	5.54300000000057	0	0
5.90900000000056	2.45800000000008	5.64599999999973	0	0
5.95700000000033	1.48999999999978	5.60699999999997	0	0
6.11599999999999	2.69699999999966	5.80500000000029	0	0
5.58500000000004	1.58100000000013	5.02800000000025	0	0
5.81999999999971	2.47200000000021	5.41899999999987	0	0
6.37700000000041	3.42399999999998	5.64699999999993	0	0
5.47299999999996	1.93499999999995	5.07700000000023	0	0
6.29099999999926	1.69899999999961	5.72699999999986	0	0
5.52399999999943	1.65899999999965	5.03999999999996	0	0
5.70200000000023	3.17099999999982	5.02300000000014	0	0
6.35699999999997	2.25800000000027	5.91499999999996	0	0
6.56500000000051	3.53499999999985	6.08999999999924	0	0
5.91699999999946	2.23400000000038	5.91099999999915	0	0
5.29700000000048	2.00700000000006	5.06999999999971	0	0
5.88900000000012	1.59100000000035	5.36099999999988	0	0
6.24399999999969	3.0329999999999	5.86300000000028	0	0
5.77199999999903	2.40000000000009	5.38000000000011	0	0
6.1200000000008	2.09099999999989	5.80499999999938	0	0
5.91499999999905	2.42300000000023	5.29899999999998	0	0
7.43900000000031	2.92999999999984	6.66899999999987	0	0
5.74200000000019	1.76900000000023	5.62100000000009	0	0
5.46399999999994	1.63900000000012	5.00799999999981	0	0
5.96600000000035	1.67000000000007	5.67099999999937	0	0
5.56899999999951	1.35600000000022	5.28299999999945	0	0
6.21800000000076	1.84299999999985	5.55699999999979	0	0
5.80199999999968	1.65099999999984	5.03700000000026	0	0
4.88800000000083	1.48900000000003	4.6889999999994	0	0
5.92799999999988	1.67000000000007	5.73599999999988	0	0
5.94500000000153	1.97299999999996	5.43000000000029	0	0
6.07099999999991	2.94900000000007	5.67900000000009	0	0
6.63400000000001	4.4670000000001	5.61400000000049	0	0
6.32499999999891	3.85200000000032	5.91600000000017	0	0
6.39600000000064	2.70600000000013	6.41700000000037	0	0
5.4330000000009	2.56200000000035	4.92700000000059	0	0
5.84199999999873	2.09799999999996	5.82099999999991	0	0
6.12799999999879	2.87099999999964	5.78900000000067	0	0
6.15799999999945	3.0319999999997	5.7470000000003	0	0
5.69000000000051	1.82099999999991	5.29699999999957	0	0
6.12299999999959	2.24699999999984	5.48599999999988	0	0
5.71600000000035	1.35800000000017	5.44700000000012	0	0
6.60900000000038	2.18200000000024	5.8159999999998	0	0
6.20299999999952	3.2859999999996	5.46900000000005	0	0
6.52100000000064	2.94799999999987	6.15700000000015	0	0
6.5630000000001	2.47699999999986	6.38500000000022	0	0
6.61000000000058	2.69500000000016	5.76199999999972	0	0
4.99099999999999	1.3449999999998	5.09099999999944	0	0
5.05000000000109	1.65299999999979	4.64900000000034	0	0
5.77899999999863	2.44999999999982	5.51599999999962	0	0
5.72899999999936	2.48500000000013	5.63500000000022	0	0
6.03199999999924	1.49200000000019	5.1880000000001	0	0
5.58399999999892	1.50799999999981	4.81900000000041	0	0
5.54100000000108	1.596	5.15599999999995	0	0
5.20100000000093	1.49299999999994	4.89099999999962	0	0
5.78899999999885	2.14499999999998	5.20100000000002	0	0
5.96600000000035	2.47700000000032	5.36499999999978	0	0
5.01199999999881	1.42799999999988	5.04899999999998	0	0
5.87799999999879	2.29500000000007	5.45100000000002	0	0
5.68999999999869	1.22200000000021	5.60400000000027	0	0
5.61599999999999	1.66499999999996	5.05200000000059	0	0
5.23300000000017	2.70299999999997	5.51299999999992	0	0
5.66300000000047	2.7470000000003	5.20900000000074	0	0
5.72000000000116	1.61900000000014	5.10000000000036	0	0
5.49099999999999	1.91699999999992	5.1830000000009	0	0
6.02100000000064	2.5010000000002	5.61100000000079	0	0
6.16100000000006	2.92399999999998	5.60800000000017	0	0
5.96099999999933	2.23300000000017	5.8690000000006	0	0
6.78700000000026	4.28600000000006	6.04199999999946	0	0
6.38300000000163	4.13400000000001	5.77299999999923	0	0
6.50900000000001	2.55799999999999	6.00699999999961	0	0
6.04399999999987	3.29799999999977	5.58699999999953	0	0
6.11299999999937	2.39199999999983	5.76900000000023	0	0
6.02900000000045	2.50399999999991	5.53800000000047	0	0
5.66199999999844	1.80700000000024	5.28200000000106	0	0
5.68999999999869	1.78800000000001	5.22400000000016	0	0
6.70700000000033	2.61599999999999	5.98599999999897	0	0
7.32899999999972	2.96799999999985	6.51599999999962	0	0
6.45600000000013	2.84699999999975	5.67000000000007	0	0
5.70299999999952	1.40900000000011	5.51699999999983	0	0
5.40099999999984	2.01400000000012	5.10000000000036	0	0
5.95299999999952	2.54500000000007	5.84799999999996	0	0
6.60699999999997	2.79100000000017	5.92300000000068	0	0
5.65999999999985	2.51900000000023	5.48699999999917	0	0
5.82999999999993	3.40900000000011	5.49599999999919	0	0
6.01699999999983	2.85600000000022	6.12199999999939	0	0
6.08300000000054	1.88400000000001	5.39199999999983	0	0
6.59200000000055	2.55299999999988	5.68000000000029	0	0
6.36800000000039	3.04700000000003	5.58499999999913	0	0
7.21299999999974	2.64200000000028	6.56600000000071	0	0
6.88299999999981	5.97200000000021	6.18199999999888	0	0
6.90900000000147	1.33100000000013	6.3809999999994	0	0
5.93000000000029	1.471	5.32099999999991	0	0
5.12299999999959	1.53800000000001	5.09900000000016	0	0
6.37700000000041	2.63299999999981	5.83200000000033	0	0
5.39799999999923	1.41300000000001	4.89400000000023	0	0
6.48400000000038	2.44200000000001	5.83200000000033	0	0
6.13400000000001	1.5659999999998	5.77500000000146	0	0
6.29500000000007	2.52599999999984	5.57099999999991	0	0
5.97999999999956	2.22699999999986	5.91299999999865	0	0
5.85000000000036	2.03800000000001	4.99300000000039	0	0
5.22999999999956	1.62900000000036	5.24799999999959	0	0
5.26300000000083	2.08200000000033	5.13299999999981	0	0
5.30899999999929	1.32999999999993	5.09499999999935	0	0
6.14500000000044	1.29700000000003	5.67900000000009	0	0
6.27300000000105	2.55799999999999	5.55899999999929	0	0
6.4989999999998	2.55400000000009	5.53600000000006	0	0
5.48600000000079	1.89600000000019	5.39199999999983	0	0
6.20299999999952	1.55200000000013	5.60900000000038	0	0
6.22599999999875	1.76699999999983	5.73600000000079	0	0
5.97899999999936	2.49500000000035	5.13400000000001	0	0
6.1989999999987	2.65299999999979	5.53600000000006	0	0
5.55199999999968	2.27099999999973	5.66300000000047	0	0
5.90200000000004	2.54599999999982	5.89900000000125	0	0
5.65600000000086	1.47299999999996	5.40499999999884	0	0
5.43199999999888	0.804999999999836	5.04399999999987	0	0
6.2489999999998	1.54199999999992	6.48999999999978	0	0
6.14400000000023	2.38200000000006	5.75300000000061	0	0
6.31000000000131	2.09900000000016	5.76600000000144	0	0
6.38200000000143	2.00199999999995	5.83300000000054	0	0
5.8690000000006	2.47299999999996	5.74799999999959	0	0
5.86000000000058	2.25199999999995	5.22499999999854	0	0
5.77499999999964	2.39499999999998	5.64300000000003	0	0
6.02900000000045	2.65499999999975	5.29500000000007	0	0
6.42400000000089	2.98799999999983	5.5630000000001	0	0
6.61700000000019	3.94699999999966	5.85699999999997	0	0
6.50900000000001	3.13300000000027	6.0679999999993	0	0
5.6299999999992	1.19599999999991	5.11100000000079	0	0
5.52200000000084	1.61299999999983	5.23500000000058	0	0
5.72000000000116	1.99800000000005	5.23500000000058	0	0
6.60599999999977	1.66199999999981	5.98300000000017	0	0
6.03700000000026	1.39499999999998	5.75200000000041	0	0
6.14800000000105	1.35100000000011	5.74599999999919	0	0
5.95799999999872	1.89599999999973	5.3809999999994	0	0
6.32699999999932	1.66100000000006	6.1260000000002	0	0
5.87900000000081	2.84299999999985	5.68900000000031	0	0
5.55500000000029	1.69700000000012	5.29700000000048	0	0
5.4419999999991	1.94900000000007	5.27399999999943	0	0
5.69000000000051	2.74400000000014	5.42100000000028	0	0
6.33400000000074	2.82900000000018	5.65699999999924	0	0
5.59499999999935	1.23000000000002	5.53299999999945	0	0
6.2549999999992	1.75499999999965	5.88100000000122	0	0
6.92000000000007	2.54300000000012	6.60699999999997	0	0
6.41699999999946	3.91800000000012	5.40699999999924	0	0
6.40399999999863	1.52099999999973	5.95600000000013	0	0
5.92000000000007	2.32400000000007	5.5679999999993	0	0
5.03000000000065	1.846	4.75900000000001	0	0
5.13800000000083	1.22400000000016	4.86899999999878	0	0
5.66600000000108	2.67799999999988	4.94099999999889	0	0
5.6299999999992	1.58300000000008	5.19800000000032	0	0
5.74700000000121	2.15099999999984	5.16700000000128	0	0
6.86199999999917	2.45400000000018	6.22999999999956	0	0
5.98400000000038	1.95100000000002	5.90500000000065	0	0
6.78800000000047	3.18299999999999	6.09700000000157	0	0
7.46199999999953	4.14900000000034	6.95400000000154	0	0
6.65300000000025	4.19000000000005	6.1260000000002	0	0
5.84900000000016	3.80700000000024	5.61999999999898	0	0
5.70700000000033	2.33699999999999	5.26000000000022	0	0
6.17000000000007	3.60399999999981	5.52900000000045	0	0
5.75600000000122	2.84999999999991	5.28800000000047	0	0
5.4380000000001	1.45100000000002	5.27900000000045	0	0
6.54900000000089	3.4350000000004	5.65200000000004	0	0
5.15599999999904	2.779	4.95900000000074	0	0
5.85100000000057	3.3739999999998	5.30000000000109	0	0
5.89600000000064	3.10699999999997	5.30999999999949	0	0
6.11000000000058	1.16699999999992	5.82500000000073	0	0
5.45299999999952	2.0010000000002	5.30400000000009	0	0
6.07899999999972	2.77100000000019	6.13799999999901	0	0
6.72199999999975	1.38500000000022	6.70600000000013	0	0
6.14699999999903	2.70199999999977	5.69800000000032	0	0
5.5109999999986	1.62900000000036	5.47400000000016	0	0
6.20800000000054	1.98999999999978	5.6260000000002	0	0
6.77200000000084	1.62300000000005	6.47299999999996	0	0
6.47499999999854	1.41400000000021	6.29600000000028	0	0
6.64600000000064	2.38599999999997	6.15600000000086	0	0
6.52399999999943	2.57000000000016	5.88800000000083	0	0
6.14899999999943	1.84700000000021	5.94100000000071	0	0
6.23099999999977	1.91800000000012	6.09900000000016	0	0
6.19599999999991	2.25	5.29299999999967	0	0
6.42699999999968	3.72200000000021	5.91300000000047	0	0
5.96600000000035	1.87800000000016	5.59199999999873	0	0
6.00900000000001	2.67900000000009	5.63400000000001	0	0
5.72099999999955	1.16100000000006	5.56399999999849	0	0
6.15299999999843	2.62899999999991	5.75300000000061	0	0
6.49099999999999	1.91600000000017	5.97400000000016	0	0
5.98999999999978	2.0659999999998	5.32300000000032	0	0
6.1309999999994	3.11000000000013	5.628999999999	0	0
7.07099999999991	5.29100000000017	5.88500000000022	0	0
5.25400000000081	1.4670000000001	5.13800000000083	0	0
5.79000000000087	2.34799999999996	4.87099999999919	0	0
5.24700000000121	1.42000000000007	5.10900000000038	0	0
5.37599999999838	1.41399999999976	5.36199999999917	0	0
5.89600000000064	2.11799999999994	5.6869999999999	0	0
6.42099999999846	2.57399999999961	6.11000000000058	0	0
6.04500000000007	2.67099999999982	5.49300000000039	0	0
6.25799999999981	2.76299999999992	5.66599999999926	0	0
6.22400000000016	2.24200000000019	5.54200000000128	0	0
6.89099999999962	2.57900000000018	6.36599999999999	0	0
6.52200000000084	2.6840000000002	6.1770000000015	0	0
6.53400000000147	3.08300000000008	6.02299999999923	0	0
6.63200000000143	2.43100000000004	5.92900000000009	0	0
6.51300000000083	2.02300000000014	6.03499999999985	0	0
5.69000000000051	2.37300000000005	5.42599999999948	0	0
5.79799999999886	1.34900000000016	5.1200000000008	0	0
6.08699999999953	2.65900000000011	5.30500000000029	0	0
6.49300000000039	2.02999999999975	5.95499999999993	0	0
4.97199999999975	1.39499999999998	4.6919999999991	0	0
7.05099999999948	5.32600000000002	6.28200000000106	0	0
5.46000000000095	1.83799999999974	4.86099999999897	0	0
5.12700000000041	1.38200000000006	4.72999999999956	0	0
5.3010000000013	1.36200000000008	5.11800000000039	0	0
6.45100000000093	3.24400000000014	5.54399999999987	0	0
5.82699999999932	2.35300000000007	5.66699999999946	0	0
5.6309999999994	1.67100000000028	5.55299999999988	0	0
6.13299999999981	2.63200000000006	5.47400000000016	0	0
7.27300000000105	4.76900000000023	6.496000000001	0	0
5.78100000000086	1.73700000000008	5.43700000000172	0	0
6.12800000000061	1.92900000000009	5.79299999999967	0	0
6.79999999999927	2.57300000000032	6.36000000000058	0	0
6.34699999999975	1.66699999999992	6.13800000000083	0	0
6.3119999999999	3.17099999999982	6.09399999999914	0	0
6.01399999999921	1.84099999999989	5.6190000000006	0	0
6.35599999999977	2.0590000000002	6.16200000000026	0	0
6.49099999999999	1.93100000000004	6.05500000000029	0	0
5.85199999999895	1.29300000000012	5.59200000000055	0	0
5.72500000000036	2.80399999999963	5.66799999999967	0	0
6.65099999999984	1.87800000000016	6.38600000000042	0	0
6.375	2.71699999999964	5.52599999999984	0	0
8.23999999999978	2.4640000000004	7.64199999999983	0	0
6.62900000000081	2.22499999999991	5.96500000000015	0	0
5.74799999999959	1.57100000000037	5.42000000000007	0	0
6.04900000000089	1.32499999999982	5.55699999999888	0	0
6.58799999999974	2.88100000000031	6.16799999999967	0	0
6.50900000000001	2.21299999999974	5.86499999999978	0	0
6.48400000000038	1.67900000000009	6.43299999999908	0	0
6.10100000000057	1.82600000000002	5.50400000000081	0	0
6.32500000000073	1.29899999999998	6.39699999999903	0	0
6.23199999999997	3.22599999999966	5.60900000000038	0	0
6.14500000000044	1.14999999999964	6.04700000000048	0	0
6.4320000000007	2.74200000000019	5.83499999999913	0	0
5.70299999999952	1.86000000000058	5.64600000000064	0	0
6.95900000000074	2.48799999999937	6.47000000000116	0	0
5.11999999999898	1.70000000000073	5.06999999999971	0	0
5.72999999999956	2.88000000000011	5.06099999999969	0	0
5.59200000000055	1.80600000000049	4.99099999999999	0	0
5.66500000000087	2.02800000000025	5.3010000000013	0	0
5.85299999999916	1.45499999999993	5.35299999999916	0	0
6.52399999999943	4.97800000000007	5.58399999999892	0	0
7.08200000000033	2.72900000000027	6.23199999999997	0	0
6.38500000000022	4.15799999999945	5.82400000000052	0	0
5.98600000000079	2.84000000000015	5.76200000000063	0	0
7.15200000000004	1.99699999999939	7.01599999999962	0	0
6.73899999999958	1.70100000000002	5.98599999999897	0	0
6.59600000000137	2.96999999999935	5.99699999999939	0	0
5.52200000000084	1.25700000000052	5.6299999999992	0	0
5.76499999999942	1.79100000000017	5.16599999999926	0	0
5.92699999999968	2.61699999999928	5.50300000000061	0	0
6.30299999999988	2.18000000000029	6.26300000000083	0	0
5.68499999999949	2.33899999999994	5.43299999999908	0	0
6.0510000000013	2.27599999999984	5.31899999999951	0	0
6.19599999999991	2.26699999999983	6.00900000000001	0	0
5.90200000000004	2.14099999999962	5.41799999999967	0	0
5.7549999999992	1.4409999999998	5.05600000000049	0	0
6.3020000000015	3.02900000000045	5.66699999999946	0	0
6.29500000000007	2.89099999999962	5.6760000000013	0	0
5.91299999999865	1.76100000000042	5.51800000000003	0	0
5.60699999999997	2.10899999999947	5.54500000000007	0	0
5.81600000000071	1.79799999999977	5.12700000000041	0	0
6.69099999999889	3.54599999999937	5.83600000000115	0	0
5.42799999999988	1.23899999999958	5.68599999999969	0	0
6.55600000000049	1.74099999999999	6.5049999999992	0	0
5.7549999999992	2.59100000000035	5.71399999999994	0	0
5.72699999999895	2.25399999999991	5.5630000000001	0	0
5.13400000000001	1.45899999999983	4.76900000000023	0	0
5.39999999999964	1.33799999999974	5.35200000000077	0	0
6.19499999999971	2.48099999999977	5.92799999999988	0	0
5.43599999999969	1.99199999999928	5.19800000000032	0	0
5.84399999999914	1.39900000000034	5.32599999999911	0	0
5.84599999999955	1.51900000000023	5.371000000001	0	0
6.15899999999965	2.02199999999993	6.09199999999873	0	0
6.43700000000172	2.22099999999955	5.73699999999917	0	0
6.04500000000007	2.09200000000055	5.44800000000032	0	0
7.18599999999969	1.99000000000069	6.81599999999889	0	0
6.14199999999983	2.52799999999934	5.58100000000013	0	0
5.8799999999992	1.84799999999996	5.79700000000048	0	0
6.96800000000076	2.68299999999999	5.93000000000029	0	0
5.38799999999901	1.70400000000063	5.35400000000118	0	0
5.81899999999951	2.82699999999932	5.11899999999878	0	0
5.67199999999866	0.884000000000015	5.51699999999983	0	0
5.5630000000001	1.66799999999967	5.09699999999975	0	0
6.62900000000081	3.34199999999964	5.86100000000079	0	0
5.73100000000159	1.60099999999966	5.20299999999952	0	0
6.41100000000006	2.83600000000024	6.05999999999949	0	0
5.83799999999974	1.83399999999983	5.4890000000014	0	0
6.54600000000028	2.44599999999991	5.9330000000009	0	0
6.09499999999935	1.65100000000075	5.64199999999983	0	0
6.64699999999903	3.7519999999995	6.36599999999999	0	0
6.07400000000052	1.54700000000048	5.52599999999984	0	0
5.57700000000114	1.26999999999953	5.48500000000058	0	0
6.67699999999968	4.45200000000023	5.7489999999998	0	0
6.8799999999992	1.96700000000055	6.48600000000079	0	0
5.71999999999935	2.27000000000044	5.27700000000004	0	0
5.71299999999974	1.03099999999995	5.53499999999985	0	0
6.12699999999859	2.48900000000049	5.90899999999965	0	0
6.1919999999991	2.51299999999992	5.32699999999932	0	0
6.58599999999933	3.14999999999964	5.89799999999923	0	0
5.84099999999853	2.4980000000005	5.31100000000151	0	0
5.99599999999919	2.4950000000008	5.53600000000006	0	0
6.25799999999981	2.72599999999966	5.4890000000014	0	0
5.45099999999911	1.59000000000015	5.5	0	0
6.78900000000067	3.07899999999972	5.90499999999884	0	0
6.84499999999935	1.86899999999969	6.2510000000002	0	0
5.28600000000006	1.44200000000001	5.26999999999862	0	0
5.80900000000111	2.72699999999986	5.246000000001	0	0
5.34499999999935	1.83000000000084	5.12099999999919	0	0
5.85299999999916	1.53299999999945	5.1820000000007	0	0
6.12300000000141	2.57100000000082	5.61700000000019	0	0
6.55199999999968	2.49399999999969	5.97700000000077	0	0
5.50699999999961	1.35699999999997	5.31999999999971	0	0
5.48600000000079	1.8690000000006	5.1200000000008	0	0
5.67399999999907	1.36899999999969	5.72600000000057	0	0
5.83600000000115	2.24699999999939	5.55299999999988	0	0
6.31500000000051	2.59699999999975	5.92299999999886	0	0
6.94099999999889	1.50500000000011	6.30699999999888	0	0
6.94599999999991	2.01100000000042	6.09499999999935	0	0
6.78499999999985	1.8090000000002	6.44800000000032	0	0
5.36299999999937	2.20499999999993	5.32099999999991	0	0
6.44000000000051	2.20599999999922	5.82400000000052	0	0
6.58799999999974	2.64099999999962	5.93500000000131	0	0
6.2559999999994	2.8130000000001	5.65600000000086	0	0
6.34399999999914	2.4340000000002	6.21199999999953	0	0
6.08100000000013	3.17300000000068	5.65300000000025	0	0
5.97500000000036	1.80799999999999	5.59300000000076	0	0
5.66000000000167	1.66900000000078	5.60000000000036	0	0
5.97299999999996	1.52999999999975	5.4950000000008	0	0
6.09400000000096	2.49300000000039	5.62599999999838	0	0
6.10800000000017	2.97899999999936	5.52800000000025	0	0
7.48700000000099	2.94500000000062	6.62299999999959	0	0
5.86099999999897	2.26099999999951	5.62700000000041	0	0
6.06999999999971	2.1909999999998	5.65699999999924	0	0
5.64700000000084	1.67299999999977	5.5619999999999	0	0
5.5049999999992	2.1850000000004	5.40600000000086	0	0
5.90500000000065	3.84600000000046	5.39799999999923	0	0
5.42199999999866	1.39800000000014	5.32499999999891	0	0
5.65899999999965	1.47899999999936	5.6200000000008	0	0
6.0719999999983	2.55799999999999	5.86000000000058	0	0
6.15800000000127	2.17599999999948	6.04799999999886	0	0
5.01399999999921	1.67500000000018	4.78499999999985	0	0
5.78000000000065	1.14699999999993	5.32800000000134	0	0
6.60200000000077	4.65999999999985	6.11200000000099	0	0
6.10099999999875	2.34399999999914	5.65400000000045	0	0
5.72199999999975	1.67500000000018	5.1869999999999	0	0
5.14999999999964	1.22800000000007	5.09599999999955	0	0
5.87299999999959	2.31500000000051	5.60899999999856	0	0
5.42000000000007	1.60600000000068	5.26800000000003	0	0
6.43199999999888	1.81600000000071	5.64999999999964	0	0
7.27599999999984	3.85300000000007	6.43500000000131	0	0
5.6869999999999	1.71799999999985	5.73999999999978	0	0
5.77499999999964	1.60099999999966	5.49800000000141	0	0
6.87900000000081	3.11299999999937	6.3080000000009	0	0
6.11499999999978	2.63699999999972	5.68400000000111	0	0
5.88800000000083	1.64399999999932	5.49699999999939	0	0
7.02900000000045	1.53800000000047	6.52100000000064	0	0
6.86200000000099	3.02300000000014	6.4419999999991	0	0
5.90200000000004	4.0659999999998	5.25699999999961	0	0
5.92300000000068	3.01199999999972	5.35599999999977	0	0
5.45099999999911	1.63900000000012	5.00600000000122	0	0
6.74200000000019	2.59799999999996	5.86899999999878	0	0
5.79399999999987	1.57299999999941	5.1309999999994	0	0
5.58799999999974	2.31500000000051	5.25699999999961	0	0
5.21899999999914	1.47599999999966	5.09900000000016	0	0
5.74299999999857	1.8739999999998	5.59099999999853	0	0
6.40400000000045	3.07600000000002	5.82499999999891	0	0
5.93399999999929	2.48099999999977	5.47199999999975	0	0
5.93399999999929	1.33499999999913	5.34399999999914	0	0
6.29899999999907	3.0610000000006	5.71000000000095	0	0
6.34200000000055	2.30199999999968	5.71700000000055	0	0
5.58799999999974	2.46600000000035	5.29600000000028	0	0
5.45499999999993	1.48300000000017	5.08799999999974	0	0
5.60200000000077	2.24300000000039	5.12199999999939	0	0
6.12799999999879	2.36400000000049	6.13899999999921	0	0
5.96800000000076	4.22800000000007	5.65800000000127	0	0
5.82300000000032	1.77700000000004	5.48599999999897	0	0
6.04500000000007	2.85999999999967	5.61499999999978	0	0
5.59900000000016	2.09000000000015	5.28699999999844	0	0
5.66600000000108	2.19599999999991	5.06399999999849	0	0
5.53499999999985	1.86899999999969	5.35199999999895	0	0
5.19099999999889	0.957000000000335	5.21399999999994	0	0
6.18100000000049	2.17199999999957	5.62700000000041	0	0
7.13800000000083	2.76499999999942	6.17499999999927	0	0
6.41300000000047	2.85500000000047	6.01200000000063	0	0
5.82099999999991	1.47999999999956	5.33499999999913	0	0
5.56600000000071	1.88199999999961	5.45900000000074	0	0
5.82900000000154	2.90499999999975	5.61599999999999	0	0
5.41599999999926	1.43900000000031	5.25699999999961	0	0
6.22700000000077	1.61300000000028	5.88299999999981	0	0
5.14199999999983	1.38000000000011	5.03600000000006	0	0
5.46999999999935	1.84599999999955	5.65599999999904	0	0
6.1880000000001	2.08799999999974	5.77200000000084	0	0
5.7489999999998	1.86200000000008	5.6239999999998	0	0
5.71900000000096	1.71600000000035	5.22600000000057	0	0
6.8760000000002	2.74099999999999	6.32999999999993	0	0
5.53000000000065	1.73700000000008	4.81500000000051	0	0
6.87800000000061	3.72100000000046	6.35000000000036	0	0
5.42599999999948	1.22299999999996	5.31600000000071	0	0
6.5	2.48300000000017	5.55400000000009	0	0
5.77900000000045	2.22800000000007	5.34000000000015	0	0
6.23299999999836	2.6860000000006	5.40999999999985	0	0
5.87300000000141	1.81200000000081	5.5099999999984	0	0
