11.997	16.877	11.988	0	0
8.971	9.656	9.07	0	0
8.21000000000001	3.479	7.49499999999999	0	0
7.925	6.22	8.119	0	0
6.935	2.129	6.968	0	0
8.10899999999999	7.508	7.92799999999998	0	0
12.383	18.222	9.97999999999999	0	0
10.64	13.286	10.589	0	0
8.57499999999999	7.28700000000001	8.80500000000001	0	0
8.81800000000001	10.822	9.82600000000002	0	0
7.74799999999999	6.655	8.31200000000001	0	0
8.13900000000001	5.54900000000001	8.46300000000002	0	0
10.81	13.924	9.57499999999999	0	0
9.36400000000003	12.782	8.90100000000001	0	0
8.43799999999999	9.06999999999999	8.67500000000001	0	0
7.76600000000002	7.851	8.666	0	0
7.77800000000002	8.40199999999999	8.67000000000002	0	0
9.31399999999996	7.25799999999998	8.702	0	0
9.68700000000001	10.773	8.94999999999999	0	0
8.16899999999998	1.97899999999998	7.02100000000002	0	0
7.875	5.86599999999999	8.65100000000001	0	0
6.26499999999999	3.27199999999999	5.78499999999997	0	0
10.753	14.81	10.734	0	0
6.74200000000002	2.822	7.14699999999999	0	0
8.42399999999998	5.56400000000002	8.67900000000003	0	0
10.767	16.355	10.403	0	0
8.05600000000004	3.64999999999998	7.27500000000003	0	0
7.03800000000001	5.048	7.08199999999999	0	0
11.575	16.1820000000001	10.5840000000001	0	0
6.50299999999993	5.61300000000006	6.40899999999999	0	0
7.74099999999999	7.73200000000008	7.92599999999993	0	0
8.82599999999991	4.18000000000006	8.76800000000003	0	0
8.524	8.92899999999997	7.76099999999997	0	0
6.72799999999995	3.29599999999994	7.58699999999999	0	0
12.514	18.082	10.412	0	0
12.9440000000001	21.127	11.415	0	0
10.311	13.149	9.30999999999995	0	0
8.45500000000004	10.7479999999999	7.673	0	0
8.97900000000004	12.4109999999999	7.93100000000004	0	0
8.827	10.599	8.50099999999998	0	0
7.05400000000009	2.24800000000005	7.298	0	0
9.47299999999996	8.10699999999997	8.99400000000003	0	0
13.329	22.9930000000001	11.366	0	0
9.60799999999995	9.79700000000003	9.399	0	0
7.91399999999999	2.62099999999998	7.798	0	0
7.44500000000005	1.70399999999995	7.23800000000006	0	0
6.90300000000002	4.351	6.90900000000011	0	0
6.96500000000003	2.87900000000002	7.23199999999997	0	0
7.351	2.17100000000005	7.49299999999994	0	0
9.60799999999995	8.81700000000001	8.32000000000005	0	0
7.83600000000001	5.66899999999998	7.90500000000009	0	0
7.2890000000001	1.96100000000001	6.83899999999994	0	0
6.76099999999997	2.63300000000004	6.82399999999996	0	0
8.80700000000002	6.88299999999992	9.322	0	0
7.28999999999996	7.54000000000008	8.56700000000001	0	0
9.04700000000003	10.7330000000001	8.70499999999993	0	0
7.72599999999989	4.83000000000004	7.72700000000009	0	0
7.46100000000001	3.78399999999988	7.74099999999999	0	0
6.14599999999996	3.80999999999995	6.80399999999986	0	0
10.5039999999999	15.2429999999999	9.94399999999996	0	0
11.6289999999999	15.587	10.875	0	0
9.73700000000008	12.9880000000001	9.49699999999984	0	0
9.84799999999996	11.136	9.50799999999981	0	0
10.806	10.7330000000002	8.77399999999989	0	0
10.8790000000001	11.364	10.799	0	0
10.5839999999998	15.3710000000001	10.4270000000001	0	0
7.01800000000003	2.30999999999995	7.46299999999997	0	0
9.55700000000002	11.461	10.1110000000001	0	0
8.00700000000006	8.28599999999983	8.22800000000007	0	0
7.27800000000002	4.05899999999997	7.83899999999994	0	0
6.73300000000017	1.47399999999993	6.88000000000011	0	0
8.33199999999988	10.749	8.86000000000013	0	0
7.15199999999982	3.46499999999992	7.21099999999979	0	0
9.64999999999986	11.5039999999999	9.86599999999999	0	0
7.89900000000011	6.28600000000006	6.96499999999992	0	0
7.30299999999988	4.36999999999989	7.62200000000007	0	0
7.3159999999998	1.10899999999992	7.16699999999992	0	0
7.44900000000007	3.94399999999996	6.78999999999996	0	0
7.61799999999994	10.473	7.779	0	0
8.01299999999992	4.6400000000001	7.971	0	0
8.30199999999991	5.90100000000007	7.95600000000013	0	0
7.59900000000016	4.32500000000005	7.31999999999994	0	0
7.07600000000002	4.79700000000003	7.23800000000006	0	0
7.12400000000002	3.09799999999996	7.49099999999999	0	0
7.69900000000007	2.86599999999999	7.76099999999997	0	0
8.32400000000007	5.34100000000012	8.79899999999998	0	0
9.97699999999986	14.405	8.63999999999987	0	0
6.90100000000007	5.78599999999983	6.81399999999985	0	0
6.30600000000004	2.95799999999986	7.15000000000009	0	0
6.79300000000012	2.74699999999984	6.9380000000001	0	0
8.88999999999987	10.0130000000001	9.03800000000001	0	0
7.19399999999996	3.73900000000003	7.7679999999998	0	0
7.88799999999992	5.79099999999994	8.41799999999989	0	0
9.29200000000014	9.37999999999988	9.2639999999999	0	0
10.6670000000001	12.1790000000001	10.0350000000001	0	0
11.328	20.4829999999999	9.89200000000005	0	0
8.8900000000001	10.5319999999999	8.43299999999999	0	0
15.5840000000001	26.5640000000001	11.7719999999999	0	0
7.65699999999993	4.62400000000002	7.27400000000011	0	0
6.85699999999997	2.40300000000002	7.09000000000015	0	0
6.93200000000002	3.92499999999995	7.39699999999993	0	0
7.41100000000006	7.36699999999996	7.79100000000017	0	0
12.5719999999999	19.0819999999999	10.7250000000001	0	0
12.21	15.971	9.7320000000002	0	0
8.75499999999965	10.8150000000001	9.47900000000004	0	0
7.24499999999989	3.70000000000005	7.15499999999997	0	0
7.09999999999991	2.97600000000011	6.78499999999985	0	0
7.20199999999977	3.58600000000001	7.50500000000011	0	0
7.03400000000011	1.99099999999999	6.71499999999969	0	0
8.00500000000011	4.73399999999992	7.70499999999993	0	0
12.1469999999999	11.4110000000001	11.6079999999997	0	0
11.6040000000003	18.9639999999999	9.19400000000041	0	0
9.49199999999973	11.02	8.30300000000034	0	0
12.607	18.6209999999999	11.5630000000001	0	0
8.67599999999993	7.78400000000011	9.47400000000016	0	0
7.83999999999969	5.85599999999999	8.24199999999973	0	0
8.01900000000023	5.04999999999995	7.66899999999987	0	0
8.21199999999999	5.46599999999989	7.97600000000011	0	0
7.09900000000016	2.64300000000003	7.76800000000003	0	0
8.15700000000015	8.09299999999985	8.44100000000026	0	0
7.44200000000001	5.875	7.72899999999981	0	0
7.4670000000001	2.93499999999995	7.36200000000008	0	0
6.44700000000012	1.34699999999975	6.44399999999996	0	0
13.1349999999998	18.248	11.5770000000002	0	0
9.99399999999969	13.596	10.1369999999997	0	0
7.20900000000029	3.34299999999985	7.39300000000003	0	0
10.4579999999996	13.7150000000001	8.99800000000005	0	0
7.26300000000037	4.79399999999987	7.47400000000016	0	0
9.92999999999984	10.9940000000001	9.20200000000023	0	0
7.23199999999997	3.16899999999987	7.22900000000027	0	0
8.09000000000015	9.71799999999985	8.92500000000018	0	0
7.84900000000016	3.30899999999974	6.92499999999973	0	0
10.6079999999997	14.1599999999999	9.45000000000027	0	0
6.90599999999995	2.27199999999993	6.08399999999983	0	0
10.6060000000002	16.8960000000002	9.56500000000005	0	0
6.57200000000012	4.07999999999993	6.73299999999972	0	0
15.3389999999999	23.384	12.7640000000001	0	0
7.61700000000019	4.62899999999991	8.54400000000032	0	0
7.98099999999977	4.36099999999988	7.36599999999999	0	0
8.66800000000012	7.81799999999976	9.42000000000007	0	0
7.92700000000013	7.47899999999981	7.21000000000004	0	0
9.62300000000005	10.3620000000001	9.0630000000001	0	0
12.7429999999999	21.0509999999999	10.4870000000001	0	0
8.57500000000027	6.904	8.57500000000027	0	0
11.0499999999997	11.817	9.91799999999967	0	0
8.28500000000031	9.72400000000016	8.29100000000017	0	0
5.63300000000027	2.39499999999998	5.56799999999976	0	0
8.0329999999999	8.77199999999993	8.51900000000023	0	0
11.2190000000001	16.049	10.5750000000003	0	0
7.27299999999968	0.796000000000276	6.55200000000013	0	0
7.23000000000002	2.35699999999997	7.27599999999984	0	0
10.2379999999998	15.1999999999998	9.4369999999999	0	0
8.50499999999965	6.3159999999998	7.5300000000002	0	0
7.88699999999972	7.34000000000015	7.32700000000023	0	0
8.92900000000009	8.01400000000012	8.76999999999998	0	0
7.84800000000041	6.29500000000007	8.42100000000028	0	0
7.26300000000037	1.76600000000008	7.01099999999997	0	0
7.03699999999981	0.7199999999998	6.98700000000008	0	0
7.36999999999989	0.572000000000116	6.81400000000031	0	0
6.91499999999996	1.82299999999987	6.6569999999997	0	0
6.61199999999963	2.29599999999982	6.84400000000005	0	0
6.77100000000019	1.98300000000017	6.90499999999975	0	0
7.50499999999965	3.00099999999975	7.35399999999981	0	0
6.65100000000029	2.54499999999962	6.47899999999981	0	0
8.27799999999979	4.904	8.221	0	0
7.67999999999984	4.6239999999998	7.60500000000002	0	0
7.85699999999997	6.10300000000007	8.83199999999988	0	0
6.88000000000011	3.14600000000019	7.16699999999992	0	0
6.44799999999987	5.61000000000013	6.22299999999996	0	0
7.46900000000005	2.20800000000008	7.70000000000027	0	0
6.54999999999973	4.91499999999996	6.70100000000002	0	0
8.85099999999966	8.53499999999985	8.55099999999993	0	0
7.13799999999992	2.70899999999983	6.73000000000002	0	0
7.23599999999988	2.74199999999973	8.08699999999999	0	0
6.40999999999985	4.34700000000021	6.82200000000012	0	0
7.12800000000016	2.28800000000001	7.48200000000043	0	0
7.94100000000026	4.4050000000002	8.27600000000029	0	0
9.15900000000011	7.18399999999974	9.51900000000023	0	0
6.67900000000009	1.50599999999986	6.77300000000014	0	0
17.8800000000001	26.0740000000001	14.5280000000002	0	0
6.971	1.89199999999983	6.75399999999991	0	0
7.40099999999984	7.98299999999972	7.62899999999991	0	0
11.6109999999999	15.2850000000003	10.8649999999998	0	0
8.1880000000001	4.04899999999998	7.91200000000026	0	0
7.07200000000012	2.49600000000009	7.16399999999976	0	0
8.95199999999977	6.48799999999983	8.22299999999996	0	0
11.1410000000001	15.5590000000002	9.61999999999989	0	0
8.30799999999999	6.23099999999977	7.65900000000011	0	0
6.53699999999981	1.12699999999995	6.52999999999975	0	0
10.2890000000002	10.8379999999997	10.4589999999998	0	0
8.34900000000016	6.5890000000004	8.471	0	0
6.60499999999956	4.18799999999965	6.95699999999988	0	0
10.5500000000002	13.0349999999999	9.70399999999972	0	0
7.71900000000005	5.30200000000013	8.26200000000017	0	0
7.84999999999991	1.86599999999999	7.61999999999989	0	0
7.13200000000006	1.52099999999973	6.88999999999987	0	0
7.14900000000034	3.91400000000021	7.72199999999975	0	0
9.98700000000008	12.7979999999998	9.51499999999987	0	0
8.65099999999984	8.88700000000017	9.63299999999981	0	0
8.77999999999975	7.00300000000016	8.4670000000001	0	0
9.91600000000017	13.6759999999999	10.2060000000001	0	0
10.0210000000002	9.59699999999975	9.64600000000019	0	0
9.41199999999981	8.30700000000024	8.71299999999974	0	0
8.60799999999972	9.68899999999985	8.55600000000004	0	0
6.72899999999981	3.70299999999997	6.88799999999992	0	0
7.40099999999984	5.48799999999983	8.02199999999993	0	0
6.77799999999979	2.2199999999998	7.06899999999996	0	0
7.25	3.67299999999977	6.75699999999961	0	0
7.98199999999997	4.86400000000003	8.44599999999991	0	0
9.25199999999995	8.41800000000012	9.3090000000002	0	0
8.44700000000012	9.61799999999994	8.654	0	0
7.28099999999995	7.68799999999965	8.17200000000003	0	0
8.07699999999977	10.2379999999998	8.98699999999963	0	0
6.98600000000033	3.56100000000015	7.26899999999978	0	0
7.72599999999966	3.89199999999983	7.00300000000016	0	0
7.29699999999957	4.44699999999966	8.11400000000003	0	0
8.43299999999999	6.34099999999989	7.69300000000021	0	0
6.71799999999985	0.617999999999938	6.23399999999992	0	0
8.15400000000045	7.08800000000019	8.1230000000005	0	0
8.86700000000019	11.5390000000002	9.03000000000065	0	0
6.90499999999975	2.14099999999962	6.99299999999948	0	0
10.4650000000001	14.0509999999999	10.8019999999997	0	0
8.29700000000048	5.41499999999996	8.4380000000001	0	0
11.384	17.2669999999998	10.9570000000003	0	0
7.27800000000025	6.00199999999995	7.19400000000041	0	0
9.12100000000009	9.20000000000027	8.61000000000058	0	0
11.2760000000007	18.9449999999997	10.0739999999996	0	0
7.46000000000004	4.36999999999989	8.08899999999994	0	0
10.4399999999996	14.3229999999999	10.9070000000002	0	0
7.59200000000055	2.14399999999978	7.51099999999951	0	0
7.90000000000055	5.80400000000009	7.29999999999927	0	0
7.77300000000014	5.5949999999998	7.83699999999953	0	0
9.6239999999998	10.7819999999997	9.40099999999984	0	0
7.66299999999956	4.20299999999997	7.3739999999998	0	0
9.69000000000051	11.018	9.38400000000001	0	0
13.2600000000002	21.085	11.3459999999995	0	0
8.3760000000002	9.30999999999995	8.05199999999968	0	0
7.23000000000047	2.60000000000036	7.72699999999986	0	0
7.9340000000002	5.31700000000001	8.81900000000041	0	0
6.89400000000023	1.63199999999961	7.0590000000002	0	0
9.61599999999999	10.9090000000001	9.80999999999949	0	0
6.48700000000008	4.94399999999996	7.13100000000031	0	0
7.45800000000054	3.56400000000031	7.99699999999939	0	0
7.71500000000015	2.64300000000003	7.65700000000015	0	0
10.7860000000001	16.4789999999998	10.7060000000001	0	0
9.52099999999973	10.0279999999998	9.05400000000009	0	0
7.58700000000044	2.65300000000025	6.74300000000039	0	0
9.04899999999998	11.2960000000003	8.80299999999988	0	0
8.97999999999956	8.83199999999988	8.79500000000007	0	0
8.66700000000037	10.8800000000001	8.67700000000059	0	0
11.5	17.8989999999999	9.09599999999955	0	0
8.58199999999943	7.09099999999989	8.41400000000067	0	0
8.41100000000006	10.1099999999997	9	0	0
7.53300000000036	4.95600000000013	7.64999999999964	0	0
8.60800000000017	9.10200000000077	8.26199999999972	0	0
7.91899999999987	6.59100000000035	7.46799999999985	0	0
6.92500000000018	3.35300000000007	7.21500000000015	0	0
7.41899999999987	6.83599999999933	7.71500000000015	0	0
7.90499999999975	8.39699999999993	8.23800000000028	0	0
10.5439999999999	15.5240000000003	9.57999999999993	0	0
7.9350000000004	4.85400000000027	8.84799999999996	0	0
7.22400000000016	3.60399999999936	7.32600000000002	0	0
8.5	8.29399999999987	8.69700000000012	0	0
8.65200000000004	4.33299999999963	8.67399999999998	0	0
7.4980000000005	3.37700000000041	7.55400000000009	0	0
7.14799999999923	2.40700000000015	6.93900000000031	0	0
8.28999999999996	10.6140000000005	7.82899999999972	0	0
7.81999999999971	8.36999999999989	8.94800000000032	0	0
8.84199999999964	10.299	8.94999999999982	0	0
12.9040000000005	20.3380000000006	11.9740000000002	0	0
10.0009999999993	13.2399999999998	9.20600000000013	0	0
7.4369999999999	4.79800000000068	7.44699999999921	0	0
14.259	23.0250000000005	11.3980000000001	0	0
12.8890000000001	21.0820000000003	11.1199999999999	0	0
8.20200000000023	5.34799999999996	7.70399999999972	0	0
8.0610000000006	6.4409999999998	9.09100000000035	0	0
10.0010000000002	12.1469999999999	9.3720000000003	0	0
8.72099999999955	8.69699999999921	8.10600000000068	0	0
7.95700000000033	8.2470000000003	8.5570000000007	0	0
6.38500000000022	1.80000000000018	6.39800000000014	0	0
7.05100000000039	1.69499999999971	6.84400000000005	0	0
6.97000000000025	2.81200000000081	7.03799999999956	0	0
7.19400000000041	2.16700000000037	7.46599999999944	0	0
7.26699999999983	3.2519999999995	7.28700000000026	0	0
7.53099999999995	4.54899999999998	6.86800000000039	0	0
8.22299999999996	4.44800000000032	8.41700000000037	0	0
7.53700000000026	5.59100000000035	8.08100000000013	0	0
7.55299999999988	7.47400000000016	7.57099999999991	0	0
7.93099999999959	3.05599999999959	8.09500000000025	0	0
6.65500000000065	3.22800000000007	6.74099999999999	0	0
6.98299999999927	5.42299999999977	7.20499999999993	0	0
10.8510000000006	15.6360000000004	9.77800000000025	0	0
8.73799999999937	9.32300000000032	9.22400000000016	0	0
8.46900000000005	6.88199999999961	9.52000000000044	0	0
6.5059999999994	4.89999999999964	6.84099999999944	0	0
7.07899999999972	3.79999999999927	7.7559999999994	0	0
6.38100000000031	2.64699999999993	6.26199999999972	0	0
9.46600000000035	11.8400000000001	9.71399999999994	0	0
8.28600000000006	7.67100000000028	8.61399999999958	0	0
6.60199999999986	1.22099999999955	6.59199999999964	0	0
10.2809999999999	13.8780000000006	8.38400000000001	0	0
9.28600000000006	11.8209999999999	9.27299999999923	0	0
6.80000000000018	1.08899999999994	6.37299999999959	0	0
10.2259999999997	16.585	10.2200000000003	0	0
9.26899999999932	14.0440000000008	9.22900000000027	0	0
7.08899999999994	3.60400000000027	7.45000000000073	0	0
7.09799999999996	3.39200000000073	7.69899999999961	0	0
10.3369999999995	11.8609999999999	9.47100000000046	0	0
11.049	13.0190000000002	9.85600000000068	0	0
7.31999999999971	2.67199999999957	7.11999999999989	0	0
7.61200000000008	4.95199999999932	7.8690000000006	0	0
8.94200000000001	8.88299999999981	8.35999999999967	0	0
12.6590000000006	23.0550000000003	10.5839999999998	0	0
9.59599999999955	11.2339999999995	9.11400000000049	0	0
9.91699999999946	9.95899999999983	9.98999999999978	0	0
7.8760000000002	2.25699999999961	7.96100000000024	0	0
7.86800000000039	6.73399999999947	7.55100000000039	0	0
8.97000000000025	9.02899999999954	9.5630000000001	0	0
6.97299999999996	5.04199999999946	7.60199999999986	0	0
8.4380000000001	6.28200000000015	9.19000000000051	0	0
9.32600000000002	10.6270000000004	10.268	0	0
12.3429999999998	18.7860000000001	11.1869999999999	0	0
7.89399999999932	5.79200000000037	8.24099999999999	0	0
7.98599999999988	7.17600000000039	8.64099999999962	0	0
6.76299999999992	3.13500000000022	6.77199999999993	0	0
7.10700000000088	4.11899999999969	7.79899999999998	0	0
9.59299999999985	10.3389999999999	9.3139999999994	0	0
8.05000000000018	8.19800000000032	9.13400000000001	0	0
7.36099999999988	5.65499999999975	8.29899999999998	0	0
6.0610000000006	1.83199999999943	6.26100000000042	0	0
7.03499999999985	5.23199999999997	7.26699999999983	0	0
8.38299999999981	7.1279999999997	9.03199999999924	0	0
9.52199999999993	13.1009999999997	9.56899999999951	0	0
7.32699999999932	5.39199999999983	7.5639999999994	0	0
7.83399999999983	3.02799999999934	7.28499999999985	0	0
8.99699999999939	6.08200000000033	8.15099999999984	0	0
11.1629999999996	18.192	9.90000000000055	0	0
8.73499999999967	7.16600000000017	7.76999999999953	0	0
7.21900000000005	5.52199999999993	7.38400000000001	0	0
7.17399999999998	2.61099999999988	7.44000000000051	0	0
7.34699999999975	2.58700000000044	7.17399999999998	0	0
11.9629999999997	17.4960000000001	10.8360000000002	0	0
8.99299999999948	11.1700000000001	9.3739999999998	0	0
8.51500000000033	7.89699999999993	8.19300000000021	0	0
8.85400000000027	9.20799999999963	9.7489999999998	0	0
6.91799999999967	1.38600000000042	7.40900000000056	0	0
8.02599999999984	6.28799999999956	8.52300000000014	0	0
7.6239999999998	2.49600000000009	7.31400000000031	0	0
8.69999999999982	5.9369999999999	8.63500000000022	0	0
9.61499999999978	11.8220000000001	9.35499999999956	0	0
7.92100000000028	6.22000000000025	8.49799999999959	0	0
8.54600000000028	9.54100000000017	7.57999999999993	0	0
13.0720000000001	16.4309999999996	9.79199999999946	0	0
6.94900000000052	4.49000000000069	6.58600000000024	0	0
6.73000000000047	1.48800000000028	7.04899999999998	0	0
8.19400000000041	4.07400000000052	7.86700000000019	0	0
9.02700000000004	12.6089999999995	9.24099999999999	0	0
8.55100000000039	9.17100000000028	8.96200000000044	0	0
7.98100000000068	4.89300000000003	7.9369999999999	0	0
7.69999999999982	3.97900000000027	6.95399999999972	0	0
7.05799999999999	3.73300000000017	7.45399999999972	0	0
7.39300000000003	3.84699999999975	7.56999999999971	0	0
7.47099999999955	3.95899999999983	8.10400000000027	0	0
8.66100000000006	7.39000000000033	8.28900000000067	0	0
8.22800000000007	9.03499999999985	8.23600000000079	0	0
7.84299999999985	7.18900000000031	7.59100000000035	0	0
10.4030000000002	12.3699999999999	9.97800000000007	0	0
9.1869999999999	9.76500000000033	9.03699999999935	0	0
7.68100000000049	7.79600000000028	7.50500000000011	0	0
7.01400000000012	1.46599999999944	7.22800000000007	0	0
8.37899999999991	7.9350000000004	9.3090000000002	0	0
7.8809999999994	5.92699999999968	8.53399999999965	0	0
7.49600000000009	5.71399999999994	7.76699999999983	0	0
6.85599999999977	5.34600000000046	6.82999999999993	0	0
7.51600000000053	6.22299999999996	7.66700000000037	0	0
6.92600000000039	4.07799999999952	7.57799999999952	0	0
8.20799999999963	6.34700000000066	8.05000000000018	0	0
6.4360000000006	1.8159999999998	6.96699999999964	0	0
7.13600000000042	2.10800000000017	6.72799999999916	0	0
8.60199999999986	8.64599999999973	7.75900000000001	0	0
7.29299999999967	3.41100000000006	7.1909999999998	0	0
7.05400000000009	2.50300000000061	7.29699999999957	0	0
8.25699999999961	7.51999999999953	8.48099999999977	0	0
7.00699999999961	3.45399999999972	7.66800000000057	0	0
7.14000000000033	4.13299999999981	7.61599999999999	0	0
11.9340000000002	15.9619999999995	10.0320000000002	0	0
10.7650000000003	13.1120000000001	9.65400000000045	0	0
10.5530000000008	13.8860000000004	9.59400000000005	0	0
11.2080000000005	14.4620000000004	11.1549999999997	0	0
9.49499999999989	11.8980000000001	8.35900000000038	0	0
10.6309999999994	13.4170000000004	10.5250000000005	0	0
8.19700000000012	8.55799999999999	8.80200000000059	0	0
8.60300000000007	8.64899999999943	9.00799999999981	0	0
8.17699999999968	5.83300000000054	8.24299999999948	0	0
7.97000000000025	7.18299999999999	7.9409999999998	0	0
9.00900000000001	13.6840000000002	8.32399999999961	0	0
10.21	8.20499999999993	8.52400000000034	0	0
11.0010000000002	18.5079999999998	9.77700000000004	0	0
8.27000000000044	7.6840000000002	8.3130000000001	0	0
7.99200000000019	3.57500000000073	8.25399999999991	0	0
8.01999999999953	7.2489999999998	8.18199999999979	0	0
10.4899999999998	13.2470000000003	9.60900000000038	0	0
6.54399999999987	2.47699999999986	6.72699999999986	0	0
6.77999999999975	3.84599999999955	7.67700000000059	0	0
6.88000000000011	5.14800000000014	7.01800000000003	0	0
7.24300000000039	1.59300000000076	6.96199999999953	0	0
7.49099999999999	5.81400000000031	7.63600000000042	0	0
7.81800000000021	6.64800000000014	7.95499999999993	0	0
10.1300000000001	10.7570000000005	9.57400000000052	0	0
8.80000000000018	9.98799999999937	9.03499999999985	0	0
7.59200000000055	3.5590000000002	8.08500000000004	0	0
8.22800000000007	7.1850000000004	8.64999999999964	0	0
6.69600000000082	0.864999999999782	6.17199999999957	0	0
10.1640000000007	9.79700000000048	9.15799999999945	0	0
6.70300000000043	3.46100000000024	6.61999999999989	0	0
6.99399999999969	2.90799999999945	7.03000000000065	0	0
7.46799999999985	3.3130000000001	6.54800000000068	0	0
8.49200000000019	9.19900000000052	8.0019999999995	0	0
7.68299999999999	6.95300000000043	8.09699999999975	0	0
7.09900000000016	2.22199999999975	7.23499999999967	0	0
9.65300000000025	10.3720000000003	7.49299999999948	0	0
9.10099999999966	10.0720000000001	7.83699999999953	0	0
6.53099999999995	2.5610000000006	7.01299999999992	0	0
7.93199999999979	2.34799999999996	7.87100000000009	0	0
7.94400000000041	6.65700000000015	8.07899999999972	0	0
7.80400000000009	5.39400000000023	8.11999999999989	0	0
7.96099999999933	7.2510000000002	8.38199999999961	0	0
7.82999999999993	6.27400000000034	7.91499999999996	0	0
7.3130000000001	2.89900000000034	7.34500000000025	0	0
8.39599999999973	9.19599999999991	8.45600000000013	0	0
6.9320000000007	2.15899999999965	7.30099999999948	0	0
8.44300000000021	7.14300000000003	8.8100000000004	0	0
7.4380000000001	7.05299999999988	7.88699999999972	0	0
6.60200000000077	2.98800000000028	6.78800000000047	0	0
7.33599999999933	3.46699999999964	7.41200000000026	0	0
8.49099999999999	8.2470000000003	8.48799999999937	0	0
10.1959999999999	13.1000000000004	10.3130000000001	0	0
10.5409999999993	12.8710000000001	11.2510000000002	0	0
10.4179999999997	11.3069999999998	9.60200000000077	0	0
6.75300000000061	4.6880000000001	7.53499999999985	0	0
12.9359999999997	23.3450000000003	10.764000000001	0	0
11.5130000000008	14.7470000000003	10.0749999999989	0	0
9.13700000000063	9.03899999999976	8.38199999999961	0	0
7.81099999999969	8.19300000000021	6.97899999999936	0	0
10.2870000000003	13.0109999999995	9.40500000000065	0	0
10.4420000000009	13.723	9.56099999999969	0	0
6.96500000000015	6.21599999999944	6.60000000000036	0	0
10.9420000000009	11.7479999999996	10.1459999999988	0	0
7.78199999999924	4.93099999999959	8.20700000000033	0	0
7.40599999999904	2.47099999999955	7.23300000000017	0	0
8.67299999999886	7.23000000000047	9.28499999999985	0	0
7.34000000000015	4.38400000000001	8.04000000000087	0	0
7.15200000000004	4.58600000000024	8.22500000000036	0	0
11.8790000000008	18.6089999999995	11.9009999999998	0	0
7.23099999999977	2.92200000000048	7.66499999999905	0	0
8.14900000000125	6.42099999999937	7.61499999999978	0	0
8.97400000000016	9.21900000000005	9.42599999999948	0	0
7.39899999999943	2.93299999999999	7.62700000000041	0	0
8.51500000000124	10.6750000000002	8.05299999999988	0	0
8.22400000000016	7.96000000000004	8.15899999999965	0	0
8.39099999999962	9.14300000000003	8.61499999999978	0	0
7.09100000000035	3.27900000000045	6.79700000000048	0	0
9.85100000000057	13.1109999999999	9.63500000000022	0	0
7.86100000000079	7.31700000000001	7.54899999999907	0	0
9.45999999999913	9.97599999999966	9.52999999999884	0	0
9.11700000000019	9.59299999999985	9.39999999999964	0	0
7.61999999999898	5.09799999999996	7.4330000000009	0	0
14.6779999999999	23.5530000000008	12.1350000000002	0	0
8.90899999999965	9.79699999999957	8.3179999999993	0	0
8.03000000000065	7.94400000000041	8.94300000000112	0	0
6.73899999999958	5.32600000000002	7.28499999999985	0	0
6.94000000000051	2.78900000000067	7.121000000001	0	0
6.69900000000052	3.14300000000003	7.01200000000063	0	0
12.6450000000004	19.2790000000005	10.4359999999997	0	0
10.2150000000001	10.0879999999997	8.20399999999972	0	0
10.9920000000002	15.6269999999995	8.77700000000004	0	0
9.82400000000052	14.9809999999998	10.1620000000003	0	0
8.07899999999972	6.67699999999968	7.97400000000016	0	0
7.00300000000061	1.4970000000003	6.90799999999945	0	0
7.13100000000122	2.51199999999972	7.35800000000017	0	0
7.16900000000169	2.48099999999977	7.61800000000039	0	0
8.46900000000096	7.20100000000002	8.56999999999971	0	0
8.06099999999969	6.79699999999957	7.49200000000019	0	0
7.02200000000084	2.52000000000044	7.12099999999919	0	0
6.28099999999904	1.75399999999991	6.24199999999837	0	0
6.77800000000025	3.55200000000059	7.48999999999978	0	0
10.0769999999993	13.2490000000007	10.5189999999984	0	0
8.13700000000063	7.66800000000057	8.67900000000009	0	0
9.66200000000026	12.0809999999992	8.66600000000108	0	0
6.65299999999843	2.75800000000072	6.32000000000153	0	0
7.45200000000114	3.40800000000036	7.03300000000127	0	0
7.90200000000004	4.69500000000062	8.07000000000153	0	0
7.95499999999993	7.09799999999996	8.06700000000092	0	0
7.625	7.94500000000062	8.00299999999879	0	0
8.24200000000019	5.13799999999992	7.99300000000039	0	0
7.85000000000036	7.56500000000051	7.65099999999984	0	0
8.25699999999961	10.3069999999998	7.43600000000151	0	0
10.0870000000014	12.6300000000001	9.58999999999833	0	0
8.24499999999898	6.63400000000001	7.11700000000019	0	0
6.55600000000049	2.08399999999983	6.73300000000017	0	0
11.1790000000001	16.6300000000001	10.3439999999991	0	0
7.95399999999972	6.10599999999977	8.54599999999846	0	0
8.0729999999985	5.74300000000039	8.73199999999997	0	0
7.1200000000008	2.37700000000041	7.09799999999996	0	0
7.49900000000162	2.66100000000006	7.46600000000035	0	0
7.02400000000125	2.20200000000114	7.11599999999999	0	0
7.31099999999969	1.50500000000102	7.16700000000128	0	0
6.96899999999914	1.59100000000035	6.92799999999988	0	0
7.59799999999996	5.8130000000001	7.98500000000058	0	0
6.96199999999953	2.03399999999965	7.47999999999956	0	0
7.05999999999949	2.21099999999933	7.19300000000112	0	0
6.83599999999933	1.72499999999854	6.78900000000067	0	0
9.56499999999869	12.384	8.95499999999993	0	0
6.746000000001	3.19900000000052	7.16599999999926	0	0
8.08700000000135	5.82699999999932	8.55299999999988	0	0
7.38600000000042	1.52100000000064	6.96299999999974	0	0
7.29099999999926	5.46199999999953	7.0010000000002	0	0
9.15400000000045	10.4680000000008	9.07200000000012	0	0
10.1440000000002	12.3010000000013	9.81600000000071	0	0
6.94399999999951	3.75799999999981	6.79900000000089	0	0
7.66799999999967	1.996000000001	7.20100000000093	0	0
7.64699999999903	6.48899999999958	7.73300000000017	0	0
10.7340000000004	13.8920000000016	9.19900000000052	0	0
9.94100000000071	12.1939999999995	9.42000000000007	0	0
9.9429999999993	14.4290000000001	9.67900000000009	0	0
9.24300000000039	10.8009999999995	9.03800000000047	0	0
6.69399999999951	0.395999999998821	6.48400000000038	0	0
11.25	19.1560000000009	10.7189999999991	0	0
7.13400000000001	3.16700000000128	7.40700000000106	0	0
7.82400000000052	5.53100000000086	8.29799999999886	0	0
8.59700000000157	10.7009999999991	9.34999999999854	0	0
7.43399999999929	5.01499999999942	6.80600000000049	0	0
8.55499999999847	8.99900000000162	8.8809999999994	0	0
9.26199999999881	10.4920000000002	8.33100000000013	0	0
8.55999999999949	10.5159999999996	8.1239999999998	0	0
6.83799999999974	2.28700000000026	6.52700000000004	0	0
8.04600000000028	9.06999999999971	7.59000000000015	0	0
8.46699999999873	6.95300000000134	8.72400000000016	0	0
7.66200000000026	6.88799999999901	8.25799999999981	0	0
7.59499999999935	5.56999999999971	8.3020000000015	0	0
7.4989999999998	4.34999999999854	8.02000000000044	0	0
6.52599999999984	2.06800000000112	6.03299999999945	0	0
6.91799999999967	3.11999999999898	7.01300000000083	0	0
6.94300000000112	2.59100000000035	7.51200000000063	0	0
8.753999999999	5.80699999999888	9.3809999999994	0	0
7.56999999999971	2.20699999999852	7.87900000000081	0	0
10.1470000000008	11.2540000000008	8.86399999999958	0	0
8.22100000000137	5.83400000000074	7.07400000000052	0	0
13.0119999999988	21.1970000000001	11.9850000000006	0	0
11.2250000000004	14.4760000000006	10.0920000000006	0	0
8.15200000000004	5.41300000000047	8.34799999999996	0	0
7.01500000000124	5.40200000000004	7.3119999999999	0	0
9.07899999999972	12.0400000000009	9.12199999999939	0	0
6.90899999999965	2.4270000000015	6.94399999999951	0	0
8.54199999999946	6.48099999999977	9.08200000000033	0	0
19.5920000000006	25.6800000000003	15.8729999999996	0	0
8.64800000000105	9.45399999999972	8.36700000000019	0	0
9.68600000000151	11.1709999999985	8.64099999999962	0	0
9.43299999999908	8.44200000000092	8.42599999999948	0	0
7.74300000000039	6.09699999999975	8.36200000000099	0	0
12.155999999999	16.8460000000014	11.1939999999995	0	0
12.0959999999995	16.8359999999993	11.0250000000015	0	0
7.05499999999847	3.28999999999905	7.23199999999997	0	0
7.64699999999903	4.72199999999975	7.85099999999875	0	0
6.72500000000036	3.95499999999993	7.63299999999981	0	0
7.3130000000001	4.5010000000002	8.11199999999917	0	0
7.72999999999956	7.07600000000093	7.8739999999998	0	0
11.6170000000002	19.6859999999997	11.259	0	0
8.1760000000013	8.22900000000118	7.45299999999952	0	0
7.58500000000095	5.70600000000013	7.79199999999946	0	0
6.45800000000054	1.41699999999946	6.38199999999961	0	0
8.44599999999991	8.06500000000051	8.63999999999942	0	0
7.04299999999967	2.45300000000134	7.01400000000103	0	0
7.53899999999885	4.85000000000036	7.82099999999991	0	0
7.75900000000001	8.59599999999955	8.00199999999859	0	0
15.735999999999	26.7600000000002	11.8199999999997	0	0
11.0199999999986	15.6399999999994	10.9659999999985	0	0
6.875	2.85099999999875	7.17900000000009	0	0
7.996000000001	5.31400000000031	8.0059999999994	0	0
13.405999999999	20.1949999999997	10.9790000000012	0	0
8.61700000000019	7.3760000000002	8.63200000000143	0	0
10.7489999999998	12.7450000000008	10.9339999999993	0	0
7.34300000000076	2.48300000000017	7.92299999999886	0	0
7.21000000000095	0.876000000000204	6.875	0	0
6.85000000000036	2.621000000001	6.66400000000067	0	0
8.02599999999984	5.9989999999998	8.56000000000131	0	0
7.12700000000041	3.13999999999942	7.3239999999987	0	0
7.91700000000128	4.94900000000052	7.95600000000013	0	0
7.03600000000006	3.91200000000026	6.90600000000086	0	0
7.65000000000146	4.41400000000067	8.01900000000023	0	0
9.36700000000019	10.509	8.80899999999929	0	0
7.34199999999873	3.13199999999961	7.86300000000119	0	0
7.378999999999	3.82699999999932	8.03700000000026	0	0
9.67599999999948	11.3940000000002	9.69599999999991	0	0
7.45299999999952	4.02299999999923	8.41100000000006	0	0
8.71799999999894	9.85500000000138	8.84000000000015	0	0
6.95999999999913	4.48300000000017	7.14199999999983	0	0
8.46199999999953	8.92900000000009	9.16799999999967	0	0
8.25300000000061	8.07200000000012	8.96799999999894	0	0
6.8070000000007	2.81099999999969	6.98400000000038	0	0
7.66500000000087	9.375	8.54600000000028	0	0
9.71199999999953	11.2710000000006	8.60699999999997	0	0
15.0770000000011	26.4950000000008	11.1269999999986	0	0
7.20600000000013	3.16200000000026	7.76900000000023	0	0
7.625	4.43999999999869	7.73099999999977	0	0
7.85099999999875	2.53999999999905	8.20299999999952	0	0
6.59599999999955	2.92200000000048	7.1979999999985	0	0
7.77900000000045	4.8859999999986	8.14500000000044	0	0
8.03499999999985	6.35900000000038	7.88900000000103	0	0
8.66100000000006	6.75799999999981	8.33200000000033	0	0
6.67100000000028	2.59100000000035	7.29100000000108	0	0
6.43600000000151	1.84499999999935	6.42000000000007	0	0
8.39799999999923	11.1679999999997	9.22999999999956	0	0
7.31500000000051	4.56899999999951	7.92400000000089	0	0
7.625	2.38699999999881	7.8020000000015	0	0
7.23500000000058	3.13899999999921	7.57999999999993	0	0
9.15999999999985	8.84300000000076	10.0879999999997	0	0
7.87099999999919	4.09699999999975	7.11599999999999	0	0
11.8940000000002	15.8520000000008	10.6900000000005	0	0
6.25400000000081	2.97199999999975	6.61700000000019	0	0
9.61100000000079	12.6579999999994	9.58999999999833	0	0
8.6820000000007	9.04199999999946	8.87800000000061	0	0
10.1440000000002	12.7970000000005	8.87900000000081	0	0
9.84199999999873	11.7240000000002	9.60399999999936	0	0
8.37199999999939	7.28999999999905	8.24699999999939	0	0
7.21000000000095	4.18500000000131	8.14000000000124	0	0
9.34799999999996	9.85000000000036	8.66400000000067	0	0
6.9890000000014	2.33799999999974	6.97800000000097	0	0
6.99799999999959	1.83100000000013	7.0630000000001	0	0
7.12900000000081	5.08700000000135	7.35599999999977	0	0
7.40500000000065	3.02700000000004	6.66800000000148	0	0
6.5510000000013	3.06600000000071	5.66100000000006	0	0
8.92200000000048	8.86099999999897	8.03700000000026	0	0
7.90500000000065	6.64700000000084	8.52000000000044	0	0
8.09799999999996	10.3589999999986	8.47099999999955	0	0
7.84200000000055	4.40099999999984	7.48199999999997	0	0
6.79999999999927	4.71800000000076	7.30999999999949	0	0
7.28600000000006	3.70499999999993	8.08499999999913	0	0
6.85199999999895	2.03900000000067	6.80599999999868	0	0
8.19599999999991	7.26800000000003	8.3799999999992	0	0
6.47099999999955	1.40700000000106	6.44999999999891	0	0
7.69999999999891	6.2489999999998	7.80000000000109	0	0
7.47899999999936	6.44499999999971	7.67100000000028	0	0
6.43399999999929	0.820999999999913	6.54000000000087	0	0
9.97700000000077	11.1839999999993	9.51499999999942	0	0
8.89500000000044	9.43899999999849	8.82300000000032	0	0
5.9989999999998	2.24700000000121	6.06500000000051	0	0
7.94900000000052	6.72599999999875	7.70299999999952	0	0
7.34599999999955	5.15799999999945	7.45899999999892	0	0
8.67799999999988	8.52700000000004	8.90700000000106	0	0
8.46799999999894	8.67900000000009	9.46199999999953	0	0
7.68599999999969	6.33000000000175	7.82799999999952	0	0
7.30600000000049	3.36299999999937	7.82099999999991	0	0
6.92200000000048	2.08100000000013	7.35100000000057	0	0
7.78900000000067	5.70600000000013	7.8760000000002	0	0
5.99300000000039	1.57599999999911	6.17100000000028	0	0
7.53999999999905	4.18599999999969	7.91400000000067	0	0
7.07500000000073	4.80900000000111	6.95000000000073	0	0
7.41299999999865	4.1309999999994	7.83899999999994	0	0
7.56999999999971	5.95700000000033	8.12199999999939	0	0
7.08599999999933	2.92100000000028	6.91100000000006	0	0
8.34300000000076	8.47199999999975	8.59900000000016	0	0
8.29999999999927	6.5	7.94700000000012	0	0
8.65400000000045	11.3189999999995	9.6309999999994	0	0
7.66100000000006	4.85000000000036	7.48099999999977	0	0
6.15699999999924	3.73300000000017	6.79399999999987	0	0
8.03000000000065	5.04700000000048	7.00700000000143	0	0
12.0189999999984	15.1999999999989	10.6750000000011	0	0
9.95600000000013	11.530999999999	9.04700000000048	0	0
8.59699999999975	3.75200000000041	8.89300000000003	0	0
7.86199999999917	5.53700000000026	8.11700000000019	0	0
7.89799999999923	7.05000000000109	8.16400000000067	0	0
8.18499999999949	4.13800000000083	8.6929999999993	0	0
7.25300000000061	5.30600000000049	6.22899999999936	0	0
6.68899999999849	4.90999999999985	7.02900000000045	0	0
7.0630000000001	1.95700000000033	7.12799999999879	0	0
8.67099999999846	9.35999999999876	9.15999999999985	0	0
8.17300000000068	6.47799999999916	8.56500000000051	0	0
6.65899999999965	4.09100000000035	6.72900000000118	0	0
7.41400000000067	3.91100000000006	7.47899999999936	0	0
7.16300000000047	2.85300000000097	7.09900000000016	0	0
8.30899999999929	7.45900000000074	8.72999999999956	0	0
10.594000000001	11.9789999999994	9.06600000000071	0	0
10.9320000000007	14.0480000000007	10.2199999999993	0	0
7.51199999999881	6.64599999999882	7.60899999999856	0	0
13.4419999999991	22.5759999999991	10.4879999999994	0	0
10.4300000000003	13.6130000000012	10.7689999999984	0	0
8.29800000000068	11.0300000000007	8.27399999999943	0	0
14.2060000000001	24.8369999999995	12.8809999999994	0	0
8.78299999999945	7.65299999999843	8.04100000000108	0	0
8.34500000000116	8.04399999999987	7.72000000000116	0	0
6.96199999999953	3.55099999999948	7.38300000000163	0	0
6.98400000000038	1.51599999999962	6.90600000000086	0	0
7.22200000000157	3.71399999999994	6.70299999999952	0	0
8.01599999999962	6.46799999999894	8.10199999999895	0	0
7.92200000000048	7.43099999999868	8.42100000000028	0	0
9.28900000000067	12.6450000000004	9.20199999999932	0	0
8.53800000000047	7.71500000000015	8.6989999999987	0	0
7.39900000000125	3.32300000000032	6.68100000000049	0	0
9.65300000000025	11.0810000000001	9.58100000000013	0	0
8.66899999999987	8.17799999999988	8.76900000000023	0	0
7.04500000000007	1.74700000000121	6.97499999999854	0	0
9.70199999999932	12.3299999999999	9.35100000000057	0	0
10.0439999999999	11.9639999999999	9.41599999999926	0	0
6.45199999999932	3.25699999999961	7.10000000000036	0	0
8.92000000000007	10.0059999999994	10.1859999999997	0	0
8.21199999999953	5.7510000000002	7.94100000000071	0	0
8.49200000000019	3.9270000000015	7.83700000000135	0	0
7.14800000000105	4.4489999999987	7.58300000000054	0	0
7.1780000000017	5.64800000000105	7.5049999999992	0	0
7.25200000000041	4.26800000000003	7.50699999999961	0	0
8.99800000000141	9.78499999999985	9.84399999999914	0	0
7.27000000000044	3.7549999999992	8.07599999999911	0	0
8.15500000000065	5.1190000000006	7.75500000000102	0	0
7.17799999999988	5.24699999999939	7.74599999999919	0	0
10	14.146999999999	9.83799999999974	0	0
9.66600000000108	11.1140000000014	9.70600000000013	0	0
10.848	14.4410000000007	10.7549999999992	0	0
8.86300000000119	11.1949999999997	8.83500000000095	0	0
7.24099999999999	5.30199999999968	8.0570000000007	0	0
8.02900000000045	5.78700000000026	8.40699999999924	0	0
7.57800000000134	5.39500000000044	8.19800000000032	0	0
10.5709999999999	14.6630000000005	10.3439999999991	0	0
7.21199999999953	2.97000000000116	7.42799999999988	0	0
8.10900000000038	7.78600000000006	8.34400000000096	0	0
6.87900000000081	3.78600000000006	7.29000000000087	0	0
6.76900000000023	5.76100000000042	7.07899999999972	0	0
8.8799999999992	6.17500000000109	9.28499999999985	0	0
6.96099999999933	2.76299999999901	6.81700000000092	0	0
7.41899999999987	6.48799999999937	8.01999999999862	0	0
7.42699999999968	1.52100000000064	7.60400000000118	0	0
6.96500000000015	2.71099999999933	7.246000000001	0	0
9.59799999999996	10.7769999999982	9.33300000000054	0	0
6.86499999999978	3.98999999999978	6.875	0	0
9.49700000000121	13.2479999999996	9.73700000000099	0	0
8.32300000000032	7.46799999999894	8.8130000000001	0	0
7.70399999999972	5.92299999999886	7.97200000000157	0	0
9.91699999999946	12.268	9.38299999999981	0	0
9.38900000000103	11.6220000000012	8.61399999999958	0	0
7.43900000000031	7.39499999999862	8.13600000000042	0	0
17.521999999999	23.7990000000009	16.5599999999995	0	0
7.71500000000015	1.86700000000019	7.59699999999975	0	0
13.5300000000007	23.6659999999993	11.1830000000009	0	0
10.4090000000015	9.27200000000084	10.3679999999986	0	0
11.1089999999986	15.3199999999997	10.018	0	0
10.598	13.6260000000002	10.469000000001	0	0
8.54000000000087	9.74099999999999	8.72299999999996	0	0
10.0969999999998	12.378999999999	8.67299999999886	0	0
9.33100000000013	10.8080000000009	8.34000000000015	0	0
9.54399999999987	12.0049999999992	9.19900000000052	0	0
8.60899999999856	7.99399999999878	8.53700000000026	0	0
7.30099999999948	2.47099999999955	6.90800000000127	0	0
6.55000000000109	2.11299999999937	6.49299999999857	0	0
7.23199999999997	3.26599999999962	7.75799999999981	0	0
7.65999999999985	6.67399999999907	8.35199999999895	0	0
6.89099999999962	3.24200000000019	7.3179999999993	0	0
8.69599999999991	7.01999999999862	8.7510000000002	0	0
13.4569999999985	19.0540000000001	11.7870000000003	0	0
11.0380000000005	13.7139999999999	9.47099999999955	0	0
10.4809999999998	14.8600000000006	9.29099999999926	0	0
7.73199999999997	5.73999999999978	7.003999999999	0	0
7.09799999999996	3.17000000000007	7.54700000000048	0	0
7.18000000000029	1.46699999999873	6.67000000000007	0	0
6.77299999999923	3.07700000000114	7.08899999999994	0	0
6.52700000000004	1.08300000000054	6.17200000000048	0	0
7.50700000000143	5.57900000000154	7.83499999999913	0	0
11.2479999999996	16.3940000000002	11.375	0	0
9.1770000000015	7.68099999999868	9.128999999999	0	0
7.13199999999961	3.57999999999993	7.09499999999935	0	0
10.3760000000002	13.6360000000004	10.8009999999995	0	0
7.65499999999884	7.52500000000146	8.1309999999994	0	0
7.51200000000063	1.70699999999852	7.52700000000004	0	0
6.64700000000084	1.93100000000049	6.67100000000028	0	0
9.36999999999898	12.3339999999989	9.128999999999	0	0
7.50500000000102	7.18199999999888	8.14099999999962	0	0
7.48300000000017	3.23699999999917	6.96399999999994	0	0
10.4359999999997	14.8960000000006	9.23300000000017	0	0
6.93899999999849	3.82899999999972	7.01300000000083	0	0
7.03999999999905	3.33599999999933	6.48999999999978	0	0
6.75900000000001	0.94300000000112	6.53900000000067	0	0
8.78600000000006	9.54500000000007	8.57300000000032	0	0
9.59599999999955	13.5200000000004	9.97500000000036	0	0
8.04199999999946	8.91400000000067	8.78299999999945	0	0
6.8169999999991	1.79700000000048	7.28399999999965	0	0
10.0830000000005	11.3449999999993	9.94800000000032	0	0
7.76400000000103	3.96399999999994	7.10999999999876	0	0
7.69999999999891	5.92300000000068	7.25400000000081	0	0
9.11800000000039	11.7510000000002	8.35699999999997	0	0
7.53700000000026	1.96200000000135	7.38600000000042	0	0
12.7330000000002	17.0859999999993	11.7839999999997	0	0
9.61399999999958	10.4840000000004	9.96199999999953	0	0
10.1939999999995	13.5480000000007	9.28600000000006	0	0
10.9759999999987	14.9159999999993	11.1409999999996	0	0
7.31499999999869	5.08699999999953	7.79799999999886	0	0
9.35900000000038	9.6140000000014	9.51100000000042	0	0
16.1380000000008	18.746000000001	14.8100000000013	0	0
13.6540000000005	21.4510000000009	10.9709999999995	0	0
9.26000000000022	10.2389999999996	9.07099999999991	0	0
7.82899999999972	7.55400000000009	7.84599999999955	0	0
7.22100000000137	1.78099999999904	6.4950000000008	0	0
8.84600000000137	9.10099999999875	9.23800000000119	0	0
11.5470000000005	18.0690000000013	10.7309999999998	0	0
10.6760000000013	14.7430000000004	9.38800000000083	0	0
8.76000000000022	8.21700000000055	8.89199999999983	0	0
7.41400000000067	2.17399999999907	7.35900000000038	0	0
6.20100000000093	1.09599999999955	6.10800000000017	0	0
6.89500000000044	1.77599999999984	6.8130000000001	0	0
8.3739999999998	9.36499999999978	8.96500000000015	0	0
8.40700000000106	8.18399999999929	8.77200000000084	0	0
7.67900000000009	5.71699999999873	7.90200000000004	0	0
7.31599999999889	3.37800000000061	7.31700000000092	0	0
7.19000000000051	2.23099999999977	7.53700000000026	0	0
7.86599999999999	10.8549999999996	8.34799999999996	0	0
9.42900000000009	12.0459999999985	8.75	0	0
8.84799999999996	11.2969999999987	9.35699999999997	0	0
8.36700000000019	6.64500000000044	8.51299999999901	0	0
7.61599999999999	7.32200000000012	8.27700000000004	0	0
10.9760000000006	14.6940000000013	9.58400000000074	0	0
8.92200000000048	4.39400000000023	7.78600000000006	0	0
6.996000000001	2.44800000000032	7.15699999999924	0	0
8.03000000000065	5.5	8.3130000000001	0	0
9.97899999999936	13.5580000000009	9.87199999999939	0	0
11.0990000000002	16.982	10.869999999999	0	0
7.69499999999971	5.30900000000111	8.11599999999999	0	0
9.78700000000026	10.7090000000007	9.95700000000033	0	0
7.58100000000013	4.3119999999999	7.91499999999905	0	0
6.37700000000041	5.40299999999843	6.3739999999998	0	0
8.06999999999971	9.27399999999943	9.64799999999923	0	0
8.9330000000009	8.81499999999869	8.83799999999974	0	0
9.1929999999993	9.0570000000007	8.94399999999951	0	0
11.0520000000015	13.9590000000007	10.4320000000007	0	0
9.34599999999955	11.5810000000001	9.27599999999984	0	0
10.4609999999993	13.277	9.46999999999935	0	0
6.88799999999901	5.02800000000025	6.92000000000007	0	0
6.86199999999917	1.83200000000033	7.05799999999908	0	0
7.40200000000004	5.85699999999997	8.4989999999998	0	0
8.21500000000015	2.73699999999917	8.57600000000093	0	0
6.89400000000023	0.873999999999796	6.08700000000135	0	0
6.89099999999962	6.13000000000102	7.66899999999987	0	0
9.69900000000052	11.9560000000001	9.34299999999894	0	0
7.08699999999953	1.84799999999996	7.27500000000146	0	0
8.47199999999975	9.66799999999967	8.95999999999913	0	0
7.63700000000063	2.64799999999923	7.69099999999889	0	0
6.93499999999949	2.94400000000132	7.89400000000023	0	0
7.64999999999964	5.30699999999888	7.38999999999942	0	0
9.66200000000026	13.1849999999995	9.13800000000083	0	0
10.0640000000003	13.844000000001	8.46099999999933	0	0
9.71499999999833	10.2160000000003	9.31700000000092	0	0
8.1869999999999	4.69399999999951	8.42200000000048	0	0
5.78600000000006	2.33299999999872	6.31599999999889	0	0
7.52999999999884	6.20999999999913	7.41600000000108	0	0
7.80500000000029	4.85100000000057	7.4320000000007	0	0
6.42900000000009	2.32500000000073	6.52300000000105	0	0
11.1579999999994	16.7399999999998	10.121000000001	0	0
6.77099999999882	3.55099999999948	6.51800000000003	0	0
10.6990000000005	16.5059999999994	10.6460000000006	0	0
10.2650000000012	14.8019999999997	9.38299999999981	0	0
7.02199999999903	4.51999999999862	7.53200000000106	0	0
7.94499999999971	4.41600000000108	8.30500000000029	0	0
6.83799999999974	2.28400000000147	7.26000000000022	0	0
7.94499999999971	6.10400000000118	8.5669999999991	0	0
9.65200000000004	12.4169999999995	10.4089999999997	0	0
10.1800000000003	15.7820000000011	9.48300000000017	0	0
9.04400000000169	10.5889999999999	9.44499999999971	0	0
9.45500000000175	13.9200000000001	9.90799999999945	0	0
7.10300000000279	3.29999999999927	7.40999999999985	0	0
7.8739999999998	7.78800000000047	8.03199999999924	0	0
8.22299999999814	6.59100000000035	8.61299999999937	0	0
8.6349999999984	9.10099999999875	9.44499999999971	0	0
9.91800000000148	11.9699999999993	8.92799999999988	0	0
9.45000000000073	10.7389999999996	8.6239999999998	0	0
9.93100000000049	9.33299999999872	10.4570000000022	0	0
7.88199999999779	6.65999999999985	7.82099999999991	0	0
6.75300000000061	1.77199999999903	7.09200000000055	0	0
6.27199999999721	3.41899999999987	6.46599999999671	0	0
8.01200000000244	6.98799999999937	7.64899999999761	0	0
7.66600000000108	5.51899999999841	8.41799999999785	0	0
6.95200000000114	3.77200000000084	7.28800000000047	0	0
6.53700000000026	3.13600000000042	6.38200000000143	0	0
6.99499999999898	2.17299999999886	7.40399999999863	0	0
7.11099999999715	1.88199999999961	6.99500000000262	0	0
6.43700000000172	4.11200000000099	6.33399999999892	0	0
9.86699999999837	14.8209999999999	10.2460000000028	0	0
9.89400000000023	8.83599999999933	9.94200000000274	0	0
8.28600000000006	6.0630000000001	8.39099999999962	0	0
11.614999999998	13.3340000000007	11.5430000000015	0	0
7.77200000000084	5.15499999999884	8.49600000000282	0	0
6.59000000000015	4.42500000000109	6.50500000000102	0	0
6.75499999999738	1.72899999999936	6.71700000000055	0	0
7.14900000000125	3.6820000000007	7.57500000000073	0	0
6.51100000000224	1.82999999999993	6.65899999999965	0	0
10.6460000000006	13.9459999999999	9.00300000000061	0	0
8.47299999999814	12.1219999999994	8.82399999999689	0	0
10.2750000000015	12.8230000000003	9.8279999999977	0	0
11.1080000000002	17.4449999999997	10.5979999999981	0	0
10.1949999999997	12.973	10.0430000000015	0	0
10.2860000000001	12.8060000000005	9.00599999999758	0	0
8.19399999999951	7.90899999999965	8.34500000000116	0	0
8.10099999999875	2.34900000000016	8.06999999999971	0	0
9.58099999999831	10.8450000000012	9.50799999999799	0	0
6.73600000000079	6.88600000000042	6.89999999999782	0	0
7.65500000000247	8.50500000000102	8.07600000000093	0	0
5.74699999999939	2.3809999999994	5.85599999999977	0	0
9.18100000000049	9.30299999999988	7.97699999999895	0	0
10.1589999999997	11.6720000000005	9.57099999999991	0	0
8.55999999999767	11.9529999999995	7.81899999999951	0	0
6.4900000000016	1.86499999999978	7.01200000000244	0	0
9.43799999999828	9.41100000000006	9.11799999999857	0	0
7.36000000000058	4.73699999999917	7.30299999999988	0	0
9.21500000000015	10.5570000000007	9.2489999999998	0	0
7.71500000000015	2.14099999999962	7.85699999999997	0	0
8.15699999999924	8.25500000000102	8.33799999999974	0	0
9.79999999999927	10.2189999999991	8.22300000000178	0	0
10.9509999999973	13.0159999999996	9.44200000000274	0	0
8.83499999999913	11.3050000000003	8.43699999999808	0	0
8.97400000000198	10.7879999999986	8.98599999999715	0	0
11.4660000000003	18.1319999999996	10.7879999999968	0	0
8.94700000000012	5.96700000000055	8.73499999999694	0	0
12.0410000000011	16.8880000000008	10.6179999999986	0	0
6.72999999999956	4.72299999999996	7.3269999999975	0	0
8.59100000000035	7.74399999999878	8.08499999999913	0	0
9.3550000000032	9.47099999999955	9.27699999999822	0	0
7.61699999999837	5.88900000000103	7.97799999999916	0	0
8.88000000000102	9.39400000000023	9.69899999999689	0	0
8.53099999999904	7.81999999999971	8.23199999999997	0	0
9.09700000000157	11.982	8.7029999999977	0	0
11.6150000000016	17.1579999999994	9.29900000000271	0	0
7.95999999999913	8.20600000000013	7.67599999999948	0	0
7.71600000000035	4.82600000000093	7.59599999999773	0	0
6.69499999999971	4.73199999999997	7.02600000000166	0	0
10.9939999999988	14.8379999999997	10.2690000000002	0	0
7.58200000000215	5.60900000000038	8.06299999999828	0	0
10.4609999999993	11.8259999999991	10.1369999999988	0	0
8.11999999999898	5.42399999999907	8.36900000000242	0	0
6.55299999999988	2.36599999999999	6.86999999999898	0	0
8.63099999999758	8.43399999999929	8.67299999999886	0	0
12.2530000000006	16.8979999999992	10.4979999999996	0	0
11.0730000000003	17.6630000000005	10.8060000000005	0	0
9.24599999999919	10.0600000000013	8.86200000000099	0	0
8.22799999999916	8.40699999999924	8.19599999999991	0	0
8.20600000000195	6.98000000000138	8.40900000000329	0	0
8.93400000000111	7.83200000000033	9.46799999999712	0	0
10.6489999999976	15.987000000001	10.1339999999982	0	0
10.8870000000024	13.4390000000003	10.6090000000004	0	0
7.60900000000038	3.77800000000025	7.48800000000119	0	0
8.23099999999977	4.65500000000065	7.84100000000035	0	0
7.14799999999741	5.38800000000083	8.28199999999924	0	0
6.34800000000178	2.43400000000111	6.90100000000166	0	0
8.18799999999828	3.58300000000054	8.90199999999822	0	0
6.54200000000128	2.58500000000095	6.64699999999721	0	0
9.72199999999793	14.3129999999983	8.91599999999744	0	0
10.4459999999999	13.0319999999992	10.5120000000024	0	0
8.21000000000276	8.23600000000079	8.73500000000058	0	0
10.9799999999996	15.768	10.3700000000026	0	0
7.9989999999998	6.62300000000141	7.09700000000157	0	0
7.60399999999936	3.88500000000022	7.66500000000087	0	0
8.29299999999785	6.65799999999945	8.20700000000215	0	0
6.60900000000038	3.05999999999949	6.72399999999834	0	0
10.8260000000009	16.1020000000008	9.74399999999878	0	0
9.40499999999884	15.0020000000004	10.6010000000024	0	0
13.900999999998	22.9779999999992	11.244999999999	0	0
10.6750000000029	14.6849999999995	9.82800000000134	0	0
12.0819999999985	20.0320000000011	10.2920000000013	0	0
8.98500000000058	11.7340000000004	10.1829999999973	0	0
9.52200000000084	10.3099999999995	8.97600000000239	0	0
8.80200000000332	9.42900000000009	8.26300000000265	0	0
8.9989999999998	12.482	9.24500000000262	0	0
15.9559999999983	20.8619999999992	14.3549999999996	0	0
9.69499999999971	13.5319999999992	7.8169999999991	0	0
16.8600000000006	29.9629999999997	12.4249999999993	0	0
11.4900000000016	18.6749999999993	8.78700000000026	0	0
13.7989999999991	25.1239999999998	10.6569999999992	0	0
9.16100000000006	12.2029999999995	9.28299999999945	0	0
6.09100000000035	2.63899999999921	6.09500000000116	0	0
7.90400000000227	10.6470000000008	8.06099999999788	0	0
13.9199999999983	28.0689999999995	10.8740000000034	0	0
8.42900000000009	11.3369999999995	7.35900000000038	0	0
8.87700000000041	10.3869999999988	9.14500000000044	0	0
9.65600000000268	12.247000000003	7.36399999999776	0	0
7.81000000000131	10.4880000000012	7.55600000000049	0	0
14.1739999999991	26.4439999999995	11.7530000000006	0	0
10.8479999999981	14.5200000000004	7.92699999999968	0	0
14.893	23.9619999999995	9.73300000000017	0	0
22.2050000000017	37.2849999999999	15.775999999998	0	0
11.3359999999993	19.9259999999995	9.91599999999744	0	0
6.15100000000166	2.0580000000009	5.59900000000198	0	0
8.82000000000335	16.4979999999996	8.50900000000183	0	0
6.20899999999892	3.88000000000102	6.10699999999997	0	0
7.08300000000236	3.51900000000023	5.68500000000131	0	0
5.90699999999924	3.45700000000215	5.62199999999939	0	0
7.6239999999998	10.9150000000009	7.43600000000151	0	0
6.66600000000108	8.35299999999916	6.74399999999878	0	0
9.23600000000079	13.7479999999996	8.53000000000247	0	0
8.71000000000276	12.0010000000002	7.64199999999983	0	0
9.58400000000256	13.0020000000004	8.42399999999907	0	0
9.06099999999788	13.643	7.50300000000061	0	0
7.69399999999951	10.4239999999991	6.85599999999977	0	0
7.15899999999965	7.98600000000079	7.21600000000035	0	0
8.18600000000151	7.88600000000224	7.52600000000166	0	0
6.79699999999866	4.07400000000052	6.54000000000087	0	0
