27.871	24.734	39.881	0	0
27.214	27.64	36.172	0	0
26.156	25.219	34.298	0	0
26.057	25.367	34.69	0	0
34.514	39.215	35.875	0	0
40.206	46.317	41.19	0	0
31.462	32.451	37.015	0	0
42.623	48.007	42.931	0	0
27.9299999999999	28.3	35.788	0	0
26.279	25.635	35.1850000000001	0	0
31.263	32.977	37.016	0	0
23.7380000000001	22.838	33.491	0	0
20.744	16.193	32.471	0	0
38.9010000000001	44.996	42.495	0	0
40.498	47.9	45.3950000000001	0	0
29.452	32.119	36.116	0	0
35.539	40.3040000000001	38.499	0	0
31.534	35.895	38.876	0	0
28.5550000000001	29.3829999999998	33.8389999999999	0	0
19.3780000000002	14.299	32.0829999999999	0	0
25.664	25.5219999999999	32.3440000000001	0	0
40.973	48.76	42.9300000000001	0	0
27.6130000000001	28.0739999999998	38.1590000000001	0	0
25.3879999999999	23.2259999999999	32.8410000000001	0	0
22.4780000000001	20.0640000000001	32.7950000000001	0	0
33.538	37.873	40.6279999999999	0	0
33.751	38.2179999999998	36.7379999999998	0	0
27.643	30.2240000000002	35.779	0	0
29.73	33.6369999999999	36.6859999999999	0	0
30.72	33.9650000000001	37.3899999999999	0	0
29.145	31.1690000000001	37.7250000000004	0	0
24.075	23.165	31.3629999999998	0	0
29.8610000000001	33.181	37.2719999999999	0	0
30.088	33.585	37.7669999999998	0	0
24.626	24.4879999999998	33.6480000000001	0	0
40.1779999999999	44.9070000000002	41.567	0	0
31.8049999999998	35.0529999999999	39.011	0	0
25.8360000000002	25.7380000000003	34.5429999999997	0	0
38.7820000000002	46.6060000000002	44.1609999999996	0	0
27.4169999999999	28.797	36.0379999999996	0	0
34.136	38.3000000000002	40.6110000000003	0	0
33.1100000000001	36.5749999999998	38.6239999999998	0	0
37.1019999999999	42.8849999999998	39.2060000000001	0	0
27.79	29.0879999999997	34.319	0	0
23.973	23.6500000000001	32.7820000000002	0	0
22.0509999999999	18.0620000000004	33.5279999999998	0	0
25.3919999999998	25.1729999999998	33.692	0	0
27.9390000000003	29.5889999999999	33.4059999999999	0	0
34.6040000000003	36.6840000000002	38.538	0	0
21.634	19.4459999999999	31.3820000000001	0	0
27.6559999999999	28.7240000000002	37.5590000000002	0	0
35.9289999999996	42.1469999999999	41.337	0	0
29.203	30.5239999999999	37.116	0	0
32.422	37.1849999999999	40.2250000000004	0	0
42.4589999999998	50.672	43.0339999999997	0	0
45.5749999999998	51.9110000000001	45.6369999999997	0	0
30.864	33.6150000000002	39.2919999999999	0	0
39.0530000000003	46.462	40.9119999999998	0	0
27.3519999999999	28.127	36.4569999999999	0	0
36.7270000000003	44.0210000000002	40.8229999999999	0	0
24.8940000000002	25.4270000000001	30.3859999999995	0	0
32.2399999999998	35.6480000000001	38.3090000000002	0	0
32.4160000000002	37.386	38.6189999999997	0	0
28.6789999999996	31.4680000000003	34.8909999999996	0	0
29.998	32.3760000000002	36.4290000000001	0	0
29.953	32.3070000000007	38.6710000000003	0	0
22.078	20.8999999999996	33.0500000000002	0	0
23.7070000000003	23.9300000000003	32.6419999999998	0	0
38.7470000000003	45.4030000000002	40.6009999999997	0	0
35.6170000000002	39.5389999999998	42.4219999999996	0	0
39.259	46.0349999999999	38.6859999999997	0	0
34.7159999999994	40.2140000000009	37.527	0	0
31.2730000000001	36.5209999999997	39.4620000000004	0	0
15.9229999999998	7.95699999999943	30.0320000000002	0	0
41.1480000000001	47.1409999999996	44.2629999999999	0	0
28.2080000000005	27.576	36.0299999999997	0	0
44.2070000000003	50.6140000000005	44.5570000000007	0	0
33.1760000000004	36.1619999999994	38.2629999999999	0	0
34.116	37.2179999999998	39.2640000000001	0	0
36.2570000000005	40.8720000000003	39.2370000000001	0	0
25.2920000000004	26.9279999999999	30.7939999999999	0	0
33.3649999999998	38.4490000000005	39.2170000000006	0	0
28.6419999999998	33.0309999999999	35.8139999999994	0	0
28.2799999999997	28.0599999999995	38.875	0	0
30.5409999999993	32.8699999999999	37.799	0	0
23.8499999999995	23.0160000000005	32.2640000000001	0	0
23.7719999999999	22.875	35.2920000000004	0	0
27.5900000000001	26.8310000000001	32.8130000000001	0	0
43.0680000000002	46.6220000000003	43.616	0	0
27.8389999999999	28.7780000000002	35.4499999999998	0	0
30.3719999999994	34.009	37.6779999999999	0	0
45.2219999999998	48.9880000000003	43.585	0	0
26.46	26.5970000000007	31.5889999999999	0	0
22.7929999999997	19	33.1379999999999	0	0
31.1120000000001	34.2060000000001	37.125	0	0
30.576	31.8649999999998	37.6810000000005	0	0
28.7360000000008	30.5699999999997	37.1060000000007	0	0
25.8620000000001	25.8940000000002	33.2839999999997	0	0
22.0590000000002	20.277	30.9709999999995	0	0
33.2200000000003	38.8380000000006	39.4250000000002	0	0
36.857	43.3459999999995	40.049	0	0
44.3779999999997	54.308	44.9940000000006	0	0
32.6809999999996	36.0900000000001	38.1130000000003	0	0
25.8519999999999	25.8550000000005	34.1279999999997	0	0
34.2129999999997	37.0740000000005	38.6810000000005	0	0
23.8770000000004	22.4219999999996	34.1030000000001	0	0
26.8959999999997	26.5230000000001	34.9120000000003	0	0
40.5190000000002	47.9260000000004	42.9030000000002	0	0
28.201	29.768	34.9249999999993	0	0
26.9830000000002	28.0100000000002	36.5050000000001	0	0
36.8180000000002	43.3410000000003	41.5079999999998	0	0
28.3529999999992	31.8770000000004	35.2069999999994	0	0
24.3819999999996	21.1750000000002	35.3689999999997	0	0
34.0969999999998	39.3060000000005	35.4229999999998	0	0
37.5379999999996	42.8770000000004	40.5259999999998	0	0
36.1660000000002	42.6630000000005	41.75	0	0
20.9560000000001	22.0860000000002	27.7869999999994	0	0
31.4070000000002	33.6909999999998	35.884	0	0
35.1009999999997	38.1310000000003	40.1959999999999	0	0
31.0440000000008	32.6999999999998	39.2910000000011	0	0
29.6410000000005	32.7889999999998	36.5730000000003	0	0
29.0069999999996	31.183	36.4809999999998	0	0
11.8369999999995	4.94599999999991	21.8079999999991	0	0
31.7390000000005	33.6499999999996	37.0059999999994	0	0
19.3589999999995	14.4849999999997	31.3430000000008	0	0
22.6730000000007	21.6319999999996	31.4089999999997	0	0
30.768	33.7219999999998	38.9210000000003	0	0
30.7950000000001	32.9760000000006	40.616	0	0
24.2690000000002	23.1730000000007	32.3089999999993	0	0
33.8559999999998	36.5810000000001	39.4660000000003	0	0
37.9960000000001	44.1650000000009	42.9689999999991	0	0
37.3639999999996	44.4539999999997	40.9529999999995	0	0
32.9650000000001	35.9470000000001	39.0409999999993	0	0
19.9889999999996	15.6920000000009	30.4030000000002	0	0
22.4399999999996	19.1870000000017	32.8299999999999	0	0
31.7330000000002	34.0839999999989	38.3960000000006	0	0
34.4409999999998	38.226999999999	39.1630000000005	0	0
28.9840000000004	30.0959999999995	36.6939999999995	0	0
34.4409999999998	39.9940000000006	38.7199999999993	0	0
34.5570000000007	38.8319999999985	39.4030000000002	0	0
32.1800000000003	37.5330000000013	38.1119999999992	0	0
34.5799999999999	37.7149999999983	37.7810000000009	0	0
32.6550000000007	35.0429999999997	39.893	0	0
39.871000000001	47.4560000000001	41.2900000000009	0	0
23.027	21.7969999999987	30.7749999999996	0	0
31.4220000000005	33.768	39.121000000001	0	0
24.3889999999992	23.4230000000007	35.3109999999997	0	0
32.7389999999996	37.8370000000014	39.7709999999988	0	0
34.5360000000001	36.8439999999991	38.6539999999986	0	0
30.8019999999997	34.2139999999999	37.0389999999989	0	0
44.3630000000012	50.5840000000007	40.1689999999999	0	0
29.4860000000008	30.8069999999989	38.4710000000014	0	0
28.4390000000003	30.3439999999991	34.4159999999993	0	0
32.3019999999997	35.0740000000005	37.3600000000006	0	0
26.9240000000009	28.0699999999997	34.3410000000003	0	0
26.8759999999984	29.1299999999992	34.857	0	0
19.9579999999987	17.7240000000002	29.9380000000001	0	0
33.8649999999998	38.1710000000003	37.7420000000002	0	0
19.9519999999993	15.6010000000006	30.0399999999991	0	0
29.487000000001	32.4130000000005	35.6560000000009	0	0
29.1380000000008	31.1909999999989	35.4429999999993	0	0
36.3630000000012	41.9549999999999	40.0500000000011	0	0
32.9720000000016	34.5689999999995	37.737000000001	0	0
22.0780000000013	19.3029999999999	32.5700000000015	0	0
13.768	8.98199999999997	23.014000000001	0	0
30.5709999999999	32.777	37.3050000000003	0	0
34.3209999999999	38.259	38.1859999999997	0	0
29.527	31.625	34.6580000000013	0	0
35.982	39.9689999999991	38.9899999999998	0	0
40.473	45.2739999999994	41.402	0	0
31.1959999999999	35.1999999999989	37.0499999999993	0	0
35.8790000000008	42.4489999999987	40.6399999999994	0	0
21.1880000000001	18.8730000000014	31.8010000000013	0	0
30.4719999999998	31.4759999999987	37.6280000000006	0	0
29.3250000000007	30.518	35.7129999999997	0	0
34.4189999999999	39.6200000000008	39.4520000000011	0	0
29.8610000000008	31.2260000000006	37.4089999999997	0	0
26.848	27.2160000000003	33.8500000000004	0	0
44.2100000000009	51.5320000000011	45.7710000000006	0	0
29.9079999999994	31.7029999999995	39.0379999999986	0	0
30.3549999999996	32.8380000000016	35.5570000000007	0	0
39.5699999999997	46.8040000000001	43.1739999999991	0	0
31.5069999999996	35.7780000000002	36.869999999999	0	0
30.4049999999988	33.2360000000008	36.3819999999996	0	0
31.9130000000005	35.1560000000009	38.4490000000005	0	0
30.4580000000005	33.8590000000004	37.8780000000006	0	0
20.7620000000006	18.3029999999999	31.5059999999994	0	0
25.3410000000003	22.482	36.0969999999998	0	0
28.0900000000001	32.2309999999998	32.9470000000001	0	0
34.2380000000012	41.0139999999992	38.6530000000002	0	0
27.4419999999991	29.2109999999993	32.5720000000001	0	0
33.1050000000014	35.1869999999999	38.1859999999997	0	0
30.2420000000002	31.9680000000008	36.3600000000006	0	0
28.2270000000008	30.0829999999987	35.634	0	0
30.902	33.1130000000012	41.2379999999994	0	0
28.3260000000009	28.9049999999988	39.0069999999996	0	0
27.8779999999988	28.6029999999992	40.3700000000008	0	0
31.5159999999996	35.9439999999995	39.7819999999992	0	0
38.482	45.2099999999991	44.973	0	0
27.0599999999995	27.0349999999999	36.6859999999997	0	0
26.3230000000003	26.5059999999994	36.5709999999999	0	0
29.0529999999999	31.3829999999998	38.6859999999997	0	0
27.8860000000004	28.4539999999997	34.2029999999995	0	0
34.3850000000002	38.7860000000001	38.5769999999993	0	0
30.9130000000005	33.5159999999996	37.8029999999999	0	0
27.4389999999985	27.0610000000015	36.1749999999993	0	0
37.6810000000005	42.5779999999995	40.018	0	0
50.5999999999985	61.4760000000006	46.7960000000003	0	0
21.0190000000002	17.5410000000011	30.0640000000003	0	0
21.6440000000002	18.6359999999986	29.5030000000006	0	0
22.253999999999	19.3109999999997	32.7929999999997	0	0
28.6890000000003	29.764000000001	35.0779999999995	0	0
31.8439999999991	35.1920000000009	37.8090000000011	0	0
26.8060000000005	28.5750000000007	33.5889999999999	0	0
32.5069999999996	34.5500000000011	41.8700000000008	0	0
28.9619999999995	31.098	38.6369999999988	0	0
27.7939999999999	30.1440000000002	36.75	0	0
31.3810000000012	36.4390000000003	40.0949999999993	0	0
29.4790000000012	31.7389999999996	35.9410000000007	0	0
24.1829999999991	24.2029999999995	35.0079999999998	0	0
27.6790000000001	28.4079999999994	37.6689999999999	0	0
27.6610000000001	28.226999999999	39.143	0	0
32.5920000000006	37.3949999999986	41.3450000000012	0	0
24.1059999999998	23.6100000000006	35.6409999999996	0	0
23.8629999999994	21.6639999999989	35.6779999999999	0	0
27.7720000000008	28.2889999999989	36.9380000000001	0	0
28.8819999999996	32.4249999999993	34.8760000000002	0	0
22.7630000000008	20.7960000000003	36.1880000000001	0	0
33.0249999999996	36.634	41.228000000001	0	0
23.8909999999996	22.6190000000006	36.728000000001	0	0
25.7469999999994	26.3529999999992	38.146999999999	0	0
31.8250000000007	34.777	42.2749999999996	0	0
19.7679999999982	15.3559999999998	33.973	0	0
27.9620000000014	29.2749999999996	40.2369999999992	0	0
34.0420000000013	38.860999999999	41.9140000000007	0	0
32.7780000000002	39.5200000000004	41.0190000000002	0	0
27.8919999999998	28.3889999999992	38.1229999999996	0	0
28.2720000000008	28.762999999999	38.4850000000006	0	0
25.9629999999997	25.723	36.0809999999983	0	0
22.3280000000013	17.6550000000007	34.0339999999997	0	0
38.8310000000001	46.0869999999995	42.7910000000011	0	0
40.6719999999987	47.3070000000007	41.8420000000006	0	0
31.9150000000009	35.277	37.9419999999991	0	0
25.3680000000004	25.0679999999993	36.2210000000014	0	0
25.9089999999997	24.9709999999995	33.9439999999995	0	0
31.2470000000012	34.9459999999999	38.1410000000033	0	0
39.1820000000007	45.6020000000008	43.5850000000028	0	0
25.1790000000001	26.3590000000004	32.3420000000006	0	0
38.8269999999993	45.7389999999996	40.5920000000006	0	0
29.4230000000007	30.3500000000004	38.0739999999969	0	0
28.3060000000005	29.1000000000004	35.8990000000013	0	0
23.0280000000002	21.4290000000001	32.4530000000013	0	0
30.9450000000015	34.9320000000007	37.4219999999987	0	0
39.5450000000001	48.2299999999996	40.5999999999985	0	0
33.1809999999987	35.5509999999995	38.655999999999	0	0
38.8040000000001	45.3849999999984	40.4389999999985	0	0
33.5889999999999	37.8509999999987	37.2419999999984	0	0
25.0760000000009	24.2230000000018	35.1949999999997	0	0
33.4149999999991	37.4140000000007	37.8179999999993	0	0
25.9840000000004	25.226999999999	33.880000000001	0	0
18.9620000000014	13.5409999999974	31.1779999999999	0	0
44.3490000000002	54.0669999999991	44.242000000002	0	0
34.4760000000006	39.7549999999974	39.0140000000029	0	0
36.6620000000003	41.1440000000002	42.1260000000002	0	0
27.7750000000015	28.1850000000013	37.1900000000023	0	0
35.9580000000005	41.4549999999981	38.1679999999978	0	0
35.9490000000005	42.9680000000008	39.6039999999994	0	0
34.7100000000009	40.0879999999997	40.2330000000002	0	0
25.3019999999997	24.1189999999988	32.5619999999981	0	0
25.723	26.0980000000018	33.7799999999988	0	0
30.0420000000013	31.3339999999989	37.1260000000002	0	0
26.6049999999996	28.1320000000014	36.2739999999976	0	0
31.3909999999996	35.612000000001	38.4680000000008	0	0
26.773000000001	25.4150000000009	36.9770000000026	0	0
37.2799999999988	45.6940000000031	38.6749999999993	0	0
30.8950000000004	34.0799999999981	36.5889999999999	0	0
27.2219999999998	28.5930000000008	34.9320000000007	0	0
32.246000000001	35.2089999999989	36.8070000000007	0	0
37.9030000000002	45.8379999999997	39.400999999998	0	0
23.7759999999998	21.5499999999993	35.4000000000015	0	0
32.5489999999991	36.7819999999992	38.8640000000014	0	0
24.1159999999982	24.7139999999999	34.0849999999991	0	0
25.4369999999981	26.9310000000005	31.5159999999996	0	0
42.2330000000002	47.617000000002	42.5039999999972	0	0
31.4569999999985	34.7000000000007	38.5909999999967	0	0
24.487000000001	24.8770000000004	34	0	0
27.2209999999977	29.1439999999966	35.7170000000006	0	0
34.3430000000008	37.4500000000007	38.4229999999989	0	0
33.6599999999999	36.5060000000012	40.3060000000005	0	0
25.3309999999983	26.5829999999987	34.507999999998	0	0
37.4590000000026	44.5540000000001	38.9190000000017	0	0
32.2030000000013	36.4349999999977	37.9049999999988	0	0
31.0829999999987	33.8299999999981	36.4989999999998	0	0
48.5669999999991	59.4380000000019	44.7299999999996	0	0
34.6239999999998	39.3799999999974	40.3340000000026	0	0
37.645999999997	43.237000000001	40.8499999999985	0	0
28.0560000000005	29.237000000001	36.9110000000001	0	0
30.8529999999992	33.8590000000004	38.3940000000002	0	0
28.4359999999979	30.7230000000018	36.0819999999985	0	0
37.7419999999984	42.7589999999982	42.6989999999969	0	0
29.086000000003	30.1049999999996	35.9799999999996	0	0
42.9759999999987	49.8369999999995	45.1529999999984	0	0
37.6009999999987	43.125	40.8830000000016	0	0
19.1129999999976	16.5499999999993	27.2510000000002	0	0
36.4770000000026	40.1889999999985	42.3479999999981	0	0
34.119999999999	38.3629999999976	40.119999999999	0	0
27.1589999999997	26.2250000000022	35.8090000000011	0	0
42.2410000000018	51.6779999999999	44.2170000000006	0	0
32.0900000000001	36.5170000000035	38.0749999999971	0	0
23.6210000000028	22.4659999999967	33.5510000000031	0	0
41.1630000000005	48.3060000000005	44.6359999999986	0	0
44.9229999999989	54.0969999999979	44.7530000000006	0	0
34.5789999999979	38.3729999999996	38.7160000000003	0	0
23.2949999999983	20.6179999999986	35.4170000000013	0	0
29.0679999999993	30.762999999999	37.3729999999996	0	0
42.7749999999978	49.5820000000022	43.9400000000023	0	0
28.4499999999971	29.5619999999981	38.112000000001	0	0
26.7939999999981	28.4310000000005	34.4600000000028	0	0
42.9110000000001	47.7659999999996	42.8320000000022	0	0
21.6709999999985	17.6529999999984	30.8650000000016	0	0
21.2380000000012	17.7990000000027	31.8680000000022	0	0
23.9629999999997	22.8610000000008	33.3709999999992	0	0
30.357	34.112000000001	38.2219999999979	0	0
28.5959999999977	29.1759999999995	36.163999999997	0	0
28.6780000000035	30.4639999999999	36.8610000000008	0	0
26.2810000000027	27.1180000000022	35.4490000000005	0	0
31.0889999999999	34.9940000000024	37.6570000000029	0	0
31.9500000000007	33.005000000001	38.0709999999999	0	0
26.4939999999988	27.9639999999999	34.8139999999985	0	0
23.1159999999982	20.5540000000001	33.1389999999992	0	0
25.768	26.4749999999985	34.6699999999983	0	0
37.1150000000016	42.2489999999998	38.4000000000015	0	0
26.9140000000007	26.7630000000026	34.1779999999999	0	0
26.8379999999997	29.0920000000006	35.0450000000019	0	0
39.5190000000002	44.635000000002	41.3130000000019	0	0
35.3480000000018	38.7299999999996	41.0629999999983	0	0
30.255000000001	31.5400000000009	34.237000000001	0	0
40.257999999998	44.7079999999987	42.4830000000002	0	0
26.7649999999994	26.7230000000018	34.0980000000018	0	0
28.6879999999983	31.4079999999994	35.719000000001	0	0
31.7430000000022	34.75	39.4079999999994	0	0
28.1180000000022	29.0570000000007	38.101999999999	0	0
23.872000000003	22.9049999999988	31.4639999999999	0	0
27.9989999999998	27.4320000000007	35.8539999999994	0	0
32.5500000000029	34.2090000000026	39.010000000002	0	0
31.4279999999999	34.8580000000002	37.8969999999972	0	0
26.2279999999992	27.137999999999	35.0789999999979	0	0
32.4219999999987	33.492000000002	38.1269999999968	0	0
19.005000000001	16.6729999999989	26.4300000000003	0	0
28.5370000000003	32.8729999999996	33.6869999999981	0	0
40.1049999999996	44.9170000000013	41.5399999999972	0	0
31.3120000000017	32.0210000000006	38.1119999999974	0	0
28.5699999999997	31.4609999999993	36.9760000000024	0	0
32.6849999999977	36.7999999999993	38.6270000000004	0	0
26.0240000000013	25.9259999999995	35.3040000000001	0	0
32.8439999999973	37.4409999999989	37.9279999999999	0	0
35.3979999999974	42.6970000000001	40.469000000001	0	0
35.7230000000018	39.5139999999992	39.2200000000012	0	0
26.4470000000001	28.3340000000026	34.4459999999999	0	0
24.6270000000004	22.7770000000019	33.6029999999992	0	0
34.2860000000001	38.6349999999984	38.357	0	0
28.1050000000032	30.0379999999968	36.0360000000001	0	0
27.8209999999999	28.9759999999987	35.005000000001	0	0
32.2860000000001	36.3109999999979	39.4120000000003	0	0
27.0819999999985	29.2279999999992	37.018	0	0
29.8250000000007	31.6440000000002	37.1769999999997	0	0
22.869999999999	23.1999999999971	34.2969999999987	0	0
23.7139999999999	22.6690000000017	34.4080000000031	0	0
25.1409999999996	23.5469999999987	34.1139999999978	0	0
33.4279999999999	37.5859999999993	37.0989999999983	0	0
38.4120000000003	45.5910000000003	40.1889999999985	0	0
37.3590000000004	41.7569999999978	39.2900000000009	0	0
24.288999999997	23.6419999999998	34.7309999999998	0	0
24.1450000000004	22.1949999999997	32.1800000000003	0	0
41.1909999999989	46.6179999999986	43.148000000001	0	0
30.6820000000007	34.1189999999988	39.4399999999987	0	0
32.0380000000005	35.2510000000002	40.357	0	0
29.5649999999987	31.1349999999984	38.2989999999991	0	0
13.2610000000022	13.3189999999995	18.2939999999981	0	0
35.5580000000009	38.9910000000018	40.5169999999998	0	0
40.1750000000029	46.2030000000013	40.0420000000013	0	0
26.849000000002	24.9189999999981	36.7799999999988	0	0
28.2910000000011	27.4079999999994	37.3299999999981	0	0
31.4549999999981	35.3019999999997	38.1990000000005	0	0
24.2679999999964	23.2000000000007	33.2299999999996	0	0
20.5600000000013	14.8299999999981	32.6059999999998	0	0
45.739999999998	52.8989999999976	45.0950000000012	0	0
17.1340000000018	21.2479999999996	19.3539999999994	0	0
36.2180000000008	41.4919999999984	40.1500000000015	0	0
44.010000000002	49.1890000000021	44.0060000000012	0	0
35.4439999999995	38.219000000001	39.8610000000008	0	0
32.3600000000006	37.3790000000008	38.2079999999987	0	0
24.4639999999999	24.1190000000024	33.726999999999	0	0
39.7390000000014	45.768	42.8769999999968	0	0
26.6790000000001	28.010000000002	35.8149999999987	0	0
30.0709999999999	31.9419999999991	37.5659999999989	0	0
33.0540000000001	35.5519999999997	39.0570000000007	0	0
41.3630000000012	48.1939999999995	43.1719999999987	0	0
34.4809999999998	38.4439999999995	40.1389999999992	0	0
27.9739999999983	28.5879999999997	36.5219999999972	0	0
24.0959999999977	21.0119999999988	36.2989999999991	0	0
29.6719999999987	31.8040000000001	35.8439999999973	0	0
27.1039999999994	28.7870000000003	36.4030000000021	0	0
27.9369999999981	27.768	35.1949999999997	0	0
26.9310000000005	29.3239999999969	34.9269999999997	0	0
33.9470000000001	38.2719999999972	40.5360000000001	0	0
23.3029999999999	21.8279999999977	34.268	0	0
18.8680000000022	11.9879999999976	30.0950000000012	0	0
25.6239999999998	25.8940000000002	34.7230000000018	0	0
36.0640000000021	42.9140000000007	41.2829999999994	0	0
36.8019999999997	43.2970000000023	41.8580000000002	0	0
24.2639999999992	22.648000000001	33.2539999999972	0	0
33.4739999999983	36.7669999999998	39.0240000000013	0	0
20.8189999999995	16.530999999999	30.9539999999979	0	0
38.7560000000012	42.5329999999994	41.4269999999997	0	0
33.7369999999974	38.6870000000017	36.3159999999989	0	0
34.7779999999984	38.7580000000016	40.2520000000004	0	0
37.643	44.5720000000001	42.0420000000013	0	0
39.5509999999995	45.0120000000024	36.900999999998	0	0
30.2790000000023	34.9069999999992	32.1499999999978	0	0
29.6130000000012	32.7729999999974	34.8840000000018	0	0
34.2010000000009	38.4639999999999	40.7829999999994	0	0
21.7580000000016	22.7739999999976	28.0149999999994	0	0
39.1729999999989	45.6980000000003	43.2619999999988	0	0
33.1680000000015	37.8130000000019	39.5040000000008	0	0
42.8860000000022	49.9249999999993	43.3709999999992	0	0
27.3460000000014	32.2469999999994	31.351999999999	0	0
29.3169999999991	30.9310000000005	35.8289999999979	0	0
37.3170000000027	43.2150000000001	42.8129999999983	0	0
34.8770000000004	40.9979999999996	38.1039999999994	0	0
26.3960000000006	27.2549999999974	32.9169999999976	0	0
28.6590000000033	32.7160000000003	33.9320000000007	0	0
27.2379999999976	28.2329999999965	36.7109999999993	0	0
25.3090000000011	25.8240000000005	33.1810000000005	0	0
47.2350000000006	54.3640000000014	47.3820000000014	0	0
41.9110000000001	49.7989999999991	43.5769999999975	0	0
22.8000000000029	19.0459999999985	33.3719999999994	0	0
30.4280000000035	33.6179999999986	37.8989999999976	0	0
26.7119999999995	27.6759999999995	36.7050000000017	0	0
30.7159999999967	33.2129999999997	37.6890000000021	0	0
32.4619999999995	36.9760000000024	38.6269999999968	0	0
22.2129999999997	19.7510000000002	30.1640000000007	0	0
32.1800000000003	35.6820000000007	36.6369999999988	0	0
34.5820000000022	38.8240000000005	38.132999999998	0	0
38.4290000000001	42.1579999999994	40.1129999999976	0	0
29.3900000000031	30.512999999999	38.4569999999985	0	0
39.5269999999982	45.112000000001	42.2560000000012	0	0
26.5420000000013	27.3350000000028	34.4079999999994	0	0
28.3410000000003	31.0929999999971	36.4110000000001	0	0
33.2669999999998	36.893	38.2790000000023	0	0
33.5529999999999	35.5689999999995	38.367000000002	0	0
26.4069999999992	25.9500000000007	36.9089999999997	0	0
31.030999999999	33.9039999999986	38.0239999999976	0	0
30.8960000000006	33.7479999999996	37.0629999999983	0	0
32.3090000000011	35.0649999999987	37.8619999999974	0	0
36.2230000000018	40.9660000000003	39.9459999999999	0	0
39.9010000000017	47.4490000000005	43.1269999999968	0	0
37.1729999999989	42.6179999999986	41.5280000000021	0	0
29.3870000000024	31.9379999999983	36.7160000000003	0	0
35.3780000000006	40.7169999999969	38.4249999999993	0	0
27.0540000000001	28.0750000000007	35.2129999999997	0	0
40.9670000000006	46.5910000000003	45.3220000000001	0	0
31.9989999999998	34.7030000000013	39.6239999999998	0	0
28.8449999999975	30.1599999999999	35.0809999999983	0	0
24.8439999999973	24.5040000000008	33.2559999999976	0	0
23.0730000000003	21.8240000000005	33.3029999999999	0	0
33.8990000000013	37.2099999999991	38.6239999999998	0	0
24.3109999999979	24.226999999999	31.2010000000009	0	0
31.1270000000004	35.148000000001	39.6990000000005	0	0
34.2909999999974	38.3739999999998	40.7340000000004	0	0
36.387999999999	41.7589999999982	41.7959999999985	0	0
29.4259999999995	32.211000000003	37.4809999999998	0	0
47.6750000000029	55.7620000000024	44.2739999999976	0	0
30.3590000000004	32.005000000001	36.2989999999991	0	0
22.7910000000011	20.9199999999983	32.7059999999983	0	0
35.4420000000027	39.8889999999992	38.1789999999964	0	0
33.7150000000001	34.9350000000013	40.0919999999969	0	0
33.8400000000001	38.023000000001	39.2589999999982	0	0
30.0720000000001	31.7919999999976	37.3470000000016	0	0
24.6840000000011	26.7959999999985	31.5	0	0
28.9310000000005	31.7799999999988	34.2160000000003	0	0
33.6839999999975	37.6200000000026	38.6129999999976	0	0
34.226999999999	40.8600000000006	40.7200000000012	0	0
42.3209999999999	50.2779999999984	44.6110000000044	0	0
45.5570000000007	54.9530000000013	44.9399999999951	0	0
38.2050000000017	44.3380000000034	41.2229999999981	0	0
26.612000000001	27.2999999999993	35.1600000000035	0	0
21.3150000000023	18.385000000002	33.1749999999956	0	0
28.9230000000025	31.2239999999983	38.0410000000047	0	0
29.987000000001	33.1369999999988	38.1820000000007	0	0
30.3660000000018	32.3040000000001	37.3340000000026	0	0
40.6599999999999	47.9439999999995	42.8000000000029	0	0
34.4579999999987	35.7839999999997	39.4369999999981	0	0
28.0770000000011	29.0319999999992	36.5659999999989	0	0
26.8089999999975	25.9800000000032	37.0130000000063	0	0
26.2890000000007	29.5180000000037	31.0580000000045	0	0
28.5540000000001	29.1880000000019	38.0470000000059	0	0
31.494999999999	35.5160000000033	38.7230000000054	0	0
28.5499999999993	30.9320000000007	34.4669999999969	0	0
26.594000000001	27.734000000004	36.3300000000017	0	0
42.5760000000009	50.002999999997	43.976999999999	0	0
22.9389999999985	18.9120000000039	33.4479999999967	0	0
32.0149999999994	34.5930000000008	38.2810000000027	0	0
29.6140000000014	30.7000000000044	37.0350000000035	0	0
30.3869999999988	32.3329999999987	38.1759999999995	0	0
27.8690000000024	28.9409999999989	35.7079999999987	0	0
33.3909999999996	36.4380000000019	40.2050000000017	0	0
29.7599999999984	32.0060000000012	36.6499999999942	0	0
23.9190000000017	22.989999999998	33.1739999999991	0	0
26.3389999999999	27.0620000000054	35.622000000003	0	0
28.6139999999978	29.3479999999981	36.1670000000013	0	0
24.2799999999988	23.137999999999	32.6810000000041	0	0
31.1980000000003	34.851999999999	38.3960000000006	0	0
27.1039999999994	28.3309999999983	33.9919999999984	0	0
35.1270000000004	39.721000000005	39.5610000000015	0	0
33.4589999999989	35.3960000000006	41.0020000000004	0	0
26.6519999999982	28.1190000000061	34.0879999999961	0	0
30.9219999999987	33.9020000000019	37.0069999999978	0	0
31.7849999999999	33.0729999999967	39.6929999999993	0	0
26.2250000000022	26.601999999999	32.9309999999969	0	0
27.9609999999993	29.385000000002	34.6389999999956	0	0
33.0630000000019	36.5219999999972	37.8199999999997	0	0
31.505000000001	34.1820000000007	38.8969999999972	0	0
32.8709999999992	36.5489999999991	40.1540000000023	0	0
28.7479999999996	30.4660000000003	38.3790000000008	0	0
30.7330000000002	33.5930000000008	35.0420000000013	0	0
21.4419999999991	17.6219999999958	32.7910000000047	0	0
27.2540000000008	28.4959999999992	36.1870000000054	0	0
32.7050000000017	38.8729999999996	34.6360000000059	0	0
30.7010000000009	34.8439999999973	36.3400000000038	0	0
32.3320000000022	33.7660000000033	39.6259999999966	0	0
19.6440000000002	15.3310000000056	31.5939999999973	0	0
40.112000000001	46.9000000000015	41.9859999999971	0	0
26.6870000000017	28.6699999999983	36.3320000000022	0	0
32.3029999999999	34.7419999999984	39.0720000000001	0	0
33.1610000000001	36.474000000002	38.4720000000016	0	0
43.0729999999967	50.0250000000015	42.9130000000005	0	0
24.0099999999984	26.0360000000001	28.8389999999999	0	0
32.5590000000011	36.1589999999997	36.8550000000032	0	0
32.5560000000005	37.7050000000017	41.2380000000048	0	0
31.4720000000016	33.4490000000005	37.7020000000048	0	0
29.6750000000029	30.8349999999991	36.4210000000021	0	0
23.4559999999983	22.5789999999979	33.612000000001	0	0
40.3659999999982	46.4959999999992	41.0339999999997	0	0
33.7160000000003	38.7459999999992	37.6690000000017	0	0
36.5279999999984	41.9519999999975	39.7390000000014	0	0
33.3820000000014	38.4779999999955	37.6330000000016	0	0
35.4499999999971	39.5	39.1970000000001	0	0
29.7460000000028	32.3290000000052	37.7900000000009	0	0
22.8729999999996	22.1530000000057	31.9919999999984	0	0
29.0240000000013	31.9930000000022	38.5729999999967	0	0
28.3999999999978	31.0130000000063	38.1679999999978	0	0
29.1790000000001	32.4559999999983	34.9660000000003	0	0
24.7339999999967	23.9680000000008	34.6890000000058	0	0
38.3129999999946	44.7330000000002	41.3310000000056	0	0
34.3609999999971	38.9379999999946	38.3630000000048	0	0
32.5239999999976	38.0570000000007	38.0330000000031	0	0
36.2220000000016	40.2699999999968	41.2209999999977	0	0
30.8919999999998	32.2680000000037	34.5780000000013	0	0
32.6029999999955	37.0789999999979	39.0780000000013	0	0
21.2779999999984	18.489999999998	32.8100000000049	0	0
37.0339999999997	42.1800000000003	41.9449999999997	0	0
34.6310000000012	38.4540000000052	39.0400000000009	0	0
44.2130000000034	51.2250000000058	48.9800000000032	0	0
17.4520000000048	11.4759999999951	28.2549999999974	0	0
31.4639999999999	34.5699999999997	37.8090000000011	0	0
30.0229999999938	32.3969999999972	35.7589999999982	0	0
37.8689999999988	42.002999999997	40.7699999999968	0	0
34.0420000000013	37.5010000000038	40.099000000002	0	0
31.4040000000023	34.4179999999978	37.7479999999996	0	0
33.5979999999981	35.8780000000042	39.6630000000005	0	0
28.7880000000005	30.5240000000049	36.6960000000036	0	0
35.4919999999984	40.8099999999977	41.4859999999971	0	0
29.1469999999972	30.0989999999947	35.4130000000005	0	0
24.0809999999983	21.8700000000026	33.3150000000023	0	0
25.9969999999958	25.1860000000015	35.1630000000005	0	0
26.9199999999983	27.6900000000023	35.1960000000036	0	0
29.5109999999986	31.586000000003	36.4880000000048	0	0
30.6170000000056	31.2839999999997	38.9749999999985	0	0
22.6869999999981	24.2909999999974	29.8410000000003	0	0
27.2150000000038	28.8410000000003	35.3260000000009	0	0
29.3989999999976	30.6219999999958	36.1540000000023	0	0
35.0840000000026	38.7949999999983	40.0999999999985	0	0
35.1690000000017	40.4159999999974	40.1840000000011	0	0
22.6600000000035	22.1520000000019	31.2289999999994	0	0
18.2479999999996	12.5069999999978	29.8830000000016	0	0
32.2940000000017	35.7089999999953	36.3610000000044	0	0
31.3249999999971	35.4380000000019	35.737000000001	0	0
29.9369999999981	30.3549999999959	37.372000000003	0	0
27.7680000000037	29.0279999999984	34.6229999999996	0	0
25.9909999999945	26.1010000000024	32.7260000000024	0	0
38.4210000000021	46.6239999999962	42.4600000000064	0	0
33.6990000000005	39.2249999999985	37.8940000000002	0	0
35.6359999999986	40.2339999999967	40.1620000000039	0	0
29.8340000000026	31.2449999999953	38.3740000000034	0	0
29.625	33.4330000000045	35.612000000001	0	0
22.7640000000029	21.2260000000024	33.9919999999984	0	0
21.898000000001	19.25	31.2200000000012	0	0
35.0469999999987	42.0350000000035	35.4080000000031	0	0
29.5780000000013	31.9460000000036	35.3509999999951	0	0
16.1880000000019	7.73799999999756	30.2290000000066	0	0
17.6199999999953	9.89400000000023	28.724000000002	0	0
22.9470000000001	23.273000000001	31.1549999999988	0	0
26.8300000000017	26.9159999999974	37.2960000000021	0	0
35.8700000000026	43.4720000000016	40.015999999996	0	0
24.1440000000002	23.737000000001	33.3790000000008	0	0
36.3919999999998	44.7540000000008	40.4389999999985	0	0
30.4780000000028	33.5539999999964	38.3470000000016	0	0
35.0500000000029	36.9609999999957	40.8660000000018	0	0
41.137999999999	46.8689999999988	42.4379999999946	0	0
34.028999999995	38.9959999999992	40.6869999999981	0	0
35.6209999999992	42.4130000000005	41.2479999999996	0	0
33.9619999999995	38.8530000000028	34.752999999997	0	0
19.5820000000022	15.9089999999997	29.2389999999941	0	0
35.0940000000046	38.2939999999944	38.9619999999995	0	0
37.7379999999976	45.4990000000034	39.3369999999995	0	0
24.4639999999999	26.760000000002	28.9720000000016	0	0
27.4860000000044	28.3050000000003	34.7939999999944	0	0
24.7339999999967	24.1489999999976	34.7100000000064	0	0
26.4789999999994	28.1430000000037	34.8689999999988	0	0
41.8429999999935	49.2929999999978	43.3110000000015	0	0
29.0839999999953	32.7330000000002	37.0710000000036	0	0
31.773000000001	34.7960000000021	35.885000000002	0	0
29.0740000000005	30.4190000000017	37.7909999999974	0	0
30.4579999999987	32.7439999999988	40.3989999999976	0	0
22.4520000000048	19.9150000000009	34.987000000001	0	0
28.3009999999995	32.1610000000001	32.208000000006	0	0
26.6159999999945	26.2000000000044	36.1200000000026	0	0
31.5590000000011	32.9040000000023	41.3499999999985	0	0
19.3789999999935	15.3940000000002	31.9510000000009	0	0
28.0939999999973	29.1419999999998	37.3210000000036	0	0
32.8099999999977	36.8000000000029	37.6610000000001	0	0
26.3079999999973	27.4720000000016	34.086000000003	0	0
22.8040000000037	19.8039999999964	32.6290000000008	0	0
28.6939999999959	30.3380000000034	36.6699999999983	0	0
31.5149999999994	33.6489999999976	36.9969999999958	0	0
23.7639999999956	21.2560000000012	30.7900000000009	0	0
21.6789999999964	21.5950000000012	27.8070000000007	0	0
28.7909999999974	29.8589999999967	36.8439999999973	0	0
35.9809999999998	41.3130000000019	39.9119999999966	0	0
34.9360000000015	39.4459999999963	41.5149999999994	0	0
30.7819999999992	33.3120000000054	37.8969999999972	0	0
27.0780000000013	28.9530000000013	34.5279999999984	0	0
25.0380000000005	26.3760000000038	34.3140000000058	0	0
27.5919999999969	28.7989999999991	36.5369999999966	0	0
32.7989999999991	38.2309999999998	40.4189999999944	0	0
31.8960000000006	34	40.7570000000051	0	0
38.8149999999951	42.586000000003	42.1169999999984	0	0
40.7699999999968	46.752999999997	42.525999999998	0	0
37.0169999999998	41.9060000000027	39.0689999999959	0	0
32.6949999999997	36.3759999999966	39.7180000000008	0	0
30.0729999999967	31.6620000000039	37.7609999999986	0	0
27.1359999999986	27.4619999999995	35.3430000000008	0	0
32.2430000000022	37.1189999999988	36.9289999999964	0	0
33.0910000000003	37.9049999999988	38.4749999999985	0	0
30.614999999998	35.5459999999948	36.9099999999962	0	0
22.7700000000041	20.7010000000009	30.974000000002	0	0
25.6680000000051	25.1939999999959	33.6660000000047	0	0
36.0390000000043	44.9409999999989	40.4150000000009	0	0
29.3089999999938	29.8139999999985	38.0559999999969	0	0
34.4800000000032	39.0120000000024	41.8359999999957	0	0
33.512999999999	37.6029999999955	40.1820000000007	0	0
33.3410000000003	36.8129999999946	37.4250000000029	0	0
29.0659999999989	29.9889999999941	36.2350000000006	0	0
32.2119999999995	35.8870000000024	36.7189999999973	0	0
40.5020000000004	44.2230000000054	39.987000000001	0	0
44.5050000000047	54.012999999999	45.4850000000006	0	0
35.2960000000021	39.0679999999993	42.2839999999997	0	0
34.2579999999944	37.538999999997	40.4069999999992	0	0
33.5009999999966	37.1320000000051	38.390999999996	0	0
40.0480000000025	44.5050000000047	42.8580000000002	0	0
41.6189999999988	46.851999999999	43.8820000000051	0	0
39.6460000000006	44.6169999999984	41.0160000000033	0	0
20.3410000000003	16.5069999999978	28.6450000000041	0	0
39.2260000000024	46.101999999999	42.2650000000067	0	0
33.6369999999952	41.6080000000002	40.8889999999956	0	0
27.609000000004	28.9110000000001	35.5210000000006	0	0
27.8199999999997	30.9380000000019	35.9239999999991	0	0
46.5869999999995	54.0579999999973	43.7850000000035	0	0
30.7520000000004	35.2200000000012	36.8719999999958	0	0
21.958000000006	19.5720000000001	31.9990000000034	0	0
26.8839999999982	26.3820000000051	35.0669999999955	0	0
29.7089999999953	29.9049999999988	35.8080000000045	0	0
22.6270000000004	19.0270000000019	31.801999999996	0	0
25.6920000000027	25.6059999999998	33.2070000000022	0	0
46.0939999999973	54.3150000000023	43.1820000000007	0	0
30.0899999999965	34.5950000000012	36.7149999999965	0	0
48.5760000000009	55.6620000000039	42.2079999999987	0	0
38.5910000000003	44.5270000000019	41.1990000000005	0	0
34.7949999999983	40.8919999999998	41.3510000000024	0	0
25.6659999999974	25.4210000000021	35.3819999999978	0	0
21.6929999999993	21.752999999997	28.6829999999973	0	0
32.1569999999992	34.6109999999971	35.9490000000005	0	0
30.148000000001	32.4900000000052	38.3280000000013	0	0
31.6620000000039	34.4949999999953	36.5969999999943	0	0
46.1430000000037	54.1909999999989	45.864999999998	0	0
30.7459999999992	34.7330000000002	37.8960000000006	0	0
22.9099999999962	20.3559999999998	34.0149999999994	0	0
33.7940000000017	38.6129999999976	40.5910000000003	0	0
36.5619999999981	41.8150000000023	42.8669999999984	0	0
29.1020000000062	31.4760000000024	37.0160000000033	0	0
26.7469999999958	27.3090000000011	35.8739999999962	0	0
24.2449999999953	23.6759999999995	34.0460000000021	0	0
30.023000000001	33.2050000000017	35.8260000000009	0	0
29.9419999999955	33.237000000001	36.0790000000052	0	0
31.4789999999994	32.9800000000032	37.2609999999986	0	0
38.8070000000007	45.5939999999973	43.5869999999995	0	0
38.4860000000044	43.3859999999986	42.3899999999994	0	0
38.4420000000027	43.4230000000025	42.0819999999949	0	0
39.8739999999962	43.8260000000009	41.9019999999946	0	0
24.2309999999998	23.497000000003	33.5750000000044	0	0
23.8859999999986	21.2429999999949	36.8410000000003	0	0
28.8009999999995	30.0449999999983	40.9850000000006	0	0
24.8700000000026	25.4759999999951	38.304999999993	0	0
29.3229999999967	31	40.0240000000049	0	0
35.5460000000021	41.1399999999994	42.6470000000045	0	0
24.7380000000048	22.2449999999953	36.1829999999973	0	0
29.1589999999997	31.5329999999958	39.8469999999943	0	0
29.2479999999996	30.2960000000021	37.7580000000016	0	0
19.8669999999984	14.0659999999989	32.625	0	0
26.3919999999998	27.4499999999971	37.8690000000061	0	0
25.0089999999982	24.747000000003	33.2410000000018	0	0
30.8489999999947	33.2810000000027	39.0740000000005	0	0
23.3010000000068	20.8859999999986	35.502999999997	0	0
27.8530000000028	28.1559999999954	37.7129999999961	0	0
31.7160000000003	34.7540000000008	41.0440000000017	0	0
28.0210000000006	28.525999999998	37.7309999999998	0	0
29.2019999999975	30.4539999999979	38.1580000000031	0	0
19.1290000000008	13.875	31.9920000000056	0	0
27.3989999999976	27.6180000000022	37.8859999999986	0	0
29.5199999999968	31.0780000000013	39.7669999999998	0	0
24.1580000000031	22.9459999999963	33.7560000000012	0	0
26.6399999999994	26.9709999999977	35.9399999999951	0	0
26.9230000000025	27.6330000000016	38.5149999999994	0	0
23.3220000000001	21.4619999999995	35.2060000000056	0	0
26.6989999999932	26.2839999999997	37.1579999999958	0	0
33.9420000000027	39.012999999999	41.2939999999944	0	0
31.3429999999935	34.8179999999993	38.9220000000059	0	0
22.7319999999963	22.510000000002	30.9709999999977	0	0
28.4159999999974	28.9460000000036	38.2949999999983	0	0
32.1049999999959	35.5610000000015	42.5339999999997	0	0
29.9360000000015	34.2679999999964	36.7839999999997	0	0
33.7469999999958	37.3539999999994	39.25	0	0
30.1890000000058	33.5749999999971	39.5889999999999	0	0
20.4449999999997	18.010000000002	35.0380000000005	0	0
22.7200000000012	21.1030000000028	32.4300000000003	0	0
27.0449999999983	27.390999999996	38.8810000000012	0	0
21.2279999999955	17.7949999999983	34.3000000000029	0	0
27.7589999999982	29.3209999999963	37.135000000002	0	0
29.0859999999957	30.6939999999959	39.2819999999992	0	0
31.5120000000024	35.1299999999974	40.3449999999939	0	0
20.8919999999998	17.413999999997	33.0239999999976	0	0
34.1650000000009	38.2039999999979	41.4499999999971	0	0
26.3799999999974	26.0959999999977	37.747000000003	0	0
22.8140000000058	20.9550000000017	35.0040000000008	0	0
25.0020000000004	24.6419999999998	35.9789999999994	0	0
24.8690000000061	24.0709999999963	35.3289999999979	0	0
23.5999999999985	20.7309999999998	35.8729999999996	0	0
30.8680000000022	33.1580000000031	39.3279999999941	0	0
24.6569999999992	23.7150000000038	37.0160000000033	0	0
29.8349999999991	33.0859999999957	41.2309999999998	0	0
26.4589999999953	27.1299999999974	36.6070000000036	0	0
27.4400000000023	28.0520000000033	35.3689999999988	0	0
18.0060000000012	11.8709999999992	30.8760000000038	0	0
23.0889999999999	22.5649999999951	36.1069999999963	0	0
29.9530000000013	32.2099999999991	38.5449999999983	0	0
36.7710000000006	38.6860000000015	42.112000000001	0	0
32.1690000000017	35.4660000000003	38.3399999999965	0	0
30.8139999999985	33.5659999999989	38.775999999998	0	0
21.9019999999946	19.2870000000039	35.8199999999997	0	0
23.9579999999987	22.8159999999989	36.2799999999988	0	0
20.0659999999989	15.0369999999966	32.9459999999963	0	0
25.9190000000017	24.5080000000016	37.0639999999985	0	0
22.2810000000027	19.6180000000022	32.3090000000011	0	0
24.3859999999986	22.1810000000041	36.2540000000008	0	0
18.2420000000056	10.6320000000051	32.7450000000026	0	0
24.7430000000022	26.2790000000023	31.5400000000009	0	0
28.5380000000005	31.4520000000048	37.7000000000044	0	0
22.3400000000038	19.9119999999966	35.3849999999948	0	0
32.6569999999992	37.2980000000025	39.4500000000044	0	0
24.4559999999983	23.4449999999997	36.2200000000012	0	0
24.8159999999989	24.2350000000006	35.2979999999952	0	0
34.1140000000014	37.614999999998	41.4880000000048	0	0
26.6340000000055	26.4499999999971	38.221000000005	0	0
30.0659999999989	32.7189999999973	38.1710000000021	0	0
27.1150000000052	26.8290000000052	39.7220000000016	0	0
25.4550000000017	23.9110000000001	34.4380000000019	0	0
21.6400000000067	18.5740000000005	33.5800000000017	0	0
36.372000000003	40.3830000000016	42.5620000000054	0	0
26.1189999999988	26.5290000000023	35.7790000000023	0	0
26.1460000000006	24.9230000000025	38.2479999999996	0	0
23.3770000000004	21.6180000000022	33.6489999999976	0	0
31.9830000000002	36.1069999999963	41.025999999998	0	0
26.0479999999952	25.3640000000014	36.6050000000032	0	0
33.0490000000063	36.2419999999984	39.6179999999949	0	0
23.2829999999958	20.4830000000002	36.4550000000017	0	0
27.4259999999995	28.4649999999965	37.4559999999983	0	0
30.112000000001	34.3020000000033	36.0610000000015	0	0
28.0060000000012	29.4360000000015	37.2079999999987	0	0
29.7300000000032	30.4249999999956	40.7710000000006	0	0
20.0550000000003	15.1080000000002	34.7079999999987	0	0
26.9439999999959	25.7769999999946	38.5799999999945	0	0
17.8880000000063	14.8539999999994	27.5999999999985	0	0
29.1310000000012	29.6549999999988	38.3090000000011	0	0
27.8050000000003	28.1959999999963	38.7950000000055	0	0
22.8760000000038	20.6770000000033	35.0770000000048	0	0
29.7400000000052	32.038999999997	41.0959999999977	0	0
28.3699999999953	30	38.9879999999976	0	0
29.5699999999997	30.6800000000003	38.1619999999966	0	0
34.5239999999976	37.9329999999973	42.8940000000002	0	0
22.4530000000013	19.5720000000001	35.7829999999958	0	0
27.5760000000009	27.4549999999945	37.5090000000055	0	0
26.3449999999939	25.6710000000021	38.788999999997	0	0
26.7710000000006	25.7989999999991	35.5899999999965	0	0
28.25	29.8029999999999	38.2860000000001	0	0
29.4000000000015	32.5010000000038	38.7540000000008	0	0
33.1310000000012	35.7780000000057	43.1239999999962	0	0
26.2550000000047	26.5509999999995	36.5360000000001	0	0
29.5570000000007	31.0699999999997	39.5330000000031	0	0
23.1670000000013	20.8640000000014	35.0160000000033	0	0
33.4680000000008	38.1739999999991	42.1679999999978	0	0
26.3280000000013	23.9350000000049	35.1569999999992	0	0
27.0210000000006	27.4729999999981	38.3329999999987	0	0
31.3289999999979	34.9700000000012	38.7560000000012	0	0
34.5970000000016	37.5969999999943	40.4150000000009	0	0
32.3289999999979	34.0979999999981	38.4069999999992	0	0
20.7319999999963	16.0380000000005	34.1359999999986	0	0
21.7569999999978	18.0740000000005	34.989999999998	0	0
19.6010000000024	15.3919999999998	31.3569999999963	0	0
26.8660000000018	27.7050000000017	36.6660000000047	0	0
28.3000000000029	30.1529999999984	38.7020000000048	0	0
28.25	29.4150000000009	36.9549999999945	0	0
23.5910000000003	22.0199999999968	35.9429999999993	0	0
25.6260000000038	23.4089999999997	37.3410000000003	0	0
23.0709999999963	19.502999999997	35.8050000000003	0	0
22.9390000000058	19.2900000000009	35.8419999999969	0	0
21.6820000000007	19.5169999999998	33.4279999999999	0	0
30.2390000000014	32.8849999999948	40.3389999999999	0	0
25.1190000000061	23.0339999999997	37.5069999999978	0	0
31.8819999999978	35.1419999999998	40.5460000000021	0	0
21.9179999999978	17.5380000000005	32.7350000000006	0	0
31.9830000000002	35.6600000000035	42.2119999999995	0	0
30.2459999999992	33.4360000000015	39.3760000000038	0	0
22.5260000000053	18.9749999999985	35.2740000000049	0	0
32.0279999999984	35.6820000000007	39.5010000000038	0	0
32.1759999999995	35.7969999999987	39.8109999999942	0	0
32.8859999999986	37.336000000003	39.2960000000021	0	0
22.7700000000041	20.6820000000007	35.3229999999967	0	0
27.5720000000001	28.6429999999964	40.0650000000023	0	0
28.7430000000022	30.2450000000026	39.9569999999949	0	0
29.8810000000012	32.6810000000041	41.0849999999991	0	0
23.6670000000013	22.8119999999981	34.2379999999976	0	0
26.0250000000015	24.262999999999	35.3470000000016	0	0
19.1719999999987	15.6560000000027	32.038999999997	0	0
28.2649999999994	27.9599999999991	38.8680000000022	0	0
24.512999999999	24.2020000000048	35.0049999999974	0	0
27.041999999994	27.0329999999958	38.4760000000024	0	0
35.2699999999968	41.8859999999986	44.0120000000024	0	0
32.4859999999971	35.9579999999987	39.3130000000019	0	0
26.1219999999958	26.461000000003	34.9020000000019	0	0
25.489999999998	25.8249999999971	35.8329999999987	0	0
29.0009999999966	31.6180000000022	39.8629999999976	0	0
38.726999999999	43.4639999999999	44.7649999999994	0	0
24.8530000000028	23.1840000000011	36.4660000000003	0	0
26.6270000000004	26.288999999997	36.4389999999985	0	0
25.9179999999978	24.9590000000026	37.3859999999986	0	0
27.3379999999961	26.7380000000048	38.6319999999978	0	0
31.0839999999953	32.8439999999973	40.5800000000017	0	0
28.6370000000024	29.2209999999977	37.6169999999984	0	0
25.0149999999994	24.7160000000003	37.989999999998	0	0
27.6650000000009	29.6150000000052	36.8929999999964	0	0
21.6880000000019	19.9409999999989	34.3730000000069	0	0
29.349000000002	31.8209999999963	37.4130000000005	0	0
20.9760000000024	15.5160000000033	33.3329999999987	0	0
31.6340000000055	36.1390000000029	41.101999999999	0	0
23.127999999997	21.4140000000043	34.3859999999986	0	0
24.234000000004	21.4950000000026	35.7289999999994	0	0
19.2609999999986	14.2890000000043	31.7540000000008	0	0
35.9930000000022	40.8609999999971	42.5570000000007	0	0
28.7920000000013	30.1300000000047	39.6920000000027	0	0
26.1630000000005	24.9320000000007	38.7860000000001	0	0
28.859000000004	30.0499999999956	38.9650000000038	0	0
26.4809999999998	28.364999999998	39.6610000000001	0	0
24.7760000000053	22.2479999999996	34.5809999999983	0	0
26.3539999999994	25.7059999999983	39.237000000001	0	0
26.1170000000056	25.6790000000037	37.1630000000005	0	0
28.6999999999971	29.3629999999976	40.5149999999994	0	0
33.6479999999938	38.8600000000006	43.4559999999983	0	0
35.7019999999975	39.8319999999949	42.9099999999962	0	0
25.0600000000049	24.101999999999	31.6359999999986	0	0
24.3890000000029	22.8940000000002	35.788999999997	0	0
30.487000000001	31.8379999999961	38.9300000000003	0	0
27.4320000000007	27.4630000000034	33.75	0	0
24.8910000000033	22.1690000000017	39.1229999999996	0	0
16.8119999999981	8.90699999999924	30.1779999999999	0	0
30.5559999999969	31.4599999999991	38.2630000000063	0	0
28.3310000000056	30.9859999999971	40.0849999999991	0	0
32.5210000000006	34.4729999999981	40.226999999999	0	0
33.4680000000008	36.525999999998	43.3050000000003	0	0
29.5400000000009	31.1730000000025	38.4929999999949	0	0
27.1359999999986	28.3199999999997	36.726999999999	0	0
33.9919999999984	37.2200000000012	40.8079999999973	0	0
42.8530000000028	49.2610000000059	41.4680000000008	0	0
40.6489999999976	46.6719999999987	44.0470000000059	0	0
42.7909999999974	49.1429999999964	44.6290000000008	0	0
32.7739999999976	34.5869999999995	35.9470000000001	0	0
47.7790000000023	53.9439999999959	46.8009999999995	0	0
34.8210000000036	40.4449999999997	40.2909999999974	0	0
27.0509999999995	26.4170000000013	35.6180000000022	0	0
25.6229999999996	26.2099999999991	34.9449999999997	0	0
42.2400000000052	49.6359999999986	44.0169999999998	0	0
35.0360000000001	40.6579999999958	40.6869999999981	0	0
29.4249999999956	31.5670000000027	37.0369999999966	0	0
42.9470000000001	51.976999999999	42.6520000000019	0	0
35.2569999999978	39.010000000002	38.8999999999942	0	0
28.487000000001	31.1489999999976	38.3229999999967	0	0
39.4959999999992	47.8759999999966	43.5880000000034	0	0
39.8679999999949	44.3389999999999	43.6550000000061	0	0
31.8249999999971	33.9989999999962	38.9159999999974	0	0
25.7929999999978	26.0239999999976	36.413999999997	0	0
44.8899999999994	50.6550000000061	42.8269999999975	0	0
44.461000000003	52.7699999999968	44.1259999999966	0	0
36.3000000000029	40.8870000000024	38.9690000000046	0	0
37.2530000000042	43.364999999998	35.3940000000002	0	0
38.6630000000005	45.788999999997	43.398000000001	0	0
34.3139999999985	38.4429999999993	38.8830000000016	0	0
31.515999999996	33.7579999999944	38.0840000000026	0	0
38.788999999997	44.3680000000022	40.0579999999973	0	0
34.364999999998	35.273000000001	37.6860000000015	0	0
40.5079999999944	48.1709999999948	43.9110000000001	0	0
31.4499999999971	36.5330000000031	39.2139999999999	0	0
32.9479999999967	36.2690000000002	38.497000000003	0	0
28.6199999999953	30.5970000000016	37.4429999999993	0	0
31.0880000000034	33.1679999999978	38.8029999999999	0	0
35.4879999999976	40.7220000000016	42.1869999999981	0	0
31.586000000003	34.75	39.523000000001	0	0
19.75	15.2119999999995	32.4490000000005	0	0
51.0440000000017	59.6849999999977	46.6739999999991	0	0
38.8629999999976	44.4339999999938	42.9419999999955	0	0
33.1110000000044	35.1770000000033	38.1069999999963	0	0
35.635000000002	40.4839999999967	40.0610000000015	0	0
38.0619999999981	42.7669999999998	41.9030000000057	0	0
29.2690000000002	30.1829999999973	37.9100000000035	0	0
24.9590000000026	23.6389999999956	35.5639999999985	0	0
39.2430000000022	44.6900000000023	43.3450000000012	0	0
24.7610000000059	23.9000000000015	32.9820000000036	0	0
31.3999999999942	36.9599999999991	32.5690000000031	0	0
39.9060000000027	43.2229999999981	41.2279999999882	0	0
23.2490000000034	21.5190000000002	33.948000000004	0	0
29.4490000000005	32.5	35.5610000000015	0	0
35.7579999999944	40.3100000000049	39.0639999999985	0	0
28.3530000000028	30.3090000000011	35.8060000000114	0	0
26.8199999999997	27.0989999999947	34.8209999999963	0	0
46.0909999999931	53.2779999999984	44.7549999999901	0	0
31.666999999994	33.8880000000063	38.4850000000006	0	0
36.3949999999968	42.0270000000019	40.0470000000059	0	0
29.8070000000007	32.7059999999983	39.7250000000058	0	0
27.3079999999973	26.9540000000052	36.0479999999952	0	0
30.9550000000017	32.4110000000001	38.6809999999969	0	0
36.9789999999994	44.0420000000013	41.023000000001	0	0
35.6469999999972	41.9819999999963	41.6259999999893	0	0
35.9199999999983	40.4670000000042	40.127999999997	0	0
43.5180000000037	49.0169999999998	43.9110000000073	0	0
30.9140000000043	34.6369999999952	36.9260000000068	0	0
33.5690000000031	35.4729999999981	40.4700000000012	0	0
41.2229999999981	47.5439999999944	41.8870000000024	0	0
41.6599999999962	46.9040000000023	42.0499999999884	0	0
20.1390000000029	15.8150000000023	32.622000000003	0	0
26.864999999998	27.8709999999992	36.2720000000118	0	0
32.9800000000032	36.997000000003	37.9159999999974	0	0
31.398000000001	34.5939999999973	37.2369999999937	0	0
26.8130000000019	26.8570000000036	33.6679999999906	0	0
21.5349999999962	18.275999999998	32.4709999999905	0	0
21.6530000000057	19.1719999999987	32.5600000000122	0	0
39.4729999999981	44.9799999999959	43.6059999999998	0	0
27.7220000000016	29.836000000003	33.2010000000009	0	0
37.6739999999991	43.4539999999979	41.6630000000005	0	0
25.1719999999987	26.3790000000008	34.3660000000091	0	0
27.5140000000029	28.2520000000004	33.3169999999955	0	0
33.5979999999981	37.0559999999969	39.0240000000049	0	0
23.5910000000003	24.6959999999963	29.2510000000038	0	0
23.8569999999963	22.0219999999972	33.2050000000017	0	0
25.4020000000019	23.7160000000003	33.551999999996	0	0
34.8960000000006	39.0690000000031	39.5679999999993	0	0
31.7750000000015	36.2829999999958	39.0610000000015	0	0
28.9440000000031	31.9760000000024	33.9059999999881	0	0
46.1809999999969	51.9749999999985	43.406999999992	0	0
31.8209999999963	35.2359999999971	35.3440000000119	0	0
28.5849999999991	29.8439999999973	35.5599999999977	0	0
33.9719999999943	40.734000000004	39.0989999999874	0	0
24.2520000000004	24.0610000000015	34.468000000008	0	0
31.2050000000017	36.4130000000005	37.0650000000023	0	0
21.8349999999991	17.3899999999994	33.7719999999972	0	0
31.7209999999977	33.372000000003	37.599000000002	0	0
37.7339999999967	41.8419999999969	41.8759999999893	0	0
41.2430000000022	48.351999999999	42.8880000000063	0	0
38.275999999998	44.6319999999978	40.4250000000029	0	0
20.6099999999933	20.801999999996	27.6390000000101	0	0
29.4060000000027	29.6399999999994	36.2770000000019	0	0
34.1990000000005	40.9239999999991	39.7550000000047	0	0
