4.109	1.198	4.027	0	0
3.978	0.935	3.968	0	0
3.391	1.241	3.609	0	0
3.894	1.922	4.017	0	0
3.83300000000001	1.829	3.736	0	0
3.58000000000001	1.449	3.524	0	0
4.127	1.559	3.644	0	0
3.805	1.398	3.52200000000001	0	0
4.75699999999999	2.794	4.26599999999999	0	0
3.877	1.65	3.46100000000001	0	0
4.053	1.63500000000001	3.36799999999999	0	0
4.19699999999999	2.219	3.348	0	0
4.249	2.183	3.68000000000001	0	0
4.193	1.568	3.818	0	0
3.953	2.324	3.59699999999999	0	0
3.712	1.95500000000001	3.568	0	0
3.846	1.735	3.21700000000001	0	0
3.917	1.509	3.559	0	0
3.58700000000002	1.345	3.37299999999999	0	0
3.42600000000002	0.835999999999999	3.50800000000001	0	0
3.97800000000001	2.72099999999999	3.74699999999999	0	0
8.23000000000002	3.57300000000001	7.39500000000001	0	0
3.649	1.28400000000001	3.78800000000001	0	0
7.154	2.15900000000001	6.96700000000001	0	0
3.63	1.504	3.256	0	0
3.566	0.971999999999994	3.31	0	0
4.14100000000002	1.73999999999999	3.74099999999999	0	0
4.10400000000001	2.14099999999999	3.57599999999999	0	0
3.49099999999999	1.08500000000001	3.54499999999999	0	0
3.32900000000001	1.25	3.43699999999998	0	0
3.72200000000001	1.19	3.58599999999998	0	0
3.37700000000001	1.14400000000001	3.19500000000002	0	0
3.755	1.93599999999999	3.697	0	0
3.886	1.291	3.50700000000001	0	0
3.952	1.072	3.75800000000001	0	0
3.32499999999999	1.23599999999999	3.41399999999999	0	0
3.79899999999998	1.318	4.029	0	0
6.95999999999998	3.40000000000001	6.58100000000002	0	0
7.416	3.09199999999998	6.899	0	0
4.072	1.35199999999998	3.673	0	0
3.59899999999999	1.709	3.38999999999999	0	0
3.721	1.75700000000001	3.38299999999998	0	0
3.68900000000002	1.208	3.90899999999999	0	0
3.54300000000001	1.709	3.33100000000002	0	0
3.899	1.702	3.91500000000002	0	0
3.43299999999999	1.54999999999998	3.45400000000001	0	0
4.21199999999999	1.32900000000001	4.09399999999999	0	0
4.37800000000004	1.90099999999998	4.101	0	0
3.84399999999999	2.07900000000001	3.44200000000001	0	0
3.44999999999999	1.26400000000001	3.303	0	0
3.49800000000005	1.69	3.35200000000003	0	0
3.71800000000002	0.811000000000007	3.72499999999997	0	0
6.98899999999998	2.85400000000001	6.697	0	0
3.59300000000002	1.93199999999999	3.61600000000004	0	0
4.05599999999998	2.43600000000001	3.827	0	0
4.28399999999999	1.71299999999999	4.17099999999999	0	0
3.73000000000002	1.63400000000001	3.42399999999998	0	0
3.78500000000003	1.785	3.30099999999999	0	0
3.84999999999997	1.47	3.97300000000001	0	0
4.767	2.845	4.55099999999999	0	0
4	2.309	3.464	0	0
7.00800000000004	2.93899999999999	6.733	0	0
3.70699999999999	1.27199999999999	3.815	0	0
4.72899999999998	2.77100000000002	4.30599999999998	0	0
3.56399999999996	1.76300000000001	3.49099999999999	0	0
3.80900000000003	1.35900000000001	3.78799999999995	0	0
3.73600000000005	1.196	3.74700000000001	0	0
8.57600000000002	6.167	8.38100000000003	0	0
3.779	1.63	3.41300000000001	0	0
3.45399999999995	0.985000000000014	3.40100000000001	0	0
3.74900000000002	1.75799999999998	3.697	0	0
7.97900000000004	2.56999999999999	7.67899999999997	0	0
6.95100000000002	2.91000000000003	6.99099999999999	0	0
3.63900000000001	0.791999999999973	3.64199999999994	0	0
8.48099999999999	3.72000000000003	8.16200000000003	0	0
3.76799999999992	1.48200000000003	3.52700000000004	0	0
3.48800000000006	0.886000000000024	3.38799999999992	0	0
3.78599999999994	1.13200000000001	3.89099999999996	0	0
3.90899999999999	1.22800000000001	3.93600000000004	0	0
3.51499999999999	1.60899999999998	3.53700000000003	0	0
3.803	2.35400000000004	3.55799999999999	0	0
3.45399999999995	1.04199999999997	3.49900000000002	0	0
4.17399999999998	1.94499999999999	4.04200000000003	0	0
3.62	1.834	3.50099999999998	0	0
3.80600000000004	1.16899999999998	3.83299999999997	0	0
3.45900000000006	1.363	3.31600000000003	0	0
3.42899999999997	1.51999999999998	3.51499999999999	0	0
3.81200000000001	1.291	3.67900000000009	0	0
3.66300000000001	1.86899999999997	3.63099999999997	0	0
3.51999999999998	0.993999999999971	3.63	0	0
3.59800000000007	1.41699999999997	3.41099999999994	0	0
7.625	4.09999999999997	7.27100000000007	0	0
3.83199999999999	1.90899999999999	3.54100000000005	0	0
3.82000000000005	1.26999999999998	3.90699999999993	0	0
4.20600000000002	1.678	3.77600000000007	0	0
4.01900000000001	1.55000000000001	4.01699999999994	0	0
4.03099999999995	2.49799999999999	3.80500000000006	0	0
3.98699999999997	1.51299999999998	3.70300000000009	0	0
3.47399999999993	1.27299999999997	3.57799999999997	0	0
4.26800000000003	1.90100000000001	3.79100000000005	0	0
3.79599999999994	2.18200000000002	3.68299999999999	0	0
3.98400000000004	1.89099999999996	3.64200000000005	0	0
3.67399999999998	1.04699999999997	3.65099999999995	0	0
3.81600000000003	1.51799999999997	3.65800000000002	0	0
4.15999999999997	2.09499999999997	4.00199999999995	0	0
4.24300000000005	3.59399999999999	3.82500000000005	0	0
3.86199999999997	1.589	3.38900000000001	0	0
3.78200000000004	1.04499999999996	3.53700000000003	0	0
4.55700000000002	1.12299999999999	4.47000000000003	0	0
4.04700000000003	1.57399999999996	3.69500000000005	0	0
3.61500000000001	1.69799999999998	3.13099999999997	0	0
3.26099999999997	0.824999999999989	3.25599999999997	0	0
3.75100000000009	1.13300000000004	4.02800000000002	0	0
3.80600000000004	1.56800000000004	3.52099999999996	0	0
7.08899999999994	2.65500000000003	6.52099999999996	0	0
3.625	1.613	3.73700000000008	0	0
3.76099999999997	0.951999999999998	3.58799999999997	0	0
3.62200000000007	1.26299999999998	3.37	0	0
3.87299999999993	1.69200000000001	3.48300000000006	0	0
3.59699999999998	1.65899999999999	3.42700000000002	0	0
4.28600000000006	1.38799999999998	3.97899999999993	0	0
4.28899999999999	1.97899999999998	3.53800000000001	0	0
3.97699999999998	1.28100000000001	3.71699999999998	0	0
4.27100000000007	2.23500000000001	4.01999999999998	0	0
8.202	3.49099999999999	7.74599999999998	0	0
3.48099999999999	0.920999999999992	3.20399999999995	0	0
3.91300000000001	2.09399999999999	3.80399999999997	0	0
3.89800000000002	1.20400000000001	3.62599999999998	0	0
4.3359999999999	1.80200000000002	4.05999999999995	0	0
4.12599999999998	1.80399999999997	3.36900000000003	0	0
4.11599999999999	1.71800000000002	3.68000000000006	0	0
8.65899999999988	3.74599999999998	8.09099999999989	0	0
4.07400000000007	1.50100000000003	3.76199999999994	0	0
3.92599999999993	2.02799999999996	3.37599999999998	0	0
4.57199999999989	1.95399999999995	3.74700000000007	0	0
8.56999999999994	3.66300000000001	7.65100000000007	0	0
3.70400000000018	1.55000000000001	3.279	0	0
3.80799999999999	1.66399999999999	3.55399999999997	0	0
3.8309999999999	1.73899999999998	3.49600000000009	0	0
4.5809999999999	3.17399999999998	3.88600000000019	0	0
3.59699999999998	2.149	3.24800000000005	0	0
3.83400000000006	1.70299999999997	3.65100000000007	0	0
4.452	1.78499999999997	3.952	0	0
8.32600000000002	3.22299999999996	7.58999999999992	0	0
4.44700000000012	2.41999999999996	3.91399999999999	0	0
3.89400000000001	1.43099999999993	3.33400000000006	0	0
4.60200000000009	2.69500000000005	3.9369999999999	0	0
4.40699999999993	3.07100000000003	4.31500000000005	0	0
3.95699999999988	1.68900000000008	3.94100000000003	0	0
3.81799999999998	1.49000000000001	3.49099999999999	0	0
3.64400000000001	1.22500000000002	3.38200000000006	0	0
4.279	2.69499999999994	3.97800000000007	0	0
4.42200000000003	2.03600000000006	4.1690000000001	0	0
4.17100000000005	1.80799999999999	3.55299999999988	0	0
3.41100000000006	0.815999999999917	3.22800000000007	0	0
3.53600000000006	1.30200000000002	3.42600000000016	0	0
3.72800000000007	1.64599999999996	3.5809999999999	0	0
4.02800000000002	1.94100000000003	3.61699999999996	0	0
3.87699999999995	2.43399999999997	3.67700000000013	0	0
3.58699999999999	1.59199999999998	3.39200000000005	0	0
4.27399999999989	2.23699999999997	3.63199999999983	0	0
7.46900000000005	2.67499999999995	6.90999999999985	0	0
3.6110000000001	1.596	3.36000000000013	0	0
4.21500000000015	1.87600000000009	3.74800000000005	0	0
4.0440000000001	1.86200000000008	3.42000000000007	0	0
7.29099999999994	3.20799999999997	6.37699999999995	0	0
4.27800000000002	1.96799999999996	3.78400000000011	0	0
4.24099999999999	1.86300000000006	3.98500000000013	0	0
4.03199999999993	1.46600000000001	3.60799999999995	0	0
4.15899999999988	1.74299999999994	4.02499999999986	0	0
4.21299999999997	2.28599999999994	3.73000000000002	0	0
3.6400000000001	0.735000000000014	3.55100000000016	0	0
3.51299999999992	1.46299999999997	3.14499999999998	0	0
3.92900000000009	1.97000000000003	3.48800000000006	0	0
3.98299999999995	2.04399999999998	3.38200000000006	0	0
4.04099999999994	2.01499999999999	3.73900000000003	0	0
3.596	1.44200000000001	3.43200000000002	0	0
3.74200000000019	1.79300000000001	3.28599999999983	0	0
4.33899999999994	2.38799999999992	3.79999999999995	0	0
3.29199999999992	1.1339999999999	2.96500000000015	0	0
4.31700000000001	1.84199999999998	3.51999999999998	0	0
6.88400000000001	2.16600000000005	6.50700000000006	0	0
4.15900000000011	1.96500000000003	3.48199999999997	0	0
4.14199999999983	2.51099999999997	3.577	0	0
3.75600000000009	1.96000000000004	3.37300000000005	0	0
3.67399999999998	1.26100000000008	3.72700000000009	0	0
7.0329999999999	2.71100000000001	6.48699999999985	0	0
3.44600000000014	1.19399999999996	3.46399999999994	0	0
3.673	1.16199999999992	3.67699999999991	0	0
3.85099999999989	1.79599999999994	3.75399999999991	0	0
3.46899999999982	1.12300000000005	3.47500000000014	0	0
3.74500000000012	1.327	3.94200000000001	0	0
4.05399999999986	2.23199999999997	3.923	0	0
3.52999999999997	1.48799999999994	3.34400000000005	0	0
3.91499999999996	1.25799999999992	3.70499999999993	0	0
3.75	2.02499999999998	3.42499999999995	0	0
4.61599999999999	1.88900000000001	4.19599999999991	0	0
4.47700000000009	1.09500000000003	4.44200000000001	0	0
7.25599999999986	2.93000000000006	6.62599999999998	0	0
3.67900000000009	1.78899999999999	3.45000000000005	0	0
3.61300000000006	1.48299999999995	3.2360000000001	0	0
3.19600000000014	1.36599999999999	3.25699999999983	0	0
3.74900000000002	2.26799999999992	3.65600000000018	0	0
3.74199999999996	1.31899999999996	3.43900000000008	0	0
3.93599999999992	2.24900000000002	3.71599999999989	0	0
3.76099999999997	1.06200000000001	3.92399999999998	0	0
3.33100000000013	1.61199999999997	3.38400000000001	0	0
3.33999999999992	1.1160000000001	3.25199999999995	0	0
3.96399999999994	2.08600000000001	3.79200000000014	0	0
4.04300000000012	1.88	4.09699999999998	0	0
3.327	1.28500000000008	3.39400000000001	0	0
3.35899999999992	1.25599999999997	3.15999999999985	0	0
3.78800000000001	1.57600000000002	3.577	0	0
4.06700000000001	1.76999999999998	3.99099999999999	0	0
3.27099999999996	1.48900000000003	3.12599999999998	0	0
3.77099999999996	1.47199999999998	3.61799999999994	0	0
3.70399999999995	1.59799999999996	3.59099999999989	0	0
4.25199999999995	1.34900000000005	3.95900000000006	0	0
4.31500000000005	1.96900000000005	3.48399999999992	0	0
3.96600000000012	2.07100000000003	3.23299999999995	0	0
4.44900000000007	1.94799999999998	3.88699999999994	0	0
4.63700000000017	2.08400000000006	4.41200000000003	0	0
4.6099999999999	2.63800000000003	3.81500000000005	0	0
3.83500000000004	1.37900000000002	3.43399999999997	0	0
3.73500000000013	1.71900000000005	3.25299999999993	0	0
4.73099999999999	2.70900000000006	4.0139999999999	0	0
3.84400000000005	1.827	3.73800000000006	0	0
4.15499999999997	2.56799999999998	3.89400000000001	0	0
3.92999999999984	1.56999999999994	3.56899999999996	0	0
4.27800000000002	2.23599999999999	4.08899999999994	0	0
3.44900000000007	0.894999999999982	3.18700000000013	0	0
3.81500000000005	2.48500000000001	3.56799999999998	0	0
3.61699999999996	1.35700000000008	3.24400000000014	0	0
4.55899999999997	2.02499999999998	4.58600000000001	0	0
3.50600000000009	1.26199999999994	3.47199999999998	0	0
3.52200000000016	1.09199999999998	3.39300000000003	0	0
3.56000000000017	1.43900000000008	3.41300000000001	0	0
3.91100000000006	1.221	3.83299999999986	0	0
3.5920000000001	1.976	3.46399999999994	0	0
3.375	0.580000000000041	3.31600000000003	0	0
3.55500000000006	1.69000000000005	3.76099999999997	0	0
3.78499999999985	1.34899999999993	4.06500000000005	0	0
3.7360000000001	1.90099999999995	3.86599999999999	0	0
3.67699999999991	0.843000000000075	3.66499999999996	0	0
3.48399999999992	1.63800000000003	3.60500000000002	0	0
4.47199999999998	3.37800000000004	4.47199999999998	0	0
3.85500000000002	2.13200000000006	3.44499999999994	0	0
3.69499999999994	1.49799999999993	3.31600000000003	0	0
3.64300000000003	1.09500000000003	3.73199999999997	0	0
4.74900000000002	1.52499999999998	4.58600000000001	0	0
3.77999999999997	1.16700000000003	3.71599999999989	0	0
3.87400000000002	1.53300000000002	3.64499999999998	0	0
3.83200000000011	1.65800000000002	3.49699999999984	0	0
8.33500000000004	3.58899999999994	7.59099999999989	0	0
3.75500000000011	1.26300000000003	3.38900000000012	0	0
3.58400000000006	1.63300000000004	3.39199999999983	0	0
4.03199999999993	3.66100000000006	3.81500000000005	0	0
4.34699999999998	2.08300000000008	3.98199999999997	0	0
3.61899999999991	1.55499999999995	3.4559999999999	0	0
3.798	2.13200000000006	3.68000000000006	0	0
3.06999999999994	1.02200000000005	3.32899999999995	0	0
3.8119999999999	1.91999999999996	3.73000000000002	0	0
3.798	2.05100000000004	3.3090000000002	0	0
3.32600000000002	1.48199999999997	3.47699999999986	0	0
3.88100000000009	1.92499999999995	3.51600000000008	0	0
4.49299999999994	1.90999999999997	4.13300000000004	0	0
3.76099999999997	2.03800000000001	3.45100000000002	0	0
3.92799999999988	2.14800000000002	3.26199999999994	0	0
4.07700000000023	2.13599999999997	3.42699999999991	0	0
4.44500000000016	2.85699999999997	3.77299999999991	0	0
4.01400000000012	1.601	3.52500000000009	0	0
3.85500000000002	1.46299999999997	3.702	0	0
3.50799999999981	0.798000000000002	3.30500000000006	0	0
3.96399999999994	1.226	3.95499999999993	0	0
4.01800000000003	2.35299999999995	3.55599999999981	0	0
3.2489999999998	1.01700000000005	3.5	0	0
3.375	1.20900000000006	3.60500000000002	0	0
4.346	2.34700000000009	4.29500000000007	0	0
3.89999999999964	1.81200000000001	3.64300000000003	0	0
3.72699999999986	1.11199999999997	3.68499999999995	0	0
3.66599999999971	1.61299999999994	3.45999999999981	0	0
3.81600000000026	1.54500000000007	3.5619999999999	0	0
3.9069999999997	1.38599999999997	3.45000000000005	0	0
3.78600000000006	1.54099999999994	3.56299999999987	0	0
3.45600000000013	1.17399999999998	3.33500000000004	0	0
3.60100000000011	0.986999999999966	3.56799999999998	0	0
3.53900000000021	1.36400000000003	3.54599999999982	0	0
3.51900000000023	1.63300000000004	3.59399999999982	0	0
3.779	1.12400000000002	3.61099999999988	0	0
3.99900000000025	0.80399999999986	3.84099999999989	0	0
3.96199999999999	1.87300000000005	3.625	0	0
3.71399999999994	1.36400000000003	3.41600000000017	0	0
7.79199999999992	3.34699999999998	7.35200000000032	0	0
4.2199999999998	1.49499999999989	3.88099999999986	0	0
3.93799999999965	2.2349999999999	3.88900000000012	0	0
7.75400000000036	3.89599999999996	7.5630000000001	0	0
3.83000000000038	1.93200000000002	3.54199999999992	0	0
3.39000000000033	1.14599999999996	3.33199999999988	0	0
3.51199999999972	0.771000000000186	3.43299999999999	0	0
4.07400000000007	1.21199999999999	4.32600000000002	0	0
3.91200000000026	1.11599999999999	3.58800000000019	0	0
4.02700000000004	2.03399999999988	3.66799999999967	0	0
7.67200000000003	2.62099999999987	7.346	0	0
7.7800000000002	3.13799999999992	7.05000000000018	0	0
4.346	1.40499999999997	4.14499999999998	0	0
3.56700000000001	1.55600000000004	3.42500000000018	0	0
3.78400000000011	1.22199999999998	3.58699999999999	0	0
3.63300000000027	2.04899999999998	3.55999999999995	0	0
4.00099999999975	1.69399999999996	3.63400000000001	0	0
3.98000000000002	1.44600000000014	3.76099999999997	0	0
4.34299999999985	1.97000000000003	4.11000000000013	0	0
4.05299999999988	1.91399999999999	3.72600000000011	0	0
4.02599999999984	2.40200000000004	3.64600000000019	0	0
4.14400000000023	1.49399999999991	3.82799999999997	0	0
4.5920000000001	1.35500000000002	4.38599999999997	0	0
7.91499999999996	3.89300000000003	7.27799999999979	0	0
3.58899999999994	1.22599999999989	3.59400000000005	0	0
4.16300000000001	1.38799999999992	4.35600000000022	0	0
3.59799999999996	1.36400000000003	3.45600000000013	0	0
3.35699999999997	0.632000000000062	3.42099999999982	0	0
3.45299999999997	1.09300000000007	3.39699999999993	0	0
4.37300000000005	1.66599999999994	3.91600000000017	0	0
3.6579999999999	1.32999999999993	3.46000000000004	0	0
7.05000000000018	2.95900000000006	6.72600000000011	0	0
4.5600000000004	1.83100000000013	3.85899999999992	0	0
3.81100000000015	1.49800000000005	3.48500000000013	0	0
3.24699999999984	0.664999999999964	3.23700000000008	0	0
4.55099999999993	3.34400000000005	4.12300000000005	0	0
3.61499999999978	0.867999999999938	3.66900000000032	0	0
3.33300000000008	0.796000000000049	3.24299999999994	0	0
3.22800000000007	1.11300000000006	3.31700000000001	0	0
3.6609999999996	1.53199999999993	3.38400000000001	0	0
4.12900000000036	1.86699999999996	4.23699999999963	0	0
3.1880000000001	1.01200000000017	3.28200000000015	0	0
3.55400000000009	1.32799999999997	3.53099999999995	0	0
7.30499999999984	2.99399999999991	7.44200000000001	0	0
3.42700000000013	1.71800000000007	3.45299999999997	0	0
3.69799999999987	2.05899999999997	3.71000000000004	0	0
4.68299999999999	3.06799999999998	3.99599999999964	0	0
4.60800000000017	4.22400000000016	3.90299999999979	0	0
3.76000000000022	1.47600000000011	3.73000000000002	0	0
3.98800000000028	1.80399999999986	3.51599999999962	0	0
4.05500000000029	0.980999999999995	3.84999999999991	0	0
4.4699999999998	1.90300000000002	4.09099999999989	0	0
4.07900000000018	2.00299999999993	3.82299999999987	0	0
3.7810000000004	2.54300000000012	3.69500000000016	0	0
3.55200000000013	1.21000000000004	2.98700000000008	0	0
4.60199999999986	2.46600000000012	4.10000000000036	0	0
3.88400000000001	1.43100000000004	3.66800000000012	0	0
3.11999999999989	0.884000000000015	3.28300000000036	0	0
7.67599999999993	2.84300000000007	7.44899999999961	0	0
3.72300000000041	1.375	3.75199999999995	0	0
4.34799999999996	1.20500000000015	4.0630000000001	0	0
3.73900000000003	1.19200000000001	3.64499999999998	0	0
4.89100000000008	2.03599999999983	4.69700000000012	0	0
4.00500000000011	1.04600000000005	3.77600000000029	0	0
3.82500000000027	1.59800000000018	3.52700000000004	0	0
5.32200000000012	1.95700000000011	4.52600000000029	0	0
4.97700000000032	2.62100000000009	4.58899999999994	0	0
3.99200000000019	2.21199999999999	3.74499999999989	0	0
3.96500000000015	2.00299999999993	3.5949999999998	0	0
3.39499999999998	0.886000000000195	3.41300000000001	0	0
3.60199999999986	0.95699999999988	3.69399999999996	0	0
4.38299999999981	1.19200000000001	4.06500000000005	0	0
3.73599999999988	1.14800000000014	3.38099999999986	0	0
3.82600000000002	1.51199999999994	4.11799999999994	0	0
3.78399999999965	1.80799999999999	3.77399999999989	0	0
3.58899999999994	0.865000000000009	3.3720000000003	0	0
3.89199999999983	1.62599999999998	3.57799999999997	0	0
3.80799999999999	0.896999999999935	3.99300000000039	0	0
8.35299999999961	3.84899999999993	7.61999999999989	0	0
3.70699999999988	1.57300000000009	3.41799999999967	0	0
3.86799999999994	1.64700000000016	3.95100000000002	0	0
3.30799999999999	1.52299999999991	3.3159999999998	0	0
3.83699999999999	1.16899999999987	3.81100000000015	0	0
4.07200000000012	2.53899999999999	3.40099999999984	0	0
4.05200000000013	1.04700000000003	3.90299999999979	0	0
3.60200000000032	1.3090000000002	3.45299999999997	0	0
3.66899999999987	1.57400000000007	3.44299999999976	0	0
3.39600000000019	1.55199999999991	3.38400000000001	0	0
4.51200000000017	3.89300000000003	4.17300000000023	0	0
3.45599999999968	1.62999999999988	3.37300000000005	0	0
4.07799999999997	2.30700000000002	3.9050000000002	0	0
8.80999999999995	2.98400000000015	8.33699999999999	0	0
3.35100000000011	1.44000000000005	3.37199999999984	0	0
4.32699999999977	2.17800000000011	3.96799999999985	0	0
3.63000000000011	1.52100000000019	3.68700000000035	0	0
3.43299999999999	0.958999999999833	3.59999999999991	0	0
3.90200000000004	1.73000000000002	3.74499999999989	0	0
7.15599999999995	1.86799999999994	7.31700000000001	0	0
3.50900000000001	1.27199999999993	3.63999999999987	0	0
3.30099999999993	1.029	3.2510000000002	0	0
3.63599999999997	1.60400000000004	3.42999999999984	0	0
4.14499999999998	2.22599999999989	4.09999999999991	0	0
4.29999999999973	2.25399999999991	3.66700000000037	0	0
3.9409999999998	1.87799999999993	3.47499999999991	0	0
8.2189999999996	3.50700000000006	7.65000000000009	0	0
3.26099999999997	0.843000000000075	3.35199999999986	0	0
3.64399999999978	1.43399999999997	3.16600000000017	0	0
4.25800000000027	2.71399999999994	3.63599999999997	0	0
4.28700000000026	1.28600000000006	4.10300000000007	0	0
7.60699999999997	2.76999999999998	7.0949999999998	0	0
4.25499999999965	2.08600000000001	3.93599999999969	0	0
4.45899999999983	1.08799999999997	4.4989999999998	0	0
3.73399999999992	1.47699999999986	3.57699999999977	0	0
3.59899999999971	1.50900000000001	3.51899999999978	0	0
8.1909999999998	4.32600000000002	7.58199999999988	0	0
3.80499999999984	1.67499999999995	3.39699999999993	0	0
3.68299999999999	1.85099999999989	3.51400000000012	0	0
3.59699999999975	1.14700000000016	3.48100000000022	0	0
3.40800000000036	1.28400000000011	3.52699999999959	0	0
3.57300000000032	1.38000000000011	3.39899999999989	0	0
3.86300000000028	1.11799999999994	3.49299999999994	0	0
3.69700000000012	1.99700000000007	3.67399999999998	0	0
3.53899999999976	0.943000000000211	3.63300000000027	0	0
4.13799999999992	2.07799999999997	3.8760000000002	0	0
3.36500000000024	1.03700000000003	3.41900000000032	0	0
3.72800000000007	1.61899999999991	3.9970000000003	0	0
3.471	1.10699999999997	3.48299999999972	0	0
4.27799999999979	1.14899999999989	4.26099999999997	0	0
3.67600000000039	1.95000000000005	3.85600000000022	0	0
3.80600000000004	1.29199999999992	3.53999999999996	0	0
3.95800000000008	2.17900000000009	3.72299999999996	0	0
3.1579999999999	0.865000000000009	3.0930000000003	0	0
3.52600000000029	0.735000000000127	3.65200000000004	0	0
3.45899999999983	1.34000000000015	3.36299999999983	0	0
3.98800000000028	2.577	3.38899999999967	0	0
3.35400000000027	1.16300000000001	3.35199999999986	0	0
3.66399999999976	1.68900000000008	3.43299999999999	0	0
3.46300000000019	1.06999999999994	3.24400000000014	0	0
3.37899999999991	0.841000000000122	3.39799999999968	0	0
4.36200000000008	1.54500000000007	3.87899999999991	0	0
3.98499999999967	2.41200000000003	3.58299999999963	0	0
3.83899999999994	1.46100000000001	3.24199999999973	0	0
3.77500000000009	1.37100000000009	3.35500000000002	0	0
3.99099999999999	1.14100000000008	3.79500000000007	0	0
3.33899999999994	1.44899999999984	3.29300000000012	0	0
3.15999999999985	1.23199999999997	3.29300000000012	0	0
4.19500000000016	1.7639999999999	4.07099999999991	0	0
3.95699999999988	1.74199999999996	3.85500000000002	0	0
4.0300000000002	1.60799999999995	3.78499999999985	0	0
4.24599999999964	2.84699999999998	3.60899999999992	0	0
3.49199999999973	1.2969999999998	3.38200000000006	0	0
4.01800000000003	2.00500000000011	3.50199999999995	0	0
3.97200000000021	1.67599999999993	3.59799999999996	0	0
3.84999999999991	1.75	3.74800000000005	0	0
3.29700000000003	1.08899999999994	3.19599999999991	0	0
3.26599999999962	1.29999999999995	3.17700000000013	0	0
3.66199999999981	1.04899999999998	3.57999999999993	0	0
3.00900000000001	0.839999999999918	3.25099999999975	0	0
2.9369999999999	0.835000000000036	3.09299999999985	0	0
3.28899999999976	1.16500000000019	3.54300000000012	0	0
3.5	1.67999999999984	3.55699999999979	0	0
3.43900000000031	1.64900000000011	3.36299999999983	0	0
3.61799999999994	2.29300000000012	3.46099999999979	0	0
3.91400000000021	1.50800000000004	3.45200000000023	0	0
3.67000000000007	1.69299999999998	3.43599999999969	0	0
3.94799999999987	2.36599999999999	3.67200000000003	0	0
4.23199999999997	2.73699999999985	3.5949999999998	0	0
4.52199999999993	2.49799999999982	4.00599999999986	0	0
3.90700000000015	1.54500000000007	3.55499999999984	0	0
3.65599999999995	1.86899999999991	3.57099999999991	0	0
3.86299999999983	1.375	3.66800000000012	0	0
3.31100000000015	1.50399999999991	3.19299999999976	0	0
3.89699999999993	2.67100000000005	3.63099999999986	0	0
3.63099999999986	1.78600000000006	3.5	0	0
4.36400000000003	2.15700000000015	4.05400000000009	0	0
7.44399999999996	3.46299999999997	6.39899999999989	0	0
4.12900000000036	2.59400000000005	3.76899999999978	0	0
3.9069999999997	1.83999999999992	3.59999999999991	0	0
3.46299999999974	1.33999999999992	3.12599999999975	0	0
3.69000000000005	1.99900000000002	3.09299999999985	0	0
4.60199999999986	2.21900000000005	3.99499999999989	0	0
4.03499999999985	1.02300000000014	3.7859999999996	0	0
4.0630000000001	2.14400000000001	3.4670000000001	0	0
4.12900000000036	1.17499999999995	3.77600000000029	0	0
4.57400000000007	2.07300000000009	4.19600000000037	0	0
3.80400000000009	1.61300000000006	3.49299999999994	0	0
4.16200000000026	2.27199999999993	3.77799999999979	0	0
4.62899999999991	2.23199999999997	4.0659999999998	0	0
3.7199999999998	1.80500000000006	3.26999999999998	0	0
3.69700000000012	1.5440000000001	3.20700000000033	0	0
4.27099999999973	2.32899999999995	3.36800000000039	0	0
4.67500000000018	2.33000000000015	3.83199999999988	0	0
3.5619999999999	1.73500000000013	2.9699999999998	0	0
3.41200000000026	0.884000000000015	3.39900000000034	0	0
3.86799999999994	1.08600000000001	3.94799999999987	0	0
3.5659999999998	1.43900000000008	3.53400000000011	0	0
3.95100000000002	1.68299999999999	3.90000000000009	0	0
4.43600000000015	2.42799999999988	4.29199999999992	0	0
4.02799999999979	1.9079999999999	3.81800000000021	0	0
3.47600000000011	1.37000000000012	3.40000000000009	0	0
3.89899999999989	1.23400000000015	4.09100000000035	0	0
4.0590000000002	1.54299999999989	3.74099999999999	0	0
7.59700000000021	2.35599999999999	7.16300000000001	0	0
4.54500000000007	1.20699999999988	4.39699999999993	0	0
3.78999999999996	1.64400000000001	3.45599999999968	0	0
3.63799999999992	1.43899999999985	3.50600000000031	0	0
3.85200000000032	1.56099999999992	3.66600000000017	0	0
3.57699999999977	1.1400000000001	3.39499999999998	0	0
3.35799999999972	1.24600000000009	3.16600000000017	0	0
4.04700000000003	1.25399999999991	3.61099999999988	0	0
4.70700000000033	1.625	4.56099999999969	0	0
3.56700000000001	2.3900000000001	3.60100000000011	0	0
4.32400000000007	3.28700000000003	4.20600000000013	0	0
4.16200000000026	1.91699999999992	4.08600000000024	0	0
3.74499999999989	2.10599999999999	3.51600000000008	0	0
4.52199999999993	1.61199999999985	4.27600000000029	0	0
4.01999999999998	1.75199999999995	3.69500000000016	0	0
4.44900000000007	1.80199999999991	3.87000000000035	0	0
4.68100000000004	2.16499999999996	3.83899999999994	0	0
3.77399999999989	1.87900000000013	3.45700000000033	0	0
4.28899999999976	1.57200000000012	4.28899999999976	0	0
4.16900000000032	2.18500000000017	3.80099999999993	0	0
3.54399999999987	1.02800000000002	3.37000000000035	0	0
3.54800000000023	1.33899999999994	3.50800000000027	0	0
3.31999999999971	1.07600000000002	3.23599999999988	0	0
3.94200000000001	2.05600000000004	3.44800000000032	0	0
3.38899999999967	1.71599999999989	3.19500000000016	0	0
7.27600000000029	2.61300000000006	7.39800000000014	0	0
3.91100000000006	1.25399999999991	3.45200000000023	0	0
3.4699999999998	1.41799999999989	3.59799999999996	0	0
7.19599999999991	3.1110000000001	7.46900000000005	0	0
3.38300000000027	1.39400000000001	3.42599999999993	0	0
3.30999999999995	0.72199999999998	3.23699999999963	0	0
4.19799999999987	1.38300000000004	4.20499999999993	0	0
3.69700000000012	2.31799999999998	3.46900000000005	0	0
3.65499999999975	1.21500000000015	3.3130000000001	0	0
4.73700000000008	2.09299999999985	4.5619999999999	0	0
3.65599999999995	1.72799999999984	3.221	0	0
3.62199999999984	1.25400000000013	3.48599999999988	0	0
4.64600000000019	3.26900000000001	4.30099999999993	0	0
4.37899999999991	1.73800000000006	4.32499999999982	0	0
7.2800000000002	3.74799999999982	7.10100000000011	0	0
4.49399999999969	2.06600000000003	4.09400000000005	0	0
4.00399999999991	2.24299999999994	3.33800000000019	0	0
3.60199999999986	1.89300000000003	3.53600000000006	0	0
3.85200000000032	1.23700000000008	3.83599999999979	0	0
3.35100000000011	0.929000000000087	3.3090000000002	0	0
3.16599999999926	1.37400000000002	3.35100000000011	0	0
4.48700000000008	2.45800000000008	4.28099999999995	0	0
3.14999999999964	0.815000000000055	2.93799999999965	0	0
3.48499999999967	1.69200000000001	3.53500000000031	0	0
4.36299999999937	2.28800000000001	3.71799999999985	0	0
3.49099999999999	1.60599999999999	3.3760000000002	0	0
6.66200000000026	2.22900000000004	6.23499999999967	0	0
4.79100000000017	2.82999999999993	3.98499999999967	0	0
3.67500000000018	1.41399999999999	3.35899999999992	0	0
4.08899999999994	2.23599999999988	3.33300000000008	0	0
3.49399999999969	1.35400000000004	3.3420000000001	0	0
3.62899999999991	1.11599999999999	3.48500000000013	0	0
3.96999999999935	2.404	3.68600000000015	0	0
4.29399999999987	1.61300000000006	3.95800000000008	0	0
4.37299999999959	2.05099999999993	4.18799999999965	0	0
4.10800000000017	2.02299999999991	3.596	0	0
3.53299999999945	1.25600000000009	3.29099999999971	0	0
3.77900000000045	1.44299999999998	3.23799999999983	0	0
4.80299999999988	2.26600000000008	4.35200000000032	0	0
4.48099999999977	2.75500000000011	4.30000000000018	0	0
4.30199999999968	2.07099999999991	3.82500000000027	0	0
4.30500000000029	1.42500000000018	4.02599999999984	0	0
3.95600000000013	1.65300000000002	3.65299999999979	0	0
4.50500000000011	2.55700000000002	3.75500000000011	0	0
7.94700000000012	4.64499999999998	7.42299999999977	0	0
3.97599999999966	1.89899999999989	3.5010000000002	0	0
3.59900000000016	0.81899999999996	3.48999999999978	0	0
3.88600000000042	1.08400000000006	3.76499999999987	0	0
3.66600000000017	1.38300000000004	3.43899999999985	0	0
4.28500000000076	2.41200000000003	3.55200000000013	0	0
8.40599999999995	4.23900000000003	7.21199999999999	0	0
4.25399999999991	1.37900000000013	3.90900000000011	0	0
3.91699999999946	1.8889999999999	3.49600000000009	0	0
4.26400000000012	2.02199999999993	4.26000000000022	0	0
3.44800000000032	1.30700000000002	3.40099999999984	0	0
3.77700000000004	1.51800000000003	3.55400000000009	0	0
4.13599999999951	1.64799999999991	3.59699999999975	0	0
3.57999999999993	1.14499999999998	3.45999999999913	0	0
3.63400000000001	1.71199999999999	3.71399999999994	0	0
4.01800000000003	1.13400000000001	3.96000000000004	0	0
4.42599999999948	2.19000000000005	3.96600000000035	0	0
3.82999999999993	2.6099999999999	3.54999999999927	0	0
3.84400000000005	1.59800000000018	3.43299999999999	0	0
4.51599999999962	3.37999999999988	4.2470000000003	0	0
3.81900000000041	1.27700000000004	3.55699999999979	0	0
3.54100000000017	1.36000000000013	3.36599999999999	0	0
4.33700000000044	1.32500000000027	4.41499999999996	0	0
3.51400000000012	0.977000000000317	3.56999999999971	0	0
3.57300000000032	1.38400000000001	3.52700000000004	0	0
3.79199999999946	1.29399999999987	4.19200000000001	0	0
3.71600000000035	1.73800000000028	3.8769999999995	0	0
3.72600000000057	1.88899999999967	3.57499999999982	0	0
3.67399999999998	1.35899999999992	3.73400000000038	0	0
4.4399999999996	3.92700000000013	3.93000000000029	0	0
3.47800000000007	1.51800000000003	3.41800000000057	0	0
3.83099999999922	0.98700000000008	3.98399999999947	0	0
3.72200000000066	1.07999999999993	3.625	0	0
3.98400000000038	2.0319999999997	3.56900000000041	0	0
3.98899999999958	1.43899999999985	3.72100000000046	0	0
7.74300000000039	3.39399999999978	7.61700000000019	0	0
4.48899999999958	3.07999999999993	3.71299999999974	0	0
9.11400000000049	3.14400000000023	8.13699999999972	0	0
4.37299999999959	2.44700000000012	3.72900000000027	0	0
4.38400000000001	3.20600000000013	3.77300000000014	0	0
8.16799999999967	2.83699999999999	7.73300000000017	0	0
3.95599999999922	2.07299999999987	3.48399999999947	0	0
3.79200000000037	1.154	3.60699999999997	0	0
4.44500000000062	1.89699999999993	3.91899999999987	0	0
4.08600000000024	1.53499999999985	3.90400000000045	0	0
7.59900000000016	4.60100000000011	6.65200000000004	0	0
3.72399999999925	1.13900000000012	3.69300000000021	0	0
3.95600000000013	1.66399999999976	3.51899999999932	0	0
4.02599999999984	1.62199999999984	3.45600000000013	0	0
3.9369999999999	1.29400000000032	3.68299999999999	0	0
3.76000000000022	1.30300000000034	3.62899999999991	0	0
3.40799999999945	1.38899999999967	3.3110000000006	0	0
4.55899999999929	2.19399999999996	4.0010000000002	0	0
3.95799999999963	1.68899999999985	3.5	0	0
11.6690000000008	5.04899999999998	10.915	0	0
3.5610000000006	1.25400000000036	3.26099999999951	0	0
3.92399999999998	2.80400000000009	3.50900000000001	0	0
3.35900000000038	1.05199999999968	3.17900000000009	0	0
3.64900000000034	1.36700000000019	3.30300000000079	0	0
4.17800000000079	2.31399999999985	3.52500000000055	0	0
8.1820000000007	4.04500000000007	7.50300000000061	0	0
4.26699999999983	3.01400000000012	3.52000000000044	0	0
3.49099999999999	1.4409999999998	3.13299999999981	0	0
4.01800000000003	1.9069999999997	3.71999999999935	0	0
3.42299999999977	0.998000000000047	3.29100000000017	0	0
3.27400000000034	1.17899999999963	3.03200000000015	0	0
4.10900000000038	2.77399999999989	3.9409999999998	0	0
3.46000000000004	1.30899999999974	3.20499999999993	0	0
3.3769999999995	1.67200000000003	3.27199999999993	0	0
3.76400000000012	1.44400000000041	3.73100000000068	0	0
4.09599999999955	0.977000000000317	4.27800000000025	0	0
4.04699999999957	2.95899999999983	3.85300000000007	0	0
3.92099999999937	1.5920000000001	3.57000000000062	0	0
4.03499999999985	1.58399999999983	3.89300000000003	0	0
3.95499999999993	1.80100000000039	3.98599999999988	0	0
4.05299999999988	2.34199999999964	3.86099999999988	0	0
4.05600000000049	0.938000000000102	3.92599999999948	0	0
3.45400000000063	1.39199999999983	3.23000000000047	0	0
3.7519999999995	1.99600000000009	3.67199999999957	0	0
3.90999999999985	1.60599999999977	3.95100000000002	0	0
3.72900000000027	1.25099999999975	3.48000000000047	0	0
3.92700000000059	1.46500000000015	3.64199999999983	0	0
7.65599999999995	2.99800000000005	7.36199999999917	0	0
4.69300000000021	2.31700000000001	4.15099999999984	0	0
8.06099999999969	3.47899999999981	7.04200000000037	0	0
4.6279999999997	2.87699999999995	4.17499999999927	0	0
3.60199999999986	1.24800000000005	3.49399999999969	0	0
3.56900000000041	1.38400000000001	3.63400000000001	0	0
4.05400000000009	1.03300000000036	4.09599999999955	0	0
3.82499999999982	1.23599999999988	3.24300000000039	0	0
3.50600000000031	1.3130000000001	3.30400000000009	0	0
4.54500000000007	3.5300000000002	4.30299999999988	0	0
3.55000000000018	1.404	3.4350000000004	0	0
3.22999999999956	1.02200000000039	3.38300000000072	0	0
4.30899999999929	2.2819999999997	3.78300000000036	0	0
3.26699999999983	0.872000000000298	3.31099999999969	0	0
3.35399999999936	0.740999999999985	3.46199999999953	0	0
3.97099999999955	1.43599999999969	3.93299999999999	0	0
3.50300000000061	1.48100000000022	3.2510000000002	0	0
3.49199999999928	1.11300000000028	3.33499999999913	0	0
3.91799999999967	2.16400000000021	3.82999999999993	0	0
4.13400000000001	1.40599999999995	4.22199999999975	0	0
3.61300000000028	1.40100000000029	3.64900000000034	0	0
4.22699999999986	1.68100000000004	3.83599999999933	0	0
4.60400000000027	2.44200000000001	4.26400000000012	0	0
3.78499999999985	1.01700000000028	3.70499999999993	0	0
4.25999999999931	2.08099999999968	4.06899999999951	0	0
3.99099999999999	1.19900000000007	3.89099999999962	0	0
4.0029999999997	1.63100000000031	3.64699999999993	0	0
4.36800000000039	1.19999999999982	4.35800000000017	0	0
4.88799999999992	1.41699999999992	4.6230000000005	0	0
3.61200000000008	2.06900000000041	3.42399999999998	0	0
3.39400000000023	1.23299999999972	3.30500000000029	0	0
3.97599999999966	2.03500000000031	3.89199999999983	0	0
3.89599999999973	2.17200000000003	3.39600000000064	0	0
3.67100000000028	1.68199999999979	3.54700000000048	0	0
4.73899999999958	1.67500000000018	4.34500000000025	0	0
3.66100000000006	1.10200000000032	3.33299999999963	0	0
4.65800000000036	2.4069999999997	4.14900000000034	0	0
4.5600000000004	2.79700000000003	4.38599999999951	0	0
4.02199999999993	1.55699999999979	4.0630000000001	0	0
7.47099999999955	3.91100000000006	7.16600000000017	0	0
7.37899999999991	3.30999999999995	6.53999999999996	0	0
3.76700000000073	1.2199999999998	3.63499999999931	0	0
3.84999999999945	1.85299999999961	3.83600000000024	0	0
3.44200000000001	0.944999999999709	3.46199999999953	0	0
3.89300000000003	1.73500000000013	3.24799999999959	0	0
3.84299999999985	1.34299999999985	3.76600000000053	0	0
3.82000000000062	1.00499999999965	3.83899999999994	0	0
3.46000000000004	0.898000000000138	3.40099999999984	0	0
3.75400000000081	1.23900000000003	3.73799999999937	0	0
3.25500000000011	0.704999999999927	3.35600000000068	0	0
3.55600000000049	0.80199999999968	3.58799999999974	0	0
3.59600000000046	1.22299999999996	3.5600000000004	0	0
3.10999999999967	1.0649999999996	3.43099999999959	0	0
3.49099999999999	1.16800000000012	3.73400000000038	0	0
8.10599999999977	5.11799999999994	7.37599999999929	0	0
3.26400000000012	0.606999999999971	3.33200000000033	0	0
3.61800000000039	1.1880000000001	3.44799999999941	0	0
3.72800000000007	1.15499999999975	3.65099999999984	0	0
4.47400000000016	4.84299999999985	3.8779999999997	0	0
3.90999999999985	1.50099999999975	3.48199999999997	0	0
4.34299999999985	2.38000000000011	4.0610000000006	0	0
3.5630000000001	1.63499999999976	3.23599999999988	0	0
6.88100000000031	2.5949999999998	6.57200000000012	0	0
3.67299999999977	1.46699999999964	3.48700000000008	0	0
3.3760000000002	1.61200000000008	3.35300000000007	0	0
4.23199999999997	2.75599999999986	4.01400000000012	0	0
3.6190000000006	1.33799999999974	3.50200000000041	0	0
3.35699999999997	1.52800000000025	3.24600000000009	0	0
3.8760000000002	1.48099999999977	3.72100000000046	0	0
6.86699999999928	3.15000000000009	6.82400000000052	0	0
3.55599999999959	1.06800000000021	3.26299999999992	0	0
4.6260000000002	2.30699999999979	4.00500000000011	0	0
3.49099999999999	1.1880000000001	3.1899999999996	0	0
4.34500000000025	2.71199999999999	3.62899999999991	0	0
4.17900000000009	2.13999999999987	3.70800000000054	0	0
4.18599999999969	2.1869999999999	3.46500000000015	0	0
4.00399999999991	1.75700000000006	3.35499999999956	0	0
4.40200000000004	1.64199999999983	4.02199999999993	0	0
4.15300000000025	2.69799999999987	3.52599999999984	0	0
3.76100000000042	1.51099999999997	3.49299999999948	0	0
7.1869999999999	2.43299999999999	6.95899999999983	0	0
6.8760000000002	2.45699999999988	7.03999999999996	0	0
4.03000000000065	0.753000000000156	3.94700000000012	0	0
3.11200000000008	0.630000000000109	3.23099999999977	0	0
3.14000000000033	1.07799999999997	3.20799999999963	0	0
3.82400000000052	1.64400000000023	3.8159999999998	0	0
3.42100000000028	1.32999999999993	3.63199999999961	0	0
3.43599999999969	1.19900000000007	3.51299999999992	0	0
3.66999999999916	1.8159999999998	3.75399999999991	0	0
3.39099999999962	1.11899999999969	3.45100000000002	0	0
3.39599999999973	1.13800000000037	3.38700000000063	0	0
4.40499999999975	2.46699999999964	4.28499999999985	0	0
3.49300000000039	1.34400000000005	3.61999999999989	0	0
3.11099999999988	0.9699999999998	3.24200000000019	0	0
4.3159999999998	0.863000000000284	4.39800000000014	0	0
3.60599999999977	1.24499999999989	3.50500000000011	0	0
4.28999999999996	3.18100000000004	3.69599999999991	0	0
4.68299999999999	2.08800000000019	4.18199999999979	0	0
4.16600000000017	1.80200000000013	3.64699999999993	0	0
4.38200000000052	1.06700000000001	4.10000000000036	0	0
4.2510000000002	1.57700000000023	4.23199999999997	0	0
3.88300000000072	1.70200000000023	3.34999999999945	0	0
3.8739999999998	1.55899999999974	3.625	0	0
4.26600000000053	3.35300000000007	3.90099999999984	0	0
4.70800000000054	1.6880000000001	4.38900000000012	0	0
4.26100000000042	1.53999999999996	4.16499999999996	0	0
8.20499999999993	3.92300000000023	7.50699999999961	0	0
4.31099999999969	2.92099999999982	3.66100000000006	0	0
3.35199999999986	1.14699999999993	3.4350000000004	0	0
4.37199999999939	1.79799999999977	4.23400000000038	0	0
3.71499999999924	2.06899999999996	3.15400000000045	0	0
4.23800000000028	2.26800000000003	3.76000000000022	0	0
4.42000000000007	2.03499999999985	4.30299999999988	0	0
3.83300000000054	1.3130000000001	3.36899999999969	0	0
4.65700000000015	2.53700000000026	4.48700000000008	0	0
4.23099999999977	1.30499999999984	3.98700000000008	0	0
3.63500000000022	1.96399999999994	3.19499999999971	0	0
3.40599999999995	1.25900000000001	3.12899999999991	0	0
3.83200000000033	1.10300000000007	3.76299999999992	0	0
4.41499999999996	2.23300000000017	4.16600000000017	0	0
3.87700000000041	1.88999999999987	3.62700000000041	0	0
4.53099999999995	2.03999999999996	4.53399999999965	0	0
4.64599999999973	2.34299999999985	4.50399999999991	0	0
3.98500000000058	1.59099999999989	3.46099999999933	0	0
5.60400000000027	2.75599999999986	5.13000000000011	0	0
3.76500000000033	1.54300000000012	3.8720000000003	0	0
3.46100000000024	1.35399999999981	3.65200000000004	0	0
7.69300000000021	3.74099999999999	7.40899999999965	0	0
4.41899999999987	2.61900000000014	4.03600000000006	0	0
3.78999999999996	1.70699999999988	3.38100000000031	0	0
4.08100000000013	1.59099999999989	3.86200000000008	0	0
3.73300000000017	1.28400000000011	3.71500000000015	0	0
3.88000000000011	1.78999999999996	3.375	0	0
4.55199999999968	1.32999999999993	4.10299999999916	0	0
3.83899999999994	1.88799999999992	3.5010000000002	0	0
4.73999999999978	1.8779999999997	4.1880000000001	0	0
4.67900000000009	2.46799999999985	4.06099999999969	0	0
3.40200000000004	1.36100000000033	3.26299999999992	0	0
4.24299999999948	2.24600000000009	3.55400000000009	0	0
4.50799999999981	1.73999999999978	3.92600000000039	0	0
3.92399999999998	2.48099999999977	3.38299999999981	0	0
3.94800000000032	1.80699999999979	3.3779999999997	0	0
3.91300000000047	1.48499999999967	3.58199999999943	0	0
3.58800000000065	1.62000000000035	2.98499999999967	0	0
3.82300000000032	1.2510000000002	3.35600000000068	0	0
3.91799999999967	0.867999999999938	3.78499999999985	0	0
3.96699999999964	2.029	3.46999999999935	0	0
3.34199999999964	0.964999999999691	3.24300000000039	0	0
4.4320000000007	2.76999999999998	4.0590000000002	0	0
4.14999999999964	2.33500000000004	3.45800000000054	0	0
4.02400000000034	2.20000000000027	3.42699999999968	0	0
4.05599999999959	1.529	3.73900000000049	0	0
3.87299999999959	1.43200000000024	3.47000000000025	0	0
4.04899999999998	2.35599999999977	3.35099999999966	0	0
3.80500000000029	2.07100000000037	3.42100000000028	0	0
8.60699999999997	5.08100000000013	7.28700000000026	0	0
4.33999999999924	2.20600000000013	3.90200000000004	0	0
4.35500000000047	2.03600000000006	3.95499999999993	0	0
3.31700000000001	0.861999999999625	3.16600000000017	0	0
3.51999999999953	1.57499999999982	3.45100000000002	0	0
3.48899999999958	1.54399999999987	3.32499999999982	0	0
3.67699999999968	1.46799999999985	3.27900000000045	0	0
4.66200000000026	2.68899999999985	4.03700000000026	0	0
4.03000000000065	1.99000000000024	3.48800000000028	0	0
8.10899999999947	3.76199999999972	7.11200000000008	0	0
4.64400000000023	1.84799999999996	3.80299999999988	0	0
3.88199999999961	1.42799999999988	3.47699999999986	0	0
3.83500000000004	1.18900000000031	4.14500000000044	0	0
3.92100000000028	0.632999999999811	4.01299999999992	0	0
3.54100000000017	1.74600000000009	3.79500000000007	0	0
4.16700000000037	1.86999999999989	4.32800000000043	0	0
3.51299999999992	1.52600000000029	3.42099999999937	0	0
3.3739999999998	1.17500000000018	3.33500000000004	0	0
4.40800000000036	2.69699999999966	4.40300000000025	0	0
3.66799999999967	1.26999999999998	3.47900000000027	0	0
3.95799999999963	1.51400000000012	3.85199999999986	0	0
4.48099999999977	1.69499999999971	4.38700000000063	0	0
3.60099999999966	0.949999999999818	3.50900000000001	0	0
4.8760000000002	3.10400000000027	4.10100000000057	0	0
4.72899999999936	1.44600000000037	4.52700000000004	0	0
3.7529999999997	1.02800000000025	3.56700000000001	0	0
3.88799999999992	1.70499999999993	3.45599999999922	0	0
4.59299999999985	1.73199999999997	4.07700000000023	0	0
3.91200000000026	2.5	3.7510000000002	0	0
3.92199999999957	1.88700000000017	3.38400000000001	0	0
3.3730000000005	0.934999999999945	3.48199999999997	0	0
3.23899999999958	0.730000000000018	3.11500000000069	0	0
3.59200000000055	1.42200000000003	3.68499999999949	0	0
3.22000000000025	1.23199999999997	2.96600000000035	0	0
3.78700000000026	2.02700000000004	3.54800000000068	0	0
3.11100000000079	1.30699999999979	3.20699999999943	0	0
4.12900000000081	1.66600000000017	4.06900000000041	0	0
3.6840000000002	1.49299999999994	3.56899999999951	0	0
3.21399999999994	0.789999999999964	3.25700000000052	0	0
3.95899999999983	1.94999999999982	3.7510000000002	0	0
3.33600000000024	0.927000000000135	3.34300000000076	0	0
3.9989999999998	3.58399999999983	3.75399999999991	0	0
3.95100000000002	1.80799999999999	3.9429999999993	0	0
3.79500000000007	1.89100000000008	3.36800000000039	0	0
3.64000000000033	2.00700000000006	3.46200000000044	0	0
3.96699999999964	0.967000000000098	3.71099999999933	0	0
4.40300000000025	1.75099999999975	3.94899999999961	0	0
7.70499999999993	3.05600000000004	7.04899999999998	0	0
4.26700000000073	1.50599999999986	4.00300000000061	0	0
4.28000000000065	1.62100000000009	3.66700000000037	0	0
4.08699999999953	1.76800000000003	3.87100000000009	0	0
8.51000000000022	5.04299999999967	7.33799999999974	0	0
3.54099999999926	1.89200000000028	3.5630000000001	0	0
3.78399999999965	1.48500000000013	3.69800000000032	0	0
3.48199999999997	1.27300000000014	3.74599999999919	0	0
3.51199999999972	0.798000000000229	3.32999999999993	0	0
4.02399999999943	2.69999999999982	3.54899999999998	0	0
4.21000000000004	1.596	3.80500000000029	0	0
4.00799999999981	1.51200000000017	3.81600000000071	0	0
3.41100000000006	0.81899999999996	3.29200000000037	0	0
3.58199999999943	1.36200000000008	3.38100000000031	0	0
4.47400000000016	2.779	3.96000000000004	0	0
3.89199999999983	1.60999999999967	3.69500000000062	0	0
3.70100000000002	1.20599999999968	3.56700000000001	0	0
3.86300000000028	1.46799999999985	3.79399999999987	0	0
7.4340000000002	3.24400000000014	7.16600000000017	0	0
3.8760000000002	1.221	3.67700000000059	0	0
3.76299999999992	1.63799999999992	3.40399999999954	0	0
3.6239999999998	1.00700000000006	3.42800000000079	0	0
4.15300000000025	1.83899999999994	3.77999999999975	0	0
3.59600000000046	1.971	3.34099999999944	0	0
3.84299999999985	1.76900000000023	3.88999999999942	0	0
3.73799999999937	1.64800000000014	3.81700000000001	0	0
4.19399999999951	1.67300000000023	4.19999999999982	0	0
7.6909999999998	3.14399999999978	7.38599999999951	0	0
3.74799999999959	1.31100000000015	3.47200000000066	0	0
3.67099999999937	1.49600000000009	3.46500000000015	0	0
4.06700000000001	1.71799999999985	3.64099999999962	0	0
3.79200000000037	1.31999999999971	3.46799999999985	0	0
4.31800000000021	1.71099999999979	3.67100000000028	0	0
3.81999999999971	1.38900000000012	3.51500000000033	0	0
3.55199999999968	0.797000000000025	3.38599999999951	0	0
3.82800000000043	1.65700000000015	3.4429999999993	0	0
4.50399999999991	2.88699999999972	4.15800000000036	0	0
4.25399999999991	1.77299999999968	3.9369999999999	0	0
3.79699999999957	1.10500000000002	3.52599999999984	0	0
4.5570000000007	2.28800000000001	3.94400000000041	0	0
4.51999999999953	4.18100000000004	3.92099999999937	0	0
3.89399999999932	1.69299999999976	3.36200000000008	0	0
4.21399999999994	2.42299999999977	4.24600000000009	0	0
3.74099999999999	1.61000000000013	3.38000000000011	0	0
3.72900000000027	1.10000000000036	3.73199999999997	0	0
3.90499999999975	1.35899999999992	4.13799999999992	0	0
3.40500000000065	1.11500000000024	3.50700000000052	0	0
4.0659999999998	1.95899999999983	3.86500000000069	0	0
4.44300000000021	2.23299999999972	4.20499999999993	0	0
3.46799999999985	1.31299999999965	3.4380000000001	0	0
3.55299999999988	1.41199999999981	3.23199999999997	0	0
3.99099999999999	1.38900000000012	4.03299999999945	0	0
3.60899999999947	1.84699999999975	3.59100000000035	0	0
3.7480000000005	1.52700000000004	3.55299999999988	0	0
4.01800000000003	1.34799999999996	3.90300000000025	0	0
3.58299999999963	1.50099999999975	3.36000000000058	0	0
3.68099999999959	1.21099999999979	3.70799999999963	0	0
4.03699999999935	1.6239999999998	4.30899999999929	0	0
3.39800000000014	1.30600000000004	3.40999999999985	0	0
7.31400000000031	2.35100000000011	7.14300000000003	0	0
4.2510000000002	2.13200000000006	4.09499999999935	0	0
3.78699999999935	1.76900000000023	3.48800000000028	0	0
4.07700000000023	1.02100000000019	4.06999999999971	0	0
3.31600000000071	1.07899999999972	3.48399999999947	0	0
3.56700000000001	1.48300000000017	3.53600000000006	0	0
4.31500000000051	2.11799999999994	3.96000000000004	0	0
3.83399999999983	1.67999999999984	3.46000000000004	0	0
7.98800000000028	3.2140000000004	7.20799999999963	0	0
3.7559999999994	1.55499999999984	3.31999999999971	0	0
3.66499999999996	2.4079999999999	3.82700000000023	0	0
4.10100000000057	1.9369999999999	4.04299999999967	0	0
3.90399999999954	1.54500000000007	3.54999999999927	0	0
3.92999999999938	1.38400000000001	3.97500000000036	0	0
4.73599999999988	3.47000000000025	4.28899999999976	0	0
3.47899999999936	1.04299999999967	3.5679999999993	0	0
4.21700000000055	1.89499999999998	3.94899999999961	0	0
4.16599999999926	1.40200000000004	4.22800000000007	0	0
3.42900000000009	0.896000000000186	3.17100000000028	0	0
3.32399999999961	1.346	3.33500000000004	0	0
3.80799999999999	1.52300000000014	3.76400000000012	0	0
3.87100000000009	1.90200000000004	3.79600000000028	0	0
4.19899999999961	1.08300000000008	3.98599999999988	0	0
3.95600000000013	1.15000000000009	3.70899999999983	0	0
3.52300000000014	1.59900000000016	3.12900000000081	0	0
4.09600000000046	2.13599999999997	3.94399999999951	0	0
3.30400000000009	0.824000000000069	3.21900000000005	0	0
3.26800000000003	1.37300000000005	3.22199999999975	0	0
3.54800000000068	1.64600000000019	3.57799999999952	0	0
4.30400000000009	3.30799999999999	4.26499999999942	0	0
4.5610000000006	0.694999999999709	4.65099999999984	0	0
3.6869999999999	0.98700000000008	3.78499999999985	0	0
3.80100000000039	1.13499999999976	3.91200000000026	0	0
4.20399999999972	0.980000000000018	4.19200000000001	0	0
3.65999999999985	0.927999999999884	3.72800000000007	0	0
3.72199999999975	1.1609999999996	3.6909999999998	0	0
7.66800000000057	2.63200000000006	7.72399999999925	0	0
3.53499999999985	0.940000000000055	3.41700000000037	0	0
7.61200000000008	1.36799999999994	7.89899999999943	0	0
3.66600000000017	0.997000000000298	3.81800000000021	0	0
3.6840000000002	0.683999999999742	3.9989999999998	0	0
3.6899999999996	0.549999999999727	3.59299999999985	0	0
3.65800000000036	0.590000000000146	3.58200000000033	0	0
4.10499999999956	0.887000000000171	4.15300000000025	0	0
3.69700000000012	0.855000000000018	3.83099999999922	0	0
3.68900000000031	0.69399999999996	3.8130000000001	0	0
4.07999999999993	0.867999999999938	4.39300000000003	0	0
7.40200000000004	1.4409999999998	7.29800000000068	0	0
4.05199999999968	0.701999999999771	4.03200000000015	0	0
3.68099999999959	0.902000000000044	3.94999999999982	0	0
4.14699999999993	0.6899999999996	4.1279999999997	0	0
3.95399999999972	0.641000000000076	3.9369999999999	0	0
3.67500000000018	0.908000000000357	3.75500000000011	0	0
3.63799999999992	0.844000000000051	3.85100000000057	0	0
4.03000000000065	0.834000000000287	4.17500000000018	0	0
3.64000000000033	0.820000000000164	3.71000000000004	0	0
3.78600000000006	0.817999999999756	3.79599999999937	0	0
4.17500000000018	1.42500000000018	4.3779999999997	0	0
3.6869999999999	0.657000000000153	3.85000000000036	0	0
4.13000000000011	0.73700000000008	4.25500000000011	0	0
3.63900000000012	0.657999999999902	4.06600000000071	0	0
3.61899999999969	0.920000000000073	3.83399999999983	0	0
4.02499999999964	0.826999999999771	4.12100000000009	0	0
3.6869999999999	0.842999999999847	3.82399999999961	0	0
3.67599999999948	0.697000000000116	3.76199999999972	0	0
4.10300000000007	0.961999999999989	4.23399999999947	0	0
3.69200000000001	0.914000000000215	3.83100000000013	0	0
7.58799999999974	1.44399999999996	7.80500000000029	0	0
3.72599999999966	0.958000000000084	3.83800000000065	0	0
3.76399999999921	1.11500000000024	3.8760000000002	0	0
4.07900000000063	0.950000000000273	4.30400000000009	0	0
8.13799999999992	1.77399999999989	8.47299999999996	0	0
4.22800000000007	0.852999999999611	4.20100000000002	0	0
3.6850000000004	0.86200000000008	3.80500000000029	0	0
7.79999999999927	1.68600000000015	8.23599999999988	0	0
3.68099999999959	0.902000000000044	3.80199999999968	0	0
3.78100000000086	0.919999999999618	3.9360000000006	0	0
3.69700000000012	0.802000000000135	3.79999999999927	0	0
3.70100000000002	0.925999999999931	3.87899999999991	0	0
4.05400000000009	0.899000000000342	4.17100000000028	0	0
3.67500000000018	0.755000000000109	3.8139999999994	0	0
7.77599999999984	1.66700000000037	8.14699999999993	0	0
3.70699999999943	1.00799999999981	3.80400000000009	0	0
3.61899999999969	0.824999999999818	3.74099999999999	0	0
3.68199999999979	0.882000000000062	3.73099999999977	0	0
3.75800000000072	0.894999999999982	3.78600000000006	0	0
7.58700000000044	1.11799999999994	7.72700000000077	0	0
3.65400000000045	0.881000000000313	3.71199999999953	0	0
4.07999999999993	0.75	4.06299999999919	0	0
3.6889999999994	0.627999999999702	3.58200000000033	0	0
7.66799999999967	1.4079999999999	7.58600000000024	0	0
3.68299999999999	0.847999999999956	3.60100000000057	0	0
3.67100000000028	0.975000000000364	3.64899999999943	0	0
4.08799999999974	0.803000000000338	4.01599999999962	0	0
